Selfish Battery Level: [35, 84, 62, 49, 58, 23, 87, 27, 77, 59, 45, 41, 82, 38, 71, 82, 1, 69, 46, 36, 24, 14, 10, 0, 91, 78, 15, 66, 14, 52, 35, 78, 44, 82, 41, 45, 84, 33, 98, 58, 43, 9, 55, 84, 78, 92, 70, 88, 49, 51, 4, 13, 77, 3, 58, 4, 59, 61, 67, 75, 99, 61, 53, 66, 56, 98, 42, 36, 21, 74, 27, 52, 90, 98, 64, 15, 17, 77, 64, 79, 63, 86, 85, 83, 87, 89, 52, 2, 69, 33, 67, 6, 73, 43, 31, 45, 33, 44, 33, 38, 33, 62, 24, 22, 61, 62, 81, 79, 99, 97, 67, 43, 91, 72, 27, 54, 5, 30, 81, 37, 39, 2, 57, 11, 40, 51, 64, 50, 53, 3, 94, 79, 51, 31, 45, 64, 26, 13, 81, 58, 88, 85, 52, 63, 33, 30, 80, 38, 72, 57, 12, 46, 32, 52, 76, 14, 1, 92, 81, 42, 90, 97, 9, 75, 43, 31, 19, 89, 71, 94, 56, 82, 73, 68, 87, 63, 9, 72, 46, 11, 31, 23, 54, 8, 87, 58, 16, 47, 99, 2, 50, 20, 98, 68, 38, 39, 93, 25, 26, 53, 93, 15, 82, 10, 30, 3, 55, 9, 31, 53, 24, 86, 98, 30, 87, 72, 17, 93, 77, 14, 15, 42, 11, 17, 94, 37, 62, 49, 54, 94, 26, 25, 93, 14, 19, 57, 65, 52, 89, 90, 30, 63, 14, 21, 70, 5, 26, 22, 66, 25, 55, 55, 16, 14, 55, 56, 82, 51, 36, 42, 42, 92, 70, 21, 25, 75, 40, 33, 72, 85, 8, 0, 96, 96, 33, 17, 50, 44, 56, 33, 42, 9, 31, 86, 6, 12, 67, 74, 66, 32, 28, 82, 52, 53, 99, 16, 86, 36, 39, 60, 47, 33, 57, 35, 19, 25, 79, 50, 38, 96, 85, 49, 37, 87, 83, 92, 38, 72, 14, 11, 74, 18, 26, 38, 36, 69, 84, 23, 16, 71, 54, 24, 21, 5, 76, 6, 93, 41, 74, 69, 7, 16, 36, 19, 99, 49, 9, 91, 15, 72, 1, 74, 46, 30, 6, 44, 39, 34, 50, 61, 47, 69, 40, 92, 30, 7, 16, 14, 76, 10, 93, 0, 97, 92, 42, 50, 24, 20, 16, 16, 70, 74, 64, 3, 13, 0, 36, 21, 32, 34, 73, 75, 98, 26, 41, 16, 67, 37, 7, 34, 93, 34, 68, 68, 70, 29, 43, 4, 0, 84, 24, 55, 18, 69, 94, 79, 69, 96, 89, 26, 39, 12, 93, 0, 31, 78, 73, 7, 35, 19, 46, 23, 28, 30, 39, 10, 17, 49, 70, 82, 43, 84, 42, 57, 95, 70, 41, 22, 84, 89, 36, 65, 77, 44, 93, 33, 97, 68, 49, 47, 31, 55, 16, 32, 41, 74, 78, 52, 51, 70, 4, 86, 0, 90, 36, 88, 78, 80, 94, 75, 72, 92, 9, 84, 5, 19, 14, 38, 39, 38, 11, 7, 42, 51, 59, 26, 56, 97, 62, 16, 6, 28, 5, 88, 65, 48, 4, 45, 14, 55, 8, 99, 91, 21, 76, 25, 96, 80, 67, 22, 95, 2, 25, 11, 4, 26, 64, 89, 60, 60, 97, 40, 85, 89, 56, 7, 68, 15, 13, 77, 12, 7, 29, 89, 50, 80, 1, 46, 41, 95, 33, 33, 3, 64, 50, 71, 30, 97, 50, 68, 55, 76, 73, 50, 41, 11, 58, 88, 10, 19, 50, 58, 27, 96, 89, 46, 1, 88, 64, 37, 1, 17, 32, 36, 52, 46, 2, 43, 59, 74, 26, 83, 60, 50, 57, 64, 37, 69, 22, 22, 83, 67, 2, 70, 59, 51, 58, 37, 32, 43, 14, 20, 78, 57, 3, 58, 94, 62, 77, 67, 12, 15, 8, 35, 34]
Hosts: 625
Hosts Average Energy Consume/s: 0.5118537635424696
Hosts Average normal Energy Consume/s: 0.516001298047301
Hosts Average  Selfish Period Consume/s: 0.26243311952188186

Hosts Average Energy Consume: 12928.490464217792
Hosts Average Normal Energy Consume: 9328.596301101845
Hosts Average Selfish Energy Consume: 3599.894163117967

Description:
host number
average energy consumption of all periods  - average energy consumption of Normal periods  -  average energy consumption of all selfish periods
energy consumption of all periods  -  energy consumption of Normal periods  -  energy consumption of selfish periods
Active total time  -  Normal Active Time  -  Selfish Active Time
Normal proportion of time  -  Selfish proportion of time
Number of Recharges 


HOST: 0
0.5156093652859199 0.5156093652859199 0.0
9455.760149978485 9455.760149978485 0.0
18339.0 18339.0 0.0
0


HOST: 1
0.5062499999992781 0.5062499999985448 0.5062499999995782
13451.56874998082 3905.718749988773 9545.849999992046
26571.0 7715.0 18856.0
0


HOST: 2
0.5070205243044545 0.507176390026675 0.5062500000003638
11149.88834997926 9276.763349977913 1873.125000001346
21991.0 18291.0 3700.0
0


HOST: 3
0.5092927890237519 0.5092927890237519 0.0
12176.17199997986 12176.17199997986 0.0
23908.0 23908.0 0.0
0


HOST: 4
0.5080001045229541 0.50832520697926 0.5062500000003638
12150.346499980016 10253.427749978653 1896.9187500013632
23918.0 20171.0 3747.0
0


HOST: 5
0.5080559624231816 0.5080559624231816 0.0
9816.149249978293 9816.149249978293 0.0
19321.0 19321.0 0.0
0


HOST: 6
0.5091507120465834 0.5088795702358836 0.5093000927632123
8938.14074997777 3173.37299999097 5764.7677499868005
17555.0 6236.0 11319.0
0


HOST: 7
0.5076986569244742 0.5076986569244742 0.0
11604.975899979632 11604.975899979632 0.0
22858.0 22858.0 0.0
0


HOST: 8
0.506249999998887 0.5062499999985448 0.5062499999993364
9888.581249978259 5614.8187499838605 4273.762499994398
19533.0 11091.0 8442.0
0


HOST: 9
0.5081831068710871 0.5081831068710871 0.0
9724.083749978252 9724.083749978252 0.0
19135.0 19135.0 0.0
0


HOST: 10
0.510605007947978 0.510605007947978 0.0
9635.116499978345 9635.116499978345 0.0
18870.0 18870.0 0.0
0


HOST: 11
0.5085990511822661 0.5085990511822661 0.0
14338.933049981628 14338.933049981628 0.0
28193.0 28193.0 0.0
0


HOST: 12
0.50624999999884 0.5062499999985448 0.5062499999990899
9583.81874997804 4394.249999987369 5189.568749990671
18931.0 8680.0 10251.0
0


HOST: 13
0.5117009859488186 0.5117009859488186 0.0
8303.88359997743 8303.88359997743 0.0
16228.0 16228.0 0.0
0


HOST: 14
0.5089657199189905 0.5100698126786606 0.5062499999997594
9936.537749978452 7079.768999979809 2856.7687499986423
19523.0 13880.0 5643.0
0


HOST: 15
0.5062499999986642 0.5062499999985448 0.5062499999987892
8592.581249977327 4394.249999987369 4198.331249989958
16973.0 8680.0 8293.0
0


HOST: 16
0.510636509667483 0.510636509667483 0.0
13573.739699981032 13573.739699981032 0.0
26582.0 26582.0 0.0
0


HOST: 17
0.5070046944025755 0.5073493563943644 0.5062500000001205
11016.19799997916 7567.622999978339 3448.575000000821
21728.0 14916.0 6812.0
0


HOST: 18
0.5074309016265248 0.5074309016265248 0.0
10569.278249978885 10569.278249978885 0.0
20829.0 20829.0 0.0
0


HOST: 19
0.5062499999985448 0.5062499999985448 0.0
4001.9062499884967 4001.9062499884967 0.0
7905.0 7905.0 0.0
0


HOST: 20
0.5071275618655718 0.5071275618655718 0.0
9160.245149977824 9160.245149977824 0.0
18063.0 18063.0 0.0
0


HOST: 21
0.5102599151257423 0.5102599151257423 0.0
12865.693499980467 12865.693499980467 0.0
25214.0 25214.0 0.0
0


HOST: 22
0.5112286564443463 0.5112286564443463 0.0
10136.641799978499 10136.641799978499 0.0
19828.0 19828.0 0.0
0


HOST: 23
0.508661620863011 0.508661620863011 0.0
13604.15504998123 13604.15504998123 0.0
26745.0 26745.0 0.0
0


HOST: 24
0.5062499999990396 0.5062499999985448 0.5062499999991628
11029.162499979078 2197.1249999936845 8832.037499985394
21786.0 4340.0 17446.0
0


HOST: 25
0.5084163250352857 0.5097608200441034 0.5062499999989034
8681.208749977503 5370.839999984673 3310.368749992829
17075.0 10536.0 6539.0
0


HOST: 26
0.5151062592519899 0.5151062592519899 0.0
9393.99284997854 9393.99284997854 0.0
18237.0 18237.0 0.0
0


HOST: 27
0.5114887728741229 0.5135294406965065 0.5062500000003638
11487.526349979926 8300.176349977635 3187.3500000022905
22459.0 16163.0 6296.0
0


HOST: 28
0.519818228525667 0.519818228525667 0.0
8043.147449977645 8043.147449977645 0.0
15473.0 15473.0 0.0
0


HOST: 29
0.510829378489629 0.510829378489629 0.0
10701.364649979236 10701.364649979236 0.0
20949.0 20949.0 0.0
0


HOST: 30
0.5128512098933465 0.5128512098933465 0.0
11444.787599979922 11444.787599979922 0.0
22316.0 22316.0 0.0
0


HOST: 31
0.5112448261427684 0.5142556880192397 0.5062499999988465
8557.215899977658 5370.37214998492 3186.8437499927386
16738.0 10443.0 6295.0
0


HOST: 32
0.5148091117109872 0.5148091117109872 0.0
9898.749599978863 9898.749599978863 0.0
19228.0 19228.0 0.0
0


HOST: 33
0.5095033852216487 0.5126910920531651 0.5064342057953483
8902.552649977868 4394.275349987678 4508.27729999019
17473.0 8571.0 8902.0
0


HOST: 34
0.517091458791128 0.517091458791128 0.0
10095.17654997919 10095.17654997919 0.0
19523.0 19523.0 0.0
0


HOST: 35
0.5095872314181822 0.5095872314181822 0.0
8680.308899977315 8680.308899977315 0.0
17034.0 17034.0 0.0
0


HOST: 36
0.5379864520506946 0.5343633123532017 0.5468937941458765
5531.576699985242 3905.6614499895513 1625.9152499956908
10282.0 7309.0 2973.0
0


HOST: 37
0.5125653728639329 0.5125653728639329 0.0
11072.949749979542 11072.949749979542 0.0
21603.0 21603.0 0.0
0


HOST: 38
0.5062499999988367 0.5062499999985448 0.5062499999988523
9563.062499978025 488.0249999985972 9075.037499979428
18890.0 964.0 17926.0
0


HOST: 39
0.5193004291315456 0.5198966382709429 0.5062500000003638
10709.532749979864 10253.401499979536 456.1312500003278
20623.0 19722.0 901.0
0


HOST: 40
0.5185655782424392 0.5185655782424392 0.0
11783.884199981188 11783.884199981188 0.0
22724.0 22724.0 0.0
0


HOST: 41
0.5116546490234434 0.5116546490234434 0.0
7791.988649978019 7791.988649978019 0.0
15229.0 15229.0 0.0
0


HOST: 42
0.5209110415898651 0.5209110415898651 0.0
10032.225749979212 10032.225749979212 0.0
19259.0 19259.0 0.0
0


HOST: 43
0.5192451142395871 0.5236068842993918 0.5168204277828808
10840.28024997986 3905.583749989164 6934.696499990696
20877.0 7459.0 13418.0
0


HOST: 44
0.5126410705597613 0.517660293974462 0.5062499999991917
9495.650549978458 5370.7255499850435 4124.9249999934145
18523.0 10375.0 8148.0
0


HOST: 45
0.5062499999990285 0.5062499999985448 0.5062499999991337
10937.024999979012 1952.6062499943873 8984.418749984625
21604.0 3857.0 17747.0
0


HOST: 46
0.5191418834354035 0.5221141762301174 0.5062499999995803
8960.9080499785 7323.695549979857 1637.2124999986427
17261.0 14027.0 3234.0
0


HOST: 47
0.5105314951746417 0.5148972139201715 0.5083940963843389
8836.789649977873 2929.2502499918555 5907.539399986017
17309.0 5689.0 11620.0
0


HOST: 48
0.5149893464183827 0.5149893464183827 0.0
9392.375699978464 9392.375699978464 0.0
18238.0 18238.0 0.0
0


HOST: 49
0.5127725825755504 0.5127725825755504 0.0
10276.98809997918 10276.98809997918 0.0
20042.0 20042.0 0.0
0


HOST: 50
0.5154389197276592 0.5154389197276592 0.0
4642.558349987026 4642.558349987026 0.0
9007.0 9007.0 0.0
0


HOST: 51
0.5190594658963091 0.5190594658963091 0.0
8280.036599977924 8280.036599977924 0.0
15952.0 15952.0 0.0
0


HOST: 52
0.5101624334259286 0.5136424983976091 0.5062499999994716
10536.894899979128 5614.626149984266 4922.268749994862
20654.0 10931.0 9723.0
0


HOST: 53
0.5170188613465891 0.5170188613465891 0.0
9344.598899978251 9344.598899978251 0.0
18074.0 18074.0 0.0
0


HOST: 54
0.5170835333593875 0.5170835333593875 0.0
10167.930599978996 10167.930599978996 0.0
19664.0 19664.0 0.0
0


HOST: 55
0.513149845714118 0.513149845714118 0.0
10975.76204997927 10975.76204997927 0.0
21389.0 21389.0 0.0
0


HOST: 56
0.5180542884303528 0.5180542884303528 0.0
8987.72384997819 8987.72384997819 0.0
17349.0 17349.0 0.0
0


HOST: 57
0.5187939767270285 0.5187939767270285 0.0
9095.495999978264 9095.495999978264 0.0
17532.0 17532.0 0.0
0


HOST: 58
0.5117107303547233 0.5131056142906381 0.5076639689582343
10803.748649979272 8056.271249977308 2747.4774000019643
21113.0 15701.0 5412.0
0


HOST: 59
0.5151013110383599 0.5173387344225661 0.5122493517014092
10843.912799979553 6103.045049983011 4740.8677499965415
21052.0 11797.0 9255.0
0


HOST: 60
0.5062499999990427 0.5062499999985448 0.506249999999054
11054.474999979097 244.0124999992986 10810.462499979798
21836.0 482.0 21354.0
0


HOST: 61
0.514507419144932 0.5111980590592384 0.5351355421690426
11120.048849979416 9521.063849978316 1598.9850000010993
21613.0 18625.0 2988.0
0


HOST: 62
0.512955385145846 0.512955385145846 0.0
9649.20374997851 9649.20374997851 0.0
18811.0 18811.0 0.0
0


HOST: 63
0.5411314173396481 0.5465705847477493 0.5062500000003638
9499.020899980183 8300.220899979322 1198.8000000008615
17554.0 15186.0 2368.0
0


HOST: 64
0.5090562904983953 0.5090562904983953 0.0
10212.687299978807 10212.687299978807 0.0
20062.0 20062.0 0.0
0


HOST: 65
0.5062499999987279 0.5062499999985448 0.5062499999987385
8927.212499977568 488.0249999985972 8439.18749997897
17634.0 964.0 16670.0
0


HOST: 66
0.5207026008739203 0.5207026008739203 0.0
9639.767249978886 9639.767249978886 0.0
18513.0 18513.0 0.0
0


HOST: 67
0.5136753611543773 0.5136753611543773 0.0
8640.53324997778 8640.53324997778 0.0
16821.0 16821.0 0.0
0


HOST: 68
0.5127404640206163 0.5127404640206163 0.0
11436.676049979847 11436.676049979847 0.0
22305.0 22305.0 0.0
0


HOST: 69
0.5100865228503441 0.512547746909642 0.5062499999996032
10368.528749978945 6346.878749982097 4021.6499999968473
20327.0 12383.0 7944.0
0


HOST: 70
0.5129279083982421 0.5129279083982421 0.0
9642.531749978552 9642.531749978552 0.0
18799.0 18799.0 0.0
0


HOST: 71
0.5099018834294532 0.5099018834294532 0.0
8013.617999977287 8013.617999977287 0.0
15716.0 15716.0 0.0
0


HOST: 72
0.5071086350964251 0.5077896462004181 0.5068947480218002
10194.91199997853 2439.929249993009 7754.982749985522
20104.0 4805.0 15299.0
0


HOST: 73
0.5062499999988276 0.5062499999985448 0.5062499999988429
9506.362499977984 488.0249999985972 9018.337499979387
18778.0 964.0 17814.0
0


HOST: 74
0.5131537731587168 0.5152285073563903 0.5062500000003638
11383.290149979814 8788.252649977949 2595.037500001865
22183.0 17057.0 5126.0
0


HOST: 75
0.5126318592954204 0.5126318592954204 0.0
10201.373999978867 10201.373999978867 0.0
19900.0 19900.0 0.0
0


HOST: 76
0.5077855169897931 0.5077855169897931 0.0
11177.374799979327 11177.374799979327 0.0
22012.0 22012.0 0.0
0


HOST: 77
0.5067151387063945 0.5069903160256348 0.5062499999990401
8931.867749977617 5614.917749983906 3316.9499999937107
17627.0 11075.0 6552.0
0


HOST: 78
0.5109177798813112 0.5117024017454331 0.5062500000003638
10250.032499978865 8788.488749977814 1461.5437500010503
20062.0 17175.0 2887.0
0


HOST: 79
0.5078558039007881 0.5062499999985448 0.5105346128487478
8225.232599977164 5126.287499985265 3098.945099991899
16196.0 10126.0 6070.0
0


HOST: 80
0.5072339783964788 0.5072339783964788 0.0
8453.054249977318 8453.054249977318 0.0
16665.0 16665.0 0.0
0


HOST: 81
0.5062499999992234 0.5062499999985448 0.5062499999994704
12805.593749980355 3417.693749990176 9387.899999990179
25295.0 6751.0 18544.0
0


HOST: 82
0.5089230408648889 0.5099678272965984 0.5083044569958632
9825.77714997841 3661.5689999895767 6164.208149988834
19307.0 7180.0 12127.0
0


HOST: 83
0.5062499999986652 0.5062499999985448 0.5062499999987775
8597.643749977331 4149.731249988072 4447.912499989259
16983.0 8197.0 8786.0
0


HOST: 84
0.5077718942792407 0.5106562439637884 0.5062499999988824
9135.32414997782 3173.217899990981 5962.1062499868385
17991.0 6214.0 11777.0
0


HOST: 85
0.5062499999990699 0.5062499999985448 0.5062499999992339
11287.349999979264 2685.1499999922817 8602.199999986982
22296.0 5304.0 16992.0
0


HOST: 86
0.50866506641678 0.50866506641678 0.0
8730.727199977611 8730.727199977611 0.0
17164.0 17164.0 0.0
0


HOST: 87
0.5121023197257678 0.5121023197257678 0.0
11391.203999979978 11391.203999979978 0.0
22244.0 22244.0 0.0
0


HOST: 88
0.5186178917344197 0.5220394584324939 0.512091294907392
11458.34369998027 7566.961949978999 3891.381750001272
22094.0 14495.0 7599.0
0


HOST: 89
0.5145784014137921 0.5145784014137921 0.0
7999.121249977397 7999.121249977397 0.0
15545.0 15545.0 0.0
0


HOST: 90
0.5144646936882823 0.5153775542177375 0.5062500000003638
8935.222799978086 8055.866549977454 879.3562500006319
17368.0 15631.0 1737.0
0


HOST: 91
0.5253667971009613 0.5253667971009613 0.0
8122.696049977963 8122.696049977963 0.0
15461.0 15461.0 0.0
0


HOST: 92
0.5122595999990915 0.5166727012606145 0.5062499999998124
11333.7436499799 6591.193649981658 4742.549999998242
22125.0 12757.0 9368.0
0


HOST: 93
0.5145779743134559 0.5145779743134559 0.0
8654.686949978015 8654.686949978015 0.0
16819.0 16819.0 0.0
0


HOST: 94
0.5139446977721879 0.5139446977721879 0.0
11631.596399980155 11631.596399980155 0.0
22632.0 22632.0 0.0
0


HOST: 95
0.5101155756632229 0.5101155756632229 0.0
10598.161199979118 10598.161199979118 0.0
20776.0 20776.0 0.0
0


HOST: 96
0.5097727166265169 0.5097727166265169 0.0
9795.282749978522 9795.282749978522 0.0
19215.0 19215.0 0.0
0


HOST: 97
0.5082801245391567 0.5091458251082327 0.5062500000003638
19467.63704997424 13671.074549981156 5796.5625000041655
38301.0 26851.0 11450.0
0


HOST: 98
0.5072350141863089 0.5073591568950622 0.5062500000003638
18413.1382499772 16356.244499983013 2056.893750001478
36301.0 32238.0 4063.0
0


HOST: 99
0.5095344308924941 0.5097691674238706 0.5062500000003638
16209.818849982912 15135.55634998214 1074.262500000772
31813.0 29691.0 2122.0
0


HOST: 100
0.5071333225591429 0.5072671194635548 0.5062500000003638
18828.845999975856 16356.320999982863 2472.525000001777
37128.0 32244.0 4884.0
0


HOST: 101
0.5071853010953155 0.5080635385277376 0.5062500000003638
17956.388399978547 9276.73214997796 8679.656250006237
35404.0 18259.0 17145.0
0


HOST: 102
0.5099351391155564 0.5099632977839784 0.5062500000003638
18694.2221999763 18553.484699976703 140.73750000010114
36660.0 36382.0 278.0
0


HOST: 103
0.510121376792404 0.5103147692548512 0.5062500000003638
19985.535299972806 19041.885299975518 943.6500000006781
39178.0 37314.0 1864.0
0


HOST: 104
0.5074726538982252 0.5083976584598744 0.5062500000003638
16693.312949982115 9520.762949978069 7172.550000005154
32895.0 18727.0 14168.0
0


HOST: 105
0.5072231848627523 0.5080160259557526 0.5062500000003638
16808.361899981886 9276.880649977998 7531.481250005412
33138.0 18261.0 14877.0
0


HOST: 106
0.509174944987234 0.5104568016714488 0.5086821401369386
16660.204199982298 4638.0104999867835 12022.193699996405
32720.0 9086.0 23634.0
0


HOST: 107
0.5087738219400146 0.5078745294219691 0.5090500852151858
21852.85319996751 5126.485499985356 16726.367700000574
42952.0 10094.0 32858.0
0


HOST: 108
0.5062499999991903 0.5062499999985448 0.5062499999992162
23546.19374996234 244.0124999992986 23302.18124996392
46511.0 482.0 46029.0
0


HOST: 109
0.5062499999993125 0.5062499999985448 0.5062499999994119
19796.399999973117 732.0374999978958 19064.362499977855
39104.0 1446.0 37658.0
0


HOST: 110
0.5098464555045756 0.5099667943265923 0.5097671913442324
20281.69199997202 8055.945449977178 12225.746550008726
39780.0 15797.0 23983.0
0


HOST: 111
0.508451184940045 0.5091920155145376 0.5068537872814113
20339.06429997168 13915.199399981286 6423.864900004606
40002.0 27328.0 12674.0
0


HOST: 112
0.5083301236670842 0.5203282567489068 0.5067786821227651
18743.656649976394 2196.8258999938844 16546.830749990404
36873.0 4222.0 32651.0
0


HOST: 113
0.5248205678941976 0.530859319663052 0.5062499999993398
8955.013349978693 6835.344599981458 2119.668749997236
17063.0 12876.0 4187.0
0


HOST: 114
0.5153589139662861 0.5153589139662861 0.0
11279.660549980104 11279.660549980104 0.0
21887.0 21887.0 0.0
0


HOST: 115
0.5091806066165563 0.5091806066165563 0.0
9971.79299997864 9971.79299997864 0.0
19584.0 19584.0 0.0
0


HOST: 116
0.5101526877065666 0.5101526877065666 0.0
11217.747449979694 11217.747449979694 0.0
21989.0 21989.0 0.0
0


HOST: 117
0.5078645618478711 0.5078645618478711 0.0
9800.262449978369 9800.262449978369 0.0
19297.0 19297.0 0.0
0


HOST: 118
0.5062499999985448 0.5062499999985448 0.5062499999985448
5799.093749983331 4638.2624999866675 1160.8312499966632
11455.0 9162.0 2293.0
0


HOST: 119
0.5100920041373009 0.5100920041373009 0.0
10353.847499978934 10353.847499978934 0.0
20298.0 20298.0 0.0
0


HOST: 120
0.5095064707004279 0.5095064707004279 0.0
10590.601499979093 10590.601499979093 0.0
20786.0 20786.0 0.0
0


HOST: 121
0.5062499999986881 0.5062499999986881 0.0
8715.599999977416 8715.599999977416 0.0
17216.0 17216.0 0.0
0


HOST: 122
0.5175463166261521 0.5175463166261521 0.0
9428.141249978613 9428.141249978613 0.0
18217.0 18217.0 0.0
0


HOST: 123
0.5110923974749092 0.5110923974749092 0.0
8100.81449997731 8100.81449997731 0.0
15850.0 15850.0 0.0
0


HOST: 124
0.511965412292805 0.511965412292805 0.0
10244.427899979028 10244.427899979028 0.0
20010.0 20010.0 0.0
0


HOST: 125
0.5132998817024382 0.5132998817024382 0.0
10413.827999979067 10413.827999979067 0.0
20288.0 20288.0 0.0
0


HOST: 126
0.5096800023666626 0.5096800023666626 0.0
8609.514599977663 8609.514599977663 0.0
16892.0 16892.0 0.0
0


HOST: 127
0.517826814628382 0.517826814628382 0.0
6427.784249982105 6427.784249982105 0.0
12413.0 12413.0 0.0
0


HOST: 128
0.5123542606506002 0.5123542606506002 0.0
10425.896849979063 10425.896849979063 0.0
20349.0 20349.0 0.0
0


HOST: 129
0.5137235860049458 0.5137235860049458 0.0
11453.467349980268 11453.467349980268 0.0
22295.0 22295.0 0.0
0


HOST: 130
0.5062499999987986 0.5062499999985448 0.5062499999988459
9330.693749977858 1464.5812499957901 7866.112499982068
18431.0 2893.0 15538.0
0


HOST: 131
0.5072831401195205 0.5078745294219691 0.506249999998559
8051.59799997703 5126.485499985356 2925.1124999916738
15872.0 10094.0 5778.0
0


HOST: 132
0.5062499999990164 0.5062499999990164 0.0
10838.812499978942 10838.812499978942 0.0
21410.0 21410.0 0.0
0


HOST: 133
0.5076519723159012 0.5076519723159012 0.0
11479.534049979473 11479.534049979473 0.0
22613.0 22613.0 0.0
0


HOST: 134
0.5076550237248985 0.5076550237248985 0.0
9842.41559997833 9842.41559997833 0.0
19388.0 19388.0 0.0
0


HOST: 135
0.5112967968098086 0.5137611890551781 0.5062500000003638
13017.105149980915 8788.398899977876 4228.706250003039
25459.0 17106.0 8353.0
0


HOST: 136
0.5062499999989889 0.5062499999989889 0.0
10622.137499978786 10622.137499978786 0.0
20982.0 20982.0 0.0
0


HOST: 137
0.5133021907863748 0.5133021907863748 0.0
10051.483499978793 10051.483499978793 0.0
19582.0 19582.0 0.0
0


HOST: 138
0.5062499999990898 0.5062499999985448 0.5062499999994602
11463.01874997939 4638.2624999866675 6824.756249992723
22643.0 9162.0 13481.0
0


HOST: 139
0.5101553243773695 0.5114415802064481 0.5062500000003638
13596.149549981275 10253.380799978873 3342.768750002402
26651.0 20048.0 6603.0
0


HOST: 140
0.5062499999985828 0.5062499999985448 0.5062499999986039
8199.731249977045 2929.1624999915803 5270.568749985465
16197.0 5786.0 10411.0
0


HOST: 141
0.506249999998869 0.5062499999985448 0.5062499999990633
9769.612499978173 3661.7062499894746 6107.906249988699
19298.0 7233.0 12065.0
0


HOST: 142
0.510718056588673 0.510718056588673 0.0
10288.415249978818 10288.415249978818 0.0
20145.0 20145.0 0.0
0


HOST: 143
0.5074790057307145 0.5081923877561465 0.5062500000003638
14255.5927499815 9032.611499977747 5222.981250003753
28091.0 17774.0 10317.0
0


HOST: 144
0.5076075524936638 0.5076075524936638 0.0
8992.775399977749 8992.775399977749 0.0
17716.0 17716.0 0.0
0


HOST: 145
0.5062499999988107 0.5062499999988107 0.0
9403.08749997791 9403.08749997791 0.0
18574.0 18574.0 0.0
0


HOST: 146
0.5062499999992806 0.5062499999985448 0.5062499999996983
13481.943749980841 4882.274999985966 8599.668749994875
26631.0 9644.0 16987.0
0


HOST: 147
0.5087090698929979 0.5087090698929979 0.0
11223.13949997932 11223.13949997932 0.0
22062.0 22062.0 0.0
0


HOST: 148
0.5079710723902023 0.5089122738426373 0.5062499999997798
10553.606999978843 6835.20074998046 3718.406249998383
20776.0 13431.0 7345.0
0


HOST: 149
0.5100829304613973 0.5100829304613973 0.0
9073.865249977796 9073.865249977796 0.0
17789.0 17789.0 0.0
0


HOST: 150
0.5120275839355997 0.5120275839355997 0.0
9333.238799978111 9333.238799978111 0.0
18228.0 18228.0 0.0
0


HOST: 151
0.5085348623329584 0.5085348623329584 0.0
9124.132499977939 9124.132499977939 0.0
17942.0 17942.0 0.0
0


HOST: 152
0.5117577712822663 0.5117577712822663 0.0
10068.83414997859 10068.83414997859 0.0
19675.0 19675.0 0.0
0


HOST: 153
0.5062499999985448 0.5062499999985448 0.0
7585.143749978197 7585.143749978197 0.0
14983.0 14983.0 0.0
0


HOST: 154
0.5113070130462349 0.5138643483584862 0.5062499999990117
8778.118799977761 5859.08129998346 2919.0374999943015
17168.0 11402.0 5766.0
0


HOST: 155
0.5082132136091444 0.5082132136091444 0.0
8065.343699977122 8065.343699977122 0.0
15870.0 15870.0 0.0
0


HOST: 156
0.5062499999988983 0.5062499999988983 0.0
9965.024999978314 9965.024999978314 0.0
19684.0 19684.0 0.0
0


HOST: 157
0.5108238545236317 0.5105370588220859 0.5108879050612863
10702.78139997913 1952.8042499944786 8749.977149984652
20952.0 3825.0 17127.0
0


HOST: 158
0.5062499999989877 0.5062499999985448 0.5062499999993314
10612.012499978779 4638.2624999866675 5973.749999992111
20962.0 9162.0 11800.0
0


HOST: 159
0.5073824415610227 0.5073824415610227 0.0
11265.412349979388 11265.412349979388 0.0
22203.0 22203.0 0.0
0


HOST: 160
0.5089779830184509 0.5099038959668021 0.5086274614459908
8872.504199977635 2440.9099499930817 6431.594249984553
17432.0 4787.0 12645.0
0


HOST: 161
0.5062499999988334 0.5062499999985448 0.5062499999988573
9542.30624997801 732.0374999978958 8810.268749980114
18849.0 1446.0 17403.0
0


HOST: 162
0.5118197122652928 0.5118197122652928 0.0
9125.233649977905 9125.233649977905 0.0
17829.0 17829.0 0.0
0


HOST: 163
0.516457187911556 0.5201270069867913 0.5115172249622834
10562.065949979233 6103.170299983009 4458.895649996224
20451.0 11734.0 8717.0
0


HOST: 164
0.5062499999987052 0.5062499999987052 0.0
8805.20624997748 8805.20624997748 0.0
17393.0 17393.0 0.0
0


HOST: 165
0.5103277180639916 0.5103277180639916 0.0
8641.37924997757 8641.37924997757 0.0
16933.0 16933.0 0.0
0


HOST: 166
0.506249999998809 0.506249999998809 0.0
9392.962499977903 9392.962499977903 0.0
18554.0 18554.0 0.0
0


HOST: 167
0.5079445642376647 0.5130829829910931 0.5062499999991538
10718.138249978962 2684.96324999239 8033.1749999865715
21101.0 5233.0 15868.0
0


HOST: 168
0.5101677312920289 0.5123081807641674 0.506249999999912
10901.774249979366 7079.58674998003 3822.187499999336
21369.0 13819.0 7550.0
0


HOST: 169
0.5138924101542246 0.554822727271279 0.5062499999986957
8622.600749977735 1464.7319999961765 7157.868749981559
16779.0 2640.0 14139.0
0


HOST: 170
0.5121954083782155 0.5122801888582317 0.5062500000003638
10892.85974997951 10741.490999979402 151.36875000010878
21267.0 20968.0 299.0
0


HOST: 171
0.5115301391021141 0.5115301391021141 0.0
3971.5199999888137 3971.5199999888137 0.0
7764.0 7764.0 0.0
0


HOST: 172
0.5084443973583558 0.5100567012289197 0.5062499999998199
11398.306499979619 6591.462749981329 4806.84374999829
22418.0 12923.0 9495.0
0


HOST: 173
0.5100074605729225 0.5105007776746772 0.5062499999999753
8828.73914997786 7811.68289997791 1017.0562499999505
17311.0 15302.0 2009.0
0


HOST: 174
0.5097988625428997 0.5170787436844071 0.506249999998978
9546.49349997834 3173.312249991206 6373.181249987134
18726.0 6137.0 12589.0
0


HOST: 175
0.5162548021093724 0.5162548021093724 0.0
7826.422799978085 7826.422799978085 0.0
15160.0 15160.0 0.0
0


HOST: 176
0.5168225990839121 0.5168225990839121 0.0
5424.569999984742 5424.569999984742 0.0
10496.0 10496.0 0.0
0


HOST: 177
0.5155509629484549 0.5217324364537842 0.5062499999998712
11243.135399979905 6835.216649981026 4407.918749998878
21808.0 13101.0 8707.0
0


HOST: 178
0.5096518590445541 0.5096518590445541 0.0
11020.71179997944 11020.71179997944 0.0
21624.0 21624.0 0.0
0


HOST: 179
0.5109457972797047 0.5109457972797047 0.0
11573.944199979871 11573.944199979871 0.0
22652.0 22652.0 0.0
0


HOST: 180
0.5090008541001224 0.5090008541001224 0.0
10518.50264997903 10518.50264997903 0.0
20665.0 20665.0 0.0
0


HOST: 181
0.5121470552319991 0.5121470552319991 0.0
6713.223599981044 6713.223599981044 0.0
13108.0 13108.0 0.0
0


HOST: 182
0.5180359642291827 0.5180359642291827 0.0
10659.107999979664 10659.107999979664 0.0
20576.0 20576.0 0.0
0


HOST: 183
0.5125115069345598 0.5125115069345598 0.0
9754.118999978542 9754.118999978542 0.0
19032.0 19032.0 0.0
0


HOST: 184
0.5062499999993041 0.5062499999985448 0.5062499999997901
20015.606249972487 3173.6812499908774 16841.924999993018
39537.0 6269.0 33268.0
0


HOST: 185
0.509604158214428 0.5079174097180662 0.5120662255968914
17335.204649980195 10253.328749978602 7081.875900005009
34017.0 20187.0 13830.0
0


HOST: 186
0.5159421730593575 0.5159421730593575 0.0
19986.567899973394 19986.567899973394 0.0
38738.0 38738.0 0.0
0


HOST: 187
0.5074998244701489 0.5074720034507577 0.5075533826642118
19660.543199973567 12938.506199980518 6722.037000004821
38740.0 25496.0 13244.0
0


HOST: 188
0.5062499999992813 0.5062499999985448 0.506249999999312
20634.749999970707 244.0124999992986 20390.73749997229
40760.0 482.0 40278.0
0


HOST: 189
0.5106861542853315 0.5106861542853315 0.0
19648.139099973843 19648.139099973843 0.0
38474.0 38474.0 0.0
0


HOST: 190
0.5078581045278603 0.5088822604844521 0.5062500000003638
19939.52489997285 12206.049899980067 7733.475000005557
39262.0 23986.0 15276.0
0


HOST: 191
0.5107862016849125 0.5086664865210049 0.5461408774980518
20787.466049970884 19530.249749973984 1257.2163000005153
40697.0 38395.0 2302.0
0


HOST: 192
0.5062499999992777 0.5062499999985448 0.5062499999993392
20737.012499970413 488.0249999985972 20248.98749997357
40962.0 964.0 39998.0
0


HOST: 193
0.5069821508051828 0.507869711349476 0.5065129781095502
22551.073049965336 7812.05189997764 14739.021150009803
44481.0 15382.0 29099.0
0


HOST: 194
0.5077524252595462 0.5079221634948208 0.5074119547661152
22673.684549965037 15135.572549982166 7538.112000005407
44655.0 29799.0 14856.0
0


HOST: 195
0.5120873859185927 0.512412376986506 0.5062500000003638
15710.840999982425 14891.728499981837 819.1125000005886
30680.0 29062.0 1618.0
0


HOST: 196
0.5062499999993234 0.5062499999985448 0.5062499999995727
19518.974999973914 1708.5937499950887 17810.381249984966
38556.0 3375.0 35181.0
0


HOST: 197
0.5099463628988504 0.5103175548364686 0.5062500000003638
20133.702299972414 18309.683549977657 1824.0187500013108
39482.0 35879.0 3603.0
0


HOST: 198
0.5135314665501862 0.5135314665501862 0.0
14776.867949981608 14776.867949981608 0.0
28775.0 28775.0 0.0
0


HOST: 199
0.508340205764813 0.5098975957683509 0.5062500000003638
19961.503199972678 11473.715699979432 8487.7875000061
39268.0 22502.0 16766.0
0


HOST: 200
0.5062499999993635 0.5062499999985448 0.5062499999996309
18563.17499997666 1708.5937499950887 16854.581249987714
36668.0 3375.0 33293.0
0


HOST: 201
0.5080435100279123 0.508089137140875 0.506249999999909
21276.862199968964 20750.868449970476 525.9937499999055
41880.0 40841.0 1039.0
0


HOST: 202
0.5062499999992782 0.5062499999985448 0.5062499999999589
20721.824999970457 4394.249999987369 16327.574999998675
40932.0 8680.0 32252.0
0


HOST: 203
0.5070800362899494 0.5070800362899494 0.0
19701.580649973403 19701.580649973403 0.0
38853.0 38853.0 0.0
0


HOST: 204
0.5085533997344016 0.508891011285573 0.5062500000003638
19580.831549973664 17089.069049980826 2491.7625000017906
38503.0 33581.0 4922.0
0


HOST: 205
0.5094259921156705 0.5094259921156705 0.0
19126.908299974966 19126.908299974966 0.0
37546.0 37546.0 0.0
0


HOST: 206
0.5071570085983444 0.5079031970955211 0.5062500000003638
19993.650749972534 10985.438249979026 9008.212500006473
39423.0 21629.0 17794.0
0


HOST: 207
0.5084772121277636 0.5084772121277636 0.0
21129.770549969217 21129.770549969217 0.0
41555.0 41555.0 0.0
0


HOST: 208
0.5074664584897148 0.5076117707323317 0.5062500000003638
18851.363999975925 16844.588999981694 2006.775000001442
37148.0 33184.0 3964.0
0


HOST: 209
0.5078283717421478 0.5078247278029341 0.5078323720911267
21925.489949967232 11473.791899979493 10451.69805000748
43175.0 22594.0 20581.0
0


HOST: 210
0.511649966326512 0.511649966326512 0.0
18233.66984997791 18233.66984997791 0.0
35637.0 35637.0 0.0
0


HOST: 211
0.5062499999992985 0.5062499999985448 0.5062499999998237
20163.93749997206 3417.693749990176 16746.243749994166
39830.0 6751.0 33079.0
0


HOST: 212
0.5062499999992695 0.5062499999985448 0.50624999999933
20974.44374996973 488.0249999985972 20486.418749972887
41431.0 964.0 40467.0
0


HOST: 213
0.5109675456925388 0.5091925404481643 0.521477593507776
20044.745849972605 17089.01084998084 2955.7350000020742
39229.0 33561.0 5668.0
0


HOST: 214
0.5062499999992258 0.5062499999985448 0.5062499999996404
22317.52499996587 3173.6812499908774 19143.8437499864
44084.0 6269.0 37815.0
0


HOST: 215
0.5071927072596685 0.5086090148062006 0.5065203264097096
21173.773949969378 6835.19654998053 14338.577400006057
41747.0 13439.0 28308.0
0


HOST: 216
0.5083641648932127 0.5083641648932127 0.0
19595.405099973774 19595.405099973774 0.0
38546.0 38546.0 0.0
0


HOST: 217
0.5062499999993234 0.5062499999985448 0.5062499999995727
19518.974999973914 1708.5937499950887 17810.381249984966
38556.0 3375.0 35181.0
0


HOST: 218
0.5083210994173423 0.5101945161275794 0.5075467247596536
19127.61464997517 5614.6906499840115 13512.924000001016
37629.0 11005.0 26624.0
0


HOST: 219
0.5100099034416874 0.5100099034416874 0.0
16268.295899982946 16268.295899982946 0.0
31898.0 31898.0 0.0
0


HOST: 220
0.5089527363258605 0.5089527363258605 0.0
15791.276549982473 15791.276549982473 0.0
31027.0 31027.0 0.0
0


HOST: 221
0.5085607590075717 0.5085607590075717 0.0
11939.989499979767 11939.989499979767 0.0
23478.0 23478.0 0.0
0


HOST: 222
0.5114384255313029 0.5114384255313029 0.0
18028.204499978427 18028.204499978427 0.0
35250.0 35250.0 0.0
0


HOST: 223
0.5121092365293658 0.5121092365293658 0.0
19693.67279997329 19693.67279997329 0.0
38456.0 38456.0 0.0
0


HOST: 224
0.5062499999994703 0.5062499999985448 0.5062499999995655
16421.23124998282 1464.5812499957901 14956.649999987163
32437.0 2893.0 29544.0
0


HOST: 225
0.5073698087454729 0.5073830958030576 0.5073410957442855
22496.26994996552 15379.796399982282 7116.473550005094
44339.0 30312.0 14027.0
0


HOST: 226
0.5076284962577227 0.5080635385277376 0.5072952424907144
21368.621549968833 9276.73214997796 12091.88940000867
42095.0 18259.0 23836.0
0


HOST: 227
0.511603754861958 0.5129405944868961 0.5062500000003638
15518.988299982633 12450.607049980428 3068.381250002205
30334.0 24273.0 6061.0
0


HOST: 228
0.5088470293680355 0.5093908210469275 0.5062500000003638
13566.370649981194 11229.520649979515 2336.8500000016793
26661.0 22045.0 4616.0
0


HOST: 229
0.5062499999993147 0.5062499999985448 0.5062499999994052
13920.862499981156 1464.5812499957901 12456.281249985366
27498.0 2893.0 24605.0
0


HOST: 230
0.509705569697833 0.509705569697833 0.0
14015.374049981314 14015.374049981314 0.0
27497.0 27497.0 0.0
0


HOST: 231
0.5120157039844985 0.5120157039844985 0.0
13066.128749980417 13066.128749980417 0.0
25519.0 25519.0 0.0
0


HOST: 232
0.5062499999993479 0.5062499999985448 0.5062499999994563
14376.487499981484 1708.5937499950887 12667.893749986395
28398.0 3375.0 25023.0
0


HOST: 233
0.5129995988832594 0.5129995988832594 0.0
17649.238199979656 17649.238199979656 0.0
34404.0 34404.0 0.0
0


HOST: 234
0.5167506361626544 0.5167506361626544 0.0
12671.75909998061 12671.75909998061 0.0
24522.0 24522.0 0.0
0


HOST: 235
0.5103118797824348 0.5108473624010357 0.5062500000003638
11868.833699979867 10497.402449978881 1371.4312500009855
23258.0 20549.0 2709.0
0


HOST: 236
0.512126883428664 0.516571305923696 0.5081280394933739
17885.007149979232 8544.089399977933 9340.917750006693
34923.0 16540.0 18383.0
0


HOST: 237
0.5080632741470711 0.5084656469660531 0.5062500000003638
14307.06179998152 11718.09929997966 2588.9625000018605
28160.0 23046.0 5114.0
0


HOST: 238
0.9040791071157005 2.8075308729246387 0.5062499999993264
55477.00624994073 29782.287499984566 25694.71874996581
61363.0 10608.0 50755.0
2


HOST: 239
0.5094202959595852 0.5143037294549303 0.5084138353303986
14148.639299981518 2440.885499993099 11707.753799988419
27774.0 4746.0 23028.0
0


HOST: 240
0.5124534100228904 0.5132877857201547 0.5062500000003638
19355.877749974592 17088.89024998111 2266.987500001629
37771.0 33293.0 4478.0
0


HOST: 241
0.5090457300121711 0.5107573791336072 0.5075121916007487
19050.527399975494 9032.744249977843 10017.783150007179
37424.0 17685.0 19739.0
0


HOST: 242
0.5125232225678159 0.5125232225678159 0.0
20883.783749970797 20883.783749970797 0.0
40747.0 40747.0 0.0
0


HOST: 243
0.5113179093071393 0.5118860919411636 0.5062500000001282
21424.220399969134 19285.82039997528 2138.4000000005417
41900.0 37676.0 4224.0
0


HOST: 244
0.5101892462918217 0.5144796311892817 0.5076726141423397
19643.816549974013 7323.617549979426 12320.1990000063
38503.0 14235.0 24268.0
0


HOST: 245
0.5112595637453259 0.5112595637453259 0.0
20848.653749970646 20848.653749970646 0.0
40779.0 40779.0 0.0
0


HOST: 246
0.5117981102705152 0.5126232186935282 0.5062500000002949
20718.611099971 18065.354849978627 2653.2562500015456
40482.0 35241.0 5241.0
0


HOST: 247
0.5085060080911025 0.5085060080911025 0.0
15082.2881999821 15082.2881999821 0.0
29660.0 29660.0 0.0
0


HOST: 248
0.5086725677402635 0.5102878826987209 0.5075535901370692
20218.208549972253 8300.342699977395 11917.865850008524
39747.0 16266.0 23481.0
0


HOST: 249
0.5099911996549094 0.5108581024518767 0.5062500000001378
22514.071499965627 18309.665249977712 4204.406250001144
44146.0 35841.0 8305.0
0


HOST: 250
0.5089567886559108 0.5115697820610612 0.5065748461182903
22918.833149964317 10985.449499979228 11933.383650008565
45031.0 21474.0 23557.0
0


HOST: 251
0.5078199023753655 0.5094117899364384 0.5062500000003638
22055.63399996687 10985.465249979294 11070.168750007955
43432.0 21565.0 21867.0
0


HOST: 252
0.5084366604343056 0.5084366604343056 0.0
18493.366649976997 18493.366649976997 0.0
36373.0 36373.0 0.0
0


HOST: 253
0.5091746830285954 0.5091746830285954 0.0
19397.00954997434 19397.00954997434 0.0
38095.0 38095.0 0.0
0


HOST: 254
0.5085635455728978 0.5085165740859678 0.5086428705444525
17492.04314997982 10985.483549979162 6506.559600004635
34395.0 21603.0 12792.0
0


HOST: 255
0.5076858696451925 0.5089997417418847 0.5062500000003638
20517.109049971164 10741.421549978992 9775.687500007025
40413.0 21103.0 19310.0
0


HOST: 256
0.5062499999992978 0.5062499999985448 0.5062499999999451
20185.706249971998 4394.249999987369 15791.45624999829
39873.0 8680.0 31193.0
0


HOST: 257
0.5072520949146775 0.5080336914966398 0.5062500000003638
21259.442549969048 11962.16129997988 9297.281250006681
41911.0 23546.0 18365.0
0


HOST: 258
0.508722930147717 0.5082592973318969 0.5099850690758154
21382.64219996884 15623.89079998251 5758.751400004108
42032.0 30740.0 11292.0
0


HOST: 259
0.5118316061229653 0.5152181027575112 0.5062500000003638
22600.436399965656 14159.223899981924 8441.212500006066
44156.0 27482.0 16674.0
0


HOST: 260
0.5100158153133529 0.5115288078028033 0.5062500000003638
19789.123649973408 14159.117399981596 5630.006250004046
38801.0 27680.0 11121.0
0


HOST: 261
0.5062499999992552 0.5062499999985448 0.5062499999995094
21394.124999968524 1952.6062499943873 19441.518749981158
42260.0 3857.0 38403.0
0


HOST: 262
0.506799987421767 0.5079179658769043 0.5062500000002773
22161.856649966452 7323.669149979083 14838.187500008129
43729.0 14419.0 29310.0
0


HOST: 263
0.5087616688003811 0.5089412914966649 0.5062500000002507
20657.758799970674 19285.821299974617 1371.9375000006794
40604.0 37894.0 2710.0
0


HOST: 264
0.5089800388942783 0.5092957122187913 0.5062500000003428
20414.171399971718 18309.690149977767 2104.481250001425
40108.0 35951.0 4157.0
0


HOST: 265
0.5062499999993109 0.5062499999985448 0.5062500000001088
19838.924999972995 6102.843749982458 13736.081250002951
39188.0 12055.0 27133.0
0


HOST: 266
0.5077220774065637 0.5084415859620873 0.5062500000003638
21776.19989996752 14647.693649981773 7128.506250005123
42890.0 28809.0 14081.0
0


HOST: 267
0.5130185379957476 0.5130185379957476 0.0
15608.075999982624 15608.075999982624 0.0
30424.0 30424.0 0.0
0


HOST: 268
0.507975148340057 0.5089397475973868 0.5075044146503063
20803.106249970355 6835.569749980503 13967.53650000573
40953.0 13431.0 27522.0
0


HOST: 269
0.506249999999221 0.5062499999985448 0.506249999999707
22472.943749965423 3661.7062499894746 18811.23749998911
44391.0 7233.0 37158.0
0


HOST: 270
0.510081167922597 0.510081167922597 0.0
20430.7910999717 20430.7910999717 0.0
40054.0 40054.0 0.0
0


HOST: 271
0.5088974919066507 0.5088974919066507 0.0
20280.073949971935 20280.073949971935 0.0
39851.0 39851.0 0.0
0


HOST: 272
0.5062499999991432 0.5062499999985448 0.5062499999991964
11964.71249997975 976.0499999971944 10988.662499982556
23634.0 1928.0 21706.0
0


HOST: 273
0.506249999999437 0.5062499999985448 0.5062499999995649
17033.793749981058 976.0499999971944 16057.743749986199
33647.0 1928.0 31719.0
0


HOST: 274
0.5088897294492181 0.5089459113816395 0.5062500000003638
16702.778699982235 16356.503699983128 346.27500000024884
32822.0 32138.0 684.0
0


HOST: 275
0.5131660745893033 0.5131660745893033 0.0
17392.22459998067 17392.22459998067 0.0
33892.0 33892.0 0.0
0


HOST: 276
0.5522642283375596 0.5717173629967135 0.5062500000003638
16775.57819998171 12206.165699979834 4569.412500003284
30376.0 21350.0 9026.0
0


HOST: 277
0.5143059442168652 0.5143059442168652 0.0
13350.353699981386 13350.353699981386 0.0
25958.0 25958.0 0.0
0


HOST: 278
0.5109559926555862 0.5125489836321643 0.5062500000003638
14332.826549981848 10741.489049979267 3591.337500002581
28051.0 20957.0 7094.0
0


HOST: 279
0.5141465885624434 0.5141465885624434 0.0
8470.050899977694 8470.050899977694 0.0
16474.0 16474.0 0.0
0


HOST: 280
0.5128899455059948 0.5128899455059948 0.0
8659.120949977709 8659.120949977709 0.0
16883.0 16883.0 0.0
0


HOST: 281
0.5276197378266787 0.5276197378266787 0.0
10565.585249979242 10565.585249979242 0.0
20025.0 20025.0 0.0
0


HOST: 282
0.5116313863774598 0.5116313863774598 0.0
9285.08639997814 9285.08639997814 0.0
18148.0 18148.0 0.0
0


HOST: 283
0.5099359938132779 0.511471939537612 0.5094909678255058
15167.53619998214 3417.6554999903237 11749.880699991816
29744.0 6682.0 23062.0
0


HOST: 284
0.5099688324936138 0.5099688324936138 0.0
14991.043799982272 14991.043799982272 0.0
29396.0 29396.0 0.0
0


HOST: 285
0.5095971301768293 0.5095971301768293 0.0
13779.506399981463 13779.506399981463 0.0
27040.0 27040.0 0.0
0


HOST: 286
0.5088802712328415 0.5113092155354915 0.5062500000003638
15422.125499982496 8056.187999977203 7365.937500005293
30306.0 15756.0 14550.0
0


HOST: 287
0.5089254269694045 0.5119484997565745 0.5062499999999325
13439.193749981065 6347.137499982011 7092.056249999054
26407.0 12398.0 14009.0
0


HOST: 288
0.5085694652888421 0.5109496121869775 0.5062500000003638
16739.563949982235 8300.37644997745 8439.187500006065
32915.0 16245.0 16670.0
0


HOST: 289
0.5101263832354898 0.5101263832354898 0.0
13912.676849981513 13912.676849981513 0.0
27273.0 27273.0 0.0
0


HOST: 290
0.5165039924222159 0.5165039924222159 0.0
14314.908149981715 14314.908149981715 0.0
27715.0 27715.0 0.0
0


HOST: 291
0.5081042282729334 0.5105476646900756 0.5070310165336834
14330.063549981542 4394.28374998748 9935.779799994061
28203.0 8607.0 19596.0
0


HOST: 292
0.5105646999469875 0.5112881779300965 0.5062500000003638
13663.732499981279 11718.213749979881 1945.518750001398
26762.0 22919.0 3843.0
0


HOST: 293
0.5100655729640324 0.51161412360011 0.5062500000003638
16081.85744998298 11473.969949979668 4607.887500003311
31529.0 22427.0 9102.0
0


HOST: 294
0.506249999998789 0.5062499999985448 0.5062499999987955
9272.981249977816 244.0124999992986 9028.968749978518
18317.0 482.0 17835.0
0


HOST: 295
0.5229419395460452 0.5229419395460452 0.0
16193.420099982835 16193.420099982835 0.0
30966.0 30966.0 0.0
0


HOST: 296
0.5308727384579363 0.5144155629124533 0.5354605567906762
16179.408449982524 3417.7769999903394 12761.631449992185
30477.0 6644.0 23833.0
0


HOST: 297
0.5104640360820115 0.5104640360820115 0.0
14401.72184998179 14401.72184998179 0.0
28213.0 28213.0 0.0
0


HOST: 298
0.5115406020510023 0.5126236729770126 0.5062500000003638
17902.386449978927 14891.717699982215 3010.6687500021635
34997.0 29050.0 5947.0
0


HOST: 299
0.5150639393193126 0.5177562566266543 0.5062500000003638
12681.389249980795 9764.8829999787 2916.506250002096
24621.0 18860.0 5761.0
0


HOST: 300
0.5208841018877731 0.5223943071697587 0.5062500000003638
14232.637199981513 12938.662199980583 1293.9750000009299
27324.0 24768.0 2556.0
0


HOST: 301
0.5138490166566612 0.5138490166566612 0.0
12123.239849980608 12123.239849980608 0.0
23593.0 23593.0 0.0
0


HOST: 302
0.5159710946972371 0.5177065764155723 0.5062500000003638
12330.161249979876 10497.536249978559 1832.625000001317
23897.0 20277.0 3620.0
0


HOST: 303
0.5285227244210486 0.5285227244210486 0.0
13482.61469998095 13482.61469998095 0.0
25510.0 25510.0 0.0
0


HOST: 304
0.5109818066429193 0.5109818066429193 0.0
18720.840449976633 18720.840449976633 0.0
36637.0 36637.0 0.0
0


HOST: 305
0.5138097646862804 0.5138097646862804 0.0
12839.078399980774 12839.078399980774 0.0
24988.0 24988.0 0.0
0


HOST: 306
0.5094982173023024 0.5113112806688112 0.5081661219400998
12060.841799980102 5126.406899985501 6934.434899994601
23672.0 10026.0 13646.0
0


HOST: 307
0.5103884199407903 0.510926986185863 0.5062500000003638
13779.976949981397 12206.045699980266 1573.931250001131
26999.0 23890.0 3109.0
0


HOST: 308
0.5115167206635833 0.5115240182488213 0.5062500000003638
15156.751949982638 15135.995699982623 20.756250000014916
29631.0 29590.0 41.0
0


HOST: 309
0.5062499999993807 0.5062499999985448 0.5062499999994394
14854.893749981828 976.0499999971944 13878.843749984633
29343.0 1928.0 27415.0
0


HOST: 310
0.5081222151354046 0.5125754479268801 0.5066130170774206
14341.241399981658 3661.8389999896317 10679.402399992026
28224.0 7144.0 21080.0
0


HOST: 311
0.5116418313480132 0.5131547976251049 0.5062500000003638
15896.71169998277 12450.161699980294 3446.5500000024767
31070.0 24262.0 6808.0
0


HOST: 312
0.5159583344126291 0.5159583344126291 0.0
11941.8556499803 11941.8556499803 0.0
23145.0 23145.0 0.0
0


HOST: 313
0.5073816222540282 0.5120191190692136 0.5062499999996769
16032.24449998278 3173.494499990986 12858.749999991795
31598.0 6198.0 25400.0
0


HOST: 314
0.5062499999994224 0.5062499999985448 0.5062499999997429
15513.0187499823 4149.731249988072 11363.287499994229
30643.0 8197.0 22446.0
0


HOST: 315
0.5075687165768804 0.5160253699774046 0.5062499999994641
14237.302499981495 1952.6399999944988 12284.662499986996
28050.0 3784.0 24266.0
0


HOST: 316
0.5129043956674154 0.5129043956674154 0.0
13261.143149981026 13261.143149981026 0.0
25855.0 25855.0 0.0
0


HOST: 317
0.5090496527307482 0.514133038734913 0.5062500000001862
19056.27374997556 6835.398749980668 12220.875000004495
37435.0 13295.0 24140.0
0


HOST: 318
0.5125123007317037 0.5124490236751348 0.5157207920791191
21411.738899969117 20995.036499970272 416.7023999999283
41778.0 40970.0 808.0
0


HOST: 319
0.518211798185845 0.518211798185845 0.0
16115.350499983406 16115.350499983406 0.0
31098.0 31098.0 0.0
0


HOST: 320
0.5071948430623812 0.5075175035968211 0.506997706287625
16724.74994998202 6347.013899981845 10377.736050001395
32975.0 12506.0 20469.0
0


HOST: 321
0.5090682590983119 0.5090682590983119 0.0
20001.291899972675 20001.291899972675 0.0
39290.0 39290.0 0.0
0


HOST: 322
0.512894108294865 0.5140996528167017 0.5062500000002262
21293.31179996962 18065.461799978897 3227.8500000014424
41516.0 35140.0 6376.0
0


HOST: 323
0.507866697966688 0.5085348541856655 0.5062500000003638
21363.412649968734 15136.031399982146 6227.381250004475
42065.0 29764.0 12301.0
0


HOST: 324
0.5075927865331548 0.5079812546731627 0.5062500000003638
20128.59194997225 15623.979449982464 4504.612500003237
39655.0 30757.0 8898.0
0


HOST: 325
0.506875342609411 0.5080420247031652 0.5062500000003042
21636.987749967928 7567.793999978348 14069.193750008453
42687.0 14896.0 27791.0
0


HOST: 326
0.5062499999992986 0.5062499999985448 0.5062499999999024
20159.381249972073 3905.718749988773 16253.662499996866
39821.0 7715.0 32106.0
0


HOST: 327
0.5082963631734083 0.5082963631734083 0.0
15988.970399982732 15988.970399982732 0.0
31456.0 31456.0 0.0
0


HOST: 328
0.5092860382974093 0.5092860382974093 0.0
9733.984049978382 9733.984049978382 0.0
19113.0 19113.0 0.0
0


HOST: 329
0.5095547971832612 0.5101070255065465 0.5062499999988923
8253.259049977283 7079.265299979852 1173.9937499974312
16197.0 13878.0 2319.0
0


HOST: 330
0.5133611971655037 0.5133611971655037 0.0
10870.42334997954 10870.42334997954 0.0
21175.0 21175.0 0.0
0


HOST: 331
0.5082456175709974 0.5082456175709974 0.0
9579.413399978159 9579.413399978159 0.0
18848.0 18848.0 0.0
0


HOST: 332
0.5090926990629405 0.5090926990629405 0.0
13158.00989998076 13158.00989998076 0.0
25846.0 25846.0 0.0
0


HOST: 333
0.5076095441912072 0.5076095441912072 0.0
8775.55379997759 8775.55379997759 0.0
17288.0 17288.0 0.0
0


HOST: 334
0.5062499999992469 0.5062499999985448 0.5062499999998169
13075.424999980549 5858.831249983159 7216.59374999739
25828.0 11573.0 14255.0
0


HOST: 335
0.5070029640879209 0.5070029640879209 0.0
10673.426399978911 10673.426399978911 0.0
21052.0 21052.0 0.0
0


HOST: 336
0.5062499999989875 0.5062499999985448 0.5062499999990725
10610.999999978778 1708.5937499950887 8902.40624998369
20960.0 3375.0 17585.0
0


HOST: 337
0.5094382445304542 0.5094382445304542 0.0
9083.283899977998 9083.283899977998 0.0
17830.0 17830.0 0.0
0


HOST: 338
0.5094620239562634 0.5108251629764244 0.5062499999992178
9016.45889997795 6347.002649982074 2669.4562499958756
17698.0 12425.0 5273.0
0


HOST: 339
0.5108493605773069 0.5129783535537591 0.5062500000001214
11025.150899979437 7567.969649978608 3457.181250000829
21582.0 14753.0 6829.0
0


HOST: 340
0.5118900912884778 0.5118900912884778 0.0
10766.072399979266 10766.072399979266 0.0
21032.0 21032.0 0.0
0


HOST: 341
0.5155900246179137 0.5155900246179137 0.0
10890.292499979572 10890.292499979572 0.0
21122.0 21122.0 0.0
0


HOST: 342
0.5099764611795604 0.5099764611795604 0.0
10522.85429997905 10522.85429997905 0.0
20634.0 20634.0 0.0
0


HOST: 343
0.5118950342202536 0.5118950342202536 0.0
10396.07624997913 10396.07624997913 0.0
20309.0 20309.0 0.0
0


HOST: 344
0.5062499999985448 0.5062499999985448 0.5062499999985448
7900.031249977292 244.0124999992986 7656.018749977993
15605.0 482.0 15123.0
0


HOST: 345
0.5104630749946186 0.5104630749946186 0.0
11407.828799979738 11407.828799979738 0.0
22348.0 22348.0 0.0
0


HOST: 346
0.5141036784728711 0.5141036784728711 0.0
9056.450399978097 9056.450399978097 0.0
17616.0 17616.0 0.0
0


HOST: 347
0.5169872465670119 0.5533397229204807 0.5062499999988048
9001.264949978244 2196.7586999943087 6804.506249983935
17411.0 3970.0 13441.0
0


HOST: 348
0.5128701063579131 0.5128701063579131 0.0
20156.308049972344 20156.308049972344 0.0
39301.0 39301.0 0.0
0


HOST: 349
0.5062499999992364 0.5062499999985448 0.5062500000002205
21977.831249966846 6835.387499980352 15142.443750006594
43413.0 13502.0 29911.0
0


HOST: 350
0.508167324649273 0.508167324649273 0.0
21380.123849968862 21380.123849968862 0.0
42073.0 42073.0 0.0
0


HOST: 351
0.5062499999992337 0.5062499999985448 0.5062500000001692
22059.84374996661 6347.362499981755 15712.48125000525
43575.0 12538.0 31037.0
0


HOST: 352
0.5086664004851313 0.5092483080303101 0.5062500000003638
16338.873449982904 13182.910949980636 3155.962500002268
32121.0 25887.0 6234.0
0


HOST: 353
0.508289361939309 0.5086932398636974 0.5062500000003448
20457.12194997137 17089.04069998105 3368.0812500022944
40247.0 33594.0 6653.0
0


HOST: 354
0.5113572219541871 0.5113572219541871 0.0
16993.423199981546 16993.423199981546 0.0
33232.0 33232.0 0.0
0


HOST: 355
0.5083377933813308 0.5094855234219424 0.5062500000003638
21138.71879996926 13671.02504998098 7467.693750005366
41584.0 26833.0 14751.0
0


HOST: 356
0.507956747355311 0.5083101447290405 0.5062500000003638
17962.36649997851 14891.45399998197 3070.912500002207
35362.0 29296.0 6066.0
0


HOST: 357
0.5124836096641516 0.5124472202780626 0.5126244460860367
20276.92649997182 16112.365499982843 4164.561000002963
39566.0 31442.0 8124.0
0


HOST: 358
0.5077521290547834 0.5083479260361512 0.5062500000003638
17027.975399981216 12206.450399980064 4821.525000003465
33536.0 24012.0 9524.0
0


HOST: 359
0.5102979066892002 0.5099311418766133 0.5107435572045815
17369.009849980306 9520.924349978246 7848.0855000056
34037.0 18671.0 15366.0
0


HOST: 360
0.5072649295563137 0.5078986280659699 0.5062500000003638
20991.13004996982 12938.717549980582 8052.412500005787
41381.0 25475.0 15906.0
0


HOST: 361
0.5064878866123104 0.5067990892029396 0.506250000000279
17456.61149997989 7567.523999978293 9889.08750000545
34466.0 14932.0 19534.0
0


HOST: 362
0.5096003893581468 0.5096003893581468 0.0
8965.399649977877 8965.399649977877 0.0
17593.0 17593.0 0.0
0


HOST: 363
0.5062499999988562 0.5062499999985448 0.5062499999989348
9687.093749978114 1952.6062499943873 7734.487499983727
19135.0 3857.0 15278.0
0


HOST: 364
0.5099585427125567 0.5099585427125567 0.0
10554.101999979073 10554.101999979073 0.0
20696.0 20696.0 0.0
0


HOST: 365
0.5062499999986662 0.5062499999986662 0.0
8602.706249977335 8602.706249977335 0.0
16993.0 16993.0 0.0
0


HOST: 366
0.5062499999990163 0.5062499999990163 0.0
10837.79999997894 10837.79999997894 0.0
21408.0 21408.0 0.0
0


HOST: 367
0.5175368722135384 0.5175368722135384 0.0
8594.217299978018 8594.217299978018 0.0
16606.0 16606.0 0.0
0


HOST: 368
0.5100627377900947 0.5126508224677154 0.5062499999993588
9786.573749978546 5859.08624998352 3927.487499995026
19187.0 11429.0 7758.0
0


HOST: 369
0.513246126355955 0.513246126355955 0.0
9407.288249978299 9407.288249978299 0.0
18329.0 18329.0 0.0
0


HOST: 370
0.5062499999986382 0.5062499999985448 0.5062499999986618
8462.981249977234 1708.5937499950887 6754.3874999821455
16717.0 3375.0 13342.0
0


HOST: 371
0.509993815027696 0.509993815027696 0.0
9264.037649978098 9264.037649978098 0.0
18165.0 18165.0 0.0
0


HOST: 372
0.5062499999990072 0.5062499999985448 0.506249999999041
10765.406249978889 732.0374999978958 10033.368749980993
21265.0 1446.0 19819.0
0


HOST: 373
0.5062499999991494 0.5062499999985448 0.5062499999992667
12025.968749979795 1952.6062499943873 10073.362499985407
23755.0 3857.0 19898.0
0


HOST: 374
0.510196211246591 0.510196211246591 0.0
8409.56414997756 8409.56414997756 0.0
16483.0 16483.0 0.0
0


HOST: 375
0.5062499999985448 0.5062499999985448 0.0
7864.087499977395 7864.087499977395 0.0
15534.0 15534.0 0.0
0


HOST: 376
0.5090858670637243 0.5090858670637243 0.0
10401.13334997895 10401.13334997895 0.0
20431.0 20431.0 0.0
0


HOST: 377
0.5126642571070811 0.5126642571070811 0.0
6400.613249981907 6400.613249981907 0.0
12485.0 12485.0 0.0
0


HOST: 378
0.5211957739534313 0.5211957739534313 0.0
10057.514849979363 10057.514849979363 0.0
19297.0 19297.0 0.0
0


HOST: 379
0.5116844226371379 0.5116844226371379 0.0
11211.00569997969 11211.00569997969 0.0
21910.0 21910.0 0.0
0


HOST: 380
0.5169004732743123 0.5211388556774721 0.5086089864959187
10976.381549980022 7323.043199979838 3653.3383500001837
21235.0 14052.0 7183.0
0


HOST: 381
0.5127939778634107 0.5160571875747784 0.5062499999993785
9451.818599978387 6346.987349982199 3104.8312499961885
18432.0 12299.0 6133.0
0


HOST: 382
0.5164399249586535 0.5164399249586535 0.0
8396.280299977789 8396.280299977789 0.0
16258.0 16258.0 0.0
0


HOST: 383
0.5114069641469969 0.5114069641469969 0.0
7317.722249979379 7317.722249979379 0.0
14309.0 14309.0 0.0
0


HOST: 384
0.5091046003777897 0.5091046003777897 0.0
9943.32194997861 9943.32194997861 0.0
19531.0 19531.0 0.0
0


HOST: 385
0.515558090398801 0.515558090398801 0.0
10858.684499979547 10858.684499979547 0.0
21062.0 21062.0 0.0
0


HOST: 386
0.5072436449428845 0.5075461863299873 0.5062500000003638
20369.383049971417 15624.301799982328 4745.08125000341
40157.0 30784.0 9373.0
0


HOST: 387
0.5078214043268715 0.5078214043268715 0.0
19150.96079997498 19150.96079997498 0.0
37712.0 37712.0 0.0
0


HOST: 388
0.5075650646584027 0.5078022437362688 0.5062500000003638
19585.413149973785 16600.563149982365 2984.850000002145
38587.0 32691.0 5896.0
0


HOST: 389
0.5114965329101986 0.5096560542792159 0.5167855876742131
21797.424749968115 16112.26649998313 5685.158250004019
42615.0 31614.0 11001.0
0


HOST: 390
0.5076058254603825 0.5091070325157306 0.5068877507667893
20311.339499971742 6591.408749981165 13719.930750004685
40014.0 12947.0 27067.0
0


HOST: 391
0.5066967146119824 0.5076138858839349 0.5062500000000835
18599.822999976648 6103.041749982549 12496.781250002061
36708.0 12023.0 24685.0
0


HOST: 392
0.506249999999327 0.5062499999985448 0.506249999999394
19430.887499974167 488.0249999985972 18942.862499977324
38382.0 964.0 37418.0
0


HOST: 393
0.5174650177850302 0.5178173354728881 0.5062500000003638
18620.461199976526 18065.61119997812 554.8500000003987
35984.0 34888.0 1096.0
0


HOST: 394
0.5096562783597696 0.5111247977282367 0.5062500000003638
20553.928049971146 14403.496799981709 6150.43125000442
40329.0 28180.0 12149.0
0


HOST: 395
0.5092989113827449 0.5092989113827449 0.0
17005.999949981233 17005.999949981233 0.0
33391.0 33391.0 0.0
0


HOST: 396
0.5092930088778395 0.5111487500778631 0.507897373193092
18700.22069997651 8056.2154499772005 10644.005250007629
36718.0 15761.0 20957.0
0


HOST: 397
0.5074400062483632 0.5078850108969774 0.5062500000003638
21112.5488999694 15379.773899982269 5732.77500000412
41606.0 30282.0 11324.0
0


HOST: 398
0.5135916759628678 0.5135916759628678 0.0
16112.911649983052 16112.911649983052 0.0
31373.0 31373.0 0.0
0


HOST: 399
0.5105999671085456 0.5086166277339212 0.5173082959644909
20957.575649970255 16112.46614998289 4845.109500003422
41045.0 31679.0 9366.0
0


HOST: 400
0.5062499999994718 0.5062499999985448 0.506249999999581
16394.906249982894 1708.5937499950887 14686.312499987846
32385.0 3375.0 29010.0
0


HOST: 401
0.5102162712402298 0.5102162712402298 0.0
15913.645499982767 15913.645499982767 0.0
31190.0 31190.0 0.0
0


HOST: 402
0.5066498348231058 0.5073505130855128 0.5062500000003349
21471.313349968397 7811.675849977641 13659.637500009036
42379.0 15397.0 26982.0
0


HOST: 403
0.5071958134140977 0.5083486139114808 0.5062500000003222
17293.85564998049 7811.793149977726 9482.062500006034
34097.0 15367.0 18730.0
0


HOST: 404
0.5090148623272378 0.5136876095938324 0.5062500000002587
19521.737999974226 7323.644249979268 12198.093750006232
38352.0 14257.0 24095.0
0


HOST: 405
0.5095721369443638 0.5101484459612774 0.5062500000003638
20316.641099971785 17332.80359998036 2983.837500002144
39870.0 33976.0 5894.0
0


HOST: 406
0.5129066379987735 0.5129170573917695 0.5128659077813397
17474.216249980214 13914.926849981315 3559.289400002497
34069.0 27129.0 6940.0
0


HOST: 407
0.5145126110933789 0.5145126110933789 0.0
20146.255799972343 20146.255799972343 0.0
39156.0 39156.0 0.0
0


HOST: 408
0.5123036921239499 0.5123036921239499 0.0
20237.532749972394 20237.532749972394 0.0
39503.0 39503.0 0.0
0


HOST: 409
0.5062499999993222 0.5062499999985448 0.5062499999998844
19548.84374997383 3905.718749988773 15643.124999996428
38615.0 7715.0 30900.0
0


HOST: 410
0.5106532213663468 0.5109783152930948 0.5066232331857511
20037.01109997272 18553.111649976978 1483.899450001065
39238.0 36309.0 2929.0
0


HOST: 411
0.5081899695362232 0.5078377588747747 0.5088328706441898
17015.72474998136 10985.546399979125 6030.178350004293
33483.0 21632.0 11851.0
0


HOST: 412
0.5102567111345385 0.5107557865993015 0.5062499999999639
22490.07479996592 20018.562299973026 2471.512499999824
44076.0 39194.0 4882.0
0


HOST: 413
0.5068946658207314 0.5079222196106009 0.506250000000294
19589.958149973805 7567.533149978342 12022.425000006982
38647.0 14899.0 23748.0
0


HOST: 414
0.5062499999993286 0.5062499999985448 0.5062499999995415
19388.86874997429 1464.5812499957901 17924.287499983766
38299.0 2893.0 35406.0
0


HOST: 415
0.5088397482616368 0.5162681268867758 0.5062499999999976
19546.061249974256 5126.542499985684 14419.518749999934
38413.0 9930.0 28483.0
0


HOST: 416
0.5087872214116467 0.5120191745587678 0.5062500000002758
17098.81214998121 7567.643399978588 9531.168750005192
33607.0 14780.0 18827.0
0


HOST: 417
0.506249999999292 0.5062499999985448 0.5062499999993497
13626.224999980945 976.0499999971944 12650.17499998375
26916.0 1928.0 24988.0
0


HOST: 418
0.5098778196754075 0.5169325182888813 0.5083745538457302
15076.577249982123 2684.9474999924496 12391.629749989674
29569.0 5194.0 24375.0
0


HOST: 419
0.5196293758093857 0.5196293758093857 0.0
14834.899049982154 14834.899049982154 0.0
28549.0 28549.0 0.0
0


HOST: 420
0.5094929392778021 0.5100364095620109 0.5062500000003638
17368.614299980276 14891.533049982032 2477.08125000178
34090.0 29197.0 4893.0
0


HOST: 421
0.5118762184237408 0.5118762184237408 0.0
16352.909549983246 16352.909549983246 0.0
31947.0 31947.0 0.0
0


HOST: 422
0.5126988998423473 0.540164321844898 0.506249999998678
8528.233499977605 1708.5397499954124 6819.6937499821925
16634.0 3163.0 13471.0
0


HOST: 423
0.5123063301498247 0.5123063301498247 0.0
12823.539749980262 12823.539749980262 0.0
25031.0 25031.0 0.0
0


HOST: 424
0.5180873642569285 0.5191160975679286 0.5062500000003638
18272.42324997761 16844.798249981715 1427.625000001026
35269.0 32449.0 2820.0
0


HOST: 425
0.5097499554918289 0.5145371622901808 0.5062499999996949
12598.47014998055 5370.738899984906 7227.731249995644
24715.0 10438.0 14277.0
0


HOST: 426
0.5062499999989808 0.5062499999985448 0.506249999999705
10559.868749978741 6591.374999981053 3968.4937499976877
20859.0 13020.0 7839.0
0


HOST: 427
0.509742142439416 0.509742142439416 0.0
13097.824349980794 13097.824349980794 0.0
25695.0 25695.0 0.0
0


HOST: 428
0.506249999998831 0.506249999998831 0.0
9528.131249978 9528.131249978 0.0
18821.0 18821.0 0.0
0


HOST: 429
0.5079860451091001 0.5079860451091001 0.0
13062.861149980508 13062.861149980508 0.0
25715.0 25715.0 0.0
0


HOST: 430
0.5074352207856583 0.5074352207856583 0.0
8446.259249977282 8446.259249977282 0.0
16645.0 16645.0 0.0
0


HOST: 431
0.5088567032568941 0.5088567032568941 0.0
8714.67989997757 8714.67989997757 0.0
17126.0 17126.0 0.0
0


HOST: 432
0.5062499999989419 0.5062499999989419 0.0
10271.306249978534 10271.306249978534 0.0
20289.0 20289.0 0.0
0


HOST: 433
0.5070736475954787 0.5070736475954787 0.0
10095.329249978386 10095.329249978386 0.0
19909.0 19909.0 0.0
0


HOST: 434
0.5081502831923541 0.5081502831923541 0.0
9330.655499978006 9330.655499978006 0.0
18362.0 18362.0 0.0
0


HOST: 435
0.5218627903458818 0.5218627903458818 0.0
10379.850899979589 10379.850899979589 0.0
19890.0 19890.0 0.0
0


HOST: 436
0.5080020866454538 0.5080020866454538 0.0
11819.684549979773 11819.684549979773 0.0
23267.0 23267.0 0.0
0


HOST: 437
0.5095460909823782 0.5104084552937469 0.5062500000003638
15681.280949982689 12450.393449980367 3230.8875000023218
30775.0 24393.0 6382.0
0


HOST: 438
0.5098482222210775 0.5109950739589197 0.5062499999998091
9636.131399978365 7323.581399979237 2312.549999999128
18900.0 14332.0 4568.0
0


HOST: 439
0.5125019704793847 0.5210155916513807 0.5062499999992268
10208.526749978864 4394.245499987745 5814.28124999112
19919.0 8434.0 11485.0
0


HOST: 440
0.5134065366128062 0.5134065366128062 0.0
7803.265949978042 7803.265949978042 0.0
15199.0 15199.0 0.0
0


HOST: 441
0.509215413678498 0.514311364233471 0.5062499999992286
10512.242999978913 3905.680499988979 6606.562499989934
20644.0 7594.0 13050.0
0


HOST: 442
0.5353569255505641 0.5353569255505641 0.0
9484.918649979345 9484.918649979345 0.0
17717.0 17717.0 0.0
0


HOST: 443
0.5164846095790289 0.5164846095790289 0.0
9240.426149978406 9240.426149978406 0.0
17891.0 17891.0 0.0
0


HOST: 444
0.5062499999985448 0.5062499999985448 0.5062499999985448
6243.074999982055 1220.5687499964915 5022.506249985563
12332.0 2411.0 9921.0
0


HOST: 445
0.5117006585598515 0.5117006585598515 0.0
4545.436949987161 4545.436949987161 0.0
8883.0 8883.0 0.0
0


HOST: 446
0.5133941780019664 0.5133941780019664 0.0
8906.362199978113 8906.362199978113 0.0
17348.0 17348.0 0.0
0


HOST: 447
0.5146125216377964 0.5146125216377964 0.0
10701.881999979612 10701.881999979612 0.0
20796.0 20796.0 0.0
0


HOST: 448
0.5112157533236447 0.5132170170813316 0.5087389900782393
7033.817549980027 3905.5814999889335 3128.2360499910938
13759.0 7610.0 6149.0
0


HOST: 449
0.5062499999990391 0.5062499999985448 0.5062499999991983
11024.606249979075 2685.1499999922817 8339.456249986793
21777.0 5304.0 16473.0
0


HOST: 450
0.5086125371640555 0.5086125371640555 0.0
7697.850749977981 7697.850749977981 0.0
15135.0 15135.0 0.0
0


HOST: 451
0.507562446777659 0.5084511306145435 0.5062500000003638
14305.139999981544 8544.521249977404 5760.61875000414
28184.0 16805.0 11379.0
0


HOST: 452
0.5074483786253218 0.508378196304237 0.5062499999993515
9952.585049978436 5614.528799983993 4338.056249994443
19613.0 11044.0 8569.0
0


HOST: 453
0.5070899226716863 0.5070899226716863 0.0
10230.032099978598 10230.032099978598 0.0
20174.0 20174.0 0.0
0


HOST: 454
0.5062499999988098 0.5062499999985448 0.5062499999988688
9398.024999977906 1708.5937499950887 7689.4312499828175
18564.0 3375.0 15189.0
0


HOST: 455
0.5073643531593156 0.5073643531593156 0.0
14185.399949981305 14185.399949981305 0.0
27959.0 27959.0 0.0
0


HOST: 456
0.5062499999986487 0.5062499999985448 0.5062499999986585
8515.124999977272 732.0374999978958 7783.087499979376
16820.0 1446.0 15374.0
0


HOST: 457
0.5075835579423502 0.5077420837110147 0.5062499999999381
8738.05094997756 7812.119699977673 925.9312499998869
17215.0 15386.0 1829.0
0


HOST: 458
0.7780439332868889 1.0025698369443403 0.5062499999999936
69882.34999996179 49312.39999994432 20569.949999999742
89818.0 49186.0 40632.0
2


HOST: 459
0.5093140460848185 0.5093140460848185 0.0
9017.914499977796 9017.914499977796 0.0
17706.0 17706.0 0.0
0


HOST: 460
0.5088187388526514 0.5088187388526514 0.0
11982.68129997994 11982.68129997994 0.0
23550.0 23550.0 0.0
0


HOST: 461
0.5062499999985784 0.5062499999985784 0.0
8179.987499977031 8179.987499977031 0.0
16158.0 16158.0 0.0
0


HOST: 462
0.5085339375481615 0.5085339375481615 0.0
7686.998999978008 7686.998999978008 0.0
15116.0 15116.0 0.0
0


HOST: 463
0.5126649229608249 0.5126649229608249 0.0
8251.854599977438 8251.854599977438 0.0
16096.0 16096.0 0.0
0


HOST: 464
0.5066505653254895 0.5066505653254895 0.0
9679.05239997815 9679.05239997815 0.0
19104.0 19104.0 0.0
0


HOST: 465
0.5115009633235229 0.5142659941648171 0.506249999999434
9637.189649978494 6347.070899982173 3290.1187499963216
18841.0 12342.0 6499.0
0


HOST: 466
0.5077316909377055 0.508726783175586 0.5062499999990167
8959.941149977689 5370.628649984661 3589.312499993028
17647.0 10557.0 7090.0
0


HOST: 467
0.5093750701653966 0.5098349112417168 0.5062500000003638
13430.183099980848 11718.045599979618 1712.1375000012304
26366.0 22984.0 3382.0
0


HOST: 468
0.5082385090621058 0.5082385090621058 0.0
8102.846549977152 8102.846549977152 0.0
15943.0 15943.0 0.0
0


HOST: 469
0.5078285236356831 0.508733814947142 0.5068339743591445
13965.284399981285 7323.731999979056 6641.552400002229
27500.0 14396.0 13104.0
0


HOST: 470
0.5072957018952389 0.5072957018952389 0.0
11932.609499979808 11932.609499979808 0.0
23522.0 23522.0 0.0
0


HOST: 471
0.5062499999987978 0.5062499999985448 0.5062499999989442
9325.631249977854 3417.693749990176 5907.937499987678
18421.0 6751.0 11670.0
0


HOST: 472
0.5086442113683111 0.5086442113683111 0.0
12705.932399980411 12705.932399980411 0.0
24980.0 24980.0 0.0
0


HOST: 473
0.5062499999990342 0.5062499999985448 0.5062499999991741
10983.599999979046 2441.137499992983 8542.462499986063
21696.0 4822.0 16874.0
0


HOST: 474
0.5062499999985448 0.5062499999985448 0.0
4384.631249987397 4384.631249987397 0.0
8661.0 8661.0 0.0
0


HOST: 475
0.5062499999988481 0.5062499999985448 0.5062499999989807
9635.456249978077 2929.1624999915803 6706.293749986497
19033.0 5786.0 13247.0
0


HOST: 476
0.5083568645812561 0.510309578105731 0.5062499999993846
10308.46049997871 5370.497999984713 4937.962499993997
20278.0 10524.0 9754.0
0


HOST: 477
0.5099754636371329 0.5137754130260109 0.5062499999991975
9789.488999978403 4882.407749986181 4907.081249992221
19196.0 9503.0 9693.0
0


HOST: 478
0.50624999999871 0.5062499999985448 0.5062499999987429
8830.518749977498 1464.5812499957901 7365.937499981708
17443.0 2893.0 14550.0
0


HOST: 479
0.507119966575315 0.5076138858839349 0.5062499999993502
9558.704249978113 6103.041749982549 3455.662499995564
18849.0 12023.0 6826.0
0


HOST: 480
0.5082967469867785 0.5090969387740554 0.5062499999995467
9492.441749978088 6835.135499980468 2657.3062499976204
18675.0 13426.0 5249.0
0


HOST: 481
0.5087219493598368 0.5127926470573745 0.5075523992744119
8679.813899977536 1952.714399994482 6727.099499983055
17062.0 3808.0 13254.0
0


HOST: 482
0.5085494334004855 0.5085494334004855 0.0
10950.086399979255 10950.086399979255 0.0
21532.0 21532.0 0.0
0


HOST: 483
0.506249999999452 0.5062499999985448 0.5062499999997445
16016.231249982662 3905.718749988773 12110.512499993889
31637.0 7715.0 23922.0
0


HOST: 484
0.5084357703920431 0.5084357703920431 0.0
20195.068799971952 20195.068799971952 0.0
39720.0 39720.0 0.0
0


HOST: 485
0.5097748762624601 0.5097750580039535 0.5062500000003638
19775.186999973354 19774.174499973356 1.0125000000007276
38792.0 38790.0 2.0
0


HOST: 486
0.5112110429206893 0.5112110429206893 0.0
20116.665749972046 20116.665749972046 0.0
39351.0 39351.0 0.0
0


HOST: 487
0.5106703118548181 0.5116839350906739 0.5062500000003638
18569.50454997675 15135.610799982134 3433.8937500024676
36363.0 29580.0 6783.0
0


HOST: 488
0.5116386090595735 0.511667997525489 0.5115510543559793
19888.9276499728 14891.585399981832 4997.342250003561
38873.0 29104.0 9769.0
0


HOST: 489
0.5095132970885925 0.5105117242303673 0.5062500000003638
19727.845349973213 15135.651599981928 4592.1937500033
38719.0 29648.0 9071.0
0


HOST: 490
0.516411903716342 0.516411903716342 0.0
9418.320299978646 9418.320299978646 0.0
18238.0 18238.0 0.0
0


HOST: 491
0.5277179204715892 0.5277179204715892 0.0
8838.747449978648 8838.747449978648 0.0
16749.0 16749.0 0.0
0


HOST: 492
0.5123615241625805 0.5123615241625805 0.0
10750.369499979264 10750.369499979264 0.0
20982.0 20982.0 0.0
0


HOST: 493
0.5178105336814596 0.5178105336814596 0.0
8693.521049978024 8693.521049978024 0.0
16789.0 16789.0 0.0
0


HOST: 494
0.5115640524085237 0.5115640524085237 0.0
9585.175649978508 9585.175649978508 0.0
18737.0 18737.0 0.0
0


HOST: 495
0.5122728361132702 0.5122728361132702 0.0
10161.956249978943 10161.956249978943 0.0
19837.0 19837.0 0.0
0


HOST: 496
0.509523978639202 0.509523978639202 0.0
9017.045849977956 9017.045849977956 0.0
17697.0 17697.0 0.0
0


HOST: 497
0.5062499999989889 0.5062499999985448 0.5062499999990218
10622.137499978786 732.0374999978958 9890.09999998089
20982.0 1446.0 19536.0
0


HOST: 498
0.5133560461298327 0.5149199600343256 0.5062500000003638
11284.079249979852 9276.79799997841 2007.2812500014425
21981.0 18016.0 3965.0
0


HOST: 499
0.5128649780219806 0.5128649780219806 0.0
9101.301899978067 9101.301899978067 0.0
17746.0 17746.0 0.0
0


HOST: 500
0.5103053533585896 0.5103053533585896 0.0
9394.211249978276 9394.211249978276 0.0
18409.0 18409.0 0.0
0


HOST: 501
0.511970046390391 0.511970046390391 0.0
11477.344499979787 11477.344499979787 0.0
22418.0 22418.0 0.0
0


HOST: 502
0.5159663392473165 0.5159663392473165 0.0
8693.516849978036 8693.516849978036 0.0
16849.0 16849.0 0.0
0


HOST: 503
0.5111986454423109 0.5158030903313512 0.5062499999985448
5604.270749984054 2929.2457499917437 2675.0249999923108
10963.0 5679.0 5284.0
0


HOST: 504
0.5108557495049962 0.5100326289384879 0.5139185917373706
10857.728099979191 8544.066599977548 2313.6615000016427
21254.0 16752.0 4502.0
0


HOST: 505
0.5118736456053766 0.5118736456053766 0.0
10572.750149979054 10572.750149979054 0.0
20655.0 20655.0 0.0
0


HOST: 506
0.5062499999985448 0.5062499999985448 0.0
7807.893749977557 7807.893749977557 0.0
15423.0 15423.0 0.0
0


HOST: 507
0.510573091075342 0.510573091075342 0.0
10544.866049979039 10544.866049979039 0.0
20653.0 20653.0 0.0
0


HOST: 508
0.5071984094839529 0.5071984094839529 0.0
8769.460499977546 8769.460499977546 0.0
17290.0 17290.0 0.0
0


HOST: 509
0.5107533241831056 0.5107533241831056 0.0
10048.56089997842 10048.56089997842 0.0
19674.0 19674.0 0.0
0


HOST: 510
0.515296314918479 0.515296314918479 0.0
11221.607849979719 11221.607849979719 0.0
21777.0 21777.0 0.0
0


HOST: 511
0.5062499999991195 0.5062499999985448 0.5062499999991317
11736.393749979587 244.0124999992986 11492.381249980288
23183.0 482.0 22701.0
0


HOST: 512
0.5062499999987845 0.5062499999985448 0.5062499999988592
9247.162499977798 2197.1249999936845 7050.037499984113
18266.0 4340.0 13926.0
0


HOST: 513
0.5161662398977296 0.5161662398977296 0.0
10603.086899979162 10603.086899979162 0.0
20542.0 20542.0 0.0
0


HOST: 514
0.5107210378239655 0.5132810643875096 0.506249999999171
9167.953349978005 5859.103349983423 3308.8499999945816
17951.0 11415.0 6536.0
0


HOST: 515
0.5138702796825351 0.5138702796825351 0.0
9811.325249978641 9811.325249978641 0.0
19093.0 19093.0 0.0
0


HOST: 516
0.5077348675666603 0.5190359649108603 0.5062499999985938
8223.781649977196 976.3066499973283 7247.474999979868
16197.0 1881.0 14316.0
0


HOST: 517
0.5134744604304261 0.5126010551166623 0.5144641327613327
9207.110549977971 4882.525049986209 4324.585499991763
17931.0 9525.0 8406.0
0


HOST: 518
0.5109611298472652 0.5126502290936341 0.5062500000003638
10907.998199979416 8055.785699977367 2852.2125000020496
21348.0 15714.0 5634.0
0


HOST: 519
0.5188665405390894 0.5188665405390894 0.0
4799.515499986577 4799.515499986577 0.0
9250.0 9250.0 0.0
0


HOST: 520
0.5080206744567016 0.5215307692293162 0.5062499999989936
10258.969499978632 1220.3819999966 9038.587499982032
20194.0 2340.0 17854.0
0


HOST: 521
0.5148685846548922 0.5148685846548922 0.0
9341.775599978364 9341.775599978364 0.0
18144.0 18144.0 0.0
0


HOST: 522
0.5313258384265203 0.5313258384265203 0.0
9299.796149979384 9299.796149979384 0.0
17503.0 17503.0 0.0
0


HOST: 523
0.5180689857358064 0.5180689857358064 0.0
9807.045899978815 9807.045899978815 0.0
18930.0 18930.0 0.0
0


HOST: 524
0.5147178010735834 0.5147178010735834 0.0
9770.37329997876 9770.37329997876 0.0
18982.0 18982.0 0.0
0


HOST: 525
0.5062499999985448 0.5062499999985448 0.0
7715.756249977821 7715.756249977821 0.0
15241.0 15241.0 0.0
0


HOST: 526
0.5108053207532862 0.5108053207532862 0.0
8121.804599977251 8121.804599977251 0.0
15900.0 15900.0 0.0
0


HOST: 527
0.5062499999987364 0.5062499999985448 0.5062499999988184
8974.293749977602 2685.1499999922817 6289.14374998532
17727.0 5304.0 12423.0
0


HOST: 528
0.5062499999985448 0.5062499999985448 0.0
5410.799999984447 5410.799999984447 0.0
10688.0 10688.0 0.0
0


HOST: 529
0.5071826053561765 0.5071826053561765 0.0
8917.791749977652 8917.791749977652 0.0
17583.0 17583.0 0.0
0


HOST: 530
0.5062499999986813 0.5062499999985448 0.5062499999986938
8679.65624997739 732.0374999978958 7947.618749979494
17145.0 1446.0 15699.0
0


HOST: 531
0.5094555912986334 0.5094555912986334 0.0
8947.568549977897 8947.568549977897 0.0
17563.0 17563.0 0.0
0


HOST: 532
0.5117062024485186 0.5195115493742709 0.5069162951666116
9483.451049978396 3661.5173999898616 5821.933649988534
18533.0 7048.0 11485.0
0


HOST: 533
0.5062499999985659 0.5062499999985448 0.5062499999985763
8122.78124997699 2685.1499999922817 5437.631249984708
16045.0 5304.0 10741.0
0


HOST: 534
0.5172105425391424 0.5119295824982962 0.6383090163938251
11325.359249979601 10741.306499979251 584.05275000035
21897.0 20982.0 915.0
0


HOST: 535
0.5120930647698136 0.5120930647698136 0.0
9724.647299978762 9724.647299978762 0.0
18990.0 18990.0 0.0
0


HOST: 536
0.5117001172970403 0.5120362620422033 0.5062499999995365
8288.51849997746 7812.137249977895 476.3812499995638
16198.0 15257.0 941.0
0


HOST: 537
0.5140944619472636 0.5140944619472636 0.0
8484.614999977639 8484.614999977639 0.0
16504.0 16504.0 0.0
0


HOST: 538
0.5108051737258074 0.5108051737258074 0.0
10732.016699979213 10732.016699979213 0.0
21010.0 21010.0 0.0
0


HOST: 539
0.5147253258529004 0.518314801992454 0.5062499999985448
7937.579249977578 5614.904249984254 2322.6749999933236
15421.0 10833.0 4588.0
0


HOST: 540
0.515525208489831 0.515525208489831 0.0
6119.799749982783 6119.799749982783 0.0
11871.0 11871.0 0.0
0


HOST: 541
0.5252111554708075 0.5252111554708075 0.0
8945.396399978794 8945.396399978794 0.0
17032.0 17032.0 0.0
0


HOST: 542
0.5088346881323843 0.5088346881323843 0.0
11298.674249979593 11298.674249979593 0.0
22205.0 22205.0 0.0
0


HOST: 543
0.5062499999990485 0.5062499999985448 0.5062499999992092
11103.074999979131 2685.1499999922817 8417.92499998685
21932.0 5304.0 16628.0
0


HOST: 544
0.5070946117026497 0.5070946117026497 0.0
10173.332099978557 10173.332099978557 0.0
20062.0 20062.0 0.0
0


HOST: 545
0.5062499999988497 0.5062499999985448 0.5062499999991622
9645.074999978084 4882.274999985966 4762.799999992118
19052.0 9644.0 9408.0
0


HOST: 546
0.5084280962633712 0.5084280962633712 0.0
8017.402649977099 8017.402649977099 0.0
15769.0 15769.0 0.0
0


HOST: 547
0.5088272851492344 0.5088272851492344 0.0
10053.409499978572 10053.409499978572 0.0
19758.0 19758.0 0.0
0


HOST: 548
0.5095429530745653 0.5095429530745653 0.0
9219.16064997811 9219.16064997811 0.0
18093.0 18093.0 0.0
0


HOST: 549
0.5062499999990926 0.5062499999985448 0.5062499999991578
11488.331249979408 1220.5687499964915 10267.762499982917
22693.0 2411.0 20282.0
0


HOST: 550
0.5095617714932382 0.5095617714932382 0.0
8830.70549997782 8830.70549997782 0.0
17330.0 17330.0 0.0
0


HOST: 551
0.5113567098080202 0.5113567098080202 0.0
9008.059799978084 9008.059799978084 0.0
17616.0 17616.0 0.0
0


HOST: 552
0.5089003053745775 0.5089003053745775 0.0
10915.402649979314 10915.402649979314 0.0
21449.0 21449.0 0.0
0


HOST: 553
0.5140639390441636 0.5142006406867882 0.5062500000003638
8939.571899978006 8788.203149977897 151.36875000010878
17390.0 17091.0 299.0
0


HOST: 554
0.5169450956479633 0.5169450956479633 0.0
11025.404999979763 11025.404999979763 0.0
21328.0 21328.0 0.0
0


HOST: 555
0.5092742272691573 0.5103479238739885 0.5062499999996712
9572.82764997835 7079.546399979969 2493.281249998381
18797.0 13872.0 4925.0
0


HOST: 556
0.5121163250825557 0.5121163250825557 0.0
11194.350749979583 11194.350749979583 0.0
21859.0 21859.0 0.0
0


HOST: 557
0.5062499999989111 0.5062499999985448 0.5062499999989399
10053.112499978377 732.0374999978958 9321.074999980481
19858.0 1446.0 18412.0
0


HOST: 558
0.5373059654166845 0.5373059654166845 0.0
9322.258499979476 9322.258499979476 0.0
17350.0 17350.0 0.0
0


HOST: 559
0.5173683262910496 0.5173683262910496 0.0
7715.5138499784225 7715.5138499784225 0.0
14913.0 14913.0 0.0
0


HOST: 560
0.5146339528543937 0.5146339528543937 0.0
7946.977499977547 7946.977499977547 0.0
15442.0 15442.0 0.0
0


HOST: 561
0.5136574014469677 0.5150271624458177 0.5115137226571868
9577.142249978713 5858.948999983622 3718.193249995091
18645.0 11376.0 7269.0
0


HOST: 562
0.5135249024016103 0.5135249024016103 0.0
5919.401549983362 5919.401549983362 0.0
11527.0 11527.0 0.0
0


HOST: 563
0.5138787068955711 0.5138787068955711 0.0
10729.787399979525 10729.787399979525 0.0
20880.0 20880.0 0.0
0


HOST: 564
0.5075198875325093 0.5075198875325093 0.0
9611.919149978194 9611.919149978194 0.0
18939.0 18939.0 0.0
0


HOST: 565
0.5095400555154526 0.5095400555154526 0.0
9453.496649978191 9453.496649978191 0.0
18553.0 18553.0 0.0
0


HOST: 566
0.5127486246881161 0.5127486246881161 0.0
9283.313849978342 9283.313849978342 0.0
18105.0 18105.0 0.0
0


HOST: 567
0.5062499999986734 0.5062499999985448 0.5062499999987393
8639.15624997736 2929.1624999915803 5709.993749985781
17065.0 5786.0 11279.0
0


HOST: 568
0.5122585375975665 0.5122585375975665 0.0
9864.05039997874 9864.05039997874 0.0
19256.0 19256.0 0.0
0


HOST: 569
0.5178977874317884 0.5178977874317884 0.0
10310.827049979474 10310.827049979474 0.0
19909.0 19909.0 0.0
0


HOST: 570
0.5171597815490779 0.5171597815490779 0.0
11150.48204997967 11150.48204997967 0.0
21561.0 21561.0 0.0
0


HOST: 571
0.5161666626922407 0.5161666626922407 0.0
6495.957449981848 6495.957449981848 0.0
12585.0 12585.0 0.0
0


HOST: 572
0.5108123939611401 0.5108123939611401 0.0
8731.316249977768 8731.316249977768 0.0
17093.0 17093.0 0.0
0


HOST: 573
0.5062499999988704 0.5062499999985448 0.5062499999989065
9779.23124997818 976.0499999971944 8803.181249980986
19317.0 1928.0 17389.0
0


HOST: 574
0.5095393082482902 0.517091478912497 0.5062499999987535
8721.274799977735 2685.2560499925967 6036.018749985138
17116.0 5193.0 11923.0
0


HOST: 575
0.5113668086907991 0.5113668086907991 0.0
9601.423199978444 9601.423199978444 0.0
18776.0 18776.0 0.0
0


HOST: 576
0.5062499999990279 0.5062499999990279 0.0
10931.456249979008 10931.456249979008 0.0
21593.0 21593.0 0.0
0


HOST: 577
0.5062499999985448 0.5062499999985448 0.5062499999985448
7658.043749977987 2929.1624999915803 4728.881249986407
15127.0 5786.0 9341.0
0


HOST: 578
0.5093983385012228 0.5095458256016806 0.5062500000003638
9197.69639997808 8788.646399977786 409.05000000029395
18056.0 17248.0 808.0
0


HOST: 579
0.5100965328819228 0.5100965328819228 0.0
10269.26339997887 10269.26339997887 0.0
20132.0 20132.0 0.0
0


HOST: 580
0.5227673990460671 0.5227673990460671 0.0
10861.538249980134 10861.538249980134 0.0
20777.0 20777.0 0.0
0


HOST: 581
0.5218899560907534 0.5218899560907534 0.0
4278.975749988087 4278.975749988087 0.0
8199.0 8199.0 0.0
0


HOST: 582
0.5197867904682463 0.5197867904682463 0.0
8900.828999978248 8900.828999978248 0.0
17124.0 17124.0 0.0
0


HOST: 583
0.5175335186346205 0.5175335186346205 0.0
8983.864349978378 8983.864349978378 0.0
17359.0 17359.0 0.0
0


HOST: 584
0.5088787605342194 0.5088787605342194 0.0
10686.962849979142 10686.962849979142 0.0
21001.0 21001.0 0.0
0


HOST: 585
0.528849836946547 0.528849836946547 0.0
9730.308149979517 9730.308149979517 0.0
18399.0 18399.0 0.0
0


HOST: 586
0.5252631540043343 0.5252631540043343 0.0
10661.791499979978 10661.791499979978 0.0
20298.0 20298.0 0.0
0


HOST: 587
0.5096752208150878 0.5096752208150878 0.0
8540.11799997761 8540.11799997761 0.0
16756.0 16756.0 0.0
0


HOST: 588
0.5118880229485984 0.5123216793765022 0.5089256643360265
11464.756049979758 10009.228649978722 1455.5274000010359
22397.0 19537.0 2860.0
0


HOST: 589
0.5135552519162834 0.5185459803907084 0.5062499999996412
10580.26529997927 6347.0027999822705 4233.262499996999
20602.0 12240.0 8362.0
0


HOST: 590
0.5126702625176598 0.5126702625176598 0.0
15818.440949982394 15818.440949982394 0.0
30855.0 30855.0 0.0
0


HOST: 591
0.5062499999994045 0.5062499999985448 0.5062499999998423
17679.7687499792 4149.731249988072 13530.037499995786
34923.0 8197.0 26726.0
0


HOST: 592
0.5080839677388663 0.510212401378254 0.5062500000003638
21009.78014996986 9764.955149978403 11244.82500000808
41351.0 19139.0 22212.0
0


HOST: 593
0.507068584988904 0.5076270855851286 0.5062500000003638
20511.938399971143 12206.400899980003 8305.537500005968
40452.0 24046.0 16406.0
0


HOST: 594
0.5066732457539134 0.5070156201689907 0.5062500000003638
18975.926399975564 10497.251399978784 8478.675000006093
37452.0 20704.0 16748.0
0


HOST: 595
0.5085705299154203 0.5109241119689357 0.5062500000003638
17620.44314997957 8788.405649977663 8832.037500006347
34647.0 17201.0 17446.0
0


HOST: 596
0.511955332099795 0.5136689706416918 0.5062500000003638
19932.46889997342 15379.762649982895 4552.706250003272
38934.0 29941.0 8993.0
0


HOST: 597
0.5062499999992882 0.5062499999985448 0.5062500000002987
20442.37499997126 7567.931249978246 12874.443750007596
40380.0 14949.0 25431.0
0


HOST: 598
0.5273618475547731 0.5273618475547731 0.0
9547.886249979167 9547.886249979167 0.0
18105.0 18105.0 0.0
0


HOST: 599
0.5079096617742553 0.5079096617742553 0.0
8169.2189999771235 8169.2189999771235 0.0
16084.0 16084.0 0.0
0


HOST: 600
0.5071449896285003 0.5072522002185695 0.5062499999985448
4645.955249986691 4149.830249988117 496.1249999985739
9161.0 8181.0 980.0
0


HOST: 601
0.5062499999986213 0.506249999998551 0.5062500000003638
8380.968749977175 8055.956249976942 325.01250000023356
16555.0 15913.0 642.0
0


HOST: 602
0.5083254772691856 0.5083254772691856 0.0
9638.867699978298 9638.867699978298 0.0
18962.0 18962.0 0.0
0


HOST: 603
0.5062499999991185 0.5062499999985448 0.5062500000000725
11726.77499997958 7323.412499978949 4403.3625000006305
23164.0 14466.0 8698.0
0


HOST: 604
0.5062499999993301 0.5062499999989047 0.5062500000003638
14127.412499981305 10009.068749978345 4118.3437500029595
27906.0 19771.0 8135.0
0


HOST: 605
0.5072857334949396 0.5072857334949396 0.0
8299.19459997721 8299.19459997721 0.0
16360.0 16360.0 0.0
0


HOST: 606
0.5142223785157298 0.515177766052618 0.5062500000003638
11460.474149980071 10253.067899979204 1207.4062500008677
22287.0 19902.0 2385.0
0


HOST: 607
0.521693092435787 0.521693092435787 0.0
9312.221699978798 9312.221699978798 0.0
17850.0 17850.0 0.0
0


HOST: 608
0.5088667556609932 0.5088667556609932 0.0
11054.621399979414 11054.621399979414 0.0
21724.0 21724.0 0.0
0


HOST: 609
0.5202427867832589 0.5202427867832589 0.0
10140.572399979283 10140.572399979283 0.0
19492.0 19492.0 0.0
0


HOST: 610
0.5099778772364066 0.5099778772364066 0.0
7776.652649977965 7776.652649977965 0.0
15249.0 15249.0 0.0
0


HOST: 611
0.5119918707213582 0.5119918707213582 0.0
10099.039649978791 10099.039649978791 0.0
19725.0 19725.0 0.0
0


HOST: 612
0.5092494934560156 0.5116660060961206 0.5062499999992343
9651.296399978406 5370.446399984881 4280.849999993525
18952.0 10496.0 8456.0
0


HOST: 613
0.5089577110000608 0.5090597376450715 0.5062500000003638
10890.677099979303 10497.32084997902 393.35625000028267
21398.0 20621.0 777.0
0


HOST: 614
0.5066381314657321 0.5066381314657321 0.0
9988.877399978373 9988.877399978373 0.0
19716.0 19716.0 0.0
0


HOST: 615
0.5143872291986163 0.5100841077547791 0.5304677356389533
13106.586599980745 10253.200649978815 2853.38595000193
25480.0 20101.0 5379.0
0


HOST: 616
0.5062499999990502 0.5062499999985448 0.5062499999991269
11117.249999979142 1464.5812499957901 9652.668749983352
21960.0 2893.0 19067.0
0


HOST: 617
0.5101103410526162 0.5104225667113128 0.5062500000003638
10021.117649978645 9276.93014997811 744.1875000005348
19645.0 18175.0 1470.0
0


HOST: 618
0.5091341712931067 0.5070397417359499 0.5106580683309486
13387.173899980948 5614.958099983909 7772.215799997039
26294.0 11074.0 15220.0
0


HOST: 619
0.5069210723500209 0.5072480732890713 0.5062500000003638
11973.982649979846 8056.11389997703 3917.8687500028154
23621.0 15882.0 7739.0
0


HOST: 620
0.5109574502937656 0.5109574502937656 0.0
9354.608999978262 9354.608999978262 0.0
18308.0 18308.0 0.0
0


HOST: 621
0.5189263050219163 0.5189263050219163 0.0
10527.457949979616 10527.457949979616 0.0
20287.0 20287.0 0.0
0


HOST: 622
0.5284920995187364 0.5284920995187364 0.0
9686.203199979402 9686.203199979402 0.0
18328.0 18328.0 0.0
0


HOST: 623
0.5153205397646187 0.5153205397646187 0.0
8630.588399977833 8630.588399977833 0.0
16748.0 16748.0 0.0
0


HOST: 624
0.5062499999987551 0.5062499999987551 0.0
9078.074999977676 9078.074999977676 0.0
17932.0 17932.0 0.0
0


