records: 20
      Record Time
Host  UsedBuffer

  49376.0 98752.0 148128.0 197504.0 246880.0 296256.0 345632.0 395008.0 444384.0 493760.0 543136.0 592512.0 641888.0 691264.0 740640.0 790016.0 839392.0 888768.0 938144.0 987520.0
0 5000000.0 9000000.0 4.0E7 4.1E7 4.4E7 1.42E8 1.76E8 1.87E8 2.41E8 2.58E8 2.99E8 3.05E8 3.58E8 3.6E8 3.62E8 3.62E8 3.62E8 3.62E8 3.63E8 3.64E8
1 5000000.0 1.6E7 4.9E7 4.9E7 9.9E7 1.4E8 1.74E8 1.98E8 2.36E8 2.37E8 3.0E8 3.1E8 3.51E8 3.52E8 3.52E8 3.52E8 3.54E8 3.54E8 3.58E8 3.59E8
2 1.0E7 1.1E7 4.9E7 7.3E7 7.8E7 1.44E8 1.73E8 1.94E8 2.34E8 2.51E8 3.07E8 3.1E8 3.55E8 3.55E8 4.01E8 4.09E8 4.34E8 4.9E8 4.91E8 5.36E8
3 5000000.0 5000000.0 4.0E7 4.1E7 4.3E7 1.39E8 1.73E8 1.82E8 2.37E8 2.55E8 2.96E8 3.1E8 3.55E8 3.56E8 3.57E8 3.58E8 3.59E8 3.59E8 3.59E8 3.59E8
4 7000000.0 1.8E7 5.5E7 5.6E7 9.8E7 1.43E8 1.51E8 2.0E8 2.33E8 2.43E8 3.02E8 3.14E8 3.7E8 3.71E8 3.73E8 3.74E8 3.74E8 4.87E8 4.89E8 4.91E8
5 7000000.0 1.6E7 4.9E7 5.6E7 1.0E8 1.39E8 1.72E8 2.01E8 2.35E8 2.4E8 2.4E8 3.15E8 3.5E8 3.52E8 4.05E8 4.05E8 4.5E8 4.88E8 4.88E8 4.89E8
6 9000000.0 1.1E7 5.2E7 7.4E7 1.01E8 1.45E8 1.76E8 1.99E8 2.37E8 2.6E8 3.03E8 3.05E8 3.57E8 3.57E8 4.05E8 4.07E8 4.53E8 5.03E8 5.03E8 5.03E8
7 2000000.0 4000000.0 5.5E7 5.5E7 1.01E8 1.36E8 1.38E8 1.97E8 1.97E8 2.0E8 3.1E8 3.1E8 3.18E8 3.19E8 3.19E8 3.2E8 3.21E8 4.92E8 4.94E8 5.07E8
8 5000000.0 6000000.0 7000000.0 1.7E7 8.4E7 1.42E8 1.58E8 2.04E8 2.35E8 2.36E8 3.04E8 3.05E8 3.68E8 3.68E8 3.68E8 3.69E8 3.72E8 3.73E8 3.73E8 3.74E8
9 4000000.0 5000000.0 4.4E7 4.5E7 9.7E7 1.31E8 1.73E8 1.75E8 2.1E8 2.1E8 2.98E8 3.13E8 3.53E8 3.53E8 3.53E8 3.53E8 3.53E8 3.54E8 3.54E8 3.55E8
10 5000000.0 7000000.0 4.8E7 4.8E7 8.0E7 1.45E8 1.47E8 1.91E8 2.38E8 2.44E8 3.03E8 3.08E8 3.69E8 3.7E8 3.97E8 3.97E8 4.39E8 4.9E8 4.91E8 4.92E8
11 8000000.0 1.0E7 1.0E7 1.0E7 1.0E7 1.0E7 1.1E7 1.97E8 2.0E8 2.05E8 3.01E8 3.03E8 3.72E8 3.72E8 3.96E8 3.97E8 3.98E8 5.01E8 5.01E8 5.01E8
12 7000000.0 8000000.0 2.2E7 2.2E7 9.5E7 1.41E8 1.7E8 1.92E8 2.32E8 2.32E8 2.32E8 2.34E8 3.65E8 3.66E8 3.85E8 3.88E8 4.48E8 4.85E8 5.18E8 5.35E8
13 5000000.0 5000000.0 4.4E7 4.5E7 4.5E7 1.45E8 1.75E8 1.84E8 2.34E8 2.34E8 2.93E8 2.93E8 3.67E8 3.67E8 3.95E8 3.96E8 4.46E8 4.83E8 5.16E8 5.33E8
14 4000000.0 5000000.0 4.2E7 4.3E7 9.9E7 1.46E8 1.76E8 2.05E8 2.38E8 2.48E8 3.03E8 3.14E8 3.66E8 3.67E8 3.68E8 3.7E8 4.45E8 4.82E8 4.82E8 4.83E8
15 6000000.0 6000000.0 4.2E7 7.2E7 7.8E7 1.43E8 1.73E8 1.96E8 2.34E8 2.45E8 3.0E8 3.01E8 3.54E8 3.54E8 3.91E8 3.91E8 3.91E8 4.85E8 4.85E8 4.85E8
16 8000000.0 8000000.0 8000000.0 8000000.0 8000000.0 1.43E8 1.6E8 1.62E8 2.4E8 2.51E8 3.01E8 3.02E8 3.74E8 3.75E8 4.01E8 4.03E8 4.09E8 5.07E8 5.19E8 5.41E8
17 4000000.0 1.7E7 4.4E7 4.5E7 9.7E7 1.46E8 1.59E8 2.04E8 2.37E8 2.38E8 2.99E8 2.99E8 3.75E8 3.77E8 4.03E8 4.05E8 4.19E8 5.06E8 5.26E8 5.42E8
18 4000000.0 1.8E7 4.2E7 4.3E7 9.8E7 1.38E8 1.78E8 2.07E8 2.37E8 2.43E8 3.02E8 3.15E8 3.74E8 3.74E8 4.03E8 4.04E8 4.55E8 4.93E8 5.0E8 5.43E8
19 5000000.0 5000000.0 4.9E7 5.8E7 9.8E7 1.41E8 1.72E8 2.0E8 2.34E8 2.36E8 3.01E8 3.15E8 3.69E8 3.69E8 3.94E8 3.94E8 4.47E8 4.88E8 5.21E8 5.37E8
20 0.0 1000000.0 2000000.0 3000000.0 3000000.0 3000000.0 4000000.0 4000000.0 4000000.0 4000000.0 5000000.0 5000000.0 5000000.0 5000000.0 5000000.0 5000000.0 6000000.0 8000000.0 8000000.0 8000000.0
21 5000000.0 7000000.0 4.1E7 7.1E7 7.7E7 1.42E8 1.73E8 1.96E8 2.36E8 2.4E8 3.0E8 3.0E8 3.5E8 3.5E8 4.0E8 4.08E8 4.36E8 4.85E8 4.92E8 5.34E8
22 5000000.0 5000000.0 6000000.0 6000000.0 9000000.0 1.47E8 1.56E8 1.57E8 2.36E8 2.47E8 2.98E8 3.13E8 3.69E8 3.69E8 4.01E8 4.01E8 4.01E8 5.0E8 5.19E8 5.34E8
23 4000000.0 7000000.0 1.0E7 1.3E7 1.5E7 1.7E7 1.9E7 1.9E7 1.9E7 1.9E7 1.9E7 2.0E7 2.7E7 2.7E7 3.6E7 3.6E7 3.7E7 4.3E7 4.4E7 4.6E7
24 0.0 0.0 0.0 0.0 1000000.0 1000000.0 4000000.0 4000000.0 5000000.0 7000000.0 8000000.0 8000000.0 9000000.0 1.0E7 1.2E7 1.2E7 1.2E7 1.2E7 1.4E7 1.6E7
25 1000000.0 2000000.0 2000000.0 3000000.0 5000000.0 5000000.0 7000000.0 8000000.0 1.0E7 1.0E7 1.1E7 1.1E7 1.1E7 1.2E7 1.2E7 1.2E7 1.2E7 1.3E7 1.4E7 1.4E7
26 0.0 2000000.0 2000000.0 7.1E7 7.8E7 1.43E8 1.74E8 1.96E8 2.35E8 2.42E8 3.0E8 3.13E8 3.52E8 3.52E8 4.04E8 4.06E8 4.39E8 4.98E8 4.98E8 5.36E8
27 9000000.0 9000000.0 4.3E7 7.2E7 7.7E7 1.33E8 1.74E8 1.97E8 1.99E8 2.56E8 3.02E8 3.04E8 3.61E8 3.64E8 3.96E8 4.1E8 4.33E8 4.87E8 4.94E8 5.36E8
28 1000000.0 1000000.0 2000000.0 4000000.0 4000000.0 6000000.0 6000000.0 7000000.0 8000000.0 1.0E7 1.1E7 1.2E7 1.2E7 1.3E7 1.4E7 1.7E7 1.7E7 1.7E7 1.9E7 2.1E7
29 7000000.0 1.7E7 4.5E7 4.7E7 5.2E7 1.35E8 1.58E8 1.58E8 2.35E8 2.35E8 2.98E8 2.98E8 3.64E8 3.64E8 3.98E8 3.98E8 4.39E8 4.86E8 5.23E8 5.39E8
30 1000000.0 1000000.0 1000000.0 2000000.0 4000000.0 6000000.0 8000000.0 8000000.0 1.1E7 1.2E7 1.5E7 1.7E7 1.7E7 1.7E7 1.8E7 1.9E7 1.9E7 2.0E7 2.0E7 2.0E7
31 1.1E7 1.1E7 4.3E7 7.2E7 7.9E7 1.42E8 1.73E8 1.95E8 2.33E8 2.51E8 3.02E8 3.03E8 3.49E8 3.5E8 3.91E8 4.06E8 4.34E8 4.86E8 4.86E8 5.32E8
32 6000000.0 1.8E7 5.0E7 5.4E7 1.01E8 1.47E8 1.47E8 2.05E8 2.38E8 2.47E8 3.02E8 3.17E8 3.73E8 3.77E8 4.03E8 4.04E8 4.36E8 5.04E8 5.05E8 5.4E8
33 8000000.0 9000000.0 5.6E7 7.4E7 1.01E8 1.48E8 1.75E8 1.98E8 2.37E8 2.58E8 3.02E8 3.03E8 3.56E8 3.56E8 4.09E8 4.13E8 4.44E8 5.02E8 5.06E8 5.39E8
34 1000000.0 1000000.0 3000000.0 5000000.0 5000000.0 5000000.0 5000000.0 5000000.0 5000000.0 5000000.0 5000000.0 6000000.0 6000000.0 6000000.0 6000000.0 7000000.0 7000000.0 9000000.0 1.0E7 1.0E7
35 7000000.0 7000000.0 4.9E7 7.1E7 7.9E7 1.43E8 1.74E8 1.97E8 2.37E8 2.58E8 3.03E8 3.05E8 3.55E8 3.57E8 3.98E8 4.13E8 4.42E8 4.9E8 4.91E8 5.38E8
36 1000000.0 1000000.0 1.2E7 1.8E7 1.9E7 2.0E7 2.2E7 2.9E7 2.9E7 3.0E7 3.0E7 3.2E7 3.2E7 3.3E7 3.4E7 3.4E7 3.5E7 1.38E8 1.38E8 1.38E8
37 2000000.0 3000000.0 1.3E7 2.1E7 2.2E7 1.21E8 1.21E8 1.26E8 1.28E8 2.56E8 2.58E8 2.6E8 3.17E8 3.18E8 3.67E8 3.69E8 3.71E8 3.76E8 3.76E8 3.76E8
38 0.0 3000000.0 3000000.0 4000000.0 8000000.0 9000000.0 9000000.0 1.0E7 1.1E7 1.2E7 1.3E7 1.4E7 1.5E7 1.7E7 1.9E7 2.0E7 2.0E7 2.0E7 2.1E7 2.1E7
39 3000000.0 3000000.0 3000000.0 3000000.0 6000000.0 1.3E7 1.4E7 1.4E7 1.4E7 1.5E7 1.6E7 1.6E7 1.7E7 1.8E7 1.8E7 1.8E7 1.8E7 1.9E7 1.9E7 2.1E7
40 2000000.0 3000000.0 6000000.0 9000000.0 1.0E7 1.0E7 1.0E7 1.0E7 1.0E7 1.0E7 1.0E7 1.1E7 1.2E7 1.2E7 1.3E7 1.3E7 1.4E7 1.6E7 1.7E7 1.8E7
41 2000000.0 3000000.0 4000000.0 6000000.0 6000000.0 7000000.0 9000000.0 1.1E7 1.1E7 1.2E7 1.2E7 1.2E7 1.4E7 1.4E7 1.5E7 1.7E7 1.7E7 1.8E7 1.8E7 1.8E7
42 0.0 1000000.0 1000000.0 4000000.0 4000000.0 4000000.0 4000000.0 5000000.0 6000000.0 6000000.0 8000000.0 9000000.0 9000000.0 1.0E7 1.1E7 1.1E7 1.2E7 1.4E7 1.5E7 1.6E7
43 1000000.0 1000000.0 2000000.0 2000000.0 2000000.0 2000000.0 3000000.0 5000000.0 7000000.0 7000000.0 8000000.0 8000000.0 8000000.0 9000000.0 1.0E7 1.1E7 1.4E7 1.5E7 1.5E7 1.7E7
44 0.0 0.0 0.0 0.0 0.0 1000000.0 2000000.0 2000000.0 3000000.0 3000000.0 4000000.0 5000000.0 3.57E8 3.58E8 3.6E8 3.61E8 3.62E8 3.62E8 3.62E8 3.63E8
45 1000000.0 1000000.0 2000000.0 3000000.0 3000000.0 6000000.0 6000000.0 6000000.0 6000000.0 6000000.0 6000000.0 6000000.0 7000000.0 8000000.0 8000000.0 9000000.0 9000000.0 1.0E7 1.1E7 1.3E7
46 2000000.0 2000000.0 4000000.0 4000000.0 4000000.0 5000000.0 5000000.0 5000000.0 6000000.0 7000000.0 7000000.0 7000000.0 7000000.0 9000000.0 1.1E7 1.1E7 1.2E7 1.3E7 1.3E7 1.3E7
47 0.0 0.0 2000000.0 2000000.0 2000000.0 2000000.0 4000000.0 5000000.0 6000000.0 2.34E8 2.34E8 2.35E8 2.35E8 2.36E8 2.36E8 2.37E8 2.38E8 2.38E8 2.39E8 2.39E8
48 6000000.0 6000000.0 7000000.0 8000000.0 8000000.0 9000000.0 1.0E7 1.0E7 1.0E7 1.1E7 1.1E7 1.1E7 1.1E7 1.2E7 1.2E7 1.2E7 1.3E7 1.4E7 1.4E7 1.5E7
49 0.0 1000000.0 2000000.0 2000000.0 2000000.0 2000000.0 3000000.0 3000000.0 3000000.0 4000000.0 1.1E7 1.2E7 1.5E7 1.7E7 1.8E7 2.0E7 2.1E7 2.2E7 2.2E7 2.3E7
50 0.0 3000000.0 4000000.0 7000000.0 7000000.0 8000000.0 1.1E7 1.1E7 1.2E7 1.3E7 1.4E7 1.5E7 1.6E7 1.6E7 1.7E7 1.7E7 1.7E7 1.8E7 1.9E7 2.0E7
51 6000000.0 6000000.0 6000000.0 6000000.0 7000000.0 1.43E8 1.43E8 1.48E8 1.48E8 2.03E8 2.04E8 2.05E8 3.53E8 3.53E8 3.54E8 3.54E8 3.61E8 5.02E8 5.03E8 5.03E8
