records: 20
      Record Time
Host  UsedBuffer

  49376.0 98752.0 148128.0 197504.0 246880.0 296256.0 345632.0 395008.0 444384.0 493760.0 543136.0 592512.0 641888.0 691264.0 740640.0 790016.0 839392.0 888768.0 938144.0 987520.0
0 0.0 4000000.0 4000000.0 5000000.0 7000000.0 7000000.0 9000000.0 1.0E7 1.1E7 1.1E7 1.1E7 1.1E7 1.2E7 1.4E7 1.6E7 1.6E7 1.6E7 1.6E7 1.7E7 1.8E7
1 0.0 0.0 1000000.0 1000000.0 1000000.0 1000000.0 2000000.0 3000000.0 4000000.0 4000000.0 4000000.0 5000000.0 6000000.0 7000000.0 7000000.0 7000000.0 9000000.0 9000000.0 1.3E7 1.4E7
2 1000000.0 2000000.0 3000000.0 4000000.0 5000000.0 6000000.0 7000000.0 8000000.0 1.0E7 1.0E7 1.1E7 1.4E7 1.5E7 1.5E7 1.6E7 1.6E7 1.9E7 1.9E7 1.9E7 2.2E7
3 3000000.0 3000000.0 1.0E7 1.1E7 1.3E7 9.3E7 1.33E8 1.36E8 2.16E8 2.18E8 2.46E8 2.81E8 3.25E8 3.26E8 3.27E8 3.28E8 3.29E8 3.29E8 3.29E8 3.29E8
4 0.0 0.0 1000000.0 2000000.0 3000000.0 7000000.0 7000000.0 8000000.0 8000000.0 8000000.0 1.0E7 1.1E7 1.4E7 1.5E7 1.7E7 1.8E7 1.8E7 1.8E7 2.0E7 2.2E7
5 7000000.0 1.1E7 1.4E7 2.2E7 6.2E7 1.2E8 1.35E8 1.77E8 2.15E8 2.2E8 2.2E8 2.9E8 3.21E8 3.23E8 3.25E8 3.25E8 3.58E8 4.36E8 4.36E8 4.37E8
6 9000000.0 1.1E7 1.7E7 1.9E7 5.7E7 1.23E8 1.47E8 1.52E8 2.18E8 2.21E8 2.79E8 2.81E8 3.27E8 3.27E8 3.27E8 3.29E8 3.54E8 4.42E8 4.42E8 4.42E8
7 1000000.0 3000000.0 4000000.0 4000000.0 5000000.0 6000000.0 8000000.0 9000000.0 9000000.0 1.2E7 1.2E7 1.2E7 1.3E7 1.4E7 1.4E7 1.5E7 1.6E7 1.6E7 1.8E7 1.8E7
8 0.0 1000000.0 2000000.0 2000000.0 2000000.0 3000000.0 4000000.0 6000000.0 6000000.0 7000000.0 7000000.0 8000000.0 9000000.0 9000000.0 9000000.0 1.0E7 1.3E7 1.4E7 1.4E7 1.5E7
9 2000000.0 3000000.0 8000000.0 9000000.0 5.0E7 1.01E8 1.33E8 1.34E8 1.37E8 1.37E8 2.75E8 2.88E8 3.24E8 3.24E8 3.24E8 3.24E8 3.24E8 3.25E8 3.25E8 3.26E8
10 0.0 1000000.0 1000000.0 1000000.0 1000000.0 2000000.0 3000000.0 3000000.0 5000000.0 5000000.0 5000000.0 5000000.0 6000000.0 7000000.0 8000000.0 8000000.0 8000000.0 9000000.0 1.0E7 1.1E7
11 0.0 2000000.0 2000000.0 2000000.0 2000000.0 2000000.0 3000000.0 6000000.0 9000000.0 1.2E7 1.3E7 1.5E7 1.5E7 1.5E7 1.6E7 1.7E7 1.8E7 1.8E7 1.8E7 1.8E7
12 0.0 1000000.0 1000000.0 1000000.0 1000000.0 1000000.0 2000000.0 3000000.0 4000000.0 4000000.0 4000000.0 6000000.0 8000000.0 9000000.0 9000000.0 1.2E7 1.3E7 1.3E7 1.4E7 1.5E7
13 1000000.0 1000000.0 2000000.0 3000000.0 3000000.0 3000000.0 3000000.0 4000000.0 4000000.0 4000000.0 4000000.0 4000000.0 4000000.0 4000000.0 4000000.0 5000000.0 6000000.0 7000000.0 1.2E7 1.4E7
14 2000000.0 3000000.0 6000000.0 7000000.0 5.0E7 1.0E8 1.37E8 1.81E8 2.19E8 2.22E8 2.51E8 2.88E8 3.23E8 3.24E8 3.25E8 3.27E8 3.48E8 4.31E8 4.31E8 4.32E8
15 2000000.0 2000000.0 2000000.0 2000000.0 2000000.0 4000000.0 6000000.0 7000000.0 9000000.0 9000000.0 9000000.0 1.0E7 1.1E7 1.1E7 1.1E7 1.1E7 1.1E7 1.1E7 1.1E7 1.1E7
16 8000000.0 8000000.0 8000000.0 8000000.0 8000000.0 1.6E7 1.8E7 2.0E7 2.21E8 2.22E8 2.78E8 2.79E8 3.3E8 3.31E8 3.38E8 3.4E8 3.42E8 4.44E8 4.48E8 4.83E8
17 1000000.0 3000000.0 4000000.0 5000000.0 7000000.0 8000000.0 8000000.0 1.0E7 1.1E7 1.1E7 1.1E7 1.1E7 1.2E7 1.4E7 1.6E7 1.8E7 1.8E7 1.9E7 2.1E7 2.4E7
18 0.0 1000000.0 1000000.0 2000000.0 3000000.0 5000000.0 5000000.0 5000000.0 5000000.0 8000000.0 8000000.0 8000000.0 8000000.0 8000000.0 9000000.0 1.0E7 1.1E7 1.3E7 1.3E7 1.3E7
19 1000000.0 1000000.0 3000000.0 4000000.0 5000000.0 5000000.0 5000000.0 6000000.0 6000000.0 8000000.0 9000000.0 1.1E7 1.3E7 1.3E7 1.3E7 1.3E7 1.3E7 1.3E7 1.3E7 1.4E7
20 5000000.0 6000000.0 1.2E7 1.4E7 1.4E7 1.23E8 1.48E8 1.71E8 2.19E8 2.2E8 2.8E8 2.8E8 3.28E8 3.28E8 3.31E8 3.31E8 3.45E8 4.38E8 4.39E8 4.82E8
21 1000000.0 3000000.0 3000000.0 3000000.0 3000000.0 3000000.0 5000000.0 7000000.0 8000000.0 8000000.0 1.0E7 1.0E7 1.1E7 1.1E7 1.1E7 1.2E7 1.3E7 1.4E7 1.5E7 1.5E7
22 3000000.0 3000000.0 4000000.0 4000000.0 7000000.0 2.2E7 2.2E7 2.3E7 2.17E8 2.19E8 2.77E8 2.89E8 3.3E8 3.3E8 3.33E8 3.33E8 3.33E8 4.39E8 4.45E8 4.77E8
23 2000000.0 5000000.0 8000000.0 1.1E7 1.3E7 1.5E7 1.7E7 1.7E7 1.7E7 1.7E7 1.7E7 1.8E7 2.5E7 2.5E7 3.3E7 3.3E7 3.4E7 4.0E7 4.1E7 4.3E7
24 5000000.0 5000000.0 1.0E7 1.1E7 1.2E7 1.17E8 1.44E8 1.66E8 2.14E8 2.17E8 2.61E8 2.61E8 3.24E8 3.25E8 3.27E8 3.27E8 3.57E8 4.31E8 4.33E8 4.77E8
25 1000000.0 2000000.0 2000000.0 3000000.0 5000000.0 5000000.0 7000000.0 8000000.0 1.0E7 1.0E7 1.1E7 1.1E7 1.1E7 1.2E7 1.2E7 1.2E7 1.2E7 1.3E7 1.4E7 1.4E7
26 0.0 2000000.0 2000000.0 7000000.0 9000000.0 1.3E7 1.45E8 1.68E8 2.17E8 2.18E8 2.76E8 2.89E8 3.21E8 3.21E8 3.23E8 3.25E8 3.26E8 4.36E8 4.36E8 4.78E8
27 1000000.0 1000000.0 1000000.0 2000000.0 2000000.0 3000000.0 3000000.0 3000000.0 5000000.0 5000000.0 5000000.0 7000000.0 7000000.0 1.0E7 1.1E7 1.4E7 1.5E7 1.6E7 1.7E7 1.7E7
28 1000000.0 1000000.0 2000000.0 4000000.0 4000000.0 6000000.0 6000000.0 7000000.0 8000000.0 1.0E7 1.1E7 1.2E7 1.2E7 1.3E7 1.4E7 1.7E7 1.7E7 1.7E7 1.9E7 2.1E7
29 0.0 2000000.0 5000000.0 5000000.0 6000000.0 7000000.0 7000000.0 7000000.0 8000000.0 8000000.0 9000000.0 9000000.0 1.0E7 1.0E7 1.2E7 1.2E7 1.3E7 1.4E7 1.5E7 1.5E7
30 3000000.0 5000000.0 5000000.0 1.2E7 1.4E7 1.6E7 1.8E7 2.3E7 3.0E7 3.1E7 6.4E7 6.6E7 7.7E7 7.7E7 8.3E7 8.4E7 8.4E7 1.12E8 1.12E8 1.12E8
31 6000000.0 6000000.0 1.0E7 1.2E7 1.5E7 1.16E8 1.44E8 1.67E8 2.14E8 2.15E8 2.77E8 2.78E8 3.19E8 3.2E8 3.2E8 3.2E8 3.21E8 4.34E8 4.34E8 4.73E8
32 4000000.0 7000000.0 9000000.0 1.3E7 5.8E7 1.25E8 1.25E8 1.79E8 2.18E8 2.2E8 2.79E8 2.92E8 3.3E8 3.34E8 3.37E8 3.38E8 3.39E8 4.42E8 4.43E8 4.84E8
33 0.0 1000000.0 2000000.0 3000000.0 4000000.0 7000000.0 7000000.0 8000000.0 8000000.0 1.0E7 1.1E7 1.2E7 1.3E7 1.3E7 1.3E7 1.3E7 1.4E7 1.4E7 1.4E7 1.4E7
34 1000000.0 1000000.0 3000000.0 5000000.0 5000000.0 5000000.0 5000000.0 5000000.0 5000000.0 5000000.0 5000000.0 6000000.0 6000000.0 6000000.0 6000000.0 7000000.0 7000000.0 9000000.0 1.0E7 1.0E7
35 7000000.0 7000000.0 9000000.0 1.1E7 1.3E7 1.17E8 1.45E8 1.68E8 2.17E8 2.2E8 2.78E8 2.79E8 3.25E8 3.27E8 3.28E8 3.28E8 3.32E8 4.36E8 4.37E8 4.79E8
36 1000000.0 1000000.0 7000000.0 9000000.0 1.0E7 1.1E7 1.3E7 2.0E7 2.0E7 2.1E7 2.1E7 2.3E7 2.3E7 2.4E7 2.5E7 2.5E7 2.6E7 4.4E7 4.4E7 4.4E7
37 2000000.0 5000000.0 9000000.0 1.8E7 1.9E7 3.3E7 3.3E7 1.61E8 1.63E8 1.69E8 1.71E8 1.73E8 1.79E8 1.8E8 2.96E8 2.98E8 3.0E8 3.07E8 3.07E8 3.07E8
38 0.0 3000000.0 3000000.0 4000000.0 8000000.0 9000000.0 9000000.0 1.0E7 1.1E7 1.2E7 1.3E7 1.4E7 1.5E7 1.7E7 1.9E7 2.0E7 2.0E7 2.0E7 2.1E7 2.1E7
39 3000000.0 3000000.0 3000000.0 3000000.0 6000000.0 1.3E7 1.4E7 1.4E7 1.4E7 1.5E7 1.6E7 1.6E7 1.7E7 1.8E7 1.8E7 1.8E7 1.8E7 1.9E7 1.9E7 2.1E7
40 2000000.0 3000000.0 6000000.0 7000000.0 8000000.0 8000000.0 8000000.0 8000000.0 8000000.0 8000000.0 8000000.0 9000000.0 1.0E7 1.0E7 1.1E7 1.1E7 1.2E7 1.4E7 1.5E7 1.6E7
41 2000000.0 3000000.0 4000000.0 6000000.0 6000000.0 7000000.0 9000000.0 1.1E7 1.1E7 1.2E7 1.2E7 1.2E7 1.4E7 1.4E7 1.5E7 1.7E7 1.7E7 1.8E7 1.8E7 1.8E7
42 0.0 1000000.0 1000000.0 4000000.0 4000000.0 4000000.0 4000000.0 5000000.0 6000000.0 6000000.0 8000000.0 9000000.0 9000000.0 1.0E7 1.1E7 1.1E7 1.2E7 1.4E7 1.5E7 1.6E7
43 1000000.0 1000000.0 2000000.0 2000000.0 2000000.0 2000000.0 3000000.0 5000000.0 7000000.0 7000000.0 8000000.0 8000000.0 8000000.0 9000000.0 1.0E7 1.1E7 1.4E7 1.5E7 1.5E7 1.7E7
44 0.0 0.0 0.0 0.0 0.0 1000000.0 2000000.0 2000000.0 3000000.0 3000000.0 4000000.0 5000000.0 9000000.0 1.0E7 1.2E7 1.3E7 1.4E7 1.4E7 1.4E7 1.5E7
45 1000000.0 1000000.0 2000000.0 3000000.0 3000000.0 6000000.0 6000000.0 6000000.0 6000000.0 6000000.0 6000000.0 6000000.0 7000000.0 8000000.0 8000000.0 9000000.0 9000000.0 1.0E7 1.1E7 1.3E7
46 2000000.0 2000000.0 4000000.0 4000000.0 4000000.0 5000000.0 5000000.0 5000000.0 6000000.0 7000000.0 7000000.0 7000000.0 7000000.0 9000000.0 1.1E7 1.1E7 1.2E7 1.3E7 1.3E7 1.3E7
47 0.0 0.0 2000000.0 2000000.0 2000000.0 2000000.0 4000000.0 5000000.0 6000000.0 2.14E8 2.14E8 2.15E8 2.15E8 2.16E8 2.16E8 2.17E8 2.18E8 2.18E8 2.19E8 2.19E8
48 2000000.0 2000000.0 3000000.0 4000000.0 4000000.0 5000000.0 6000000.0 6000000.0 6000000.0 7000000.0 7000000.0 7000000.0 7000000.0 8000000.0 8000000.0 8000000.0 9000000.0 1.0E7 1.0E7 1.1E7
49 0.0 1000000.0 2000000.0 2000000.0 2000000.0 2000000.0 3000000.0 3000000.0 3000000.0 4000000.0 4000000.0 5000000.0 8000000.0 1.0E7 1.1E7 1.3E7 1.4E7 1.5E7 1.5E7 1.6E7
50 0.0 3000000.0 4000000.0 7000000.0 7000000.0 8000000.0 1.1E7 1.1E7 1.2E7 1.3E7 1.4E7 1.5E7 1.6E7 1.6E7 2.1E7 2.1E7 2.1E7 2.2E7 2.3E7 2.4E7
51 1000000.0 1000000.0 1000000.0 1000000.0 2000000.0 2000000.0 2000000.0 2000000.0 2000000.0 3000000.0 4000000.0 5000000.0 5000000.0 5000000.0 6000000.0 6000000.0 7000000.0 8000000.0 9000000.0 9000000.0
