0 3351
1 1983
2 4467
3 3282
4 2961
5 2677
6 763
7 1050
8 1527
9 2871
10 545
11 435
12 4371
13 4083
14 2319
15 4024
16 3452
17 976
18 676
19 1394
20 1350
21 2371
22 2488
23 3021
24 3229
25 3092
26 2435
27 2930
28 1993
29 2816
30 3280
31 4082
32 2388
33 2635
34 2412
35 2738
36 2827
37 3204
38 2584
39 3483
40 2591
41 2130
42 4114
43 3608
44 2967
45 2627
46 3217
47 3970
48 3117
49 3947
50 4116
51 3640
52 4258
53 3051
54 1891
55 3721
56 3354
57 3782
58 2782
59 5381
60 3588
61 2390
62 1494
63 3543
64 2375
65 5046
66 3277
67 1995
68 1388
69 3980
70 3167
71 4674
72 3602
73 4763
74 4495
75 4968
76 5460
77 5266
78 5062
79 3920
80 4183
81 5284
82 1441
83 5441
84 2750
85 4152
86 4110
87 5651
88 5245
89 5117
90 4185
91 2012
92 5283
93 1839
94 4155
95 2371
96 657
97 3948
