records: 20
      Record Time
Host  UsedBuffer

  17959.0 35918.0 53877.0 71836.0 89795.0 107754.0 125713.0 143672.0 161631.0 179590.0 197549.0 215508.0 233467.0 251426.0 269385.0 287344.0 305303.0 323262.0 341221.0 359180.0
0 1.0E8 2.0E8 5.0E8 7.0E8 8.0E8 8.0E8 1.0E9 1.3E9 1.5E9 1.9E9 1.9E9 1.9E9 -2.094967296E9 -1.994967296E9 -1.994967296E9 -1.794967296E9 -1.694967296E9 -1.594967296E9 -1.294967296E9 -1.094967296E9
1 1.0E8 4.0E8 4.0E8 4.0E8 6.0E8 8.0E8 1.1E9 1.2E9 1.3E9 1.3E9 1.5E9 1.6E9 2.0E9 -2.094967296E9 -1.894967296E9 -1.694967296E9 -1.494967296E9 -1.394967296E9 -1.194967296E9 -8.94967296E8
2 8.0E8 1.4E9 2.1E9 -1.794967296E9 1.305032704E9 -1.889934592E9 -1.289934592E9 -9.89934592E8 -7.89934592E8 -5.89934592E8 5.10065408E8 1.510065408E9 1.610065408E9 -1.784901888E9 2.15098112E8 8.15098112E8 9.15098112E8 9.15098112E8 1.715098112E9 2.115098112E9
3 1.0E8 3.0E8 4.0E8 5.0E8 7.0E8 9.0E8 1.1E9 1.2E9 1.3E9 1.3E9 1.7E9 1.8E9 2.0E9 -1.994967296E9 -1.794967296E9 -1.694967296E9 -1.694967296E9 -1.294967296E9 -9.94967296E8 -6.94967296E8
4 2.0E8 3.0E8 4.0E8 6.0E8 7.0E8 1.0E9 1.3E9 1.5E9 1.7E9 2.0E9 -2.094967296E9 -1.794967296E9 -1.694967296E9 -1.394967296E9 -1.294967296E9 -1.094967296E9 -8.94967296E8 -7.94967296E8 -6.94967296E8 -5.94967296E8
5 9.0E8 1.1E9 1.2E9 1.5E9 1.305032704E9 -1.789934592E9 -1.589934592E9 -1.589934592E9 -1.189934592E9 -1.089934592E9 -8.89934592E8 -7.89934592E8 -7.89934592E8 -4.89934592E8 -2.89934592E8 1.0065408E7 5.10065408E8 6.10065408E8 1.510065408E9 -1.87483648E9
6 9.0E8 1.2E9 1.3E9 1.6E9 1.305032704E9 -2.089934592E9 -2.089934592E9 -1.889934592E9 -1.789934592E9 -1.689934592E9 -1.589934592E9 -1.489934592E9 -1.289934592E9 1.910065408E9 4.15098112E8 6.15098112E8 9.15098112E8 1.215098112E9 1.615098112E9 -1.779869184E9
7 9.0E8 1.1E9 1.1E9 1.2E9 1.3E9 1.3E9 1.4E9 1.6E9 1.8E9 2.1E9 2.1E9 -1.994967296E9 -1.794967296E9 -1.694967296E9 -1.494967296E9 -1.394967296E9 -1.294967296E9 -1.194967296E9 -1.989934592E9 -1.87483648E9
8 2.0E8 5.0E8 1.1E9 1.3E9 1.4E9 1.5E9 1.6E9 1.9E9 2.0E9 -2.094967296E9 -1.894967296E9 -1.694967296E9 -1.694967296E9 -1.494967296E9 -1.094967296E9 -9.94967296E8 -9.94967296E8 -6.94967296E8 -6.94967296E8 -4.94967296E8
