records: 20
      Record Time
Host  UsedBuffer

  49376.0 98752.0 148128.0 197504.0 246880.0 296256.0 345632.0 395008.0 444384.0 493760.0 543136.0 592512.0 641888.0 691264.0 740640.0 790016.0 839392.0 888768.0 938144.0 987520.0
0 0.0 1.0E9 1.0E9 1.25E9 1.75E9 1.75E9 -2.044967296E9 -1.794967296E9 -1.544967296E9 -1.544967296E9 -1.544967296E9 -1.544967296E9 -1.294967296E9 -7.94967296E8 -2.94967296E8 -2.94967296E8 -2.94967296E8 -2.94967296E8 -4.4967296E7 2.05032704E8
1 1.25E9 1.25E9 1.160065408E9 1.160065408E9 7.0130816E7 3.90261632E8 -9.04705664E8 1.845294336E9 1.665425152E9 1.665425152E9 -1.764444032E9 -1.264444032E9 1.940588672E9 -2.104378624E9 -2.104378624E9 -2.104378624E9 -1.604378624E9 -1.604378624E9 -6.04378624E8 -3.54378624E8
2 2.5E8 5.0E8 7.5E8 1.0E9 1.25E9 1.5E9 1.75E9 2.0E9 -1.794967296E9 -1.794967296E9 -1.544967296E9 -7.94967296E8 -5.44967296E8 -5.44967296E8 -2.94967296E8 -2.94967296E8 4.55032704E8 4.55032704E8 4.55032704E8 1.205032704E9
3 0.0 0.0 2.5E8 5.0E8 5.0E8 5.0E8 5.0E8 5.0E8 5.0E8 7.5E8 7.5E8 1.25E9 1.5E9 1.75E9 2.0E9 -2.044967296E9 -1.794967296E9 -1.794967296E9 -1.794967296E9 -1.794967296E9
4 0.0 0.0 2.5E8 5.0E8 7.5E8 1.75E9 1.75E9 2.0E9 2.0E9 2.0E9 -1.794967296E9 -1.544967296E9 -7.94967296E8 -5.44967296E8 -4.4967296E7 2.05032704E8 2.05032704E8 2.05032704E8 7.05032704E8 1.205032704E9
5 1.0E9 1.5E9 1.705032704E9 -5.89934592E8 3.20130816E8 -1.859738368E9 -1.404705664E9 -1.19967296E9 9.15425152E8 -2.129542144E9 -2.129542144E9 7.35555968E8 1.690588672E9 -2.104378624E9 1.145621376E9 1.145621376E9 5.55686784E8 1.6258176E9 1.6258176E9 1.8758176E9
6 2.0E9 -1.794967296E9 -3.39934592E8 -1.34901888E8 1.570130816E9 6.40261632E8 5.95294336E8 -2.44640256E8 1.665425152E9 1.620457856E9 -1.514444032E9 -1.014444032E9 1.895621376E9 1.895621376E9 -1.989280512E9 -1.489280512E9 1.760719488E9 8.30850304E8 8.30850304E8 8.30850304E8
7 2.5E8 7.5E8 1.0E9 1.0E9 1.25E9 1.5E9 2.0E9 -2.044967296E9 -2.044967296E9 -1.294967296E9 -1.294967296E9 -1.294967296E9 -1.044967296E9 -7.94967296E8 -7.94967296E8 -5.44967296E8 -2.94967296E8 -2.94967296E8 2.05032704E8 2.05032704E8
8 1.0E9 1.25E9 1.5E9 1.5E9 1.5E9 -1.859738368E9 -1.109738368E9 -1.69967296E9 9.15425152E8 1.165425152E9 -1.264444032E9 -1.014444032E9 2.145621376E9 2.145621376E9 2.145621376E9 -1.89934592E9 -1.14934592E9 -8.9934592E8 -8.9934592E8 -6.4934592E8
9 7.5E8 1.0E9 -2.089934592E9 -1.839934592E9 -1.179869184E9 -2.064771072E9 -1.154705664E9 -9.04705664E8 -6.54705664E8 -6.54705664E8 2.030523264E9 9.85555968E8 -1.854378624E9 -1.854378624E9 -1.854378624E9 -1.854378624E9 -1.854378624E9 -1.604378624E9 -1.604378624E9 -1.354378624E9
10 1.25E9 1.75E9 -1.044967296E9 -1.044967296E9 -1.179869184E9 -3.14771072E8 1.85228928E8 -4.4967296E8 1.915425152E9 -1.629542144E9 -1.514444032E9 -1.514444032E9 2.145621376E9 -1.89934592E9 1.60065408E9 1.60065408E9 -1.284247808E9 3.30850304E8 5.80850304E8 8.30850304E8
11 0.0 5.0E8 5.0E8 5.0E8 5.0E8 5.0E8 7.5E8 1.5E9 -2.044967296E9 -1.294967296E9 -1.044967296E9 -5.44967296E8 -5.44967296E8 -5.44967296E8 -2.94967296E8 -4.4967296E7 2.05032704E8 2.05032704E8 2.05032704E8 2.05032704E8
12 1.0E9 1.25E9 1.25E9 1.25E9 5.70130816E8 1.435228928E9 -1.654705664E9 -9.94640256E8 4.15425152E8 4.15425152E8 4.15425152E8 9.15425152E8 -1.42450944E9 -1.17450944E9 7.35555968E8 1.485555968E9 5.5686784E7 -4.19149696E8 1.830850304E9 1.785883008E9
13 1.0E9 1.0E9 1.955032704E9 -2.089934592E9 -2.089934592E9 1.640261632E9 -4.04705664E8 2.095294336E9 1.665425152E9 1.665425152E9 1.530523264E9 1.530523264E9 -8.9934592E8 -8.9934592E8 -1.944313216E9 -1.694313216E9 5.10719488E8 1.1258176E9 8.0850304E7 7.40915712E8
14 2.5E8 5.0E8 5.0E8 7.5E8 1.0E9 1.0E9 1.25E9 1.5E9 1.5E9 2.0E9 -2.044967296E9 -2.044967296E9 -1.794967296E9 -1.544967296E9 -1.294967296E9 -7.94967296E8 -7.94967296E8 -2.94967296E8 -2.94967296E8 -4.4967296E7
15 1.5E9 1.5E9 -5.44967296E8 -5.44967296E8 7.0130816E7 8.90261632E8 1.095294336E9 -2.44640256E8 1.165425152E9 1.20457856E8 -1.764444032E9 -1.514444032E9 1.645621376E9 1.645621376E9 1.35065408E9 1.35065408E9 1.35065408E9 2.1258176E9 2.1258176E9 2.1258176E9
16 1.75E9 1.75E9 1.75E9 1.75E9 1.75E9 1.615098112E9 2.115098112E9 -1.679869184E9 -2.129542144E9 1.120457856E9 -2.014444032E9 -1.764444032E9 -6.4934592E8 -3.9934592E8 -1.94313216E8 3.05686784E8 8.05686784E8 -1.669149696E9 -1.464116992E9 1.740915712E9
17 1.0E9 -1.044967296E9 -1.589934592E9 -1.339934592E9 -1.884901888E9 8.90261632E8 -1.654705664E9 -9.4967296E8 1.915425152E9 1.915425152E9 1.530523264E9 1.530523264E9 -1.4934592E8 3.5065408E8 5.55686784E8 1.055686784E9 1.055686784E9 -1.669149696E9 8.0850304E7 -2.054051584E9
18 0.0 2.5E8 2.5E8 5.0E8 7.5E8 1.25E9 1.25E9 1.25E9 1.25E9 2.0E9 2.0E9 2.0E9 2.0E9 2.0E9 -2.044967296E9 -1.794967296E9 -1.544967296E9 -1.044967296E9 -1.044967296E9 -1.044967296E9
19 2.5E8 2.5E8 7.5E8 1.0E9 1.25E9 1.25E9 1.25E9 1.5E9 1.5E9 2.0E9 -2.044967296E9 -1.544967296E9 -1.044967296E9 -1.044967296E9 -1.044967296E9 -1.044967296E9 -1.044967296E9 -1.044967296E9 -1.044967296E9 -7.94967296E8
20 1.25E9 1.5E9 1.60065408E8 4.10065408E8 5.70130816E8 1.390261632E9 -1.69967296E9 7.55359744E8 -1.879542144E9 8.70457856E8 -1.014444032E9 -1.014444032E9 -6.4934592E8 -6.4934592E8 -1.489280512E9 -1.239280512E9 -3.4247808E7 8.30850304E8 1.330850304E9 1.740915712E9
21 1.25E9 1.75E9 -7.94967296E8 1.455032704E9 -1.79869184E8 1.40261632E8 8.45294336E8 -2.44640256E8 1.665425152E9 -1.379542144E9 -2.014444032E9 -2.014444032E9 3.95621376E8 3.95621376E8 8.05686784E8 1.555686784E9 -1.784247808E9 -6.69149696E8 8.0850304E7 2.40915712E8
22 2.5E8 2.5E8 5.0E8 5.0E8 1.25E9 1.5E9 1.5E9 1.75E9 1.75E9 2.0E9 -2.044967296E9 -2.044967296E9 -1.794967296E9 -1.794967296E9 -1.794967296E9 -1.794967296E9 -1.794967296E9 -1.794967296E9 -1.544967296E9 -1.544967296E9
23 1.5E9 -2.044967296E9 -1.294967296E9 -7.94967296E8 -2.94967296E8 1.410065408E9 1.685228928E9 1.845294336E9 1.845294336E9 1.845294336E9 1.845294336E9 2.095294336E9 2.095294336E9 2.095294336E9 -1.94967296E9 -1.94967296E9 -1.69967296E9 3.0032704E8 5.5032704E8 1.05032704E9
24 1.25E9 1.25E9 1.60065408E8 -1.384901888E9 3.20130816E8 1.185228928E9 1.345294336E9 -2.44640256E8 1.165425152E9 6.20457856E8 -1.219476736E9 -1.219476736E9 1.395621376E9 1.645621376E9 -1.694313216E9 -1.694313216E9 1.965752192E9 -4.19149696E8 8.0850304E7 7.40915712E8
25 1.75E9 -2.044967296E9 -1.544967296E9 -1.294967296E9 9.10065408E8 1.910065408E9 1.435228928E9 -1.94967296E9 -9.4967296E8 -9.4967296E8 -6.9967296E8 -6.9967296E8 -6.9967296E8 -4.4967296E8 -4.4967296E8 -4.4967296E8 -4.4967296E8 8.0032704E8 1.30032704E9 1.30032704E9
26 0.0 5.0E8 5.0E8 -6.34901888E8 7.0130816E7 2.02516352E9 -4.04705664E8 -2.44640256E8 1.665425152E9 -1.379542144E9 -2.014444032E9 -2.014444032E9 8.95621376E8 8.95621376E8 -6.94313216E8 -1.94313216E8 -2.84247808E8 8.0850304E7 8.0850304E7 9.90915712E8
27 2.5E8 2.5E8 2.5E8 5.0E8 5.0E8 7.5E8 7.5E8 7.5E8 1.25E9 1.25E9 1.25E9 1.75E9 1.75E9 -1.794967296E9 -1.544967296E9 -7.94967296E8 -5.44967296E8 -2.94967296E8 -4.4967296E7 -4.4967296E7
28 2.5E8 2.5E8 5.0E8 1.0E9 1.0E9 1.5E9 1.5E9 1.75E9 2.0E9 -1.794967296E9 -1.544967296E9 -1.294967296E9 -1.294967296E9 -1.044967296E9 -7.94967296E8 -4.4967296E7 -4.4967296E7 -4.4967296E7 4.55032704E8 9.55032704E8
29 1.5E9 2.0E9 -1.089934592E9 -1.089934592E9 9.10065408E8 1.820130816E9 -1.654705664E9 -1.654705664E9 9.15425152E8 9.15425152E8 1.530523264E9 1.530523264E9 2.145621376E9 2.145621376E9 -1.444313216E9 -1.444313216E9 -1.534247808E9 6.258176E8 -2.14116992E8 1.490915712E9
30 1.0E9 1.5E9 1.5E9 1.75E9 -2.044967296E9 -1.544967296E9 -1.044967296E9 -1.044967296E9 -2.134901888E9 -1.884901888E9 1.115098112E9 1.615098112E9 1.615098112E9 1.615098112E9 1.865098112E9 2.115098112E9 2.115098112E9 -2.2483648E8 -2.2483648E8 -2.2483648E8
31 2.0E9 2.0E9 4.55032704E8 -1.384901888E9 3.20130816E8 3.90261632E8 5.95294336E8 -2.44640256E8 6.65425152E8 -3.79542144E8 -1.764444032E9 -1.514444032E9 1.45621376E8 3.95621376E8 1.35065408E9 8.05686784E8 -2.034247808E9 -4.19149696E8 -4.19149696E8 -2.59084288E8
32 1.25E9 1.25E9 1.410065408E9 1.910065408E9 -6.79869184E8 -1.609738368E9 -1.609738368E9 -4.4967296E8 -2.129542144E9 -1.129542144E9 -1.264444032E9 1.985555968E9 -1.4934592E8 8.5065408E8 -1.94313216E8 5.5686784E7 -1.784247808E9 -1.919149696E9 -1.669149696E9 1.740915712E9
33 1.75E9 2.0E9 -1.384901888E9 -1.134901888E9 1.820130816E9 2.140261632E9 -1.94967296E9 2.55359744E8 -2.129542144E9 1.620457856E9 -1.264444032E9 -1.014444032E9 2.145621376E9 2.145621376E9 -1.489280512E9 -9.89280512E8 4.65752192E8 1.330850304E9 1.330850304E9 1.990915712E9
34 1.75E9 1.75E9 -1.044967296E9 -5.44967296E8 -5.44967296E8 -5.44967296E8 -5.44967296E8 -5.44967296E8 -5.44967296E8 -5.44967296E8 -5.44967296E8 -2.94967296E8 -2.94967296E8 -2.94967296E8 -2.94967296E8 -4.4967296E7 -4.4967296E7 4.55032704E8 7.05032704E8 7.05032704E8
35 1.5E9 1.5E9 -2.089934592E9 -1.384901888E9 3.20130816E8 3.90261632E8 1.095294336E9 -2.44640256E8 1.915425152E9 1.370457856E9 -1.764444032E9 -1.514444032E9 1.645621376E9 2.145621376E9 -1.444313216E9 -1.989280512E9 -5.34247808E8 8.30850304E8 1.080850304E9 1.240915712E9
36 2.5E8 2.5E8 1.25E9 1.25E9 1.5E9 1.75E9 -2.044967296E9 -1.294967296E9 -1.294967296E9 -1.044967296E9 -1.044967296E9 -5.44967296E8 -5.44967296E8 -2.94967296E8 -4.4967296E7 -4.4967296E7 2.05032704E8 9.55032704E8 9.55032704E8 9.55032704E8
37 5.0E8 1.5E9 1.5E9 -1.794967296E9 -1.544967296E9 -1.044967296E9 -1.044967296E9 -5.44967296E8 -4.4967296E7 1.955032704E9 -1.839934592E9 -1.339934592E9 -3.39934592E8 -8.9934592E7 1.60065408E8 6.60065408E8 1.160065408E9 -1.634901888E9 -1.634901888E9 -1.634901888E9
38 0.0 7.5E8 7.5E8 1.0E9 2.0E9 -2.044967296E9 -2.044967296E9 -1.794967296E9 -1.544967296E9 -1.294967296E9 -1.044967296E9 -7.94967296E8 -5.44967296E8 -4.4967296E7 4.55032704E8 7.05032704E8 7.05032704E8 7.05032704E8 9.55032704E8 9.55032704E8
39 7.5E8 7.5E8 7.5E8 7.5E8 1.5E9 2.0E9 -2.044967296E9 -2.044967296E9 -2.044967296E9 -1.794967296E9 -1.544967296E9 -1.544967296E9 -1.294967296E9 -1.044967296E9 -1.044967296E9 -1.044967296E9 -1.044967296E9 -7.94967296E8 -7.94967296E8 -2.94967296E8
40 5.0E8 7.5E8 1.5E9 1.75E9 2.0E9 2.0E9 2.0E9 2.0E9 2.0E9 2.0E9 2.0E9 -2.044967296E9 -1.794967296E9 -1.794967296E9 -1.544967296E9 -1.544967296E9 -1.294967296E9 -7.94967296E8 -5.44967296E8 -2.94967296E8
41 5.0E8 7.5E8 1.0E9 1.5E9 1.5E9 1.75E9 -2.044967296E9 -1.544967296E9 -1.544967296E9 -1.294967296E9 -1.294967296E9 -1.294967296E9 -7.94967296E8 -7.94967296E8 -5.44967296E8 -4.4967296E7 -4.4967296E7 2.05032704E8 2.05032704E8 2.05032704E8
42 0.0 2.5E8 2.5E8 1.0E9 1.0E9 1.0E9 1.0E9 1.25E9 1.5E9 1.5E9 2.0E9 -2.044967296E9 -2.044967296E9 -1.794967296E9 -1.544967296E9 -1.544967296E9 -1.294967296E9 -7.94967296E8 -5.44967296E8 -2.94967296E8
43 2.5E8 2.5E8 5.0E8 5.0E8 5.0E8 5.0E8 7.5E8 1.25E9 1.75E9 1.75E9 2.0E9 2.0E9 2.0E9 -2.044967296E9 -1.794967296E9 -1.544967296E9 -7.94967296E8 -5.44967296E8 -5.44967296E8 -4.4967296E7
44 0.0 0.0 0.0 0.0 0.0 2.5E8 5.0E8 5.0E8 7.5E8 7.5E8 1.0E9 1.25E9 -3.39934592E8 -8.9934592E7 4.10065408E8 6.60065408E8 9.10065408E8 9.10065408E8 9.10065408E8 1.160065408E9
45 2.5E8 2.5E8 5.0E8 7.5E8 7.5E8 1.5E9 1.5E9 1.5E9 1.5E9 1.5E9 1.5E9 1.5E9 1.75E9 2.0E9 2.0E9 -2.044967296E9 -2.044967296E9 -1.794967296E9 -1.544967296E9 -1.044967296E9
46 5.0E8 5.0E8 1.0E9 1.0E9 1.0E9 1.25E9 1.25E9 1.25E9 1.5E9 1.75E9 1.75E9 1.75E9 1.75E9 -2.044967296E9 -1.544967296E9 -1.544967296E9 -1.294967296E9 -1.044967296E9 -1.044967296E9 -1.044967296E9
47 0.0 0.0 5.0E8 5.0E8 5.0E8 5.0E8 1.0E9 1.25E9 1.25E9 1.25E9 1.25E9 1.5E9 1.5E9 1.75E9 1.75E9 2.0E9 -2.044967296E9 -2.044967296E9 -1.794967296E9 -1.794967296E9
48 0.0 0.0 2.5E8 5.0E8 5.0E8 7.5E8 1.0E9 1.0E9 1.0E9 1.25E9 1.25E9 1.25E9 1.25E9 1.5E9 1.5E9 1.5E9 1.75E9 2.0E9 2.0E9 -2.044967296E9
49 0.0 2.5E8 5.0E8 5.0E8 5.0E8 5.0E8 7.5E8 7.5E8 7.5E8 1.0E9 1.0E9 1.25E9 2.0E9 -1.794967296E9 -1.544967296E9 -1.044967296E9 -7.94967296E8 -5.44967296E8 -5.44967296E8 -2.94967296E8
50 0.0 7.5E8 1.0E9 1.75E9 1.75E9 2.0E9 -1.544967296E9 -1.544967296E9 -1.294967296E9 -1.044967296E9 -7.94967296E8 -5.44967296E8 -2.94967296E8 -2.94967296E8 -4.4967296E7 -4.4967296E7 -4.4967296E7 2.05032704E8 4.55032704E8 7.05032704E8
51 1.5E9 1.5E9 1.5E9 1.5E9 1.75E9 7.05032704E8 7.05032704E8 7.05032704E8 7.05032704E8 -1.089934592E9 -8.39934592E8 -5.89934592E8 1.410065408E9 1.410065408E9 1.660065408E9 1.660065408E9 1.910065408E9 -3.84901888E8 -1.34901888E8 -1.34901888E8
