records: 20
      Record Time
Host  UsedBuffer

  49376.0 98752.0 148128.0 197504.0 246880.0 296256.0 345632.0 395008.0 444384.0 493760.0 543136.0 592512.0 641888.0 691264.0 740640.0 790016.0 839392.0 888768.0 938144.0 987520.0
0 1.0E9 2.0E9 1.705032704E9 1.955032704E9 -1.589934592E9 -2.019803776E9 9.5294336E7 1.05032704E9 -1.379542144E9 1.620457856E9 -1.264444032E9 -1.014444032E9 1.645621376E9 2.145621376E9 -1.64934592E9 -1.64934592E9 -1.64934592E9 -1.64934592E9 -1.39934592E9 -1.14934592E9
1 1.25E9 1.25E9 4.10065408E8 4.10065408E8 3.20130816E8 1.40261632E8 1.095294336E9 5.5032704E8 -1.629542144E9 -1.629542144E9 -1.264444032E9 -1.014444032E9 1.45621376E8 3.95621376E8 3.95621376E8 3.95621376E8 8.95621376E8 8.95621376E8 1.895621376E9 2.145621376E9
2 -2.044967296E9 -1.794967296E9 -1.589934592E9 1.615098112E9 -1.929869184E9 8.90261632E8 -4.04705664E8 -4.94640256E8 -2.129542144E9 6.20457856E8 -1.4444032E7 7.35555968E8 8.95621376E8 8.95621376E8 1.60065408E9 -1.444313216E9 1.0719488E7 -9.19149696E8 -9.19149696E8 -5.09084288E8
3 1.0E9 1.0E9 1.705032704E9 1.955032704E9 -1.839934592E9 -8.59738368E8 -1.54705664E8 -1.9967296E8 -2.129542144E9 8.70457856E8 -2.014444032E9 -1.514444032E9 8.95621376E8 1.145621376E9 1.395621376E9 1.645621376E9 1.895621376E9 1.895621376E9 1.895621376E9 1.895621376E9
4 1.25E9 1.25E9 1.660065408E9 1.910065408E9 5.70130816E8 -1.09738368E8 1.140261632E9 1.05032704E9 1.915425152E9 1.20457856E8 -1.014444032E9 4.85555968E8 2.145621376E9 -1.89934592E9 -1.39934592E9 -1.14934592E9 -1.14934592E9 -1.169149696E9 -6.69149696E8 -1.69149696E8
5 1.25E9 1.75E9 4.55032704E8 -1.384901888E9 2.516352E7 -1.359738368E9 -4.04705664E8 8.0032704E8 -2.129542144E9 -2.129542144E9 -2.129542144E9 2.35555968E8 -3.54378624E8 1.45621376E8 -1.14934592E9 -1.14934592E9 -4.89280512E8 -9.19149696E8 -9.19149696E8 -6.69149696E8
6 2.0E9 -1.794967296E9 -1.089934592E9 -8.39934592E8 1.865098112E9 -6.09738368E8 3.45294336E8 2.55359744E8 -1.629542144E9 2.120457856E9 -1.014444032E9 -5.14444032E8 1.145621376E9 1.145621376E9 -1.944313216E9 -1.444313216E9 -1.194313216E9 5.80850304E8 5.80850304E8 5.80850304E8
7 2.5E8 7.5E8 -7.94967296E8 -7.94967296E8 -5.44967296E8 -1.634901888E9 -1.134901888E9 2.55359744E8 2.55359744E8 1.005359744E9 -2.039607552E9 -2.039607552E9 -1.039607552E9 -7.89607552E8 -7.89607552E8 -5.39607552E8 -2.89607552E8 -9.69476736E8 -4.69476736E8 -4.69476736E8
8 1.25E9 1.5E9 1.75E9 1.75E9 1.75E9 -3.59738368E8 -1.09738368E8 1.05032704E9 4.15425152E8 6.65425152E8 -7.64444032E8 -5.14444032E8 1.395621376E9 1.395621376E9 1.395621376E9 1.645621376E9 -1.89934592E9 -1.64934592E9 -1.64934592E9 -1.39934592E9
9 1.0E9 1.25E9 1.455032704E9 1.705032704E9 -1.929869184E9 -1.609738368E9 -6.54705664E8 1.095294336E9 3.0032704E8 3.0032704E8 -1.514444032E9 7.35555968E8 8.95621376E8 8.95621376E8 8.95621376E8 8.95621376E8 8.95621376E8 1.145621376E9 1.145621376E9 1.395621376E9
10 1.25E9 1.75E9 -1.839934592E9 -1.839934592E9 1.365098112E9 1.390261632E9 1.890261632E9 -4.4967296E8 9.15425152E8 -1.629542144E9 -1.014444032E9 -1.014444032E9 1.145621376E9 1.395621376E9 6.0065408E8 6.0065408E8 5.10719488E8 -4.19149696E8 -1.69149696E8 8.0850304E7
11 1.75E9 -2.044967296E9 -2.044967296E9 -2.044967296E9 -2.044967296E9 -2.044967296E9 -1.794967296E9 1.02516352E9 1.77516352E9 -1.769803776E9 -1.264444032E9 -7.64444032E8 -1.64934592E9 -1.64934592E9 1.60065408E9 1.85065408E9 2.10065408E9 -1.69149696E8 -1.69149696E8 -1.69149696E8
12 1.25E9 1.5E9 -1.544967296E9 -1.544967296E9 1.365098112E9 1.40261632E8 -9.04705664E8 -9.94640256E8 1.415425152E9 1.415425152E9 1.415425152E9 1.915425152E9 1.370457856E9 1.620457856E9 -1.17450944E9 -4.2450944E8 -6.04378624E8 -1.669149696E9 1.580850304E9 1.285883008E9
13 1.25E9 1.25E9 9.55032704E8 1.205032704E9 1.205032704E9 3.90261632E8 9.5294336E7 8.0032704E8 -1.629542144E9 -1.629542144E9 -2.014444032E9 -2.014444032E9 -8.9934592E8 -8.9934592E8 -1.444313216E9 -1.194313216E9 -1.739280512E9 -1.419149696E9 -1.69149696E8 -7.59084288E8
14 1.0E9 1.25E9 1.205032704E9 1.455032704E9 3.20130816E8 6.40261632E8 8.45294336E8 -1.994640256E9 -1.379542144E9 1.120457856E9 -7.64444032E8 4.85555968E8 1.645621376E9 1.895621376E9 2.145621376E9 -1.64934592E9 -1.739280512E9 -1.919149696E9 -1.919149696E9 -1.669149696E9
15 1.5E9 1.5E9 4.55032704E8 4.55032704E8 7.0130816E7 6.40261632E8 -4.04705664E8 5359744.0 -2.129542144E9 8.70457856E8 -1.264444032E9 -1.014444032E9 8.95621376E8 8.95621376E8 8.5065408E8 8.5065408E8 8.5065408E8 2.1258176E9 2.1258176E9 2.1258176E9
16 1.75E9 1.75E9 1.75E9 1.75E9 1.75E9 -5.44967296E8 -4.4967296E7 4.55032704E8 -1.129542144E9 1.620457856E9 -1.264444032E9 -1.014444032E9 -1.39934592E9 -1.14934592E9 -9.44313216E8 -4.44313216E8 5.5686784E7 8.0850304E7 1.330850304E9 2.40915712E8
17 1.0E9 2.0E9 1.705032704E9 1.955032704E9 -6.79869184E8 6.40261632E8 2.140261632E9 -1.994640256E9 -1.379542144E9 -1.379542144E9 -1.764444032E9 -1.764444032E9 -8.9934592E8 -3.9934592E8 -1.94313216E8 3.05686784E8 3.05686784E8 8.0850304E7 -1.964116992E9 4.90915712E8
18 1.25E9 -2.044967296E9 7.05032704E8 9.55032704E8 6.60065408E8 -2.109738368E9 1.345294336E9 1.80032704E9 -1.879542144E9 -1.129542144E9 -5.14444032E8 -5.14444032E8 -1.89934592E9 -1.89934592E9 -1.94313216E8 5.5686784E7 -7.39280512E8 3.30850304E8 8.30850304E8 7.40915712E8
19 1.25E9 1.25E9 -5.44967296E8 -1.134901888E9 3.20130816E8 -8.59738368E8 5.95294336E8 5.5032704E8 -2.129542144E9 -1.629542144E9 -1.014444032E9 9.85555968E8 2.145621376E9 2.145621376E9 1.60065408E9 1.60065408E9 2.055686784E9 -6.69149696E8 1.830850304E9 -2.59084288E8
20 1.25E9 1.5E9 -3.39934592E8 -8.9934592E7 3.20130816E8 1.640261632E9 5.95294336E8 7.55359744E8 -8.79542144E8 1.620457856E9 -5.14444032E8 -5.14444032E8 -1.39934592E9 -1.39934592E9 1.055686784E9 -1.489280512E9 1.510719488E9 -1.69149696E8 8.0850304E7 -9084288.0
21 1.25E9 1.75E9 -4.4967296E7 -4.4967296E7 -1.79869184E8 3.90261632E8 -4.04705664E8 5359744.0 -1.629542144E9 -6.29542144E8 -1.514444032E9 -1.514444032E9 -1.04378624E8 -1.04378624E8 1.35065408E9 -9.44313216E8 -4.89280512E8 -1.419149696E9 -6.69149696E8 -1.509084288E9
22 1.25E9 1.25E9 1.5E9 1.5E9 -2.044967296E9 2.7516352E8 -1.019803776E9 -7.69803776E8 -1.379542144E9 1.370457856E9 -1.264444032E9 9.85555968E8 -1.64934592E9 -1.64934592E9 2.10065408E9 2.10065408E9 2.10065408E9 -6.69149696E8 8.30850304E8 -1.009084288E9
23 1.5E9 -2.044967296E9 -1.294967296E9 -7.94967296E8 -2.94967296E8 9.10065408E8 1.85228928E8 2.095294336E9 2.095294336E9 2.095294336E9 2.095294336E9 -1.94967296E9 -1.94967296E9 -1.94967296E9 -1.69967296E9 -1.69967296E9 -1.44967296E9 1.80032704E9 1.755359744E9 -2.039607552E9
24 1.25E9 1.25E9 -1.589934592E9 -1.589934592E9 3.20130816E8 1.40261632E8 -6.54705664E8 5359744.0 -2.129542144E9 1.120457856E9 -1.469476736E9 -1.469476736E9 6.45621376E8 8.95621376E8 1.35065408E9 1.35065408E9 1.0719488E7 -1.669149696E9 -1.169149696E9 -1.009084288E9
25 1.75E9 -2.044967296E9 -1.544967296E9 -1.294967296E9 -8.9934592E7 9.10065408E8 4.35228928E8 1.05032704E9 2.55359744E8 2.55359744E8 5.05359744E8 5.05359744E8 5.05359744E8 7.55359744E8 7.55359744E8 7.55359744E8 7.55359744E8 1.005359744E9 -1.789607552E9 -1.789607552E9
26 0.0 5.0E8 5.0E8 -1.634901888E9 7.0130816E7 8.90261632E8 -1.54705664E8 5359744.0 -1.879542144E9 -3.79542144E8 -1.514444032E9 -1.514444032E9 3.95621376E8 3.95621376E8 -1.944313216E9 -1.444313216E9 -4.89280512E8 -1.69149696E8 -1.69149696E8 -7.59084288E8
27 2.0E9 2.0E9 2.05032704E8 -1.339934592E9 1.115098112E9 -1.109738368E9 9.5294336E7 2.55359744E8 7.55359744E8 1.620457856E9 -1.264444032E9 -7.64444032E8 8.95621376E8 1.645621376E9 1.60065408E9 -9.44313216E8 1.0719488E7 -9.19149696E8 -1.69149696E8 -7.59084288E8
28 1.5E9 1.75E9 4.55032704E8 1.705032704E9 1.705032704E9 -1.564771072E9 1.390261632E9 -1.404705664E9 5.5032704E8 1.05032704E9 -1.014444032E9 -7.64444032E8 1.145621376E9 1.645621376E9 -1.89934592E9 -1.14934592E9 -1.14934592E9 -1.169149696E9 -6.69149696E8 -1.69149696E8
29 1.5E9 2.0E9 -2.089934592E9 -2.089934592E9 -8.9934592E7 7.30196224E8 2.140261632E9 2.140261632E9 4.15425152E8 4.15425152E8 -2.014444032E9 -2.014444032E9 8.95621376E8 8.95621376E8 2.10065408E9 2.10065408E9 1.010719488E9 8.758176E8 -1.214116992E9 -2.59084288E8
30 1.0E9 1.5E9 1.5E9 1.75E9 -2.044967296E9 -1.544967296E9 -1.044967296E9 -1.044967296E9 -2.134901888E9 -1.884901888E9 -4.29869184E8 7.0130816E7 7.0130816E7 7.0130816E7 3.20130816E8 5.70130816E8 5.70130816E8 -1.519803776E9 -1.519803776E9 -1.519803776E9
31 -1.794967296E9 -1.794967296E9 4.55032704E8 -3.39934592E8 3.20130816E8 1.40261632E8 -1.54705664E8 5359744.0 1.915425152E9 1.20457856E8 -1.264444032E9 -1.014444032E9 -6.04378624E8 -3.54378624E8 3.5065408E8 1.60065408E9 -2.39280512E8 -1.919149696E9 -1.919149696E9 -2.009084288E9
32 1.5E9 1.5E9 6.60065408E8 1.160065408E9 1.320130816E9 -1.09738368E8 -1.09738368E8 1.30032704E9 -1.379542144E9 8.70457856E8 -1.014444032E9 1.235555968E9 -1.14934592E9 -1.4934592E8 -1.194313216E9 -9.44313216E8 2.60719488E8 -4.19149696E8 -1.69149696E8 -9084288.0
33 1.75E9 2.0E9 1.910065408E9 1.365098112E9 5.2516352E8 1.890261632E9 3.45294336E8 5.05359744E8 -1.129542144E9 2.120457856E9 -7.64444032E8 -5.14444032E8 1.395621376E9 1.395621376E9 -6.94313216E8 5.5686784E7 2.010719488E9 8.0850304E7 8.0850304E7 2.40915712E8
34 1.75E9 1.75E9 -1.839934592E9 -1.339934592E9 -1.339934592E9 -1.339934592E9 -1.339934592E9 -1.339934592E9 -1.339934592E9 -1.339934592E9 -1.339934592E9 -1.089934592E9 -1.089934592E9 -1.089934592E9 -1.089934592E9 -8.39934592E8 -8.39934592E8 -3.39934592E8 -8.9934592E7 -8.9934592E7
35 1.5E9 1.5E9 4.55032704E8 1.115098112E9 5.70130816E8 6.40261632E8 -1.54705664E8 5359744.0 -1.379542144E9 1.870457856E9 -1.264444032E9 -1.014444032E9 8.95621376E8 1.395621376E9 1.85065408E9 -1.194313216E9 1.010719488E9 -4.19149696E8 -1.69149696E8 -5.09084288E8
36 2.5E8 2.5E8 1.25E9 1.25E9 1.5E9 1.75E9 -2.044967296E9 -1.794967296E9 -1.794967296E9 -1.544967296E9 -1.544967296E9 -1.044967296E9 -1.044967296E9 -7.94967296E8 -5.44967296E8 -5.44967296E8 -2.94967296E8 -2.94967296E8 -2.94967296E8 -2.94967296E8
37 5.0E8 1.5E9 1.5E9 -7.94967296E8 -5.44967296E8 -4.4967296E7 -4.4967296E7 4.55032704E8 9.55032704E8 -1.339934592E9 -8.39934592E8 -3.39934592E8 -8.9934592E7 1.60065408E8 4.10065408E8 9.10065408E8 1.410065408E9 1.410065408E9 1.410065408E9 1.410065408E9
38 0.0 7.5E8 7.5E8 1.0E9 2.0E9 -2.044967296E9 -2.044967296E9 -1.794967296E9 -1.544967296E9 -1.294967296E9 -1.044967296E9 -7.94967296E8 -5.44967296E8 -4.4967296E7 4.55032704E8 7.05032704E8 7.05032704E8 7.05032704E8 9.55032704E8 9.55032704E8
39 7.5E8 7.5E8 7.5E8 7.5E8 1.5E9 2.0E9 -2.044967296E9 -2.044967296E9 -2.044967296E9 -1.794967296E9 -1.544967296E9 -1.544967296E9 -1.294967296E9 -1.044967296E9 -1.044967296E9 -1.044967296E9 -1.044967296E9 -7.94967296E8 -7.94967296E8 -2.94967296E8
40 5.0E8 7.5E8 1.5E9 1.75E9 2.0E9 2.0E9 2.0E9 2.0E9 2.0E9 2.0E9 2.0E9 -2.044967296E9 -1.794967296E9 -1.794967296E9 -1.544967296E9 -1.544967296E9 -1.294967296E9 -7.94967296E8 -5.44967296E8 -2.94967296E8
41 5.0E8 7.5E8 1.0E9 1.5E9 1.5E9 1.75E9 -2.044967296E9 -1.544967296E9 -1.544967296E9 -1.294967296E9 -1.294967296E9 -1.294967296E9 -7.94967296E8 -7.94967296E8 -5.44967296E8 -4.4967296E7 -4.4967296E7 2.05032704E8 2.05032704E8 2.05032704E8
42 0.0 2.5E8 2.5E8 1.0E9 1.0E9 1.0E9 1.0E9 1.25E9 1.5E9 1.5E9 2.0E9 -2.044967296E9 -2.044967296E9 -1.794967296E9 -1.544967296E9 -1.544967296E9 -1.294967296E9 -7.94967296E8 -5.44967296E8 -2.94967296E8
43 2.5E8 2.5E8 5.0E8 5.0E8 5.0E8 5.0E8 7.5E8 1.25E9 1.75E9 1.75E9 2.0E9 2.0E9 2.0E9 -2.044967296E9 -1.794967296E9 -1.544967296E9 -7.94967296E8 -5.44967296E8 -5.44967296E8 -4.4967296E7
44 0.0 0.0 0.0 0.0 0.0 2.5E8 5.0E8 5.0E8 7.5E8 7.5E8 1.0E9 1.25E9 -3.39934592E8 -8.9934592E7 4.10065408E8 6.60065408E8 9.10065408E8 9.10065408E8 9.10065408E8 1.160065408E9
45 2.5E8 2.5E8 5.0E8 7.5E8 7.5E8 1.5E9 1.5E9 1.5E9 1.5E9 1.5E9 1.5E9 1.5E9 1.75E9 2.0E9 2.0E9 -2.044967296E9 -2.044967296E9 -1.794967296E9 -1.544967296E9 -1.044967296E9
46 5.0E8 5.0E8 1.0E9 1.0E9 1.0E9 1.25E9 1.25E9 1.25E9 1.5E9 1.75E9 1.75E9 1.75E9 1.75E9 -2.044967296E9 -1.544967296E9 -1.544967296E9 -1.294967296E9 -1.044967296E9 -1.044967296E9 -1.044967296E9
47 0.0 0.0 5.0E8 5.0E8 5.0E8 5.0E8 1.0E9 1.25E9 1.25E9 -1.839934592E9 -1.839934592E9 -1.589934592E9 -1.589934592E9 -1.339934592E9 -1.339934592E9 -1.089934592E9 -8.39934592E8 -8.39934592E8 -5.89934592E8 -5.89934592E8
48 0.0 0.0 2.5E8 5.0E8 5.0E8 7.5E8 1.0E9 1.0E9 1.0E9 1.25E9 1.25E9 1.25E9 1.25E9 1.5E9 1.5E9 1.5E9 1.75E9 2.0E9 2.0E9 -2.044967296E9
49 0.0 2.5E8 5.0E8 5.0E8 5.0E8 5.0E8 7.5E8 7.5E8 7.5E8 1.0E9 1.0E9 1.25E9 2.0E9 -1.794967296E9 -1.544967296E9 -1.044967296E9 -7.94967296E8 -5.44967296E8 -5.44967296E8 -2.94967296E8
50 0.0 7.5E8 1.0E9 1.75E9 1.75E9 2.0E9 -1.544967296E9 -1.544967296E9 -1.294967296E9 -1.044967296E9 -7.94967296E8 -5.44967296E8 -2.94967296E8 -2.94967296E8 -4.4967296E7 -4.4967296E7 -4.4967296E7 2.05032704E8 4.55032704E8 7.05032704E8
51 1.5E9 1.5E9 1.5E9 1.5E9 1.75E9 7.05032704E8 7.05032704E8 7.05032704E8 7.05032704E8 -1.089934592E9 -8.39934592E8 -5.89934592E8 -1.884901888E9 -1.884901888E9 -1.634901888E9 -1.634901888E9 -1.384901888E9 1.865098112E9 2.115098112E9 2.115098112E9
