0 3351
1 1981
2 4462
3 3280
4 2962
5 2676
6 762
7 1050
8 1527
9 2866
10 545
11 435
12 4367
13 4082
14 2319
15 4019
16 3451
17 976
18 676
19 1394
20 1350
21 2371
22 2488
23 3022
24 3229
25 3093
26 2433
27 2930
28 1996
29 2813
30 3281
31 4085
32 2386
33 2635
34 2410
35 2738
36 2827
37 3204
38 2585
39 3487
40 2589
41 2130
42 4115
43 3607
44 2965
45 2627
46 3217
47 3967
48 3117
49 3944
50 4117
51 3639
52 4258
53 3048
54 1891
55 3721
56 3354
57 3779
58 2783
59 5382
60 3592
61 2390
62 1495
63 3542
64 2375
65 5047
66 3276
67 1991
68 1388
69 3980
70 3167
71 4674
72 3604
73 4763
74 4498
75 4968
76 5465
77 5266
78 5060
79 3919
80 4184
81 5287
82 1441
83 5444
84 2749
85 4152
86 4108
87 5652
88 5244
89 5117
90 4187
91 2014
92 5284
93 1845
94 4158
95 2371
96 657
97 3954
