records: 20
      Record Time
Host  UsedBuffer

  16870.0 33740.0 50610.0 67480.0 84350.0 101220.0 118090.0 134960.0 151830.0 168700.0 185570.0 202440.0 219310.0 236180.0 253050.0 269920.0 286790.0 303660.0 320530.0 337400.0
0 1000000.0 1000000.0 1000000.0 3000000.0 3000000.0 3000000.0 3000000.0 3000000.0 4000000.0 4000000.0 4000000.0 4000000.0 4000000.0 4000000.0 4000000.0 4000000.0 4000000.0 4000000.0 4000000.0 4000000.0
1 9000000.0 1.5E7 1.5E7 4.7E7 6.4E7 6.8E7 7.0E7 7.4E7 1.15E8 1.36E8 1.4E8 1.45E8 1.45E8 1.78E8 1.92E8 1.93E8 1.93E8 2.09E8 2.31E8 2.42E8
2 9000000.0 1.4E7 3.1E7 4.6E7 6.3E7 6.8E7 8.3E7 1.0E8 1.21E8 1.33E8 1.36E8 1.49E8 1.52E8 1.81E8 1.89E8 1.92E8 2.02E8 2.11E8 2.38E8 2.42E8
3 8000000.0 1.2E7 3.0E7 4.8E7 6.5E7 7.0E7 8.5E7 1.02E8 1.23E8 1.36E8 1.39E8 1.52E8 1.56E8 1.84E8 1.91E8 1.98E8 2.03E8 2.1E8 2.38E8 2.43E8
4 8000000.0 1.2E7 2.9E7 4.7E7 6.4E7 6.9E7 8.5E7 1.02E8 1.23E8 1.36E8 1.39E8 1.52E8 1.56E8 1.84E8 1.92E8 1.97E8 2.04E8 2.14E8 2.41E8 2.45E8
5 0.0 0.0 0.0 0.0 0.0 0.0 2000000.0 2000000.0 2000000.0 2000000.0 3000000.0 4000000.0 4000000.0 5000000.0 5000000.0 6000000.0 6000000.0 7000000.0 7000000.0 7000000.0
6 0.0 0.0 0.0 4.7E7 6.1E7 6.7E7 6.7E7 9.5E7 1.22E8 1.33E8 1.37E8 1.38E8 1.38E8 1.83E8 1.9E8 1.9E8 2.04E8 2.04E8 2.35E8 2.35E8
7 0.0 0.0 1000000.0 1000000.0 1000000.0 1000000.0 1000000.0 1000000.0 1000000.0 1000000.0 1000000.0 1000000.0 1000000.0 1000000.0 1000000.0 1000000.0 2000000.0 2000000.0 2000000.0 3000000.0
8 0.0 0.0 2.8E7 4.6E7 6.4E7 6.8E7 7.1E7 7.1E7 7.2E7 1.34E8 1.38E8 1.39E8 1.39E8 1.76E8 1.89E8 1.91E8 1.91E8 1.93E8 2.34E8 2.4E8
9 0.0 1000000.0 1000000.0 1000000.0 1000000.0 1000000.0 2000000.0 2000000.0 2000000.0 2000000.0 2000000.0 2000000.0 2000000.0 3000000.0 3000000.0 4000000.0 4000000.0 4000000.0 4000000.0 5000000.0
10 0.0 0.0 3.1E7 4.8E7 4.8E7 4.8E7 8.0E7 9.6E7 1.22E8 1.37E8 1.38E8 1.48E8 1.57E8 1.84E8 1.92E8 1.93E8 2.05E8 2.09E8 2.39E8 2.44E8
11 0.0 0.0 0.0 4.6E7 6.1E7 6.9E7 8.3E7 9.4E7 1.16E8 1.33E8 1.33E8 1.33E8 1.57E8 1.8E8 1.89E8 1.9E8 1.9E8 2.06E8 2.29E8 2.29E8
12 0.0 0.0 0.0 0.0 0.0 0.0 0.0 0.0 0.0 0.0 0.0 0.0 0.0 0.0 0.0 0.0 1000000.0 1000000.0 1000000.0 2000000.0
13 9000000.0 1.4E7 3.1E7 4.7E7 6.2E7 6.7E7 8.2E7 1.0E8 1.21E8 1.34E8 1.37E8 1.46E8 1.53E8 1.81E8 1.81E8 1.81E8 1.81E8 1.82E8 1.82E8 1.82E8
14 1000000.0 1000000.0 3.0E7 4.7E7 6.2E7 6.7E7 8.2E7 1.0E8 1.21E8 1.34E8 1.37E8 1.4E8 1.53E8 1.81E8 1.82E8 1.82E8 1.82E8 1.83E8 1.83E8 1.83E8
15 0.0 0.0 0.0 0.0 0.0 0.0 0.0 0.0 0.0 0.0 0.0 0.0 0.0 0.0 0.0 0.0 0.0 0.0 0.0 0.0
16 9000000.0 1.4E7 1.4E7 4.8E7 6.5E7 6.8E7 7.1E7 9.1E7 1.23E8 1.36E8 1.43E8 1.44E8 1.51E8 1.83E8 1.91E8 1.94E8 1.96E8 1.97E8 2.38E8 2.42E8
17 1000000.0 1.4E7 1.6E7 4.2E7 5.7E7 6.6E7 6.8E7 7.3E7 1.23E8 1.31E8 1.36E8 1.43E8 1.48E8 1.55E8 1.86E8 1.86E8 1.9E8 1.9E8 1.97E8 1.97E8
18 0.0 0.0 7000000.0 4.2E7 6.2E7 6.2E7 6.9E7 7.0E7 1.11E8 1.33E8 1.37E8 1.37E8 1.44E8 1.44E8 1.88E8 1.88E8 1.91E8 1.92E8 1.98E8 1.98E8
19 0.0 1.4E7 1.6E7 4.2E7 5.6E7 6.7E7 6.8E7 7.3E7 1.21E8 1.31E8 1.36E8 1.43E8 1.48E8 1.55E8 1.87E8 1.87E8 1.91E8 1.91E8 1.97E8 1.97E8
20 9000000.0 9000000.0 9000000.0 9000000.0 9000000.0 9000000.0 1.5E7 1.5E7 1.13E8 1.31E8 1.31E8 1.42E8 1.48E8 1.69E8 1.91E8 1.92E8 1.92E8 1.92E8 2.38E8 2.41E8
21 9000000.0 1.4E7 1.5E7 1.6E7 1.6E7 6.8E7 7.9E7 1.02E8 1.23E8 1.33E8 1.33E8 1.33E8 1.33E8 1.84E8 1.92E8 2.02E8 2.02E8 2.15E8 2.37E8 2.42E8
22 1.1E7 1.5E7 3.1E7 4.8E7 5.4E7 5.4E7 5.4E7 9.6E7 1.23E8 1.34E8 1.34E8 1.34E8 1.34E8 1.34E8 1.35E8 1.35E8 1.36E8 1.36E8 1.36E8 1.36E8
23 5000000.0 1.4E7 2.9E7 4.6E7 6.3E7 6.5E7 8.2E7 9.4E7 1.21E8 1.25E8 1.4E8 1.41E8 1.41E8 1.82E8 1.84E8 1.93E8 1.93E8 2.13E8 2.39E8 2.41E8
24 9000000.0 1.4E7 1.5E7 1.6E7 6.4E7 6.7E7 7.8E7 1.01E8 1.23E8 1.33E8 1.33E8 1.33E8 1.33E8 1.82E8 1.9E8 2.0E8 2.0E8 2.13E8 2.38E8 2.39E8
25 9000000.0 1.4E7 1.4E7 1.4E7 6.3E7 6.7E7 7.8E7 9.5E7 1.22E8 1.35E8 1.4E8 1.4E8 1.4E8 1.81E8 1.89E8 1.96E8 1.96E8 1.96E8 2.38E8 2.42E8
26 1.1E7 1.4E7 3.1E7 4.8E7 6.4E7 6.5E7 8.5E7 9.0E7 1.23E8 1.33E8 1.33E8 1.33E8 1.55E8 1.84E8 1.88E8 1.88E8 1.88E8 1.88E8 1.88E8 1.88E8
27 0.0 1000000.0 1000000.0 1000000.0 1000000.0 1000000.0 1000000.0 1000000.0 2000000.0 2000000.0 2000000.0 2000000.0 2000000.0 3000000.0 3000000.0 3000000.0 3000000.0 3000000.0 3000000.0 3000000.0
28 1.0E7 1.1E7 2.9E7 4.7E7 6.3E7 6.7E7 7.0E7 9.5E7 1.22E8 1.35E8 1.38E8 1.38E8 1.38E8 1.38E8 1.39E8 1.39E8 1.39E8 1.44E8 2.36E8 2.43E8
29 9000000.0 1.4E7 3.1E7 4.7E7 6.4E7 6.7E7 6.7E7 6.7E7 6.7E7 6.7E7 6.7E7 6.7E7 1.52E8 1.82E8 1.9E8 1.92E8 2.02E8 2.06E8 2.38E8 2.42E8
30 0.0 0.0 0.0 0.0 0.0 0.0 1000000.0 2000000.0 4000000.0 4000000.0 4000000.0 4000000.0 4000000.0 4000000.0 4000000.0 5000000.0 5000000.0 5000000.0 5000000.0 5000000.0
31 0.0 0.0 0.0 0.0 1000000.0 1000000.0 1000000.0 1000000.0 1000000.0 1000000.0 1000000.0 1000000.0 1000000.0 1000000.0 1000000.0 1000000.0 1000000.0 2000000.0 3000000.0 4000000.0
32 4000000.0 1.4E7 3.0E7 4.1E7 4.1E7 6.8E7 6.9E7 7.3E7 1.23E8 1.36E8 1.42E8 1.42E8 1.58E8 1.82E8 1.89E8 1.92E8 1.92E8 2.07E8 2.39E8 2.45E8
33 1000000.0 1000000.0 3.1E7 4.8E7 5.2E7 5.3E7 5.3E7 9.4E7 1.23E8 1.36E8 1.42E8 1.42E8 1.43E8 1.43E8 1.44E8 1.44E8 1.45E8 1.45E8 1.45E8 1.45E8
34 1.0E7 1.3E7 3.0E7 4.8E7 6.1E7 6.1E7 8.4E7 8.7E7 1.22E8 1.33E8 1.4E8 1.4E8 1.53E8 1.81E8 1.85E8 1.85E8 1.85E8 1.85E8 2.38E8 2.44E8
35 0.0 0.0 1000000.0 1000000.0 2000000.0 2000000.0 2000000.0 2000000.0 3000000.0 3000000.0 4000000.0 4000000.0 5000000.0 5000000.0 5000000.0 5000000.0 5000000.0 5000000.0 5000000.0 5000000.0
36 4000000.0 5000000.0 3.1E7 4.8E7 5.2E7 5.3E7 5.3E7 9.3E7 1.23E8 1.36E8 1.42E8 1.42E8 1.43E8 1.43E8 1.44E8 1.44E8 1.45E8 1.45E8 1.46E8 1.46E8
37 0.0 0.0 1000000.0 1000000.0 1000000.0 1000000.0 1000000.0 1000000.0 1000000.0 2000000.0 2000000.0 2000000.0 2000000.0 2000000.0 2000000.0 2000000.0 2000000.0 2000000.0 2000000.0 2000000.0
38 1000000.0 2000000.0 2000000.0 2.3E7 6.4E7 6.7E7 6.7E7 9.0E7 1.2E8 1.28E8 1.38E8 1.38E8 1.54E8 1.73E8 1.86E8 1.92E8 1.93E8 1.93E8 2.25E8 2.25E8
39 1.0E7 1.3E7 3.0E7 4.8E7 6.4E7 6.7E7 7.4E7 8.5E7 1.23E8 1.35E8 1.42E8 1.42E8 1.42E8 1.43E8 1.43E8 2.0E8 2.04E8 2.07E8 2.4E8 2.46E8
40 0.0 0.0 0.0 0.0 0.0 0.0 0.0 0.0 0.0 0.0 0.0 0.0 0.0 0.0 0.0 1000000.0 1000000.0 1000000.0 1000000.0 1000000.0
41 0.0 1000000.0 1000000.0 1000000.0 1000000.0 1000000.0 1000000.0 1000000.0 1000000.0 1000000.0 1000000.0 1000000.0 1000000.0 1000000.0 3000000.0 3000000.0 3000000.0 4000000.0 4000000.0 4000000.0
42 1.1E7 1.2E7 3.1E7 4.2E7 4.2E7 5.0E7 8.0E7 1.02E8 1.22E8 1.35E8 1.43E8 1.43E8 1.43E8 1.83E8 1.91E8 1.92E8 1.94E8 2.08E8 2.4E8 2.46E8
43 1000000.0 1000000.0 1000000.0 2000000.0 2000000.0 2000000.0 2000000.0 2000000.0 2000000.0 3000000.0 3000000.0 3000000.0 3000000.0 3000000.0 3000000.0 5000000.0 5000000.0 5000000.0 6000000.0 6000000.0
44 1.1E7 1.4E7 1.5E7 1.5E7 1.5E7 1.5E7 8.5E7 1.01E8 1.22E8 1.35E8 1.41E8 1.41E8 1.52E8 1.81E8 1.89E8 1.95E8 1.95E8 1.96E8 2.38E8 2.41E8
45 0.0 1000000.0 1000000.0 1000000.0 1000000.0 1000000.0 1000000.0 1000000.0 1000000.0 2000000.0 3000000.0 3000000.0 4000000.0 5000000.0 5000000.0 5000000.0 5000000.0 5000000.0 5000000.0 5000000.0
46 1.1E7 1.4E7 1.5E7 4.8E7 6.5E7 6.8E7 6.8E7 9.1E7 1.24E8 1.37E8 1.43E8 1.43E8 1.56E8 1.85E8 1.88E8 2.02E8 2.02E8 2.02E8 2.41E8 2.42E8
47 1.1E7 1.4E7 3.0E7 4.6E7 6.2E7 6.8E7 8.5E7 9.6E7 1.23E8 1.36E8 1.42E8 1.51E8 1.55E8 1.84E8 1.92E8 1.93E8 1.93E8 1.93E8 2.4E8 2.46E8
48 1.1E7 1.1E7 3.0E7 4.8E7 6.2E7 6.8E7 7.9E7 1.03E8 1.24E8 1.35E8 1.43E8 1.43E8 1.56E8 1.85E8 1.92E8 2.03E8 2.06E8 2.1E8 2.42E8 2.46E8
49 7000000.0 7000000.0 3.1E7 4.8E7 6.5E7 6.7E7 6.7E7 9.3E7 1.23E8 1.36E8 1.36E8 1.51E8 1.51E8 1.84E8 1.92E8 2.02E8 2.02E8 2.02E8 2.4E8 2.44E8
50 1.1E7 1.5E7 3.1E7 4.2E7 4.3E7 6.8E7 6.9E7 9.8E7 1.23E8 1.36E8 1.42E8 1.47E8 1.62E8 1.84E8 1.92E8 1.93E8 2.04E8 2.04E8 2.41E8 2.47E8
51 1.1E7 1.4E7 3.0E7 4.7E7 6.3E7 6.6E7 7.8E7 9.5E7 1.22E8 1.35E8 1.35E8 1.46E8 1.56E8 1.82E8 1.9E8 2.0E8 2.02E8 2.05E8 2.37E8 2.38E8
52 0.0 0.0 1000000.0 1000000.0 2000000.0 2000000.0 2000000.0 2000000.0 2000000.0 3000000.0 3000000.0 3000000.0 3000000.0 3000000.0 4000000.0 4000000.0 4000000.0 5000000.0 5000000.0 6000000.0
53 7000000.0 1.4E7 3.0E7 3.0E7 3.2E7 3.2E7 8.6E7 9.5E7 1.24E8 1.37E8 1.43E8 1.45E8 1.45E8 1.85E8 1.93E8 1.93E8 1.93E8 1.93E8 2.42E8 2.44E8
54 0.0 0.0 0.0 0.0 0.0 0.0 0.0 0.0 0.0 0.0 0.0 1000000.0 1000000.0 1000000.0 1000000.0 2000000.0 2000000.0 2000000.0 2000000.0 3000000.0
55 0.0 0.0 0.0 0.0 0.0 0.0 0.0 0.0 0.0 0.0 0.0 0.0 0.0 0.0 0.0 1000000.0 1000000.0 1000000.0 2000000.0 2000000.0
56 1.1E7 1.4E7 3.1E7 4.8E7 6.4E7 6.7E7 6.8E7 6.8E7 1.11E8 1.11E8 1.41E8 1.41E8 1.41E8 1.77E8 1.9E8 2.0E8 2.0E8 2.0E8 2.34E8 2.34E8
57 6000000.0 1.4E7 3.1E7 4.2E7 4.2E7 6.9E7 8.4E7 9.0E7 1.23E8 1.36E8 1.42E8 1.52E8 1.59E8 1.84E8 1.92E8 2.0E8 2.05E8 2.16E8 2.39E8 2.41E8
58 1.1E7 1.4E7 3.1E7 4.7E7 5.9E7 5.9E7 5.9E7 5.9E7 6.2E7 1.35E8 1.42E8 1.42E8 1.42E8 1.75E8 1.9E8 1.92E8 1.93E8 1.93E8 2.25E8 2.25E8
59 1.1E7 1.4E7 3.1E7 4.8E7 6.5E7 6.9E7 8.0E7 9.7E7 1.24E8 1.37E8 1.43E8 1.43E8 1.62E8 1.85E8 1.92E8 2.03E8 2.07E8 2.07E8 2.42E8 2.45E8
60 1.1E7 1.1E7 3.1E7 4.8E7 6.5E7 6.7E7 8.5E7 1.02E8 1.23E8 1.35E8 1.37E8 1.49E8 1.55E8 1.83E8 1.9E8 1.92E8 2.04E8 2.08E8 2.36E8 2.36E8
61 6000000.0 1.2E7 3.0E7 4.8E7 6.3E7 6.8E7 8.6E7 9.7E7 1.23E8 1.36E8 1.39E8 1.39E8 1.39E8 1.84E8 1.84E8 1.84E8 1.84E8 1.84E8 1.84E8 1.84E8
62 0.0 0.0 0.0 0.0 0.0 0.0 0.0 0.0 0.0 0.0 0.0 0.0 0.0 0.0 0.0 0.0 0.0 0.0 0.0 1000000.0
63 1.1E7 1.4E7 1.5E7 1.5E7 1.5E7 1.5E7 8.6E7 1.02E8 1.23E8 1.36E8 1.42E8 1.42E8 1.55E8 1.84E8 1.92E8 1.98E8 1.98E8 1.99E8 2.41E8 2.45E8
64 7000000.0 7000000.0 7000000.0 4.8E7 5.6E7 5.6E7 5.6E7 9.7E7 1.24E8 1.37E8 1.39E8 1.39E8 1.39E8 1.85E8 1.93E8 2.0E8 2.01E8 2.14E8 2.41E8 2.43E8
65 1.1E7 1.4E7 3.1E7 4.8E7 6.5E7 6.8E7 8.6E7 9.7E7 1.24E8 1.36E8 1.42E8 1.52E8 1.55E8 1.84E8 1.92E8 1.99E8 1.99E8 1.99E8 2.0E8 2.01E8
66 0.0 0.0 0.0 0.0 0.0 0.0 0.0 0.0 0.0 0.0 0.0 1000000.0 2000000.0 2000000.0 2000000.0 2000000.0 2000000.0 2000000.0 2000000.0 2000000.0
67 0.0 1000000.0 1000000.0 1000000.0 1000000.0 1000000.0 1000000.0 1000000.0 2000000.0 2000000.0 2000000.0 2000000.0 2000000.0 2000000.0 2000000.0 2000000.0 3000000.0 3000000.0 4000000.0 4000000.0
68 4000000.0 5000000.0 5000000.0 5000000.0 5000000.0 5000000.0 5000000.0 5000000.0 5000000.0 7000000.0 7000000.0 7000000.0 1.2E7 1.84E8 1.9E8 1.91E8 1.91E8 1.91E8 1.91E8 1.92E8
69 0.0 0.0 0.0 0.0 0.0 0.0 1000000.0 1000000.0 1000000.0 1000000.0 1000000.0 1000000.0 1000000.0 1000000.0 2000000.0 2000000.0 2000000.0 2000000.0 2000000.0 2000000.0
70 1.1E7 1.4E7 1.4E7 4.9E7 4.9E7 4.9E7 5.5E7 9.8E7 1.23E8 1.36E8 1.42E8 1.5E8 1.5E8 1.84E8 1.91E8 1.91E8 1.91E8 2.05E8 2.06E8 2.06E8
71 9000000.0 9000000.0 1.0E7 4.8E7 6.5E7 6.8E7 8.1E7 1.02E8 1.23E8 1.36E8 1.42E8 1.48E8 1.49E8 1.81E8 1.83E8 1.94E8 1.94E8 2.12E8 2.36E8 2.36E8
72 1.1E7 1.4E7 3.0E7 4.8E7 6.4E7 6.7E7 6.7E7 1.02E8 1.21E8 1.34E8 1.4E8 1.45E8 1.6E8 1.82E8 1.83E8 1.83E8 2.03E8 2.07E8 2.29E8 2.29E8
73 0.0 0.0 0.0 0.0 0.0 0.0 1000000.0 1000000.0 1000000.0 1000000.0 1000000.0 1000000.0 1000000.0 1000000.0 1000000.0 1000000.0 1000000.0 2000000.0 2000000.0 2000000.0
74 9000000.0 1.4E7 3.1E7 4.8E7 6.4E7 6.7E7 7.8E7 9.2E7 1.22E8 1.35E8 1.38E8 1.38E8 1.38E8 1.38E8 1.91E8 1.92E8 1.92E8 1.93E8 1.93E8 1.93E8
75 1000000.0 2000000.0 3.1E7 4.8E7 6.5E7 6.8E7 8.6E7 9.7E7 1.23E8 1.36E8 1.42E8 1.52E8 1.55E8 1.84E8 1.85E8 1.85E8 1.85E8 1.85E8 2.41E8 2.41E8
76 1.1E7 1.4E7 3.1E7 4.8E7 6.5E7 7.0E7 7.0E7 9.7E7 1.24E8 1.37E8 1.43E8 1.43E8 1.43E8 1.85E8 1.93E8 2.0E8 2.0E8 2.0E8 2.41E8 2.44E8
77 3000000.0 3000000.0 3.1E7 4.6E7 6.3E7 6.6E7 8.4E7 9.5E7 1.22E8 1.35E8 1.4E8 1.5E8 1.53E8 1.82E8 1.9E8 1.91E8 2.0E8 2.0E8 2.35E8 2.43E8
78 1.1E7 1.4E7 3.1E7 4.8E7 6.5E7 6.8E7 7.0E7 9.7E7 1.24E8 1.37E8 1.43E8 1.48E8 1.61E8 1.81E8 1.86E8 1.86E8 1.86E8 1.86E8 2.27E8 2.27E8
79 2000000.0 2000000.0 2000000.0 3000000.0 3000000.0 3000000.0 3000000.0 3000000.0 3000000.0 3000000.0 3000000.0 3000000.0 3000000.0 3000000.0 3000000.0 3000000.0 4000000.0 5000000.0 5000000.0 5000000.0
80 9000000.0 1.4E7 1.5E7 4.7E7 6.4E7 6.8E7 8.0E7 8.0E7 1.23E8 1.36E8 1.42E8 1.43E8 1.45E8 1.84E8 1.92E8 2.02E8 2.05E8 2.09E8 2.41E8 2.45E8
81 0.0 0.0 0.0 0.0 0.0 0.0 0.0 0.0 0.0 0.0 0.0 0.0 0.0 0.0 0.0 0.0 0.0 0.0 0.0 0.0
82 1.1E7 1.5E7 3.1E7 4.9E7 5.4E7 5.4E7 5.4E7 9.5E7 9.5E7 1.35E8 1.36E8 1.36E8 1.36E8 1.42E8 1.42E8 1.42E8 1.42E8 1.42E8 2.34E8 2.39E8
83 1.1E7 1.5E7 3.1E7 4.8E7 6.5E7 7.0E7 8.6E7 1.03E8 1.24E8 1.37E8 1.44E8 1.53E8 1.56E8 1.72E8 1.93E8 1.93E8 1.93E8 1.93E8 2.31E8 2.31E8
84 0.0 0.0 0.0 0.0 0.0 0.0 0.0 0.0 0.0 0.0 0.0 1000000.0 1000000.0 1000000.0 1000000.0 1000000.0 1000000.0 2000000.0 2000000.0 3000000.0
85 9000000.0 1.4E7 3.1E7 4.9E7 6.5E7 6.8E7 8.6E7 1.02E8 1.24E8 1.37E8 1.44E8 1.44E8 1.44E8 1.44E8 1.45E8 2.01E8 2.01E8 2.01E8 2.41E8 2.45E8
86 9000000.0 9000000.0 1.0E7 4.7E7 6.3E7 6.6E7 7.9E7 1.0E8 1.22E8 1.35E8 1.41E8 1.41E8 1.41E8 1.42E8 1.43E8 1.43E8 1.43E8 1.43E8 1.43E8 1.43E8
87 0.0 0.0 0.0 0.0 0.0 0.0 0.0 1000000.0 1000000.0 1000000.0 1000000.0 1000000.0 1000000.0 1000000.0 1000000.0 1000000.0 1000000.0 1000000.0 1000000.0 1000000.0
88 1.1E7 1.4E7 3.1E7 4.8E7 6.4E7 6.7E7 8.5E7 1.01E8 1.23E8 1.36E8 1.42E8 1.47E8 1.6E8 1.83E8 1.91E8 1.93E8 2.04E8 2.04E8 2.4E8 2.46E8
89 1.0E7 1.4E7 3.1E7 4.8E7 6.5E7 6.9E7 8.6E7 1.03E8 1.23E8 1.35E8 1.41E8 1.51E8 1.53E8 1.83E8 1.91E8 2.01E8 2.04E8 2.06E8 2.4E8 2.41E8
90 0.0 0.0 0.0 0.0 0.0 0.0 0.0 0.0 0.0 1000000.0 1000000.0 1000000.0 1000000.0 1000000.0 1000000.0 1000000.0 1000000.0 1000000.0 1000000.0 1000000.0
91 1.1E7 1.4E7 1.4E7 4.0E7 4.0E7 4.8E7 5.3E7 9.5E7 1.2E8 1.28E8 1.28E8 1.29E8 1.29E8 1.29E8 1.29E8 1.29E8 1.29E8 1.29E8 1.29E8 1.29E8
92 9000000.0 1.5E7 1.5E7 4.8E7 6.5E7 6.9E7 8.1E7 9.7E7 1.22E8 1.35E8 1.41E8 1.46E8 1.47E8 1.81E8 1.89E8 1.99E8 2.0E8 2.0E8 2.37E8 2.4E8
93 4000000.0 4000000.0 3.0E7 4.7E7 4.8E7 5.4E7 8.3E7 9.0E7 1.22E8 1.23E8 1.23E8 1.23E8 1.24E8 1.24E8 1.24E8 1.24E8 1.24E8 1.24E8 1.24E8 1.24E8
94 0.0 0.0 0.0 1000000.0 1000000.0 1000000.0 1000000.0 1000000.0 1000000.0 1000000.0 1000000.0 1000000.0 1000000.0 1000000.0 1000000.0 1000000.0 2000000.0 2000000.0 2000000.0 2000000.0
95 4000000.0 4000000.0 4000000.0 4.8E7 6.5E7 6.8E7 8.6E7 1.03E8 1.18E8 1.18E8 1.18E8 1.19E8 1.19E8 1.19E8 1.19E8 1.19E8 1.19E8 1.19E8 1.19E8 1.19E8
96 1.1E7 1.4E7 1.4E7 1.4E7 6.5E7 6.9E7 7.1E7 7.1E7 7.1E7 7.1E7 7.1E7 7.1E7 7.1E7 1.83E8 1.9E8 1.97E8 1.97E8 1.97E8 2.37E8 2.43E8
97 1.1E7 1.4E7 3.1E7 4.8E7 6.5E7 6.9E7 6.9E7 6.9E7 6.9E7 6.9E7 6.9E7 6.9E7 7.0E7 7.2E7 7.2E7 7.3E7 7.3E7 7.3E7 7.3E7 7.3E7
