0 3347
1 1981
2 4463
3 3279
4 2958
5 2675
6 762
7 1050
8 1525
9 2867
10 545
11 435
12 4370
13 4082
14 2318
15 4024
16 3451
17 976
18 676
19 1394
20 1350
21 2371
22 2487
23 3022
24 3229
25 3092
26 2433
27 2930
28 1997
29 2814
30 3280
31 4084
32 2386
33 2635
34 2411
35 2738
36 2827
37 3205
38 2585
39 3487
40 2589
41 2130
42 4115
43 3607
44 2966
45 2627
46 3218
47 3968
48 3119
49 3941
50 4116
51 3638
52 4257
53 3048
54 1892
55 3721
56 3355
57 3780
58 2781
59 5382
60 3591
61 2391
62 1495
63 3542
64 2375
65 5047
66 3276
67 1991
68 1388
69 3978
70 3166
71 4673
72 3604
73 4763
74 4496
75 4970
76 5466
77 5265
78 5060
79 3919
80 4184
81 5285
82 1441
83 5444
84 2749
85 4151
86 4107
87 5652
88 5244
89 5120
90 4187
91 2014
92 5284
93 1845
94 4157
95 2371
96 657
97 3953
