0 3349
1 1981
2 4465
3 3280
4 2959
5 2675
6 762
7 1053
8 1526
9 2866
10 545
11 435
12 4370
13 4083
14 2319
15 4023
16 3450
17 976
18 676
19 1393
20 1350
21 2371
22 2485
23 3022
24 3229
25 3093
26 2433
27 2931
28 1995
29 2814
30 3281
31 4084
32 2386
33 2635
34 2411
35 2736
36 2827
37 3204
38 2585
39 3487
40 2588
41 2130
42 4115
43 3604
44 2965
45 2628
46 3217
47 3967
48 3117
49 3942
50 4116
51 3638
52 4258
53 3048
54 1891
55 3721
56 3355
57 3779
58 2783
59 5383
60 3591
61 2390
62 1495
63 3542
64 2375
65 5048
66 3276
67 1991
68 1388
69 3979
70 3167
71 4674
72 3604
73 4764
74 4497
75 4969
76 5466
77 5265
78 5058
79 3919
80 4184
81 5287
82 1441
83 5445
84 2749
85 4152
86 4107
87 5652
88 5246
89 5118
90 4186
91 2014
92 5285
93 1845
94 4153
95 2371
96 657
97 3952
