records: 20
      Record Time
Host  UsedBuffer

  16870.0 33740.0 50610.0 67480.0 84350.0 101220.0 118090.0 134960.0 151830.0 168700.0 185570.0 202440.0 219310.0 236180.0 253050.0 269920.0 286790.0 303660.0 320530.0 337400.0
0 1.1E7 1.6E7 3.4E7 5.2E7 6.7E7 7.3E7 9.1E7 1.06E8 1.24E8 1.38E8 1.49E8 1.57E8 1.67E8 1.84E8 1.93E8 1.96E8 2.01E8 2.08E8 2.39E8 2.47E8
1 1.1E7 1.8E7 3.3E7 5.0E7 6.6E7 7.6E7 8.6E7 1.06E8 1.24E8 1.38E8 1.49E8 1.57E8 1.64E8 1.84E8 1.93E8 1.97E8 2.0E8 2.17E8 2.38E8 2.44E8
2 0.0 0.0 0.0 0.0 0.0 2000000.0 2000000.0 3000000.0 3000000.0 3000000.0 3000000.0 4000000.0 4000000.0 4000000.0 4000000.0 5000000.0 6000000.0 6000000.0 6000000.0 6000000.0
3 1.1E7 1.6E7 3.4E7 5.2E7 6.7E7 7.3E7 9.1E7 1.06E8 1.24E8 1.38E8 1.48E8 1.57E8 1.65E8 1.84E8 1.92E8 1.95E8 1.97E8 2.09E8 2.38E8 2.46E8
4 1.0E7 1.5E7 3.3E7 5.1E7 6.6E7 7.3E7 9.1E7 1.06E8 1.24E8 1.38E8 1.48E8 1.57E8 1.66E8 1.84E8 1.93E8 1.96E8 1.98E8 2.11E8 2.4E8 2.48E8
5 0.0 0.0 0.0 5.1E7 6.7E7 7.7E7 8.7E7 1.06E8 1.24E8 1.38E8 1.49E8 1.56E8 1.63E8 1.83E8 1.92E8 1.96E8 2.0E8 2.16E8 2.38E8 2.42E8
6 0.0 0.0 0.0 5.0E7 6.2E7 7.0E7 7.0E7 1.01E8 1.23E8 1.36E8 1.39E8 1.48E8 1.6E8 1.83E8 1.92E8 1.94E8 2.0E8 2.0E8 2.35E8 2.35E8
7 5000000.0 1.7E7 2.4E7 5.1E7 5.5E7 7.3E7 7.3E7 9.3E7 1.23E8 1.28E8 1.28E8 1.28E8 1.28E8 1.83E8 1.86E8 1.87E8 1.88E8 1.88E8 2.38E8 2.43E8
8 0.0 0.0 3.3E7 5.0E7 6.6E7 7.5E7 8.5E7 1.04E8 1.22E8 1.36E8 1.47E8 1.55E8 1.62E8 1.81E8 1.9E8 1.94E8 1.98E8 2.15E8 2.37E8 2.41E8
9 0.0 1000000.0 1000000.0 5.1E7 6.6E7 7.6E7 8.6E7 1.06E8 1.24E8 1.38E8 1.49E8 1.57E8 1.64E8 1.84E8 1.93E8 1.97E8 2.01E8 2.18E8 2.4E8 2.45E8
10 0.0 0.0 3.5E7 5.1E7 6.6E7 6.6E7 8.4E7 1.01E8 1.24E8 1.39E8 1.4E8 1.55E8 1.66E8 1.84E8 1.93E8 1.94E8 2.0E8 2.08E8 2.39E8 2.45E8
11 0.0 0.0 0.0 4.9E7 6.3E7 7.2E7 8.8E7 1.02E8 1.18E8 1.35E8 1.38E8 1.38E8 1.62E8 1.81E8 1.88E8 1.91E8 1.91E8 2.09E8 2.37E8 2.38E8
12 1.1E7 1.8E7 3.5E7 5.1E7 6.6E7 7.6E7 8.6E7 1.06E8 1.23E8 1.37E8 1.48E8 1.56E8 1.63E8 1.83E8 1.92E8 1.96E8 2.0E8 2.15E8 2.38E8 2.39E8
13 1.1E7 1.7E7 3.5E7 4.9E7 6.4E7 7.4E7 8.4E7 1.04E8 1.22E8 1.36E8 1.47E8 1.55E8 1.62E8 1.81E8 1.81E8 1.81E8 1.81E8 1.82E8 1.82E8 1.82E8
14 1.0E7 1.5E7 3.4E7 5.0E7 6.4E7 7.4E7 8.9E7 1.04E8 1.22E8 1.36E8 1.47E8 1.55E8 1.65E8 1.81E8 1.83E8 1.83E8 1.83E8 1.84E8 1.84E8 1.84E8
15 1.1E7 1.8E7 3.5E7 5.2E7 6.7E7 7.7E7 8.7E7 1.07E8 1.25E8 1.39E8 1.5E8 1.58E8 1.65E8 1.85E8 1.94E8 1.97E8 2.01E8 2.11E8 2.41E8 2.49E8
16 1.1E7 1.8E7 3.5E7 5.1E7 6.6E7 7.6E7 8.6E7 1.06E8 1.24E8 1.38E8 1.49E8 1.57E8 1.64E8 1.83E8 1.92E8 1.96E8 2.0E8 2.17E8 2.39E8 2.43E8
17 1.0E7 1.6E7 3.3E7 5.0E7 6.6E7 7.3E7 8.6E7 1.03E8 1.24E8 1.33E8 1.46E8 1.56E8 1.61E8 1.79E8 1.87E8 1.96E8 2.0E8 2.01E8 2.09E8 2.09E8
18 1.1E7 1.6E7 2.4E7 4.5E7 6.3E7 6.3E7 8.7E7 9.9E7 1.17E8 1.35E8 1.49E8 1.58E8 1.61E8 1.74E8 1.9E8 1.97E8 2.02E8 2.04E8 2.1E8 2.1E8
19 1.0E7 1.6E7 3.0E7 5.0E7 5.8E7 7.6E7 8.4E7 1.03E8 1.23E8 1.33E8 1.46E8 1.56E8 1.61E8 1.84E8 1.93E8 1.97E8 2.01E8 2.03E8 2.09E8 2.09E8
20 9000000.0 9000000.0 9000000.0 9000000.0 6.3E7 6.3E7 7.0E7 7.0E7 1.15E8 1.33E8 1.33E8 1.48E8 1.56E8 1.71E8 1.92E8 1.93E8 1.93E8 1.93E8 2.37E8 2.42E8
21 1.1E7 1.5E7 3.4E7 3.9E7 6.0E7 7.4E7 8.5E7 1.07E8 1.24E8 1.35E8 1.49E8 1.52E8 1.52E8 1.84E8 1.92E8 1.96E8 1.96E8 2.11E8 2.4E8 2.44E8
22 1.2E7 1.6E7 3.5E7 5.2E7 5.6E7 7.4E7 7.4E7 1.01E8 1.24E8 1.36E8 1.36E8 1.36E8 1.36E8 1.36E8 1.37E8 1.37E8 1.38E8 1.38E8 1.38E8 1.38E8
23 5000000.0 1.5E7 3.3E7 4.9E7 6.5E7 6.8E7 8.7E7 1.03E8 1.22E8 1.31E8 1.44E8 1.45E8 1.45E8 1.82E8 1.9E8 1.91E8 1.91E8 2.11E8 2.38E8 2.42E8
24 1.1E7 1.5E7 3.4E7 3.8E7 6.6E7 7.3E7 8.4E7 1.06E8 1.24E8 1.35E8 1.49E8 1.51E8 1.51E8 1.82E8 1.9E8 1.94E8 1.94E8 2.09E8 2.37E8 2.41E8
25 1.1E7 1.6E7 2.2E7 2.2E7 6.5E7 7.5E7 8.2E7 1.03E8 1.23E8 1.37E8 1.44E8 1.46E8 1.46E8 1.81E8 1.9E8 1.93E8 1.93E8 1.93E8 2.37E8 2.45E8
26 1.2E7 1.5E7 3.5E7 5.2E7 6.7E7 7.4E7 9.1E7 9.4E7 1.24E8 1.38E8 1.38E8 1.38E8 1.59E8 1.84E8 1.9E8 1.9E8 1.9E8 1.9E8 1.9E8 1.9E8
27 1.1E7 1.6E7 2.4E7 5.2E7 6.7E7 7.4E7 8.6E7 1.06E8 1.24E8 1.38E8 1.47E8 1.53E8 1.55E8 1.7E8 1.87E8 1.87E8 1.87E8 1.87E8 1.87E8 1.87E8
28 1.1E7 1.3E7 3.3E7 5.0E7 6.4E7 7.2E7 7.5E7 1.04E8 1.23E8 1.37E8 1.4E8 1.4E8 1.4E8 1.4E8 1.41E8 1.41E8 1.41E8 1.46E8 2.38E8 2.46E8
29 9000000.0 1.6E7 3.5E7 5.1E7 6.6E7 7.0E7 7.0E7 7.0E7 7.0E7 7.0E7 1.47E8 1.47E8 1.57E8 1.82E8 1.9E8 1.92E8 1.98E8 2.06E8 2.37E8 2.45E8
30 6000000.0 1.5E7 3.3E7 5.0E7 6.0E7 6.7E7 9.0E7 1.05E8 1.23E8 1.37E8 1.47E8 1.57E8 1.58E8 1.83E8 1.92E8 1.94E8 1.95E8 1.95E8 1.95E8 2.47E8
31 1.2E7 1.7E7 3.4E7 5.1E7 5.9E7 6.4E7 8.7E7 8.8E7 1.21E8 1.34E8 1.43E8 1.53E8 1.53E8 1.79E8 1.86E8 1.9E8 1.9E8 1.91E8 2.34E8 2.39E8
32 6000000.0 1.6E7 3.4E7 4.4E7 4.4E7 7.3E7 8.4E7 8.5E7 1.24E8 1.38E8 1.46E8 1.55E8 1.62E8 1.82E8 1.89E8 1.93E8 1.93E8 2.06E8 2.38E8 2.46E8
33 1000000.0 1.6E7 3.5E7 5.2E7 5.5E7 6.3E7 6.3E7 9.7E7 1.24E8 1.38E8 1.46E8 1.46E8 1.47E8 1.47E8 1.48E8 1.48E8 1.49E8 1.49E8 1.49E8 1.49E8
34 1.2E7 1.5E7 3.4E7 5.1E7 6.2E7 6.2E7 9.0E7 9.3E7 1.23E8 1.36E8 1.44E8 1.51E8 1.57E8 1.81E8 1.87E8 1.87E8 1.87E8 1.87E8 2.37E8 2.45E8
35 1.2E7 1.5E7 3.5E7 5.1E7 6.6E7 6.6E7 9.1E7 1.05E8 1.25E8 1.29E8 1.49E8 1.55E8 1.68E8 1.85E8 1.94E8 1.95E8 1.95E8 1.95E8 2.41E8 2.47E8
36 6000000.0 1.9E7 3.5E7 5.2E7 5.5E7 6.3E7 6.3E7 9.6E7 1.24E8 1.38E8 1.46E8 1.46E8 1.47E8 1.47E8 1.48E8 1.48E8 1.49E8 1.49E8 1.5E8 1.5E8
37 9000000.0 1.8E7 3.5E7 5.2E7 6.7E7 7.4E7 9.1E7 1.07E8 1.25E8 1.39E8 1.48E8 1.49E8 1.65E8 1.83E8 1.92E8 1.96E8 2.0E8 2.08E8 2.39E8 2.47E8
38 9000000.0 1.0E7 1.0E7 2.9E7 6.6E7 7.4E7 8.1E7 1.01E8 1.21E8 1.33E8 1.43E8 1.51E8 1.62E8 1.75E8 1.86E8 1.91E8 1.92E8 1.97E8 2.25E8 2.25E8
39 1.1E7 1.5E7 3.4E7 5.1E7 6.6E7 7.3E7 8.0E7 9.9E7 1.24E8 1.38E8 1.48E8 1.48E8 1.48E8 1.49E8 1.86E8 1.87E8 2.0E8 2.07E8 2.39E8 2.47E8
40 1000000.0 1000000.0 3.5E7 4.2E7 6.0E7 7.2E7 9.1E7 1.07E8 1.25E8 1.39E8 1.5E8 1.55E8 1.67E8 1.84E8 1.93E8 1.97E8 2.01E8 2.08E8 2.4E8 2.46E8
41 1.1E7 1.4E7 3.3E7 3.4E7 3.4E7 4.8E7 4.8E7 9.6E7 1.24E8 1.37E8 1.39E8 1.54E8 1.64E8 1.83E8 1.86E8 1.86E8 1.86E8 2.09E8 2.39E8 2.47E8
42 1.2E7 1.6E7 3.5E7 4.5E7 6.7E7 7.5E7 8.5E7 1.06E8 1.23E8 1.37E8 1.46E8 1.46E8 1.46E8 1.83E8 1.92E8 1.93E8 1.95E8 2.11E8 2.39E8 2.47E8
43 9000000.0 1.4E7 3.4E7 4.1E7 5.9E7 7.1E7 9.0E7 1.06E8 1.24E8 1.38E8 1.48E8 1.54E8 1.66E8 1.84E8 1.92E8 1.97E8 1.99E8 2.06E8 2.38E8 2.42E8
44 0.0 0.0 1000000.0 1000000.0 1000000.0 1000000.0 1000000.0 1000000.0 1000000.0 1000000.0 1000000.0 1000000.0 1000000.0 1000000.0 1000000.0 1000000.0 1000000.0 1000000.0 1000000.0 1000000.0
45 9000000.0 1.0E7 1.0E7 2.9E7 6.7E7 7.5E7 8.2E7 1.04E8 1.24E8 1.38E8 1.48E8 1.56E8 1.66E8 1.83E8 1.9E8 1.95E8 1.96E8 2.17E8 2.38E8 2.42E8
46 1.2E7 1.5E7 2.5E7 5.2E7 6.7E7 7.1E7 7.1E7 9.5E7 1.25E8 1.39E8 1.47E8 1.47E8 1.62E8 1.85E8 1.9E8 1.91E8 1.91E8 1.91E8 2.4E8 2.43E8
47 1.2E7 1.5E7 3.4E7 5.0E7 6.4E7 7.4E7 9.0E7 1.04E8 1.24E8 1.38E8 1.46E8 1.57E8 1.59E8 1.84E8 1.93E8 1.94E8 1.94E8 1.94E8 2.39E8 2.47E8
48 1.2E7 1.2E7 3.5E7 5.1E7 6.3E7 7.4E7 8.3E7 1.07E8 1.25E8 1.38E8 1.49E8 1.54E8 1.62E8 1.85E8 1.94E8 1.98E8 2.02E8 2.1E8 2.41E8 2.48E8
49 1.1E7 1.7E7 3.5E7 5.1E7 6.6E7 7.3E7 7.9E7 9.7E7 1.24E8 1.38E8 1.46E8 1.57E8 1.57E8 1.84E8 1.93E8 1.95E8 1.95E8 1.95E8 2.39E8 2.47E8
50 1.2E7 1.6E7 3.5E7 4.5E7 4.6E7 7.3E7 8.6E7 1.04E8 1.24E8 1.38E8 1.46E8 1.55E8 1.67E8 1.84E8 1.93E8 1.94E8 1.98E8 2.08E8 2.4E8 2.48E8
51 0.0 0.0 0.0 0.0 1000000.0 1000000.0 2000000.0 2000000.0 2000000.0 2000000.0 2000000.0 2000000.0 3000000.0 3000000.0 3000000.0 4000000.0 4000000.0 4000000.0 4000000.0 4000000.0
52 1.1E7 1.5E7 3.4E7 5.1E7 6.6E7 7.4E7 8.9E7 9.7E7 1.24E8 1.38E8 1.46E8 1.58E8 1.59E8 1.84E8 1.93E8 1.97E8 1.97E8 1.98E8 2.39E8 2.44E8
53 7000000.0 1.5E7 3.4E7 3.4E7 3.6E7 7.0E7 9.2E7 1.0E8 1.25E8 1.39E8 1.47E8 1.49E8 1.49E8 1.85E8 1.94E8 1.94E8 1.94E8 1.94E8 2.41E8 2.45E8
54 6000000.0 1.5E7 3.5E7 5.2E7 6.7E7 7.0E7 9.1E7 1.07E8 1.24E8 1.28E8 1.28E8 1.53E8 1.65E8 1.83E8 1.86E8 1.87E8 1.99E8 2.07E8 2.38E8 2.39E8
55 0.0 0.0 0.0 0.0 0.0 0.0 0.0 0.0 0.0 0.0 0.0 0.0 0.0 0.0 0.0 1000000.0 1000000.0 1000000.0 2000000.0 2000000.0
56 1.2E7 1.9E7 3.5E7 5.2E7 6.6E7 7.3E7 7.4E7 7.4E7 1.14E8 1.14E8 1.45E8 1.48E8 1.48E8 1.81E8 1.91E8 1.95E8 1.95E8 1.95E8 2.34E8 2.34E8
57 6000000.0 1.6E7 3.5E7 4.5E7 4.5E7 7.6E7 8.9E7 9.7E7 1.24E8 1.38E8 1.48E8 1.58E8 1.67E8 1.84E8 1.93E8 1.96E8 2.0E8 2.16E8 2.39E8 2.41E8
58 0.0 0.0 0.0 0.0 0.0 0.0 0.0 0.0 0.0 0.0 1000000.0 1000000.0 1000000.0 1000000.0 1000000.0 1000000.0 2000000.0 2000000.0 3000000.0 3000000.0
59 1.2E7 1.8E7 3.5E7 5.1E7 6.7E7 7.4E7 8.4E7 1.05E8 1.25E8 1.39E8 1.49E8 1.5E8 1.67E8 1.85E8 1.93E8 1.97E8 2.02E8 2.09E8 2.41E8 2.47E8
60 1.2E7 1.5E7 3.5E7 5.2E7 6.7E7 7.3E7 9.1E7 1.06E8 1.24E8 1.37E8 1.39E8 1.57E8 1.64E8 1.83E8 1.91E8 1.93E8 2.0E8 2.08E8 2.38E8 2.38E8
61 6000000.0 1.2E7 3.4E7 5.1E7 6.5E7 7.1E7 9.1E7 1.04E8 1.24E8 1.38E8 1.43E8 1.43E8 1.43E8 1.84E8 1.84E8 1.84E8 1.84E8 1.84E8 1.84E8 1.84E8
62 1.2E7 1.5E7 3.5E7 5.2E7 6.1E7 6.1E7 7.7E7 1.06E8 1.24E8 1.38E8 1.46E8 1.53E8 1.65E8 1.84E8 1.93E8 1.94E8 1.94E8 1.94E8 2.38E8 2.43E8
63 1.2E7 1.4E7 1.5E7 1.5E7 6.7E7 7.6E7 9.0E7 9.6E7 1.24E8 1.38E8 1.48E8 1.52E8 1.61E8 1.84E8 1.93E8 1.95E8 1.95E8 1.95E8 2.4E8 2.47E8
64 8000000.0 8000000.0 8000000.0 5.1E7 5.8E7 7.4E7 7.4E7 1.07E8 1.25E8 1.39E8 1.41E8 1.55E8 1.55E8 1.85E8 1.94E8 1.97E8 1.98E8 2.13E8 2.4E8 2.44E8
65 1.2E7 1.6E7 3.5E7 5.2E7 6.7E7 7.1E7 9.2E7 1.06E8 1.25E8 1.38E8 1.48E8 1.58E8 1.64E8 1.84E8 1.93E8 1.95E8 1.95E8 1.95E8 1.96E8 2.03E8
66 1.1E7 1.5E7 1.5E7 4.4E7 6.7E7 7.4E7 8.7E7 9.9E7 1.24E8 1.38E8 1.48E8 1.5E8 1.52E8 1.82E8 1.91E8 1.94E8 1.94E8 1.94E8 2.37E8 2.46E8
67 9000000.0 1.0E7 1.0E7 4.3E7 6.4E7 6.4E7 6.4E7 1.07E8 1.08E8 1.39E8 1.47E8 1.52E8 1.68E8 1.84E8 1.91E8 1.91E8 1.92E8 1.92E8 1.93E8 1.93E8
68 9000000.0 1.0E7 1.0E7 4.2E7 6.3E7 6.3E7 6.3E7 6.3E7 6.3E7 1.36E8 1.46E8 1.51E8 1.67E8 1.84E8 1.91E8 1.92E8 1.92E8 1.92E8 1.92E8 1.93E8
69 1.2E7 1.6E7 3.3E7 5.0E7 6.5E7 7.4E7 7.7E7 7.7E7 1.23E8 1.31E8 1.46E8 1.48E8 1.6E8 1.79E8 1.88E8 1.89E8 1.89E8 1.89E8 2.33E8 2.35E8
70 1.2E7 1.6E7 1.6E7 5.2E7 5.2E7 7.1E7 8.4E7 1.04E8 1.24E8 1.38E8 1.48E8 1.58E8 1.58E8 1.84E8 1.92E8 1.92E8 1.92E8 2.01E8 2.02E8 2.02E8
71 1.1E7 1.7E7 2.5E7 5.2E7 6.7E7 7.1E7 8.5E7 1.06E8 1.24E8 1.38E8 1.48E8 1.54E8 1.66E8 1.81E8 1.88E8 1.89E8 1.89E8 2.12E8 2.35E8 2.35E8
72 1.2E7 1.7E7 3.4E7 5.1E7 6.6E7 7.3E7 8.4E7 1.05E8 1.22E8 1.36E8 1.46E8 1.53E8 1.65E8 1.82E8 1.83E8 1.83E8 1.99E8 2.07E8 2.3E8 2.3E8
73 0.0 0.0 0.0 0.0 0.0 0.0 1000000.0 1000000.0 1000000.0 1000000.0 1000000.0 1000000.0 1000000.0 1000000.0 1000000.0 1000000.0 1000000.0 2000000.0 2000000.0 2000000.0
74 1.1E7 1.9E7 3.5E7 5.2E7 6.6E7 7.0E7 8.3E7 9.5E7 1.23E8 1.37E8 1.42E8 1.52E8 1.52E8 1.83E8 1.91E8 1.93E8 1.96E8 1.97E8 1.97E8 1.97E8
75 9000000.0 1.6E7 3.5E7 5.2E7 6.7E7 7.1E7 9.2E7 1.07E8 1.24E8 1.38E8 1.48E8 1.58E8 1.6E8 1.84E8 1.85E8 1.85E8 1.85E8 1.85E8 2.4E8 2.4E8
76 1.2E7 1.9E7 3.5E7 5.2E7 6.7E7 7.3E7 9.2E7 1.04E8 1.25E8 1.39E8 1.47E8 1.54E8 1.6E8 1.85E8 1.94E8 1.96E8 1.96E8 1.96E8 2.4E8 2.45E8
77 3000000.0 1.7E7 3.5E7 5.0E7 6.5E7 6.9E7 9.0E7 1.04E8 1.23E8 1.37E8 1.46E8 1.56E8 1.62E8 1.82E8 1.91E8 1.92E8 1.93E8 1.93E8 2.38E8 2.46E8
78 0.0 0.0 0.0 0.0 0.0 0.0 0.0 0.0 0.0 0.0 0.0 0.0 0.0 0.0 0.0 0.0 0.0 0.0 0.0 0.0
79 1.2E7 1.5E7 1.5E7 5.1E7 6.6E7 7.1E7 8.9E7 1.06E8 1.24E8 1.38E8 1.4E8 1.58E8 1.59E8 1.84E8 1.93E8 1.95E8 2.0E8 2.12E8 2.4E8 2.48E8
80 1.1E7 1.5E7 3.3E7 5.1E7 6.6E7 7.3E7 8.6E7 9.9E7 1.24E8 1.38E8 1.48E8 1.5E8 1.52E8 1.84E8 1.93E8 1.96E8 2.0E8 2.08E8 2.4E8 2.46E8
81 9000000.0 1.9E7 3.5E7 5.1E7 6.6E7 7.2E7 9.0E7 1.01E8 1.22E8 1.36E8 1.44E8 1.51E8 1.63E8 1.82E8 1.91E8 1.94E8 1.94E8 1.94E8 2.38E8 2.44E8
82 1.2E7 1.6E7 3.5E7 5.2E7 5.6E7 5.6E7 5.6E7 1.0E8 1.0E8 1.37E8 1.38E8 1.38E8 1.38E8 1.48E8 1.84E8 1.84E8 1.84E8 1.84E8 2.37E8 2.38E8
83 1.2E7 1.9E7 3.5E7 5.2E7 6.7E7 7.3E7 9.2E7 1.07E8 1.25E8 1.39E8 1.48E8 1.59E8 1.6E8 1.74E8 1.94E8 1.95E8 1.95E8 1.95E8 2.29E8 2.29E8
84 1.1E7 1.9E7 3.4E7 5.2E7 5.7E7 5.7E7 9.2E7 1.06E8 1.24E8 1.38E8 1.41E8 1.56E8 1.56E8 1.56E8 1.92E8 1.95E8 1.95E8 2.17E8 2.39E8 2.47E8
85 1.1E7 1.6E7 3.5E7 5.2E7 6.7E7 7.5E7 9.1E7 1.07E8 1.25E8 1.39E8 1.48E8 1.48E8 1.48E8 1.48E8 1.49E8 1.51E8 1.51E8 1.51E8 2.4E8 2.48E8
86 1.1E7 1.7E7 2.5E7 5.1E7 6.5E7 6.9E7 8.4E7 1.05E8 1.23E8 1.37E8 1.44E8 1.44E8 1.44E8 1.45E8 1.46E8 1.46E8 1.46E8 1.46E8 1.46E8 1.46E8
87 0.0 0.0 0.0 0.0 0.0 0.0 0.0 1000000.0 1000000.0 1000000.0 1000000.0 1000000.0 1000000.0 1000000.0 1000000.0 1000000.0 1000000.0 1000000.0 1000000.0 1000000.0
88 1.2E7 1.7E7 3.4E7 5.1E7 6.6E7 7.4E7 9.1E7 1.06E8 1.24E8 1.38E8 1.48E8 1.54E8 1.65E8 1.83E8 1.92E8 1.95E8 2.0E8 2.0E8 2.39E8 2.47E8
89 1.2E7 1.8E7 3.5E7 5.2E7 6.7E7 7.4E7 9.2E7 1.07E8 1.24E8 1.37E8 1.47E8 1.57E8 1.59E8 1.83E8 1.92E8 1.95E8 2.0E8 2.13E8 2.39E8 2.41E8
90 1.2E7 1.8E7 3.5E7 5.2E7 6.7E7 7.4E7 9.2E7 1.06E8 1.23E8 1.37E8 1.47E8 1.52E8 1.52E8 1.83E8 1.92E8 1.95E8 1.95E8 2.02E8 2.39E8 2.41E8
91 1.2E7 1.6E7 1.6E7 4.3E7 6.5E7 7.3E7 8.3E7 1.01E8 1.21E8 1.3E8 1.3E8 1.31E8 1.31E8 1.31E8 1.31E8 1.31E8 1.31E8 1.31E8 1.31E8 1.31E8
92 1.1E7 1.6E7 3.4E7 5.2E7 6.7E7 7.4E7 8.6E7 1.06E8 1.23E8 1.37E8 1.46E8 1.52E8 1.53E8 1.81E8 1.9E8 1.93E8 1.93E8 2.0E8 2.36E8 2.42E8
93 6000000.0 6000000.0 3.4E7 5.0E7 5.3E7 5.9E7 8.9E7 9.4E7 1.23E8 1.24E8 1.24E8 1.24E8 1.25E8 1.25E8 1.25E8 1.25E8 1.25E8 1.25E8 1.25E8 1.25E8
94 1.2E7 1.9E7 2.2E7 5.2E7 6.7E7 7.3E7 8.3E7 1.0E8 1.25E8 1.38E8 1.38E8 1.38E8 1.38E8 1.38E8 1.38E8 1.38E8 1.39E8 1.39E8 1.39E8 1.39E8
95 1.1E7 1.7E7 1.7E7 5.2E7 6.7E7 7.1E7 9.2E7 1.07E8 1.19E8 1.19E8 1.19E8 1.2E8 1.2E8 1.2E8 1.2E8 1.2E8 1.2E8 1.2E8 1.2E8 1.2E8
96 1.2E7 1.6E7 3.4E7 5.2E7 6.7E7 7.6E7 7.7E7 1.05E8 1.21E8 1.31E8 1.39E8 1.48E8 1.48E8 1.83E8 1.91E8 1.94E8 1.94E8 1.94E8 2.36E8 2.46E8
97 0.0 0.0 1000000.0 1000000.0 1000000.0 1000000.0 1000000.0 1000000.0 1000000.0 1000000.0 1000000.0 1000000.0 2000000.0 4000000.0 4000000.0 5000000.0 5000000.0 5000000.0 5000000.0 5000000.0
