records: 20
      Record Time
Host  UsedBuffer

  49376.0 98752.0 148128.0 197504.0 246880.0 296256.0 345632.0 395008.0 444384.0 493760.0 543136.0 592512.0 641888.0 691264.0 740640.0 790016.0 839392.0 888768.0 938144.0 987520.0
0 2000000.0 6000000.0 8000000.0 9000000.0 1.2E7 1.45E8 1.74E8 1.75E8 2.52E8 2.53E8 3.04E8 3.06E8 3.6E8 3.62E8 3.64E8 3.64E8 3.64E8 3.64E8 3.65E8 3.66E8
1 6000000.0 1.6E7 4.4E7 4.4E7 9.2E7 1.45E8 1.72E8 1.87E8 2.47E8 2.48E8 3.03E8 3.13E8 3.57E8 3.58E8 3.6E8 3.6E8 3.62E8 3.62E8 3.66E8 3.67E8
2 1000000.0 2000000.0 3000000.0 4000000.0 5000000.0 6000000.0 7000000.0 8000000.0 1.0E7 1.0E7 1.1E7 1.4E7 1.5E7 1.5E7 1.6E7 1.6E7 1.9E7 1.9E7 1.9E7 2.2E7
3 0.0 0.0 1000000.0 2000000.0 2000000.0 2000000.0 2000000.0 2000000.0 2000000.0 3000000.0 3000000.0 5000000.0 6000000.0 7000000.0 8000000.0 9000000.0 1.0E7 1.0E7 1.0E7 1.0E7
4 6000000.0 1.8E7 5.0E7 5.1E7 8.0E7 1.48E8 1.58E8 2.13E8 2.44E8 2.54E8 3.04E8 3.16E8 3.69E8 3.7E8 3.72E8 3.73E8 3.73E8 4.95E8 4.97E8 4.99E8
5 7000000.0 1.6E7 4.4E7 4.8E7 9.3E7 1.43E8 1.7E8 2.13E8 2.44E8 2.49E8 2.49E8 3.17E8 3.54E8 3.56E8 4.01E8 4.01E8 4.55E8 4.95E8 4.95E8 4.96E8
6 9000000.0 1.1E7 4.7E7 6.5E7 9.4E7 1.49E8 1.64E8 2.11E8 2.48E8 2.61E8 3.04E8 3.06E8 3.61E8 3.61E8 4.01E8 4.03E8 4.58E8 4.98E8 4.98E8 4.98E8
7 3000000.0 5000000.0 5.0E7 5.0E7 9.5E7 1.34E8 1.36E8 2.1E8 2.1E8 2.13E8 3.09E8 3.09E8 3.23E8 3.24E8 3.24E8 3.25E8 3.26E8 4.9E8 4.92E8 5.05E8
8 4000000.0 5000000.0 6000000.0 1.6E7 6.4E7 1.4E8 1.65E8 2.16E8 2.45E8 2.46E8 3.05E8 3.06E8 3.7E8 3.7E8 3.7E8 3.71E8 3.74E8 3.75E8 3.75E8 3.76E8
9 2000000.0 3000000.0 4.0E7 4.1E7 7.8E7 1.29E8 1.71E8 1.72E8 2.22E8 2.22E8 3.03E8 3.16E8 3.58E8 3.58E8 3.58E8 3.58E8 3.58E8 3.59E8 3.59E8 3.6E8
10 5000000.0 7000000.0 2.4E7 2.4E7 7.2E7 1.5E8 1.52E8 1.9E8 2.48E8 2.54E8 3.04E8 3.09E8 3.67E8 3.68E8 3.99E8 3.99E8 4.42E8 4.96E8 4.97E8 4.98E8
11 0.0 2000000.0 2000000.0 2000000.0 2000000.0 2000000.0 3000000.0 6000000.0 9000000.0 1.2E7 1.3E7 1.5E7 1.5E7 1.5E7 1.6E7 1.7E7 1.8E7 1.8E7 1.8E7 1.8E7
12 0.0 1000000.0 1000000.0 1000000.0 1000000.0 1000000.0 2000000.0 3000000.0 4000000.0 4000000.0 4000000.0 6000000.0 8000000.0 9000000.0 9000000.0 1.2E7 1.3E7 1.3E7 1.4E7 1.5E7
13 3000000.0 3000000.0 3.7E7 3.8E7 3.8E7 1.51E8 1.73E8 1.74E8 2.44E8 2.45E8 2.99E8 2.99E8 3.67E8 3.67E8 3.87E8 3.88E8 4.5E8 4.91E8 5.03E8 5.27E8
14 2000000.0 3000000.0 3.5E7 3.6E7 7.9E7 1.51E8 1.74E8 2.18E8 2.49E8 2.59E8 3.06E8 3.17E8 3.67E8 3.68E8 3.69E8 3.71E8 4.51E8 4.87E8 4.87E8 4.88E8
15 2000000.0 2000000.0 2000000.0 2000000.0 2000000.0 4000000.0 6000000.0 7000000.0 9000000.0 9000000.0 9000000.0 1.0E7 1.1E7 1.1E7 1.1E7 1.1E7 1.1E7 1.1E7 1.1E7 1.1E7
16 8000000.0 8000000.0 8000000.0 8000000.0 8000000.0 1.47E8 1.65E8 1.67E8 2.49E8 2.6E8 3.04E8 3.05E8 3.72E8 3.73E8 3.91E8 3.93E8 3.99E8 5.01E8 5.05E8 5.34E8
17 3000000.0 1.7E7 3.8E7 3.9E7 7.8E7 1.52E8 1.66E8 2.16E8 2.47E8 2.48E8 3.03E8 3.03E8 3.73E8 3.75E8 3.93E8 3.95E8 4.1E8 5.0E8 5.11E8 5.35E8
18 5000000.0 1.8E7 4.4E7 4.5E7 7.6E7 1.36E8 1.76E8 2.19E8 2.47E8 2.54E8 3.07E8 3.18E8 3.73E8 3.73E8 3.94E8 3.95E8 4.61E8 5.01E8 5.02E8 5.37E8
19 1000000.0 1000000.0 3000000.0 4000000.0 5000000.0 5000000.0 5000000.0 6000000.0 6000000.0 8000000.0 9000000.0 1.1E7 1.3E7 1.3E7 1.3E7 1.3E7 1.3E7 1.3E7 1.3E7 1.4E7
20 0.0 1000000.0 2000000.0 3000000.0 3000000.0 3000000.0 4000000.0 4000000.0 4000000.0 4000000.0 5000000.0 5000000.0 5000000.0 5000000.0 5000000.0 5000000.0 6000000.0 8000000.0 8000000.0 8000000.0
21 5000000.0 7000000.0 4.3E7 6.2E7 6.9E7 1.47E8 1.62E8 2.09E8 2.47E8 2.51E8 3.02E8 3.02E8 3.55E8 3.55E8 3.98E8 4.06E8 4.4E8 4.93E8 4.97E8 5.28E8
22 1000000.0 1000000.0 2000000.0 2000000.0 5000000.0 6000000.0 6000000.0 7000000.0 7000000.0 8000000.0 9000000.0 9000000.0 1.0E7 1.0E7 1.0E7 1.0E7 1.0E7 1.0E7 1.1E7 1.1E7
23 0.0 1000000.0 4000000.0 6000000.0 8000000.0 8000000.0 8000000.0 8000000.0 8000000.0 8000000.0 8000000.0 9000000.0 9000000.0 9000000.0 1.0E7 1.0E7 1.1E7 1.2E7 1.3E7 1.5E7
24 5000000.0 5000000.0 4.2E7 6.3E7 7.1E7 1.47E8 1.61E8 2.05E8 2.44E8 2.56E8 2.89E8 2.89E8 3.58E8 3.59E8 3.97E8 3.97E8 4.54E8 4.92E8 4.94E8 5.29E8
25 8000000.0 1.0E7 1.2E7 1.5E7 5.2E7 5.4E7 1.65E8 1.75E8 2.5E8 2.5E8 2.51E8 2.51E8 2.51E8 2.52E8 2.52E8 2.52E8 2.52E8 2.57E8 2.59E8 2.59E8
26 0.0 2000000.0 2000000.0 4000000.0 6000000.0 7000000.0 8000000.0 9000000.0 1.1E7 1.1E7 1.4E7 1.4E7 1.5E7 1.5E7 1.6E7 1.8E7 1.9E7 1.9E7 1.9E7 2.0E7
27 1000000.0 1000000.0 1000000.0 2000000.0 2000000.0 3000000.0 3000000.0 3000000.0 5000000.0 5000000.0 5000000.0 7000000.0 7000000.0 1.0E7 1.1E7 1.4E7 1.5E7 1.6E7 1.7E7 1.7E7
28 1000000.0 1000000.0 2000000.0 4000000.0 4000000.0 6000000.0 6000000.0 7000000.0 8000000.0 1.0E7 1.1E7 1.2E7 1.2E7 1.3E7 1.4E7 1.7E7 1.7E7 1.7E7 1.9E7 2.1E7
29 6000000.0 1.7E7 4.0E7 4.2E7 5.2E7 1.34E8 1.65E8 1.65E8 2.45E8 2.45E8 3.03E8 3.03E8 3.66E8 3.66E8 3.9E8 3.9E8 4.43E8 4.9E8 5.08E8 5.33E8
30 3000000.0 5000000.0 5000000.0 1.2E7 1.4E7 1.6E7 1.8E7 3.2E7 3.9E7 4.0E7 6.5E7 6.7E7 8.0E7 8.0E7 8.8E7 8.9E7 8.9E7 1.08E8 1.08E8 1.08E8
31 8000000.0 8000000.0 4.5E7 6.3E7 7.1E7 1.47E8 1.62E8 2.08E8 2.43E8 2.53E8 3.07E8 3.08E8 3.54E8 3.55E8 3.94E8 4.03E8 4.38E8 4.93E8 4.93E8 5.26E8
32 5000000.0 1.7E7 4.5E7 4.9E7 9.4E7 1.48E8 1.48E8 2.17E8 2.48E8 2.58E8 3.05E8 3.2E8 3.73E8 3.77E8 3.95E8 3.96E8 4.4E8 4.99E8 5.0E8 5.34E8
33 8000000.0 9000000.0 5.1E7 6.5E7 9.5E7 1.54E8 1.65E8 2.11E8 2.49E8 2.61E8 3.05E8 3.06E8 3.61E8 3.61E8 4.06E8 4.1E8 4.48E8 4.98E8 4.99E8 5.33E8
34 8000000.0 8000000.0 2.4E7 2.6E7 2.6E7 2.6E7 2.6E7 2.6E7 2.6E7 2.6E7 2.6E7 2.7E7 2.7E7 2.7E7 2.7E7 2.8E7 2.8E7 3.0E7 3.1E7 3.1E7
35 7000000.0 7000000.0 4.4E7 6.2E7 7.1E7 1.48E8 1.63E8 2.1E8 2.48E8 2.6E8 3.04E8 3.06E8 3.6E8 3.62E8 4.01E8 4.1E8 4.46E8 4.97E8 4.98E8 5.32E8
36 1000000.0 1000000.0 9000000.0 1.5E7 1.6E7 1.7E7 1.9E7 2.6E7 2.6E7 2.7E7 2.7E7 2.9E7 2.9E7 3.0E7 3.1E7 3.1E7 3.2E7 5.0E7 5.0E7 5.0E7
37 2000000.0 5000000.0 1.2E7 2.0E7 2.1E7 7.8E7 7.8E7 2.06E8 2.08E8 2.14E8 2.16E8 2.18E8 3.21E8 3.22E8 3.83E8 3.85E8 3.87E8 3.91E8 3.91E8 3.91E8
38 0.0 3000000.0 3000000.0 4000000.0 8000000.0 9000000.0 9000000.0 1.0E7 1.1E7 1.2E7 1.3E7 1.4E7 2.2E7 2.4E7 2.6E7 2.7E7 2.7E7 2.7E7 2.8E7 2.8E7
39 3000000.0 3000000.0 3000000.0 3000000.0 6000000.0 1.3E7 1.4E7 1.4E7 1.4E7 1.5E7 1.6E7 1.6E7 1.7E7 1.8E7 1.8E7 1.8E7 1.8E7 1.9E7 1.9E7 2.1E7
40 2000000.0 3000000.0 6000000.0 8000000.0 9000000.0 9000000.0 9000000.0 9000000.0 9000000.0 9000000.0 9000000.0 1.0E7 1.1E7 1.1E7 1.2E7 1.2E7 1.3E7 1.5E7 1.6E7 1.7E7
41 2000000.0 3000000.0 4000000.0 6000000.0 6000000.0 7000000.0 9000000.0 1.1E7 1.1E7 1.2E7 1.2E7 1.2E7 1.4E7 1.4E7 1.5E7 1.7E7 1.7E7 1.8E7 1.8E7 1.8E7
42 0.0 1000000.0 1000000.0 4000000.0 4000000.0 4000000.0 4000000.0 5000000.0 6000000.0 6000000.0 8000000.0 9000000.0 9000000.0 1.0E7 1.1E7 1.1E7 1.2E7 1.4E7 1.5E7 1.6E7
43 1000000.0 1000000.0 2000000.0 2000000.0 2000000.0 2000000.0 3000000.0 5000000.0 7000000.0 7000000.0 8000000.0 8000000.0 8000000.0 9000000.0 1.0E7 1.1E7 1.4E7 1.5E7 1.5E7 1.7E7
44 0.0 0.0 0.0 0.0 0.0 1000000.0 2000000.0 2000000.0 3000000.0 3000000.0 4000000.0 5000000.0 3.57E8 3.58E8 3.6E8 3.61E8 3.62E8 3.62E8 3.62E8 3.63E8
45 1000000.0 1000000.0 2000000.0 3000000.0 3000000.0 6000000.0 6000000.0 6000000.0 6000000.0 6000000.0 6000000.0 6000000.0 7000000.0 8000000.0 8000000.0 9000000.0 9000000.0 1.0E7 1.1E7 1.3E7
46 2000000.0 2000000.0 4000000.0 4000000.0 4000000.0 5000000.0 5000000.0 5000000.0 6000000.0 7000000.0 7000000.0 7000000.0 7000000.0 9000000.0 1.1E7 1.1E7 1.2E7 1.3E7 1.3E7 1.3E7
47 0.0 0.0 2000000.0 2000000.0 2000000.0 2000000.0 4000000.0 5000000.0 6000000.0 2.43E8 2.43E8 2.44E8 2.44E8 2.45E8 2.45E8 2.46E8 2.47E8 2.47E8 2.48E8 2.48E8
48 2000000.0 2000000.0 3000000.0 4000000.0 4000000.0 5000000.0 6000000.0 6000000.0 6000000.0 7000000.0 7000000.0 7000000.0 7000000.0 8000000.0 8000000.0 8000000.0 9000000.0 1.0E7 1.0E7 1.1E7
49 0.0 1000000.0 2000000.0 2000000.0 2000000.0 2000000.0 3000000.0 3000000.0 3000000.0 4000000.0 1.1E7 1.2E7 1.5E7 1.7E7 1.8E7 2.0E7 2.1E7 2.2E7 2.2E7 2.3E7
50 0.0 3000000.0 4000000.0 7000000.0 7000000.0 8000000.0 1.1E7 1.1E7 1.2E7 1.3E7 1.4E7 1.5E7 1.6E7 1.6E7 1.7E7 1.7E7 1.7E7 1.8E7 1.9E7 2.0E7
51 1000000.0 1000000.0 1000000.0 1000000.0 2000000.0 2000000.0 2000000.0 2000000.0 2000000.0 3000000.0 4000000.0 5000000.0 5000000.0 5000000.0 6000000.0 6000000.0 7000000.0 8000000.0 9000000.0 9000000.0
