records: 20
      Record Time
Host  UsedBuffer

  16870.0 33740.0 50610.0 67480.0 84350.0 101220.0 118090.0 134960.0 151830.0 168700.0 185570.0 202440.0 219310.0 236180.0 253050.0 269920.0 286790.0 303660.0 320530.0 337400.0
0 1000000.0 1000000.0 1000000.0 3000000.0 3000000.0 3000000.0 3000000.0 3000000.0 4000000.0 4000000.0 4000000.0 4000000.0 4000000.0 4000000.0 4000000.0 4000000.0 4000000.0 4000000.0 4000000.0 4000000.0
1 9000000.0 1.5E7 1.5E7 4.9E7 6.5E7 7.1E7 7.8E7 1.02E8 1.23E8 1.38E8 1.46E8 1.53E8 1.53E8 1.79E8 1.93E8 1.94E8 1.94E8 2.02E8 2.34E8 2.43E8
2 7000000.0 1.5E7 3.3E7 4.8E7 6.4E7 7.1E7 8.4E7 9.3E7 1.22E8 1.35E8 1.46E8 1.51E8 1.58E8 1.81E8 1.9E8 1.93E8 1.98E8 2.07E8 2.37E8 2.4E8
3 2000000.0 2000000.0 3.1E7 5.0E7 6.5E7 6.7E7 8.8E7 1.0E8 1.24E8 1.37E8 1.39E8 1.54E8 1.54E8 1.84E8 1.92E8 1.95E8 1.95E8 2.04E8 2.38E8 2.45E8
4 1000000.0 1000000.0 1000000.0 1000000.0 1000000.0 2000000.0 2000000.0 2000000.0 2000000.0 2000000.0 3000000.0 3000000.0 3000000.0 3000000.0 4000000.0 4000000.0 4000000.0 5000000.0 6000000.0 6000000.0
5 0.0 0.0 0.0 0.0 0.0 0.0 2000000.0 2000000.0 2000000.0 2000000.0 3000000.0 4000000.0 4000000.0 5000000.0 5000000.0 6000000.0 6000000.0 7000000.0 7000000.0 7000000.0
6 0.0 0.0 0.0 4.6E7 6.2E7 7.0E7 7.0E7 9.6E7 1.23E8 1.37E8 1.38E8 1.39E8 1.55E8 1.83E8 1.92E8 1.93E8 1.94E8 1.94E8 2.35E8 2.35E8
7 0.0 0.0 1000000.0 1000000.0 1000000.0 1000000.0 1000000.0 1000000.0 1000000.0 1000000.0 1000000.0 1000000.0 1000000.0 1000000.0 1000000.0 1000000.0 2000000.0 2000000.0 2000000.0 3000000.0
8 0.0 0.0 3.0E7 4.9E7 6.5E7 7.2E7 8.4E7 9.2E7 1.22E8 1.36E8 1.46E8 1.52E8 1.59E8 1.81E8 1.9E8 1.93E8 1.97E8 2.0E8 2.37E8 2.4E8
9 0.0 1000000.0 1000000.0 5.0E7 6.5E7 7.3E7 8.5E7 9.4E7 1.24E8 1.38E8 1.48E8 1.54E8 1.61E8 1.84E8 1.93E8 1.96E8 2.0E8 2.04E8 2.4E8 2.44E8
10 0.0 0.0 3.3E7 4.9E7 6.5E7 6.5E7 8.3E7 1.0E8 1.25E8 1.39E8 1.4E8 1.4E8 1.42E8 1.82E8 1.93E8 1.94E8 1.94E8 2.05E8 2.39E8 2.43E8
11 0.0 0.0 0.0 4.8E7 6.3E7 7.1E7 8.6E7 9.8E7 1.16E8 1.35E8 1.38E8 1.38E8 1.52E8 1.8E8 1.87E8 1.9E8 1.9E8 2.02E8 2.37E8 2.37E8
12 0.0 0.0 0.0 0.0 0.0 0.0 0.0 0.0 0.0 0.0 0.0 0.0 0.0 0.0 0.0 0.0 1000000.0 1000000.0 1000000.0 2000000.0
13 0.0 1000000.0 2000000.0 2000000.0 2000000.0 2000000.0 2000000.0 2000000.0 2000000.0 2000000.0 3000000.0 3000000.0 3000000.0 3000000.0 3000000.0 3000000.0 3000000.0 4000000.0 4000000.0 4000000.0
14 1000000.0 1000000.0 3.2E7 4.9E7 6.3E7 6.8E7 6.8E7 9.6E7 1.22E8 1.36E8 1.38E8 1.38E8 1.59E8 1.81E8 1.83E8 1.83E8 1.83E8 1.84E8 1.84E8 1.84E8
15 9000000.0 1.6E7 3.2E7 5.0E7 6.6E7 7.4E7 8.6E7 9.5E7 1.25E8 1.39E8 1.5E8 1.55E8 1.62E8 1.85E8 1.94E8 1.96E8 2.01E8 2.07E8 2.41E8 2.48E8
16 9000000.0 1.6E7 3.2E7 5.0E7 6.6E7 7.3E7 8.5E7 9.4E7 1.24E8 1.38E8 1.49E8 1.54E8 1.61E8 1.83E8 1.92E8 1.95E8 1.99E8 2.03E8 2.39E8 2.42E8
17 1000000.0 1.4E7 2.4E7 4.2E7 5.5E7 6.8E7 7.5E7 8.4E7 1.24E8 1.33E8 1.34E8 1.46E8 1.57E8 1.64E8 1.72E8 1.92E8 1.99E8 1.99E8 2.06E8 2.06E8
18 0.0 0.0 0.0 1000000.0 1000000.0 1000000.0 1000000.0 1000000.0 1000000.0 2000000.0 2000000.0 2000000.0 2000000.0 2000000.0 3000000.0 3000000.0 3000000.0 3000000.0 3000000.0 3000000.0
19 0.0 1.5E7 1.7E7 4.2E7 5.5E7 7.3E7 7.5E7 8.4E7 1.23E8 1.33E8 1.34E8 1.46E8 1.57E8 1.71E8 1.93E8 1.93E8 2.0E8 2.0E8 2.06E8 2.06E8
20 9000000.0 9000000.0 9000000.0 9000000.0 6.3E7 6.3E7 7.0E7 7.0E7 1.12E8 1.33E8 1.33E8 1.48E8 1.5E8 1.51E8 1.92E8 1.93E8 1.93E8 1.93E8 2.37E8 2.4E8
21 0.0 0.0 0.0 0.0 0.0 0.0 0.0 2000000.0 2000000.0 2000000.0 2000000.0 2000000.0 2000000.0 2000000.0 2000000.0 2000000.0 2000000.0 2000000.0 2000000.0 2000000.0
22 1.0E7 1.5E7 3.3E7 5.0E7 5.6E7 7.4E7 7.4E7 1.0E8 1.24E8 1.35E8 1.35E8 1.35E8 1.35E8 1.35E8 1.36E8 1.36E8 1.37E8 1.37E8 1.37E8 1.37E8
23 5000000.0 1.4E7 3.1E7 4.8E7 6.4E7 6.8E7 8.5E7 9.9E7 1.22E8 1.31E8 1.44E8 1.45E8 1.45E8 1.82E8 1.9E8 1.91E8 1.91E8 2.08E8 2.38E8 2.41E8
24 9000000.0 9000000.0 1.0E7 1.1E7 6.5E7 7.3E7 7.6E7 1.02E8 1.24E8 1.34E8 1.49E8 1.5E8 1.5E8 1.82E8 1.89E8 1.94E8 1.94E8 2.09E8 2.37E8 2.38E8
25 9000000.0 1.5E7 1.6E7 1.6E7 6.4E7 7.2E7 8.1E7 8.1E7 1.23E8 1.37E8 1.44E8 1.44E8 1.44E8 1.81E8 1.9E8 1.93E8 1.93E8 1.93E8 2.37E8 2.44E8
26 0.0 0.0 0.0 2000000.0 3000000.0 4000000.0 4000000.0 4000000.0 4000000.0 4000000.0 4000000.0 4000000.0 4000000.0 4000000.0 4000000.0 4000000.0 4000000.0 4000000.0 4000000.0 4000000.0
27 0.0 1000000.0 1000000.0 1000000.0 1000000.0 1000000.0 1000000.0 1000000.0 2000000.0 2000000.0 2000000.0 2000000.0 2000000.0 3000000.0 3000000.0 3000000.0 3000000.0 3000000.0 3000000.0 3000000.0
28 9000000.0 1.2E7 3.1E7 4.9E7 6.3E7 7.2E7 7.5E7 1.0E8 1.23E8 1.37E8 1.4E8 1.4E8 1.4E8 1.4E8 1.41E8 1.41E8 1.41E8 1.46E8 2.38E8 2.45E8
29 9000000.0 1.5E7 3.3E7 4.9E7 6.5E7 7.0E7 7.0E7 7.0E7 7.0E7 7.0E7 1.47E8 1.47E8 1.47E8 1.82E8 1.9E8 1.92E8 1.92E8 2.02E8 2.37E8 2.44E8
30 6000000.0 1.4E7 3.0E7 4.8E7 4.8E7 4.8E7 8.7E7 1.01E8 1.23E8 1.37E8 1.47E8 1.53E8 1.53E8 1.83E8 1.92E8 1.94E8 1.95E8 1.95E8 1.95E8 2.46E8
31 1.0E7 1.6E7 3.2E7 4.9E7 5.9E7 6.4E7 8.6E7 1.01E8 1.21E8 1.34E8 1.43E8 1.49E8 1.49E8 1.79E8 1.87E8 1.9E8 1.9E8 1.91E8 2.34E8 2.38E8
32 4000000.0 1.5E7 3.2E7 4.3E7 4.3E7 7.3E7 8.3E7 8.4E7 1.24E8 1.38E8 1.46E8 1.48E8 1.59E8 1.82E8 1.91E8 1.93E8 1.93E8 2.03E8 2.38E8 2.45E8
33 0.0 0.0 0.0 0.0 0.0 0.0 0.0 1000000.0 1000000.0 1000000.0 1000000.0 1000000.0 2000000.0 2000000.0 2000000.0 2000000.0 2000000.0 2000000.0 2000000.0 2000000.0
34 1.1E7 1.4E7 3.2E7 5.0E7 6.2E7 6.2E7 8.7E7 8.8E7 1.23E8 1.36E8 1.44E8 1.51E8 1.53E8 1.81E8 1.87E8 1.87E8 1.87E8 1.87E8 2.37E8 2.39E8
35 0.0 0.0 1000000.0 1000000.0 2000000.0 2000000.0 2000000.0 2000000.0 3000000.0 3000000.0 4000000.0 4000000.0 5000000.0 5000000.0 5000000.0 5000000.0 5000000.0 5000000.0 5000000.0 5000000.0
36 0.0 1000000.0 1000000.0 1000000.0 1000000.0 2000000.0 2000000.0 2000000.0 2000000.0 3000000.0 3000000.0 3000000.0 3000000.0 3000000.0 4000000.0 4000000.0 5000000.0 5000000.0 6000000.0 6000000.0
37 7000000.0 1.8E7 3.3E7 5.1E7 6.6E7 7.4E7 8.8E7 9.9E7 1.25E8 1.39E8 1.46E8 1.48E8 1.61E8 1.83E8 1.92E8 1.96E8 1.96E8 2.01E8 2.39E8 2.41E8
38 9000000.0 1.0E7 1.0E7 3.0E7 6.5E7 7.0E7 8.0E7 9.3E7 1.21E8 1.33E8 1.43E8 1.48E8 1.56E8 1.74E8 1.87E8 1.91E8 1.92E8 1.93E8 2.25E8 2.25E8
39 9000000.0 1.7E7 3.2E7 5.0E7 6.5E7 7.3E7 7.3E7 9.8E7 1.24E8 1.38E8 1.48E8 1.48E8 1.48E8 1.49E8 1.86E8 1.87E8 1.87E8 1.99E8 2.39E8 2.41E8
40 1000000.0 1000000.0 3.3E7 3.9E7 6.0E7 7.2E7 8.9E7 1.03E8 1.25E8 1.39E8 1.47E8 1.5E8 1.62E8 1.84E8 1.93E8 1.97E8 2.01E8 2.05E8 2.4E8 2.45E8
41 1.0E7 1.3E7 3.1E7 3.1E7 3.1E7 4.5E7 4.5E7 9.3E7 1.24E8 1.38E8 1.39E8 1.39E8 1.6E8 1.83E8 1.86E8 1.86E8 1.86E8 2.09E8 2.39E8 2.46E8
42 0.0 0.0 0.0 0.0 0.0 0.0 0.0 0.0 0.0 0.0 1000000.0 1000000.0 1000000.0 1000000.0 1000000.0 1000000.0 3000000.0 3000000.0 3000000.0 3000000.0
43 9000000.0 1.3E7 3.2E7 3.8E7 5.9E7 7.1E7 8.8E7 1.02E8 1.24E8 1.38E8 1.48E8 1.49E8 1.61E8 1.83E8 1.93E8 1.97E8 1.99E8 2.03E8 2.38E8 2.41E8
44 9000000.0 1.4E7 1.5E7 3.9E7 6.1E7 7.2E7 7.3E7 9.5E7 1.23E8 1.37E8 1.47E8 1.51E8 1.52E8 1.81E8 1.9E8 1.93E8 1.93E8 1.94E8 2.37E8 2.43E8
45 9000000.0 1.0E7 1.0E7 3.0E7 6.6E7 7.1E7 8.1E7 9.5E7 1.24E8 1.38E8 1.48E8 1.53E8 1.6E8 1.83E8 1.91E8 1.95E8 1.96E8 2.03E8 2.38E8 2.41E8
46 1.1E7 1.4E7 2.3E7 5.0E7 6.6E7 7.0E7 7.0E7 9.0E7 1.25E8 1.39E8 1.47E8 1.47E8 1.47E8 1.85E8 1.9E8 1.91E8 1.91E8 1.91E8 2.4E8 2.42E8
47 1.1E7 1.4E7 3.2E7 4.9E7 6.4E7 7.3E7 8.8E7 1.0E8 1.24E8 1.38E8 1.46E8 1.54E8 1.54E8 1.84E8 1.93E8 1.94E8 1.94E8 1.94E8 2.39E8 2.46E8
48 1.0E7 1.1E7 3.3E7 5.0E7 6.3E7 7.4E7 7.4E7 9.9E7 1.25E8 1.37E8 1.47E8 1.54E8 1.57E8 1.85E8 1.94E8 1.98E8 1.98E8 2.06E8 2.41E8 2.43E8
49 9000000.0 1.7E7 3.3E7 4.9E7 6.5E7 7.3E7 7.6E7 9.6E7 1.24E8 1.38E8 1.46E8 1.54E8 1.54E8 1.84E8 1.93E8 1.95E8 1.95E8 1.95E8 2.39E8 2.46E8
50 9000000.0 1.5E7 3.3E7 4.4E7 4.5E7 7.3E7 8.3E7 8.3E7 1.24E8 1.38E8 1.46E8 1.46E8 1.62E8 1.84E8 1.93E8 1.94E8 1.94E8 1.94E8 2.4E8 2.47E8
51 0.0 0.0 0.0 0.0 1000000.0 1000000.0 2000000.0 2000000.0 2000000.0 2000000.0 2000000.0 2000000.0 3000000.0 3000000.0 3000000.0 4000000.0 4000000.0 4000000.0 4000000.0 4000000.0
52 0.0 0.0 1000000.0 1000000.0 2000000.0 2000000.0 2000000.0 2000000.0 2000000.0 3000000.0 3000000.0 3000000.0 3000000.0 3000000.0 4000000.0 4000000.0 4000000.0 5000000.0 5000000.0 6000000.0
53 7000000.0 1.4E7 3.2E7 3.2E7 3.4E7 7.0E7 8.9E7 9.7E7 1.25E8 1.39E8 1.47E8 1.49E8 1.49E8 1.85E8 1.94E8 1.94E8 1.94E8 1.94E8 2.41E8 2.44E8
54 4000000.0 1.4E7 3.3E7 5.0E7 6.6E7 7.0E7 7.1E7 9.9E7 1.24E8 1.28E8 1.28E8 1.53E8 1.61E8 1.83E8 1.86E8 1.87E8 1.87E8 2.0E8 2.38E8 2.39E8
55 0.0 0.0 0.0 0.0 0.0 0.0 0.0 0.0 0.0 0.0 0.0 0.0 0.0 0.0 0.0 1000000.0 1000000.0 1000000.0 2000000.0 2000000.0
56 1.1E7 1.8E7 3.3E7 5.0E7 6.5E7 7.3E7 7.4E7 7.4E7 1.09E8 1.09E8 1.44E8 1.44E8 1.44E8 1.8E8 1.91E8 1.95E8 1.95E8 1.95E8 2.34E8 2.34E8
57 5000000.0 1.5E7 3.3E7 4.4E7 4.4E7 7.4E7 8.7E7 9.6E7 1.24E8 1.38E8 1.46E8 1.54E8 1.6E8 1.84E8 1.93E8 1.96E8 1.96E8 2.11E8 2.39E8 2.4E8
58 1.1E7 1.4E7 3.3E7 4.9E7 6.1E7 7.3E7 7.7E7 7.7E7 7.7E7 1.37E8 1.48E8 1.48E8 1.6E8 1.76E8 1.92E8 1.93E8 1.94E8 2.01E8 2.26E8 2.26E8
59 1.1E7 1.8E7 3.3E7 5.0E7 6.6E7 7.4E7 8.3E7 1.01E8 1.25E8 1.39E8 1.47E8 1.5E8 1.62E8 1.85E8 1.93E8 1.96E8 1.97E8 1.97E8 2.41E8 2.46E8
60 0.0 0.0 0.0 1000000.0 1000000.0 2000000.0 2000000.0 2000000.0 2000000.0 2000000.0 2000000.0 2000000.0 2000000.0 3000000.0 3000000.0 3000000.0 3000000.0 3000000.0 3000000.0 3000000.0
61 6000000.0 1.2E7 3.2E7 5.0E7 6.5E7 7.1E7 8.9E7 1.0E8 1.24E8 1.38E8 1.43E8 1.43E8 1.43E8 1.82E8 1.82E8 1.82E8 1.82E8 1.82E8 1.82E8 1.82E8
62 1.1E7 1.4E7 3.3E7 5.1E7 6.1E7 6.1E7 6.2E7 9.8E7 1.24E8 1.38E8 1.46E8 1.53E8 1.61E8 1.84E8 1.93E8 1.94E8 1.94E8 1.94E8 2.38E8 2.41E8
63 0.0 0.0 0.0 0.0 0.0 0.0 0.0 0.0 0.0 0.0 0.0 0.0 0.0 0.0 0.0 0.0 0.0 0.0 0.0 1000000.0
64 0.0 0.0 0.0 0.0 0.0 0.0 0.0 0.0 0.0 0.0 0.0 0.0 0.0 0.0 0.0 0.0 1000000.0 2000000.0 2000000.0 3000000.0
65 1.1E7 1.5E7 3.3E7 5.0E7 6.6E7 7.1E7 8.6E7 1.03E8 1.25E8 1.38E8 1.46E8 1.54E8 1.57E8 1.84E8 1.93E8 1.95E8 1.95E8 1.95E8 1.96E8 2.03E8
66 9000000.0 1.4E7 1.4E7 4.3E7 6.6E7 7.1E7 8.6E7 9.8E7 1.24E8 1.38E8 1.46E8 1.5E8 1.52E8 1.82E8 1.91E8 1.93E8 1.93E8 1.93E8 2.38E8 2.43E8
67 0.0 1000000.0 1000000.0 1000000.0 1000000.0 1000000.0 1000000.0 1000000.0 2000000.0 2000000.0 2000000.0 2000000.0 2000000.0 2000000.0 2000000.0 2000000.0 3000000.0 3000000.0 4000000.0 4000000.0
68 0.0 0.0 0.0 0.0 0.0 0.0 0.0 0.0 0.0 1000000.0 1000000.0 1000000.0 1000000.0 1000000.0 1000000.0 2000000.0 2000000.0 2000000.0 2000000.0 3000000.0
69 9000000.0 1.5E7 2.9E7 4.8E7 6.4E7 7.2E7 7.4E7 7.4E7 1.23E8 1.31E8 1.46E8 1.47E8 1.52E8 1.79E8 1.88E8 1.89E8 1.89E8 1.89E8 2.33E8 2.35E8
70 0.0 0.0 0.0 0.0 0.0 0.0 0.0 0.0 0.0 0.0 1000000.0 3000000.0 3000000.0 3000000.0 3000000.0 3000000.0 3000000.0 3000000.0 4000000.0 4000000.0
71 9000000.0 1.6E7 2.3E7 5.0E7 6.6E7 7.1E7 8.4E7 9.7E7 1.24E8 1.37E8 1.46E8 1.49E8 1.5E8 1.81E8 1.88E8 1.89E8 1.89E8 2.07E8 2.34E8 2.34E8
72 1.1E7 1.5E7 3.2E7 5.0E7 6.5E7 7.3E7 8.3E7 1.02E8 1.22E8 1.36E8 1.46E8 1.46E8 1.6E8 1.82E8 1.84E8 1.84E8 1.84E8 2.03E8 2.3E8 2.3E8
73 1.0E7 1.6E7 3.3E7 5.0E7 6.6E7 7.4E7 8.9E7 1.01E8 1.24E8 1.38E8 1.48E8 1.54E8 1.54E8 1.84E8 1.93E8 1.96E8 1.96E8 1.97E8 2.39E8 2.46E8
74 9000000.0 1.8E7 3.3E7 5.0E7 6.5E7 7.0E7 8.1E7 9.2E7 1.23E8 1.37E8 1.42E8 1.51E8 1.51E8 1.51E8 1.92E8 1.93E8 1.93E8 1.94E8 1.94E8 1.94E8
75 9000000.0 1.5E7 3.3E7 5.0E7 6.6E7 7.1E7 8.6E7 1.03E8 1.24E8 1.38E8 1.46E8 1.54E8 1.57E8 1.84E8 1.86E8 1.86E8 1.86E8 1.86E8 2.4E8 2.4E8
76 0.0 0.0 0.0 0.0 0.0 0.0 0.0 0.0 0.0 0.0 0.0 0.0 0.0 0.0 0.0 0.0 0.0 0.0 0.0 0.0
77 3000000.0 1.6E7 3.3E7 4.8E7 6.4E7 6.9E7 8.4E7 1.01E8 1.23E8 1.37E8 1.44E8 1.52E8 1.55E8 1.82E8 1.91E8 1.92E8 1.93E8 1.93E8 2.34E8 2.45E8
78 0.0 0.0 0.0 0.0 0.0 0.0 0.0 0.0 0.0 0.0 0.0 0.0 0.0 0.0 0.0 0.0 0.0 0.0 0.0 0.0
79 1.1E7 1.4E7 1.4E7 1.5E7 6.6E7 7.1E7 8.7E7 1.0E8 1.24E8 1.38E8 1.39E8 1.54E8 1.55E8 1.84E8 1.93E8 1.95E8 1.96E8 2.05E8 2.39E8 2.47E8
80 0.0 0.0 0.0 0.0 0.0 0.0 0.0 0.0 0.0 0.0 0.0 0.0 1000000.0 1000000.0 1000000.0 1000000.0 1000000.0 1000000.0 1000000.0 1000000.0
81 9000000.0 1.8E7 3.3E7 4.9E7 6.5E7 7.2E7 8.7E7 9.7E7 1.22E8 1.34E8 1.44E8 1.5E8 1.53E8 1.82E8 1.91E8 1.94E8 1.94E8 1.94E8 2.38E8 2.43E8
82 1.1E7 1.5E7 3.3E7 5.1E7 5.6E7 5.6E7 5.6E7 9.9E7 9.9E7 1.37E8 1.38E8 1.38E8 1.38E8 1.48E8 1.84E8 1.84E8 1.84E8 1.84E8 2.37E8 2.37E8
83 1.0E7 1.8E7 3.3E7 5.0E7 6.6E7 7.3E7 8.9E7 1.03E8 1.25E8 1.39E8 1.48E8 1.55E8 1.56E8 1.56E8 1.94E8 1.94E8 1.94E8 1.94E8 2.29E8 2.29E8
84 9000000.0 1.8E7 3.2E7 5.0E7 5.7E7 5.7E7 8.9E7 9.1E7 1.24E8 1.38E8 1.4E8 1.54E8 1.54E8 1.54E8 1.92E8 1.95E8 1.95E8 2.03E8 2.39E8 2.46E8
85 9000000.0 1.5E7 3.3E7 5.1E7 6.6E7 7.1E7 8.9E7 1.03E8 1.25E8 1.39E8 1.48E8 1.48E8 1.48E8 1.48E8 1.49E8 1.51E8 1.51E8 1.51E8 2.4E8 2.47E8
86 9000000.0 1.6E7 2.3E7 4.9E7 6.4E7 6.9E7 8.3E7 9.9E7 1.23E8 1.37E8 1.44E8 1.44E8 1.44E8 1.45E8 1.46E8 1.46E8 1.46E8 1.46E8 1.46E8 1.46E8
87 1.1E7 1.7E7 3.3E7 5.0E7 6.5E7 7.3E7 7.4E7 1.02E8 1.24E8 1.38E8 1.46E8 1.46E8 1.61E8 1.79E8 1.79E8 1.79E8 1.79E8 1.79E8 1.79E8 1.79E8
88 0.0 0.0 0.0 0.0 0.0 0.0 0.0 0.0 0.0 0.0 0.0 0.0 0.0 0.0 0.0 0.0 0.0 0.0 0.0 0.0
89 1.0E7 1.8E7 3.3E7 5.0E7 6.6E7 7.4E7 8.9E7 1.03E8 1.24E8 1.37E8 1.47E8 1.53E8 1.54E8 1.83E8 1.92E8 1.95E8 1.95E8 1.99E8 2.38E8 2.4E8
90 1.0E7 1.8E7 3.3E7 5.0E7 6.6E7 7.4E7 8.9E7 1.02E8 1.23E8 1.37E8 1.47E8 1.51E8 1.51E8 1.83E8 1.91E8 1.95E8 1.95E8 2.02E8 2.39E8 2.39E8
91 1.1E7 1.5E7 1.5E7 4.2E7 4.2E7 7.0E7 7.0E7 7.1E7 1.21E8 1.3E8 1.3E8 1.31E8 1.31E8 1.31E8 1.31E8 1.31E8 1.31E8 1.31E8 1.31E8 1.31E8
92 9000000.0 1.5E7 2.2E7 5.0E7 6.6E7 7.1E7 8.5E7 1.02E8 1.23E8 1.32E8 1.44E8 1.47E8 1.48E8 1.81E8 1.9E8 1.92E8 1.92E8 1.92E8 2.36E8 2.41E8
93 4000000.0 4000000.0 3.2E7 4.9E7 5.6E7 6.2E7 8.7E7 8.7E7 1.23E8 1.24E8 1.24E8 1.24E8 1.25E8 1.25E8 1.25E8 1.25E8 1.25E8 1.25E8 1.25E8 1.25E8
94 1.1E7 1.8E7 2.1E7 5.0E7 6.6E7 7.3E7 8.2E7 9.9E7 1.25E8 1.36E8 1.36E8 1.36E8 1.36E8 1.36E8 1.36E8 1.36E8 1.37E8 1.37E8 1.37E8 1.37E8
95 0.0 0.0 0.0 0.0 0.0 0.0 0.0 0.0 0.0 0.0 0.0 1000000.0 1000000.0 1000000.0 1000000.0 1000000.0 1000000.0 1000000.0 1000000.0 1000000.0
96 1.1E7 1.5E7 3.2E7 5.0E7 5.8E7 7.4E7 7.6E7 9.0E7 1.21E8 1.31E8 1.39E8 1.48E8 1.48E8 1.82E8 1.91E8 1.94E8 1.94E8 1.94E8 2.33E8 2.45E8
97 0.0 0.0 1000000.0 1000000.0 1000000.0 1000000.0 1000000.0 1000000.0 1000000.0 1000000.0 1000000.0 1000000.0 2000000.0 4000000.0 4000000.0 5000000.0 5000000.0 5000000.0 5000000.0 5000000.0
