0 2583
1 1544
2 3559
3 2515
4 2292
5 1980
6 589
7 869
8 1161
9 2169
10 414
11 332
12 3445
13 3255
14 1747
15 2943
16 2525
17 785
18 532
19 1146
20 1141
21 1884
22 2020
23 2402
24 2466
25 2491
26 1891
27 2458
28 1589
29 2296
30 2672
31 3405
32 1950
33 2179
34 1956
35 2263
36 2326
37 2541
38 2114
39 2893
40 2096
41 1668
42 3238
43 2864
44 2420
45 2169
46 2613
47 3018
48 2394
49 3247
50 3389
51 2862
52 3428
53 2469
54 1534
55 2889
56 2722
57 2970
58 2259
59 4380
60 2846
61 1989
62 1166
63 2937
64 1906
65 4049
66 2538
67 1594
68 1167
69 3312
70 2661
71 3781
72 3001
73 3845
74 3669
75 3938
76 4436
77 4223
78 3998
79 3135
80 3416
81 4352
82 1096
83 4282
84 2142
85 3359
86 3318
87 4645
88 4275
89 4166
90 3532
91 1769
92 4322
93 1553
94 3528
95 1886
96 522
97 3315
