records: 20
      Record Time
Host  UsedBuffer

  49376.0 98752.0 148128.0 197504.0 246880.0 296256.0 345632.0 395008.0 444384.0 493760.0 543136.0 592512.0 641888.0 691264.0 740640.0 790016.0 839392.0 888768.0 938144.0 987520.0
0 0.0 2.0E9 2.0E9 -1.794967296E9 -7.94967296E8 -7.94967296E8 2.05032704E8 7.05032704E8 1.205032704E9 1.205032704E9 1.205032704E9 1.205032704E9 1.705032704E9 -1.589934592E9 -5.89934592E8 -5.89934592E8 -5.89934592E8 -5.89934592E8 -8.9934592E7 4.10065408E8
1 -1.794967296E9 -1.794967296E9 6.15098112E8 6.15098112E8 2.115098112E9 3.70457856E8 1.870457856E9 -2.19476736E8 -1.194313216E9 -1.194313216E9 2.40915712E8 7.40915712E8 1.061046528E9 1.561046528E9 1.561046528E9 1.561046528E9 -1.733920768E9 -1.733920768E9 2.66079232E8 7.66079232E8
2 5.0E8 1.0E9 1.5E9 2.0E9 -1.794967296E9 -1.294967296E9 -7.94967296E8 -2.94967296E8 7.05032704E8 7.05032704E8 1.205032704E9 -1.589934592E9 -1.089934592E9 -1.089934592E9 -5.89934592E8 -5.89934592E8 9.10065408E8 9.10065408E8 9.10065408E8 -1.884901888E9
3 1.5E9 1.5E9 -1.384901888E9 -8.84901888E8 1.15098112E8 1.255359744E9 -1.834574848E9 -9.2450944E8 4.20784896E8 1.830850304E9 -2.054051584E9 -1.054051584E9 8.81177344E8 1.381177344E9 1.881177344E9 -1.913789952E9 -1.413789952E9 -1.413789952E9 -1.413789952E9 -1.413789952E9
4 -1.794967296E9 -1.794967296E9 2.115098112E9 -1.679869184E9 -1.79869184E8 3.70457856E8 1.370457856E9 1.870457856E9 9.20784896E8 -1.3741824E9 1.856013824E9 -1.938953472E9 -1.18822656E8 3.81177344E8 1.381177344E9 1.881177344E9 1.881177344E9 1.931504384E9 -1.363462912E9 -3.63462912E8
5 5.0E8 1.5E9 2.0E9 -1.794967296E9 -1.294967296E9 -7.94967296E8 -7.94967296E8 -7.94967296E8 -2.94967296E8 -2.94967296E8 -2.94967296E8 -2.94967296E8 7.05032704E8 1.705032704E9 -2.089934592E9 -2.089934592E9 -1.589934592E9 -8.9934592E7 -8.9934592E7 4.10065408E8
6 -2.94967296E8 7.05032704E8 6.15098112E8 1.115098112E9 -9.7483648E8 1.165425152E9 2.07549056E9 1.190588672E9 -7.84247808E8 -1.3741824E9 -1.84901888E9 -8.4901888E8 1.586210048E9 1.586210048E9 4.96275456E8 1.496275456E9 2.0130816E8 6.36537088E8 6.36537088E8 6.36537088E8
7 5.0E8 1.5E9 2.0E9 2.0E9 -1.794967296E9 -1.294967296E9 -2.94967296E8 2.05032704E8 2.05032704E8 1.705032704E9 1.705032704E9 1.705032704E9 -2.089934592E9 -1.589934592E9 -1.589934592E9 -1.089934592E9 -5.89934592E8 -5.89934592E8 4.10065408E8 4.10065408E8
8 1.5E9 2.0E9 -1.794967296E9 -1.794967296E9 -2.94967296E8 1.730196224E9 -2.064771072E9 1.55032704E9 1.780523264E9 -2.014444032E9 1.420784896E9 1.920784896E9 1.6258176E9 1.6258176E9 1.6258176E9 2.1258176E9 -6.69149696E8 -1.69149696E8 -1.69149696E8 3.30850304E8
9 1.5E9 2.0E9 9.10065408E8 1.410065408E9 -1.384901888E9 -1.94967296E9 1.05032704E9 -1.539607552E9 1.460392448E9 1.460392448E9 1.805686784E9 1.805686784E9 -1.34901888E9 -1.34901888E9 -1.34901888E9 -1.34901888E9 -1.34901888E9 -8.4901888E8 -8.4901888E8 -3.4901888E8
10 -1.794967296E9 -7.94967296E8 1.205032704E9 1.205032704E9 5.2516352E8 1.345294336E9 1.845294336E9 -1.539607552E9 1.280523264E9 -1.014444032E9 -6.69149696E8 -6.69149696E8 1.65098112E9 1.561046528E9 2.66079232E8 2.66079232E8 -9.13789952E8 -6.83593728E8 -1.83593728E8 3.16406272E8
11 -7.94967296E8 2.05032704E8 2.05032704E8 2.05032704E8 2.05032704E8 2.05032704E8 7.05032704E8 1.15098112E8 1.615098112E9 -1.79869184E8 1.805686784E9 -1.489280512E9 -4.89280512E8 -4.89280512E8 1.420784896E9 1.920784896E9 -1.8741824E9 -1.183593728E9 -1.183593728E9 -1.183593728E9
12 0.0 5.0E8 5.0E8 5.0E8 5.0E8 5.0E8 1.0E9 1.5E9 2.0E9 2.0E9 2.0E9 -1.294967296E9 -2.94967296E8 2.05032704E8 2.05032704E8 1.705032704E9 -2.089934592E9 -2.089934592E9 -1.589934592E9 -1.089934592E9
13 5.0E8 5.0E8 1.0E9 1.5E9 1.5E9 1.5E9 1.5E9 2.0E9 2.0E9 2.0E9 2.0E9 2.0E9 2.0E9 2.0E9 2.0E9 -1.794967296E9 -1.294967296E9 -7.94967296E8 1.705032704E9 -1.589934592E9
14 1.5E9 2.0E9 1.410065408E9 1.910065408E9 -3.84901888E8 2.55359744E8 1.665425152E9 -8.09411328E8 -7.9215104E7 -6.69149696E8 -1.34901888E9 -1.34901888E9 -1.233920768E9 -7.33920768E8 -2.33920768E8 7.66079232E8 -1.028888064E9 9.06340864E8 9.06340864E8 1.406340864E9
15 1.0E9 1.0E9 1.0E9 1.0E9 1.0E9 2.0E9 -1.294967296E9 -7.94967296E8 2.05032704E8 2.05032704E8 2.05032704E8 7.05032704E8 1.205032704E9 1.205032704E9 1.205032704E9 1.205032704E9 1.205032704E9 1.205032704E9 1.205032704E9 1.205032704E9
16 -7.94967296E8 -7.94967296E8 -7.94967296E8 -7.94967296E8 -7.94967296E8 -2.089934592E9 -1.089934592E9 -8.9934592E7 -6.29542144E8 1.57549056E9 4.85555968E8 9.85555968E8 -1.054051584E9 -5.54051584E8 1.7614464E8 1.17614464E9 -2.118822656E9 -1.978561024E9 2.1438976E7 -3.63462912E8
17 1.5E9 -2.94967296E8 -1.884901888E9 -1.384901888E9 1.115098112E9 -1.539607552E9 -1.629542144E9 -6.29542144E8 -1.8741824E9 -1.8741824E9 -1.964116992E9 -1.964116992E9 7.91242752E8 1.791242752E9 2.0130816E8 1.20130816E9 1.20130816E9 -1.953397504E9 2.046602496E9 -1.33266688E8
18 -1.794967296E9 -1.294967296E9 9.10065408E8 1.410065408E9 -8.84901888E8 -6.54705664E8 1.05032704E9 1.255359744E9 3.95621376E8 1.895621376E9 1.920784896E9 1.920784896E9 1.561046528E9 1.561046528E9 -2.8888064E7 4.71111936E8 -3.2385536E8 1.611373568E9 2.111373568E9 5.46602496E8
19 5.0E8 5.0E8 1.5E9 2.0E9 -1.794967296E9 -1.794967296E9 -1.794967296E9 -1.294967296E9 -1.294967296E9 -2.94967296E8 2.05032704E8 1.205032704E9 -2.089934592E9 -2.089934592E9 -2.089934592E9 -2.089934592E9 -2.089934592E9 -2.089934592E9 -2.089934592E9 -1.589934592E9
20 -1.794967296E9 -1.294967296E9 1.115098112E9 1.615098112E9 1.230196224E9 -2.44640256E8 1.65425152E8 -1.604378624E9 2.15752192E8 1.920784896E9 -8.4901888E8 -8.4901888E8 2.086210048E9 2.086210048E9 -2.003724544E9 -2.003724544E9 -1.83593728E8 4.31504384E8 1.931504384E9 6.61700608E8
21 -1.794967296E9 -7.94967296E8 1.705032704E9 1.705032704E9 -2.69803776E8 -1.834574848E9 -4.2450944E8 6.90588672E8 -1.784247808E9 2.15752192E8 -8.4901888E8 -8.4901888E8 1.471111936E9 1.471111936E9 -2.08757248E8 4.96275456E8 1.111373568E9 -5.68495616E8 9.31504384E8 1.456667904E9
22 2.0E9 2.0E9 -1.794967296E9 -1.794967296E9 -2.94967296E8 -1.47483648E9 -1.47483648E9 -9.7483648E8 1.370457856E9 1.870457856E9 1.395621376E9 -8.9934592E8 -2.08757248E8 -2.08757248E8 4.06340864E8 4.06340864E8 4.06340864E8 7.516352E8 -2.043332096E9 1.661700608E9
23 0.0 5.0E8 2.0E9 -1.294967296E9 -2.94967296E8 -2.94967296E8 -2.94967296E8 -2.94967296E8 -2.94967296E8 -2.94967296E8 -2.94967296E8 2.05032704E8 2.05032704E8 2.05032704E8 7.05032704E8 7.05032704E8 1.205032704E9 1.705032704E9 -2.089934592E9 -1.089934592E9
24 -1.794967296E9 -1.794967296E9 1.410065408E9 -3.84901888E8 1.230196224E9 -4.4967296E8 -1.834574848E9 1.90588672E8 -1.784247808E9 1.420784896E9 1.535883008E9 1.535883008E9 8.6210048E7 5.86210048E8 -1.003724544E9 -1.003724544E9 1.611373568E9 -1.068495616E9 -6.8495616E7 -1.838299392E9
25 5.0E8 1.0E9 1.0E9 1.5E9 -1.794967296E9 -1.794967296E9 -7.94967296E8 -2.94967296E8 7.05032704E8 7.05032704E8 1.205032704E9 1.205032704E9 1.205032704E9 1.705032704E9 1.705032704E9 1.705032704E9 1.705032704E9 -2.089934592E9 -1.589934592E9 -1.589934592E9
26 0.0 1.0E9 1.0E9 -1.179869184E9 7.30196224E8 5.5032704E8 2.55359744E8 6.90588672E8 -1.784247808E9 2.15752192E8 4.45948416E8 4.45948416E8 1.471111936E9 1.471111936E9 -1.18822656E8 8.81177344E8 -1.183593728E9 -3.63462912E8 -3.63462912E8 -1.338299392E9
27 5.0E8 5.0E8 5.0E8 1.0E9 1.0E9 1.5E9 1.5E9 1.5E9 -1.794967296E9 -1.794967296E9 -1.794967296E9 -7.94967296E8 -7.94967296E8 7.05032704E8 1.205032704E9 -1.589934592E9 -1.089934592E9 -5.89934592E8 -8.9934592E7 -8.9934592E7
28 -1.294967296E9 -7.94967296E8 -2.94967296E8 1.705032704E9 1.705032704E9 1.435228928E9 5.032704E7 -3.9607552E7 1.370457856E9 5.7549056E8 -5.4051584E7 4.45948416E8 -5.28888064E8 1.971111936E9 3.81177344E8 1.881177344E9 1.881177344E9 9.06340864E8 1.906340864E9 -1.388626432E9
29 0.0 1.0E9 -1.794967296E9 -1.794967296E9 -1.294967296E9 -7.94967296E8 -7.94967296E8 -7.94967296E8 -2.94967296E8 -2.94967296E8 2.05032704E8 2.05032704E8 7.05032704E8 7.05032704E8 1.705032704E9 1.705032704E9 -2.089934592E9 -1.589934592E9 -1.089934592E9 -1.089934592E9
30 5.0E8 5.0E8 5.0E8 1.0E9 2.0E9 -1.294967296E9 -2.94967296E8 -2.94967296E8 1.205032704E9 1.705032704E9 -1.089934592E9 -8.9934592E7 -8.9934592E7 -8.9934592E7 4.10065408E8 9.10065408E8 9.10065408E8 1.410065408E9 1.410065408E9 1.410065408E9
31 -2.94967296E8 -2.94967296E8 -8.9934592E7 2.115098112E9 4.35228928E8 -3.34574848E8 3.70457856E8 6.90588672E8 1.0719488E7 -7.9215104E7 8.56013824E8 1.356013824E9 -1.913789952E9 -1.413789952E9 1.291242752E9 1.496275456E9 1.11373568E8 -5.68495616E8 -5.68495616E8 4.56667904E8
32 1.0E9 1.0E9 1.0E9 2.0E9 -1.294967296E9 -7.94967296E8 -7.94967296E8 -2.94967296E8 2.05032704E8 7.05032704E8 1.705032704E9 -2.089934592E9 -2.089934592E9 -8.9934592E7 -8.9934592E7 4.10065408E8 9.10065408E8 1.910065408E9 -1.884901888E9 -1.384901888E9
33 -7.94967296E8 -2.94967296E8 -1.679869184E9 -1.179869184E9 -1.859738368E9 4.60392448E8 1.665425152E9 1.690588672E9 -7.84247808E8 -1.3741824E9 6.5098112E8 1.15098112E9 1.586210048E9 1.586210048E9 7.0130816E8 7.0130816E8 3.16406272E8 -1.158430208E9 -1.158430208E9 1.61700608E8
34 5.0E8 5.0E8 1.5E9 -1.794967296E9 -1.794967296E9 -1.794967296E9 -1.794967296E9 -1.794967296E9 -1.794967296E9 -1.794967296E9 -1.794967296E9 -1.294967296E9 -1.294967296E9 -1.294967296E9 -1.294967296E9 -7.94967296E8 -7.94967296E8 2.05032704E8 7.05032704E8 7.05032704E8
35 -1.294967296E9 -1.294967296E9 -1.589934592E9 -6.79869184E8 9.35228928E8 -1.834574848E9 -9.2450944E8 6.90588672E8 2.010719488E9 -1.8741824E9 1.445948416E9 1.945948416E9 5.86210048E8 1.586210048E9 -3724544.0 -3724544.0 -1.683593728E9 9.31504384E8 1.431504384E9 -8.38299392E8
36 5.0E8 5.0E8 2.0E9 2.0E9 -1.794967296E9 -1.294967296E9 -2.94967296E8 2.05032704E8 2.05032704E8 7.05032704E8 7.05032704E8 1.705032704E9 1.705032704E9 -2.089934592E9 -1.589934592E9 -1.589934592E9 -1.089934592E9 -1.089934592E9 -1.089934592E9 -1.089934592E9
37 1.0E9 1.0E9 1.0E9 1.0E9 1.5E9 2.0E9 2.0E9 -1.294967296E9 -2.94967296E8 1.205032704E9 -2.089934592E9 -1.089934592E9 -5.89934592E8 -8.9934592E7 4.10065408E8 1.410065408E9 -1.884901888E9 -1.884901888E9 -1.884901888E9 -1.884901888E9
38 0.0 1.5E9 1.5E9 2.0E9 -2.94967296E8 2.05032704E8 2.05032704E8 7.05032704E8 1.205032704E9 1.705032704E9 -2.089934592E9 -1.589934592E9 -1.089934592E9 -8.9934592E7 9.10065408E8 1.410065408E9 1.410065408E9 1.410065408E9 1.910065408E9 1.910065408E9
39 1.5E9 1.5E9 1.5E9 1.5E9 -1.294967296E9 -2.94967296E8 2.05032704E8 2.05032704E8 2.05032704E8 7.05032704E8 1.205032704E9 1.205032704E9 1.705032704E9 -2.089934592E9 -2.089934592E9 -2.089934592E9 -2.089934592E9 -1.589934592E9 -1.589934592E9 -5.89934592E8
40 1.0E9 1.5E9 -1.294967296E9 -7.94967296E8 -2.94967296E8 -2.94967296E8 -2.94967296E8 -2.94967296E8 -2.94967296E8 -2.94967296E8 -2.94967296E8 2.05032704E8 7.05032704E8 7.05032704E8 1.205032704E9 1.205032704E9 1.705032704E9 -1.589934592E9 -1.089934592E9 -5.89934592E8
41 1.0E9 1.5E9 2.0E9 -1.294967296E9 -1.294967296E9 -7.94967296E8 2.05032704E8 1.205032704E9 1.205032704E9 1.705032704E9 1.705032704E9 1.705032704E9 -1.589934592E9 -1.589934592E9 -1.089934592E9 -8.9934592E7 -8.9934592E7 4.10065408E8 4.10065408E8 4.10065408E8
42 0.0 5.0E8 5.0E8 2.0E9 2.0E9 2.0E9 2.0E9 -1.794967296E9 -1.294967296E9 -1.294967296E9 -2.94967296E8 2.05032704E8 2.05032704E8 7.05032704E8 1.205032704E9 1.205032704E9 1.705032704E9 -1.589934592E9 -1.089934592E9 -5.89934592E8
43 5.0E8 5.0E8 1.0E9 1.0E9 1.0E9 1.0E9 1.5E9 -1.794967296E9 -7.94967296E8 -7.94967296E8 -2.94967296E8 -2.94967296E8 -2.94967296E8 2.05032704E8 7.05032704E8 1.205032704E9 -1.589934592E9 -1.089934592E9 -1.089934592E9 -8.9934592E7
44 0.0 0.0 0.0 0.0 0.0 5.0E8 1.0E9 1.0E9 1.5E9 1.5E9 2.0E9 -1.794967296E9 2.05032704E8 7.05032704E8 1.705032704E9 -2.089934592E9 -1.589934592E9 -1.589934592E9 -1.589934592E9 -1.089934592E9
45 5.0E8 5.0E8 1.0E9 1.5E9 1.5E9 -1.294967296E9 -1.294967296E9 -1.294967296E9 -1.294967296E9 -1.294967296E9 -1.294967296E9 -1.294967296E9 -7.94967296E8 -2.94967296E8 -2.94967296E8 2.05032704E8 2.05032704E8 7.05032704E8 1.205032704E9 -2.089934592E9
46 1.0E9 1.0E9 2.0E9 2.0E9 2.0E9 -1.794967296E9 -1.794967296E9 -1.794967296E9 -1.294967296E9 -7.94967296E8 -7.94967296E8 -7.94967296E8 -7.94967296E8 2.05032704E8 1.205032704E9 1.205032704E9 1.705032704E9 -2.089934592E9 -2.089934592E9 -2.089934592E9
47 0.0 0.0 1.0E9 1.0E9 1.0E9 1.0E9 2.0E9 -1.794967296E9 -1.794967296E9 -2.089934592E9 -2.089934592E9 -1.589934592E9 -1.589934592E9 -1.089934592E9 -1.089934592E9 -5.89934592E8 -8.9934592E7 -8.9934592E7 4.10065408E8 4.10065408E8
48 0.0 0.0 5.0E8 1.0E9 1.0E9 1.5E9 2.0E9 2.0E9 2.0E9 -1.794967296E9 -1.794967296E9 -1.794967296E9 -1.794967296E9 -1.294967296E9 -1.294967296E9 -1.294967296E9 -7.94967296E8 -2.94967296E8 -2.94967296E8 2.05032704E8
49 0.0 5.0E8 1.0E9 1.0E9 1.0E9 1.0E9 1.5E9 1.5E9 1.5E9 2.0E9 2.0E9 -1.794967296E9 -2.94967296E8 7.05032704E8 1.205032704E9 -2.089934592E9 -1.589934592E9 -1.089934592E9 -1.089934592E9 -5.89934592E8
50 0.0 1.5E9 2.0E9 -7.94967296E8 -7.94967296E8 -2.94967296E8 1.205032704E9 1.205032704E9 1.705032704E9 -2.089934592E9 -1.589934592E9 -1.089934592E9 -5.89934592E8 -5.89934592E8 -8.9934592E7 -8.9934592E7 -8.9934592E7 4.10065408E8 9.10065408E8 1.410065408E9
51 5.0E8 5.0E8 5.0E8 5.0E8 1.0E9 1.0E9 1.0E9 1.0E9 1.0E9 1.5E9 2.0E9 -1.794967296E9 -1.794967296E9 -1.794967296E9 -1.294967296E9 -1.294967296E9 -7.94967296E8 -2.94967296E8 2.05032704E8 2.05032704E8
