0 3350
1 1983
2 4465
3 3282
4 2960
5 2677
6 762
7 1055
8 1526
9 2865
10 545
11 435
12 4373
13 4083
14 2319
15 4025
16 3452
17 976
18 676
19 1395
20 1350
21 2373
22 2486
23 3025
24 3229
25 3092
26 2434
27 2931
28 1996
29 2814
30 3280
31 4085
32 2385
33 2638
34 2410
35 2739
36 2826
37 3205
38 2584
39 3486
40 2591
41 2130
42 4107
43 3607
44 2966
45 2627
46 3218
47 3968
48 3119
49 3942
50 4115
51 3639
52 4258
53 3048
54 1891
55 3721
56 3354
57 3780
58 2784
59 5381
60 3593
61 2390
62 1493
63 3543
64 2375
65 5048
66 3276
67 1991
68 1388
69 3979
70 3167
71 4674
72 3604
73 4764
74 4496
75 4970
76 5463
77 5267
78 5064
79 3919
80 4184
81 5282
82 1441
83 5444
84 2749
85 4154
86 4108
87 5652
88 5245
89 5118
90 4188
91 2013
92 5286
93 1845
94 4159
95 2371
96 657
97 3950
