0 3350
1 1982
2 4463
3 3280
4 2960
5 2676
6 762
7 1055
8 1525
9 2865
10 545
11 435
12 4369
13 4081
14 2318
15 4023
16 3451
17 976
18 676
19 1394
20 1350
21 2371
22 2488
23 3022
24 3229
25 3092
26 2433
27 2932
28 1995
29 2815
30 3279
31 4084
32 2386
33 2636
34 2411
35 2738
36 2825
37 3204
38 2585
39 3487
40 2590
41 2130
42 4114
43 3605
44 2966
45 2627
46 3218
47 3966
48 3118
49 3941
50 4116
51 3640
52 4253
53 3048
54 1892
55 3721
56 3355
57 3779
58 2783
59 5381
60 3592
61 2390
62 1494
63 3542
64 2375
65 5047
66 3276
67 1991
68 1388
69 3977
70 3167
71 4675
72 3604
73 4763
74 4499
75 4969
76 5464
77 5264
78 5058
79 3919
80 4183
81 5284
82 1441
83 5446
84 2749
85 4152
86 4107
87 5654
88 5245
89 5119
90 4185
91 2014
92 5284
93 1845
94 4161
95 2371
96 657
97 3952
