records: 20
      Record Time
Host  UsedBuffer

  16870.0 33740.0 50610.0 67480.0 84350.0 101220.0 118090.0 134960.0 151830.0 168700.0 185570.0 202440.0 219310.0 236180.0 253050.0 269920.0 286790.0 303660.0 320530.0 337400.0
0 7.0E8 1.4E9 -1.194967296E9 3.05032704E8 -2.089934592E9 -1.689934592E9 -6.89934592E8 1.010065408E9 -5.84901888E8 8.15098112E8 1.515098112E9 2.015098112E9 -1.779869184E9 1.020130816E9 2.020130816E9 -1.57483648E9 -1.57483648E9 -8.7483648E8 -1.869803776E9 -1.169803776E9
1 6.0E8 1.5E9 1.5E9 1.05032704E8 2.105032704E9 -1.789934592E9 -1.389934592E9 -2.89934592E8 -5.84901888E8 8.15098112E8 1.515098112E9 2.015098112E9 -1.979869184E9 1.020130816E9 2.020130816E9 -1.97483648E9 -1.77483648E9 -1.17483648E9 2.12516352E9 2.12516352E9
2 7.0E8 1.4E9 -1.194967296E9 1.05032704E8 2.005032704E9 -1.789934592E9 -7.89934592E8 9.10065408E8 -7.84901888E8 5.15098112E8 1.215098112E9 1.815098112E9 2.015098112E9 7.20130816E8 1.720130816E9 2.020130816E9 -1.37483648E9 -9.7483648E8 -2.069803776E9 -1.569803776E9
3 7.0E8 1.4E9 -1.194967296E9 2.05032704E8 -2.089934592E9 -1.589934592E9 -5.89934592E8 1.010065408E9 -5.84901888E8 8.15098112E8 1.515098112E9 2.115098112E9 -1.979869184E9 1.020130816E9 1.820130816E9 -1.67483648E9 -1.37483648E9 -1.17483648E9 -2.069803776E9 -1.169803776E9
4 6.0E8 1.3E9 -1.294967296E9 2.05032704E8 2.105032704E9 -1.689934592E9 -6.89934592E8 1.010065408E9 -5.84901888E8 8.15098112E8 1.515098112E9 2.115098112E9 -1.979869184E9 1.020130816E9 2.020130816E9 -1.77483648E9 -1.27483648E9 -9.7483648E8 -1.769803776E9 -1.269803776E9
5 0.0 0.0 0.0 2.05032704E8 -2.089934592E9 -1.689934592E9 -1.289934592E9 -2.89934592E8 -5.84901888E8 8.15098112E8 1.515098112E9 1.915098112E9 -2.079869184E9 9.20130816E8 1.920130816E9 -2.07483648E9 -1.87483648E9 -1.27483648E9 2.12516352E9 -1.669803776E9
6 0.0 0.0 0.0 0.0 0.0 0.0 0.0 0.0 1.0E8 2.0E8 2.0E8 2.0E8 2.0E8 2.0E8 2.0E8 2.0E8 2.0E8 2.0E8 2.0E8 2.0E8
7 0.0 0.0 1.0E8 1.0E8 1.0E8 1.0E8 1.0E8 1.0E8 1.0E8 1.0E8 1.0E8 1.0E8 1.0E8 1.0E8 1.0E8 1.0E8 2.0E8 2.0E8 2.0E8 3.0E8
8 0.0 0.0 5.0E8 -1.94967296E8 2.105032704E9 -1.789934592E9 -1.389934592E9 -4.89934592E8 -7.84901888E8 6.15098112E8 1.315098112E9 1.715098112E9 2.015098112E9 4.20130816E8 1.720130816E9 2.020130816E9 -2.07483648E9 -1.87483648E9 1.82516352E9 -1.769803776E9
9 0.0 1.0E8 1.0E8 1.0E8 1.0E8 1.0E8 2.0E8 2.0E8 2.0E8 2.0E8 2.0E8 2.0E8 2.0E8 3.0E8 3.0E8 4.0E8 4.0E8 4.0E8 4.0E8 5.0E8
10 0.0 0.0 0.0 0.0 0.0 0.0 0.0 0.0 1.0E8 2.0E8 3.0E8 3.0E8 3.0E8 3.0E8 3.0E8 3.0E8 3.0E8 3.0E8 3.0E8 4.0E8
11 0.0 0.0 0.0 5032704.0 1.505032704E9 -1.689934592E9 -5.89934592E8 5.10065408E8 -1.284901888E9 5.15098112E8 5.15098112E8 5.15098112E8 2.115098112E9 2.20130816E8 1.720130816E9 1.820130816E9 1.820130816E9 -9.7483648E8 1.42516352E9 1.42516352E9
12 6.0E8 1.5E9 1.5E9 2.05032704E8 2.105032704E9 -1.789934592E9 -1.389934592E9 -2.89934592E8 -6.84901888E8 7.15098112E8 1.415098112E9 1.915098112E9 -2.079869184E9 9.20130816E8 1.920130816E9 -2.07483648E9 -1.77483648E9 -1.27483648E9 2.02516352E9 -1.869803776E9
13 7.0E8 1.4E9 -1.194967296E9 3.05032704E8 1.905032704E9 -1.889934592E9 -8.89934592E8 8.10065408E8 -7.84901888E8 6.15098112E8 1.315098112E9 1.915098112E9 2.115098112E9 7.20130816E8 7.20130816E8 7.20130816E8 7.20130816E8 8.20130816E8 8.20130816E8 8.20130816E8
14 6.0E8 1.3E9 -1.194967296E9 1.05032704E8 1.905032704E9 -1.889934592E9 -8.89934592E8 4.10065408E8 -7.84901888E8 6.15098112E8 1.315098112E9 1.815098112E9 -1.979869184E9 7.20130816E8 1.020130816E9 1.020130816E9 1.020130816E9 1.120130816E9 1.120130816E9 1.120130816E9
15 0.0 0.0 0.0 0.0 0.0 0.0 0.0 0.0 0.0 0.0 0.0 0.0 0.0 0.0 0.0 0.0 0.0 0.0 0.0 0.0
16 6.0E8 1.5E9 1.5E9 2.05032704E8 -2.089934592E9 -1.789934592E9 -1.389934592E9 -2.89934592E8 -5.84901888E8 8.15098112E8 1.515098112E9 2.015098112E9 -1.979869184E9 9.20130816E8 1.920130816E9 -2.07483648E9 -1.87483648E9 -1.47483648E9 -2.069803776E9 -1.569803776E9
17 1.0E8 1.0E8 1.0E8 2.0E8 2.0E8 2.0E8 2.0E8 2.0E8 2.0E8 2.0E8 2.0E8 3.0E8 3.0E8 3.0E8 3.0E8 3.0E8 3.0E8 3.0E8 4.0E8 4.0E8
18 0.0 0.0 0.0 1.0E8 1.0E8 1.0E8 1.0E8 1.0E8 1.0E8 2.0E8 2.0E8 2.0E8 2.0E8 2.0E8 3.0E8 3.0E8 3.0E8 3.0E8 3.0E8 3.0E8
19 0.0 0.0 0.0 0.0 0.0 0.0 1.0E8 3.0E8 3.0E8 3.0E8 3.0E8 3.0E8 3.0E8 3.0E8 3.0E8 3.0E8 3.0E8 3.0E8 3.0E8 3.0E8
20 5.0E8 5.0E8 5.0E8 5.0E8 5.0E8 5.0E8 5.0E8 5.0E8 -1.889934592E9 1.0065408E7 1.0065408E7 1.415098112E9 1.415098112E9 1.515098112E9 1.920130816E9 1.920130816E9 1.920130816E9 1.920130816E9 1.62516352E9 -1.769803776E9
21 7.0E8 1.1E9 1.2E9 1.3E9 1.3E9 -1.789934592E9 -1.789934592E9 -1.589934592E9 -5.84901888E8 4.15098112E8 4.15098112E8 4.15098112E8 4.15098112E8 1.020130816E9 2.020130816E9 -2.07483648E9 -2.07483648E9 -1.97483648E9 2.12516352E9 -1.469803776E9
22 7.0E8 1.2E9 -1.094967296E9 2.05032704E8 1.105032704E9 1.105032704E9 1.105032704E9 1.905032704E9 -5.84901888E8 5.15098112E8 5.15098112E8 5.15098112E8 5.15098112E8 5.15098112E8 6.15098112E8 6.15098112E8 7.15098112E8 7.15098112E8 7.15098112E8 7.15098112E8
23 1.0E8 3.0E8 -1.294967296E9 5032704.0 2.005032704E9 2.105032704E9 -6.89934592E8 5.10065408E8 -7.84901888E8 -4.84901888E8 1.215098112E9 1.315098112E9 1.315098112E9 8.20130816E8 1.220130816E9 2.120130816E9 2.120130816E9 2.120130816E9 -1.969803776E9 -1.669803776E9
24 0.0 0.0 1.0E8 2.0E8 2.0E8 2.0E8 2.0E8 2.0E8 2.0E8 2.0E8 2.0E8 2.0E8 2.0E8 2.0E8 2.0E8 2.0E8 2.0E8 3.0E8 3.0E8 3.0E8
25 7.0E8 1.4E9 1.4E9 1.4E9 2.005032704E9 -1.889934592E9 -1.289934592E9 -1.189934592E9 -6.84901888E8 7.15098112E8 1.115098112E9 1.115098112E9 1.115098112E9 7.20130816E8 1.720130816E9 1.920130816E9 1.920130816E9 1.920130816E9 -8.7483648E8 -1.369803776E9
26 0.0 0.0 0.0 2.0E8 3.0E8 4.0E8 4.0E8 4.0E8 4.0E8 4.0E8 4.0E8 4.0E8 4.0E8 4.0E8 4.0E8 4.0E8 4.0E8 4.0E8 4.0E8 4.0E8
27 7.0E8 8.0E8 8.0E8 8.0E8 -2.089934592E9 -1.889934592E9 -5.89934592E8 5.10065408E8 -5.84901888E8 4.15098112E8 1.315098112E9 1.315098112E9 1.415098112E9 -1.279869184E9 1.420130816E9 1.420130816E9 1.420130816E9 1.420130816E9 1.420130816E9 1.420130816E9
28 0.0 0.0 0.0 0.0 0.0 0.0 0.0 0.0 1.0E8 1.0E8 1.0E8 1.0E8 1.0E8 1.0E8 2.0E8 2.0E8 2.0E8 2.0E8 3.0E8 3.0E8
29 7.0E8 7.0E8 -1.094967296E9 2.05032704E8 2.105032704E9 -1.889934592E9 -1.889934592E9 -1.889934592E9 -1.889934592E9 -1.889934592E9 -1.889934592E9 -1.889934592E9 -1.789934592E9 8.20130816E8 1.820130816E9 2.020130816E9 2.020130816E9 -1.07483648E9 -2.069803776E9 -1.369803776E9
30 3.0E8 3.0E8 3.0E8 5032704.0 5032704.0 5032704.0 -6.89934592E8 3.10065408E8 -6.84901888E8 7.15098112E8 1.315098112E9 2.015098112E9 2.115098112E9 9.20130816E8 1.920130816E9 2.120130816E9 -1.37483648E9 -1.37483648E9 -1.37483648E9 -1.369803776E9
31 7.0E8 1.1E9 -1.194967296E9 1.05032704E8 1.505032704E9 1.505032704E9 -1.289934592E9 8.10065408E8 -8.84901888E8 4.15098112E8 9.15098112E8 1.615098112E9 1.715098112E9 5.20130816E8 1.320130816E9 1.320130816E9 1.320130816E9 1.420130816E9 1.92516352E9 -1.969803776E9
32 3.0E8 1.0E9 -1.194967296E9 -6.94967296E8 -6.94967296E8 8.05032704E8 9.05032704E8 1.005032704E9 -5.84901888E8 8.15098112E8 1.415098112E9 1.815098112E9 -1.979869184E9 7.20130816E8 1.720130816E9 2.020130816E9 2.020130816E9 2.020130816E9 -2.069803776E9 -1.269803776E9
33 0.0 0.0 -1.094967296E9 2.05032704E8 8.05032704E8 9.05032704E8 9.05032704E8 4.10065408E8 -5.84901888E8 8.15098112E8 1.315098112E9 1.315098112E9 1.415098112E9 1.415098112E9 1.515098112E9 1.515098112E9 1.615098112E9 1.615098112E9 1.615098112E9 1.615098112E9
34 7.0E8 1.0E9 -1.194967296E9 2.05032704E8 1.805032704E9 1.805032704E9 2.005032704E9 -1.589934592E9 -6.84901888E8 6.15098112E8 1.215098112E9 1.215098112E9 1.815098112E9 7.20130816E8 1.320130816E9 1.320130816E9 1.320130816E9 1.320130816E9 1.62516352E9 -1.369803776E9
35 8.0E8 1.1E9 -1.094967296E9 5032704.0 1.705032704E9 1.705032704E9 1.705032704E9 7.10065408E8 -4.84901888E8 -1.84901888E8 1.515098112E9 1.515098112E9 -1.679869184E9 1.120130816E9 2.120130816E9 -2.07483648E9 -2.07483648E9 -2.07483648E9 -1.669803776E9 -1.169803776E9
36 1.0E8 2.0E8 -1.094967296E9 3.05032704E8 8.05032704E8 9.05032704E8 9.05032704E8 3.10065408E8 -5.84901888E8 8.15098112E8 1.315098112E9 1.315098112E9 1.415098112E9 1.415098112E9 1.515098112E9 1.515098112E9 1.615098112E9 1.615098112E9 1.715098112E9 1.715098112E9
37 3.0E8 3.0E8 -1.094967296E9 2.05032704E8 -2.089934592E9 -1.789934592E9 -1.689934592E9 7.10065408E8 -4.84901888E8 9.15098112E8 1.415098112E9 1.415098112E9 -1.979869184E9 9.20130816E8 1.920130816E9 -1.47483648E9 -1.37483648E9 -1.27483648E9 1.82516352E9 -1.169803776E9
38 1.0E8 2.0E8 2.0E8 3.0E8 2.105032704E9 -1.889934592E9 -1.889934592E9 -1.89934592E8 -8.84901888E8 -1.84901888E8 9.15098112E8 9.15098112E8 2.015098112E9 2.0130816E7 1.320130816E9 1.720130816E9 1.820130816E9 1.820130816E9 -1.87483648E9 -1.87483648E9
39 0.0 0.0 0.0 1.0E8 1.0E8 1.0E8 1.0E8 2.0E8 2.0E8 2.0E8 2.0E8 2.0E8 2.0E8 2.0E8 2.0E8 2.0E8 2.0E8 2.0E8 2.0E8 2.0E8
40 0.0 0.0 0.0 0.0 0.0 0.0 0.0 0.0 0.0 0.0 0.0 0.0 0.0 0.0 0.0 1.0E8 1.0E8 1.0E8 1.0E8 1.0E8
41 7.0E8 1.1E9 -1.294967296E9 -1.294967296E9 -1.294967296E9 -1.294967296E9 -1.294967296E9 1.05032704E8 -5.84901888E8 7.15098112E8 8.15098112E8 8.15098112E8 -2.079869184E9 9.20130816E8 1.320130816E9 1.320130816E9 1.320130816E9 -1.17483648E9 -1.869803776E9 -1.169803776E9
42 8.0E8 1.1E9 -1.094967296E9 -1.94967296E8 -1.94967296E8 -9.4967296E7 -7.89934592E8 -7.89934592E8 -6.84901888E8 7.15098112E8 1.415098112E9 1.415098112E9 1.415098112E9 9.20130816E8 1.920130816E9 2.020130816E9 -2.07483648E9 -7.7483648E8 -1.869803776E9 -1.169803776E9
43 1.0E8 1.0E8 1.0E8 2.0E8 2.0E8 2.0E8 2.0E8 2.0E8 2.0E8 3.0E8 3.0E8 3.0E8 3.0E8 3.0E8 3.0E8 5.0E8 5.0E8 5.0E8 6.0E8 6.0E8
44 8.0E8 1.3E9 1.4E9 1.4E9 1.4E9 1.4E9 -5.89934592E8 1.10065408E8 -6.84901888E8 7.15098112E8 1.315098112E9 1.315098112E9 1.315098112E9 7.20130816E8 1.720130816E9 -1.97483648E9 -1.97483648E9 -1.87483648E9 -2.069803776E9 -1.469803776E9
45 0.0 1.0E8 1.0E8 1.0E8 1.0E8 1.0E8 1.0E8 1.0E8 1.0E8 2.0E8 3.0E8 3.0E8 4.0E8 5.0E8 5.0E8 5.0E8 5.0E8 5.0E8 5.0E8 5.0E8
46 0.0 0.0 1.0E8 1.0E8 1.0E8 1.0E8 1.0E8 1.0E8 1.0E8 1.0E8 2.0E8 2.0E8 2.0E8 2.0E8 2.0E8 2.0E8 2.0E8 2.0E8 2.0E8 2.0E8
47 8.0E8 1.3E9 -1.194967296E9 -9.4967296E7 1.605032704E9 -1.889934592E9 -5.89934592E8 6.10065408E8 -5.84901888E8 8.15098112E8 1.415098112E9 2.015098112E9 2.015098112E9 1.020130816E9 2.020130816E9 2.120130816E9 2.120130816E9 2.120130816E9 -1.869803776E9 -1.169803776E9
48 0.0 0.0 -1.194967296E9 2.05032704E8 1.905032704E9 -1.789934592E9 -1.689934592E9 7.10065408E8 -4.84901888E8 7.15098112E8 1.515098112E9 1.515098112E9 1.515098112E9 1.120130816E9 2.020130816E9 -1.27483648E9 -1.17483648E9 -8.7483648E8 2.02516352E9 -1.169803776E9
49 0.0 0.0 0.0 0.0 0.0 0.0 0.0 0.0 0.0 0.0 0.0 0.0 0.0 0.0 0.0 0.0 0.0 0.0 0.0 0.0
50 0.0 1.0E8 1.0E8 1.0E8 2.0E8 2.0E8 3.0E8 3.0E8 3.0E8 3.0E8 3.0E8 3.0E8 4.0E8 4.0E8 4.0E8 4.0E8 4.0E8 4.0E8 4.0E8 4.0E8
51 7.0E8 1.3E9 -1.194967296E9 2.05032704E8 2.005032704E9 -1.989934592E9 -1.789934592E9 6.10065408E8 -6.84901888E8 7.15098112E8 7.15098112E8 7.15098112E8 -2.079869184E9 8.20130816E8 1.820130816E9 -1.57483648E9 -1.37483648E9 -1.07483648E9 -1.969803776E9 -1.969803776E9
52 7.0E8 1.3E9 -1.194967296E9 1.05032704E8 2.105032704E9 -1.889934592E9 -1.289934592E9 -1.289934592E9 -5.84901888E8 8.15098112E8 1.315098112E9 2.115098112E9 -2.079869184E9 1.020130816E9 2.020130816E9 -1.37483648E9 -1.27483648E9 -1.17483648E9 -1.869803776E9 -1.469803776E9
53 6.0E8 1.2E9 1.3E9 1.3E9 1.5E9 1.5E9 -4.89934592E8 5.10065408E8 -4.84901888E8 9.15098112E8 1.515098112E9 1.715098112E9 1.715098112E9 1.120130816E9 2.120130816E9 2.120130816E9 2.120130816E9 2.120130816E9 -1.669803776E9 -1.369803776E9
54 0.0 0.0 -1.094967296E9 2.05032704E8 -2.089934592E9 -2.089934592E9 -1.989934592E9 7.10065408E8 -5.84901888E8 -1.84901888E8 -1.84901888E8 -8.4901888E7 -2.079869184E9 9.20130816E8 1.320130816E9 1.420130816E9 1.420130816E9 -9.7483648E8 2.12516352E9 -1.869803776E9
55 7.0E8 1.3E9 1.3E9 3.05032704E8 2.005032704E9 -1.889934592E9 -1.089934592E9 -1.089934592E9 -6.84901888E8 6.15098112E8 1.415098112E9 1.415098112E9 -1.879869184E9 7.20130816E8 1.720130816E9 -1.77483648E9 -1.67483648E9 -1.37483648E9 2.02516352E9 -1.769803776E9
56 7.0E8 1.0E9 -1.094967296E9 2.05032704E8 2.105032704E9 -1.889934592E9 -1.789934592E9 -1.789934592E9 1.910065408E9 1.910065408E9 1.315098112E9 1.315098112E9 1.315098112E9 4.20130816E8 1.820130816E9 -1.57483648E9 -1.57483648E9 -1.57483648E9 1.52516352E9 1.52516352E9
57 0.0 0.0 0.0 0.0 0.0 0.0 0.0 0.0 0.0 0.0 0.0 0.0 0.0 0.0 0.0 0.0 0.0 0.0 0.0 0.0
58 0.0 0.0 0.0 0.0 0.0 0.0 0.0 0.0 0.0 0.0 1.0E8 1.0E8 1.0E8 1.0E8 1.0E8 1.0E8 2.0E8 2.0E8 3.0E8 3.0E8
59 7.0E8 1.1E9 -1.094967296E9 3.05032704E8 -2.089934592E9 -1.889934592E9 -9.89934592E8 -2.89934592E8 -4.84901888E8 8.15098112E8 1.515098112E9 1.515098112E9 1.615098112E9 1.120130816E9 2.020130816E9 -1.47483648E9 -1.07483648E9 -7.7483648E8 -1.669803776E9 -1.269803776E9
60 0.0 0.0 0.0 1.0E8 1.0E8 2.0E8 2.0E8 2.0E8 2.0E8 2.0E8 2.0E8 2.0E8 2.0E8 3.0E8 3.0E8 3.0E8 3.0E8 3.0E8 3.0E8 3.0E8
61 1.0E8 1.0E8 1.0E8 1.0E8 1.0E8 1.0E8 1.0E8 1.0E8 1.0E8 1.0E8 1.0E8 1.0E8 1.0E8 1.0E8 1.0E8 1.0E8 1.0E8 1.0E8 1.0E8 1.0E8
62 0.0 0.0 0.0 0.0 0.0 0.0 0.0 0.0 0.0 0.0 0.0 0.0 0.0 0.0 0.0 0.0 0.0 0.0 0.0 1.0E8
63 8.0E8 1.3E9 1.4E9 1.4E9 1.4E9 1.4E9 -4.89934592E8 1.10065408E8 -5.84901888E8 8.15098112E8 1.415098112E9 1.415098112E9 1.415098112E9 1.020130816E9 2.020130816E9 -1.67483648E9 -1.67483648E9 -1.57483648E9 2.2516352E8 -1.169803776E9
64 0.0 0.0 0.0 0.0 0.0 0.0 0.0 0.0 0.0 0.0 0.0 0.0 0.0 0.0 0.0 0.0 1.0E8 2.0E8 2.0E8 3.0E8
65 0.0 0.0 0.0 0.0 1.0E8 1.0E8 1.0E8 1.0E8 1.0E8 1.0E8 1.0E8 1.0E8 1.0E8 1.0E8 1.0E8 1.0E8 1.0E8 1.0E8 2.0E8 2.0E8
66 0.0 0.0 0.0 0.0 0.0 0.0 0.0 0.0 0.0 0.0 0.0 1.0E8 2.0E8 2.0E8 2.0E8 2.0E8 2.0E8 2.0E8 2.0E8 2.0E8
67 0.0 1.0E8 1.0E8 1.0E8 1.0E8 1.0E8 1.0E8 1.0E8 2.0E8 2.0E8 2.0E8 2.0E8 2.0E8 2.0E8 2.0E8 2.0E8 3.0E8 3.0E8 4.0E8 4.0E8
68 3.0E8 4.0E8 4.0E8 8.0E8 8.0E8 8.0E8 8.0E8 8.0E8 8.0E8 1.0E9 1.0E9 1.0E9 1.2E9 9.20130816E8 1.720130816E9 1.820130816E9 1.820130816E9 1.820130816E9 1.820130816E9 1.920130816E9
69 0.0 0.0 0.0 0.0 0.0 0.0 1.0E8 1.0E8 1.0E8 1.0E8 1.0E8 1.0E8 1.0E8 1.0E8 2.0E8 2.0E8 2.0E8 2.0E8 2.0E8 2.0E8
70 0.0 0.0 0.0 0.0 0.0 0.0 0.0 0.0 0.0 0.0 1.0E8 3.0E8 3.0E8 3.0E8 3.0E8 3.0E8 3.0E8 3.0E8 4.0E8 4.0E8
71 3.0E8 3.0E8 4.0E8 3.05032704E8 -2.089934592E9 -1.789934592E9 -5.89934592E8 5.10065408E8 -5.84901888E8 8.15098112E8 1.415098112E9 1.415098112E9 1.515098112E9 1.20130816E8 1.120130816E9 -2.07483648E9 -2.07483648E9 -2.07483648E9 1.72516352E9 1.72516352E9
72 8.0E8 1.0E9 1.1E9 2.05032704E8 2.105032704E9 -1.889934592E9 -1.889934592E9 9.10065408E8 -7.84901888E8 6.15098112E8 1.315098112E9 1.315098112E9 -1.979869184E9 8.20130816E8 1.020130816E9 1.020130816E9 1.020130816E9 1.720130816E9 1.42516352E9 1.42516352E9
73 0.0 0.0 0.0 0.0 0.0 0.0 1.0E8 1.0E8 1.0E8 1.0E8 1.0E8 1.0E8 1.0E8 1.0E8 1.0E8 1.0E8 1.0E8 2.0E8 2.0E8 2.0E8
74 7.0E8 1.1E9 -2.094967296E9 2.05032704E8 2.105032704E9 -1.989934592E9 -9.89934592E8 -9.89934592E8 -6.84901888E8 7.15098112E8 9.15098112E8 9.15098112E8 9.15098112E8 9.20130816E8 1.920130816E9 1.920130816E9 -1.37483648E9 -1.27483648E9 -1.27483648E9 -1.27483648E9
75 1.0E8 2.0E8 -1.094967296E9 2.05032704E8 -2.089934592E9 -1.789934592E9 -1.689934592E9 1.110065408E9 -5.84901888E8 8.15098112E8 1.415098112E9 1.415098112E9 1.415098112E9 1.020130816E9 1.220130816E9 1.220130816E9 1.220130816E9 1.220130816E9 -1.769803776E9 -1.769803776E9
76 7.0E8 1.0E9 -1.094967296E9 2.05032704E8 -2.089934592E9 -1.789934592E9 -5.89934592E8 7.10065408E8 -4.84901888E8 9.15098112E8 1.515098112E9 1.515098112E9 1.515098112E9 1.120130816E9 2.120130816E9 -1.47483648E9 -1.47483648E9 -1.47483648E9 -1.869803776E9 -1.369803776E9
77 1.0E8 1.0E8 1.0E8 1.0E8 1.0E8 1.0E8 1.0E8 1.0E8 2.0E8 2.0E8 2.0E8 2.0E8 2.0E8 2.0E8 2.0E8 2.0E8 2.0E8 2.0E8 2.0E8 2.0E8
78 8.0E8 1.1E9 -1.094967296E9 3.05032704E8 -2.089934592E9 -1.789934592E9 -1.789934592E9 8.10065408E8 -4.84901888E8 9.15098112E8 1.515098112E9 1.515098112E9 -1.779869184E9 5.20130816E8 1.520130816E9 1.520130816E9 1.520130816E9 1.520130816E9 -1.77483648E9 -1.77483648E9
79 2.0E8 2.0E8 2.0E8 3.0E8 3.0E8 3.0E8 3.0E8 3.0E8 3.0E8 3.0E8 3.0E8 3.0E8 3.0E8 3.0E8 3.0E8 3.0E8 4.0E8 5.0E8 5.0E8 5.0E8
80 7.0E8 7.0E8 7.0E8 1.05032704E8 2.105032704E9 -1.989934592E9 -1.989934592E9 -1.989934592E9 -5.84901888E8 8.15098112E8 1.415098112E9 1.515098112E9 1.715098112E9 1.020130816E9 1.920130816E9 -1.57483648E9 -1.57483648E9 -1.57483648E9 -1.769803776E9 -1.269803776E9
81 7.0E8 7.0E8 -1.094967296E9 1.05032704E8 2.105032704E9 -1.989934592E9 -6.89934592E8 4.10065408E8 -7.84901888E8 6.15098112E8 1.215098112E9 1.215098112E9 1.415098112E9 8.20130816E8 1.720130816E9 -1.77483648E9 -1.57483648E9 -1.57483648E9 -1.969803776E9 -1.469803776E9
82 0.0 1.0E8 1.0E8 1.0E8 1.0E8 1.0E8 1.0E8 2.0E8 2.0E8 2.0E8 3.0E8 3.0E8 3.0E8 3.0E8 3.0E8 3.0E8 3.0E8 3.0E8 3.0E8 3.0E8
83 7.0E8 1.2E9 -1.094967296E9 3.05032704E8 -2.089934592E9 -1.789934592E9 -4.89934592E8 1.010065408E9 -4.84901888E8 9.15098112E8 1.615098112E9 -2.079869184E9 -1.979869184E9 -1.979869184E9 2.120130816E9 2.120130816E9 2.120130816E9 2.120130816E9 -1.57483648E9 -1.57483648E9
84 0.0 0.0 0.0 0.0 0.0 0.0 0.0 0.0 0.0 0.0 0.0 1.0E8 1.0E8 1.0E8 1.0E8 1.0E8 1.0E8 2.0E8 2.0E8 3.0E8
85 7.0E8 7.0E8 -1.094967296E9 3.05032704E8 -2.089934592E9 -1.789934592E9 -4.89934592E8 1.110065408E9 -4.84901888E8 9.15098112E8 1.615098112E9 1.615098112E9 1.615098112E9 1.615098112E9 1.715098112E9 -1.47483648E9 -1.47483648E9 -1.47483648E9 -1.769803776E9 -1.069803776E9
86 0.0 0.0 1.0E8 1.0E8 1.0E8 1.0E8 2.0E8 2.0E8 2.0E8 2.0E8 2.0E8 2.0E8 2.0E8 3.0E8 4.0E8 4.0E8 4.0E8 4.0E8 4.0E8 4.0E8
87 7.0E8 1.0E9 -1.094967296E9 2.05032704E8 2.105032704E9 -2.089934592E9 -1.989934592E9 1.010065408E9 -5.84901888E8 8.15098112E8 1.415098112E9 1.415098112E9 2.015098112E9 5.20130816E8 5.20130816E8 5.20130816E8 5.20130816E8 5.20130816E8 5.20130816E8 5.20130816E8
88 8.0E8 1.3E9 -1.094967296E9 2.05032704E8 2.105032704E9 -1.889934592E9 -1.789934592E9 1.010065408E9 -5.84901888E8 8.15098112E8 1.415098112E9 1.415098112E9 -1.879869184E9 9.20130816E8 1.920130816E9 2.120130816E9 -1.37483648E9 -1.37483648E9 -1.869803776E9 -1.169803776E9
89 5.0E8 1.1E9 -2.094967296E9 2.05032704E8 -2.089934592E9 -1.889934592E9 -1.789934592E9 1.110065408E9 -5.84901888E8 7.15098112E8 1.315098112E9 1.915098112E9 -2.079869184E9 9.20130816E8 1.920130816E9 -1.47483648E9 -1.47483648E9 -7.7483648E8 -1.869803776E9 -1.769803776E9
90 5.0E8 1.1E9 1.1E9 2.05032704E8 -2.089934592E9 -1.889934592E9 -1.789934592E9 1.110065408E9 -6.84901888E8 7.15098112E8 1.315098112E9 1.315098112E9 1.315098112E9 9.20130816E8 1.920130816E9 -1.67483648E9 -1.67483648E9 -9.7483648E8 -1.869803776E9 -1.869803776E9
91 8.0E8 1.1E9 1.1E9 -3.94967296E8 -3.94967296E8 -2.94967296E8 -2.94967296E8 -1.94967296E8 -8.84901888E8 -8.4901888E7 -8.4901888E7 1.5098112E7 1.5098112E7 1.5098112E7 1.5098112E7 1.5098112E7 1.5098112E7 1.5098112E7 1.5098112E7 1.5098112E7
92 0.0 0.0 0.0 0.0 0.0 0.0 0.0 0.0 0.0 0.0 0.0 0.0 0.0 1.0E8 1.0E8 1.0E8 1.0E8 1.0E8 1.0E8 1.0E8
93 1.0E8 1.0E8 2.0E8 2.0E8 2.0E8 3.0E8 3.0E8 3.0E8 3.0E8 3.0E8 3.0E8 3.0E8 4.0E8 4.0E8 4.0E8 4.0E8 4.0E8 4.0E8 4.0E8 4.0E8
94 0.0 0.0 0.0 1.0E8 1.0E8 1.0E8 1.0E8 1.0E8 1.0E8 1.0E8 1.0E8 1.0E8 1.0E8 1.0E8 1.0E8 1.0E8 2.0E8 2.0E8 2.0E8 2.0E8
95 0.0 0.0 0.0 0.0 0.0 0.0 0.0 0.0 0.0 0.0 0.0 1.0E8 1.0E8 1.0E8 1.0E8 1.0E8 1.0E8 1.0E8 1.0E8 1.0E8
96 8.0E8 1.4E9 1.4E9 1.4E9 -2.094967296E9 -1.789934592E9 -1.589934592E9 -1.589934592E9 -1.589934592E9 -1.589934592E9 -1.589934592E9 -1.589934592E9 -1.589934592E9 -1.184901888E9 1.820130816E9 2.020130816E9 2.020130816E9 2.020130816E9 4.2516352E8 -1.269803776E9
97 8.0E8 1.1E9 -1.094967296E9 3.05032704E8 -2.089934592E9 -1.889934592E9 -1.889934592E9 -1.889934592E9 -1.889934592E9 -1.889934592E9 -1.889934592E9 -1.889934592E9 -1.789934592E9 -1.589934592E9 -1.589934592E9 -1.489934592E9 -1.489934592E9 -1.489934592E9 -1.489934592E9 -1.489934592E9
