0 3349
1 1982
2 4463
3 3282
4 2960
5 2676
6 763
7 1051
8 1526
9 2868
10 545
11 435
12 4374
13 4084
14 2319
15 4024
16 3451
17 976
18 676
19 1394
20 1350
21 2372
22 2488
23 3023
24 3229
25 3094
26 2435
27 2930
28 1996
29 2816
30 3280
31 4084
32 2386
33 2636
34 2408
35 2740
36 2824
37 3205
38 2585
39 3488
40 2591
41 2130
42 4114
43 3605
44 2965
45 2628
46 3217
47 3968
48 3118
49 3941
50 4116
51 3640
52 4259
53 3052
54 1892
55 3721
56 3357
57 3783
58 2782
59 5380
60 3591
61 2390
62 1494
63 3543
64 2374
65 5046
66 3276
67 1992
68 1389
69 3978
70 3168
71 4674
72 3605
73 4764
74 4495
75 4973
76 5466
77 5262
78 5062
79 3919
80 4183
81 5284
82 1441
83 5444
84 2749
85 4152
86 4107
87 5651
88 5244
89 5120
90 4186
91 2014
92 5284
93 1847
94 4157
95 2372
96 657
97 3951
