0 3351
1 1981
2 4463
3 3279
4 2961
5 2674
6 762
7 1050
8 1526
9 2867
10 545
11 435
12 4371
13 4081
14 2319
15 4023
16 3453
17 976
18 676
19 1394
20 1350
21 2371
22 2486
23 3024
24 3229
25 3092
26 2433
27 2934
28 1996
29 2813
30 3280
31 4084
32 2387
33 2635
34 2409
35 2738
36 2826
37 3204
38 2585
39 3484
40 2593
41 2130
42 4114
43 3607
44 2966
45 2626
46 3217
47 3968
48 3120
49 3940
50 4119
51 3640
52 4258
53 3048
54 1893
55 3721
56 3352
57 3781
58 2778
59 5380
60 3591
61 2390
62 1495
63 3544
64 2375
65 5050
66 3278
67 1990
68 1387
69 3978
70 3168
71 4676
72 3602
73 4768
74 4495
75 4969
76 5463
77 5269
78 5062
79 3919
80 4186
81 5284
82 1440
83 5448
84 2749
85 4153
86 4106
87 5653
88 5244
89 5116
90 4186
91 2012
92 5282
93 1845
94 4157
95 2372
96 657
97 3951
