0 3351
1 1980
2 4466
3 3280
4 2960
5 2677
6 763
7 1049
8 1527
9 2868
10 544
11 435
12 4369
13 4080
14 2319
15 4024
16 3453
17 976
18 676
19 1394
20 1350
21 2371
22 2487
23 3022
24 3229
25 3092
26 2434
27 2935
28 1994
29 2814
30 3281
31 4082
32 2385
33 2634
34 2410
35 2738
36 2825
37 3204
38 2584
39 3484
40 2593
41 2132
42 4113
43 3607
44 2966
45 2626
46 3216
47 3967
48 3119
49 3943
50 4118
51 3638
52 4259
53 3048
54 1894
55 3721
56 3353
57 3780
58 2782
59 5385
60 3588
61 2390
62 1496
63 3543
64 2375
65 5049
66 3277
67 1993
68 1390
69 3977
70 3167
71 4673
72 3602
73 4765
74 4496
75 4970
76 5460
77 5268
78 5064
79 3918
80 4184
81 5285
82 1441
83 5446
84 2749
85 4154
86 4105
87 5653
88 5246
89 5116
90 4185
91 2012
92 5284
93 1845
94 4157
95 2372
96 657
97 3952
