# time  created  delivered  delivered/created
1000.0000 1 0 0.0000
2000.0000 2 0 0.0000
2941.0000 2 1 0.5000
3000.0000 3 1 0.3333
3004.0000 3 2 0.6667
4000.0000 4 2 0.5000
5000.0000 5 2 0.4000
6000.0000 6 2 0.3333
7000.0000 7 2 0.2857
7311.0000 7 3 0.4286
7995.0000 7 4 0.5714
8000.0000 8 4 0.5000
8004.0000 8 5 0.6250
8495.0000 8 6 0.7500
9000.0000 9 6 0.6667
9004.0000 9 7 0.7778
10000.0000 10 7 0.7000
11000.0000 11 7 0.6364
12000.0000 12 7 0.5833
13000.0000 13 7 0.5385
13170.0000 13 8 0.6154
14000.0000 14 8 0.5714
15000.0000 15 8 0.5333
15519.0000 15 9 0.6000
16000.0000 16 9 0.5625
16141.0000 16 10 0.6250
16148.0000 16 11 0.6875
17000.0000 17 11 0.6471
17090.0000 17 12 0.7059
17610.0000 17 13 0.7647
17898.0000 17 14 0.8235
18000.0000 18 14 0.7778
19000.0000 19 14 0.7368
20000.0000 20 14 0.7000
21000.0000 21 14 0.6667
22000.0000 22 14 0.6364
22638.0000 22 15 0.6818
23000.0000 23 15 0.6522
24000.0000 24 15 0.6250
25000.0000 25 15 0.6000
26000.0000 26 15 0.5769
27000.0000 27 15 0.5556
28000.0000 28 15 0.5357
29000.0000 29 15 0.5172
30000.0000 30 15 0.5000
31000.0000 31 15 0.4839
32000.0000 32 15 0.4688
33000.0000 33 15 0.4545
34000.0000 34 15 0.4412
35000.0000 35 15 0.4286
36000.0000 36 15 0.4167
37000.0000 37 15 0.4054
38000.0000 38 15 0.3947
39000.0000 39 15 0.3846
40000.0000 40 15 0.3750
41000.0000 41 15 0.3659
42000.0000 42 15 0.3571
43000.0000 43 15 0.3488
44000.0000 44 15 0.3409
45000.0000 45 15 0.3333
46000.0000 46 15 0.3261
47000.0000 47 15 0.3191
48000.0000 48 15 0.3125
49000.0000 49 15 0.3061
50000.0000 50 15 0.3000
51000.0000 51 15 0.2941
52000.0000 52 15 0.2885
53000.0000 53 15 0.2830
54000.0000 54 15 0.2778
55000.0000 55 15 0.2727
56000.0000 56 15 0.2679
57000.0000 57 15 0.2632
58000.0000 58 15 0.2586
59000.0000 59 15 0.2542
60000.0000 60 15 0.2500
61000.0000 61 15 0.2459
62000.0000 62 15 0.2419
63000.0000 63 15 0.2381
64000.0000 64 15 0.2344
65000.0000 65 15 0.2308
66000.0000 66 15 0.2273
67000.0000 67 15 0.2239
68000.0000 68 15 0.2206
69000.0000 69 15 0.2174
70000.0000 70 15 0.2143
71000.0000 71 15 0.2113
72000.0000 72 15 0.2083
73000.0000 73 15 0.2055
74000.0000 74 15 0.2027
75000.0000 75 15 0.2000
76000.0000 76 15 0.1974
77000.0000 77 15 0.1948
78000.0000 78 15 0.1923
79000.0000 79 15 0.1899
80000.0000 80 15 0.1875
80291.0000 80 16 0.2000
80295.0000 80 17 0.2125
80299.0000 80 18 0.2250
80311.0000 80 19 0.2375
80315.0000 80 20 0.2500
81000.0000 81 20 0.2469
82000.0000 82 20 0.2439
83000.0000 83 20 0.2410
83564.0000 83 21 0.2530
84000.0000 84 21 0.2500
84074.0000 84 22 0.2619
84078.0000 84 23 0.2738
84082.0000 84 24 0.2857
84086.0000 84 25 0.2976
85000.0000 85 25 0.2941
85256.0000 85 26 0.3059
85260.0000 85 27 0.3176
85264.0000 85 28 0.3294
86000.0000 86 28 0.3256
86810.0000 86 29 0.3372
87000.0000 87 29 0.3333
87005.0000 87 30 0.3448
87017.0000 87 31 0.3563
87039.0000 87 32 0.3678
87405.0000 87 33 0.3793
87409.0000 87 34 0.3908
87414.0000 87 35 0.4023
87418.0000 87 36 0.4138
88000.0000 88 36 0.4091
88106.0000 88 37 0.4205
88110.0000 88 38 0.4318
88114.0000 88 39 0.4432
88220.0000 88 40 0.4545
88224.0000 88 41 0.4659
88849.0000 88 42 0.4773
88853.0000 88 43 0.4886
88972.0000 88 44 0.5000
88976.0000 88 45 0.5114
88980.0000 88 46 0.5227
89000.0000 89 46 0.5169
90000.0000 90 46 0.5111
91000.0000 91 46 0.5055
92000.0000 92 46 0.5000
92064.0000 92 47 0.5109
92068.0000 92 48 0.5217
92299.0000 92 49 0.5326
92303.0000 92 50 0.5435
92307.0000 92 51 0.5543
92312.0000 92 52 0.5652
93000.0000 93 52 0.5591
94000.0000 94 52 0.5532
95000.0000 95 52 0.5474
95860.0000 95 53 0.5579
96000.0000 96 53 0.5521
96004.0000 96 54 0.5625
96218.0000 96 55 0.5729
97000.0000 97 55 0.5670
98000.0000 98 55 0.5612
99000.0000 99 55 0.5556
100000.0000 100 55 0.5500
101000.0000 101 55 0.5446
102000.0000 102 55 0.5392
102385.0000 102 56 0.5490
102981.0000 102 57 0.5588
103000.0000 103 57 0.5534
103004.0000 103 58 0.5631
104000.0000 104 58 0.5577
105000.0000 105 58 0.5524
105915.0000 105 59 0.5619
106000.0000 106 59 0.5566
106152.0000 106 60 0.5660
107000.0000 107 60 0.5607
108000.0000 108 60 0.5556
109000.0000 109 60 0.5505
110000.0000 110 60 0.5455
111000.0000 111 60 0.5405
112000.0000 112 60 0.5357
112004.0000 112 61 0.5446
113000.0000 113 61 0.5398
114000.0000 114 61 0.5351
115000.0000 115 61 0.5304
116000.0000 116 61 0.5259
117000.0000 117 61 0.5214
118000.0000 118 61 0.5169
119000.0000 119 61 0.5126
120000.0000 120 61 0.5083
121000.0000 121 61 0.5041
122000.0000 122 61 0.5000
123000.0000 123 61 0.4959
124000.0000 124 61 0.4919
125000.0000 125 61 0.4880
126000.0000 126 61 0.4841
127000.0000 127 61 0.4803
128000.0000 128 61 0.4766
129000.0000 129 61 0.4729
130000.0000 130 61 0.4692
131000.0000 131 61 0.4656
132000.0000 132 61 0.4621
133000.0000 133 61 0.4586
134000.0000 134 61 0.4552
135000.0000 135 61 0.4519
136000.0000 136 61 0.4485
137000.0000 137 61 0.4453
138000.0000 138 61 0.4420
139000.0000 139 61 0.4388
140000.0000 140 61 0.4357
141000.0000 141 61 0.4326
142000.0000 142 61 0.4296
143000.0000 143 61 0.4266
144000.0000 144 61 0.4236
145000.0000 145 61 0.4207
146000.0000 146 61 0.4178
147000.0000 147 61 0.4150
148000.0000 148 61 0.4122
149000.0000 149 61 0.4094
150000.0000 150 61 0.4067
151000.0000 151 61 0.4040
152000.0000 152 61 0.4013
153000.0000 153 61 0.3987
154000.0000 154 61 0.3961
155000.0000 155 61 0.3935
156000.0000 156 61 0.3910
157000.0000 157 61 0.3885
158000.0000 158 61 0.3861
159000.0000 159 61 0.3836
160000.0000 160 61 0.3813
161000.0000 161 61 0.3789
162000.0000 162 61 0.3765
163000.0000 163 61 0.3742
164000.0000 164 61 0.3720
165000.0000 165 61 0.3697
166000.0000 166 61 0.3675
167000.0000 167 61 0.3653
168000.0000 168 61 0.3631
169000.0000 169 61 0.3609
170000.0000 170 61 0.3588
171000.0000 171 61 0.3567
172000.0000 172 61 0.3547
173000.0000 173 61 0.3526
174000.0000 174 61 0.3506
175000.0000 175 61 0.3486
176000.0000 176 61 0.3466
177000.0000 177 61 0.3446
178000.0000 178 61 0.3427
179000.0000 179 61 0.3408
180000.0000 180 61 0.3389
181000.0000 181 61 0.3370
182000.0000 182 61 0.3352
183000.0000 183 61 0.3333
184000.0000 184 61 0.3315
185000.0000 185 61 0.3297
186000.0000 186 61 0.3280
187000.0000 187 61 0.3262
188000.0000 188 61 0.3245
188004.0000 188 62 0.3298
188009.0000 188 63 0.3351
188013.0000 188 64 0.3404
189000.0000 189 64 0.3386
190000.0000 190 64 0.3368
191000.0000 191 64 0.3351
192000.0000 192 64 0.3333
193000.0000 193 64 0.3316
194000.0000 194 64 0.3299
195000.0000 195 64 0.3282
195832.0000 195 65 0.3333
196000.0000 196 65 0.3316
197000.0000 197 65 0.3299
197961.0000 197 66 0.3350
198000.0000 198 66 0.3333
198004.0000 198 67 0.3384
199000.0000 199 67 0.3367
200000.0000 200 67 0.3350
201000.0000 201 67 0.3333
201954.0000 201 68 0.3383
201959.0000 201 69 0.3433
202000.0000 202 69 0.3416
203000.0000 203 69 0.3399
204000.0000 204 69 0.3382
205000.0000 205 69 0.3366
205429.0000 205 70 0.3415
206000.0000 206 70 0.3398
207000.0000 207 70 0.3382
208000.0000 208 70 0.3365
209000.0000 209 70 0.3349
210000.0000 210 70 0.3333
210022.0000 210 71 0.3381
211000.0000 211 71 0.3365
212000.0000 212 71 0.3349
213000.0000 213 71 0.3333
214000.0000 214 71 0.3318
215000.0000 215 71 0.3302
216000.0000 216 71 0.3287
217000.0000 217 71 0.3272
218000.0000 218 71 0.3257
219000.0000 219 71 0.3242
220000.0000 220 71 0.3227
221000.0000 221 71 0.3213
222000.0000 222 71 0.3198
223000.0000 223 71 0.3184
224000.0000 224 71 0.3170
225000.0000 225 71 0.3156
226000.0000 226 71 0.3142
227000.0000 227 71 0.3128
228000.0000 228 71 0.3114
229000.0000 229 71 0.3100
230000.0000 230 71 0.3087
231000.0000 231 71 0.3074
232000.0000 232 71 0.3060
233000.0000 233 71 0.3047
234000.0000 234 71 0.3034
235000.0000 235 71 0.3021
236000.0000 236 71 0.3008
237000.0000 237 71 0.2996
238000.0000 238 71 0.2983
239000.0000 239 71 0.2971
240000.0000 240 71 0.2958
241000.0000 241 71 0.2946
242000.0000 242 71 0.2934
243000.0000 243 71 0.2922
244000.0000 244 71 0.2910
245000.0000 245 71 0.2898
246000.0000 246 71 0.2886
247000.0000 247 71 0.2874
248000.0000 248 71 0.2863
248467.0000 248 72 0.2903
248471.0000 248 73 0.2944
248475.0000 248 74 0.2984
248479.0000 248 75 0.3024
248483.0000 248 76 0.3065
248487.0000 248 77 0.3105
248491.0000 248 78 0.3145
248495.0000 248 79 0.3185
248499.0000 248 80 0.3226
249000.0000 249 80 0.3213
249053.0000 249 81 0.3253
250000.0000 250 81 0.3240
251000.0000 251 81 0.3227
252000.0000 252 81 0.3214
252759.0000 252 82 0.3254
252763.0000 252 83 0.3294
252767.0000 252 84 0.3333
252771.0000 252 85 0.3373
252775.0000 252 86 0.3413
253000.0000 253 86 0.3399
254000.0000 254 86 0.3386
255000.0000 255 86 0.3373
256000.0000 256 86 0.3359
257000.0000 257 86 0.3346
258000.0000 258 86 0.3333
259000.0000 259 86 0.3320
260000.0000 260 86 0.3308
260590.0000 260 87 0.3346
261000.0000 261 87 0.3333
261547.0000 261 88 0.3372
262000.0000 262 88 0.3359
262027.0000 262 89 0.3397
262519.0000 262 90 0.3435
262523.0000 262 91 0.3473
262527.0000 262 92 0.3511
262531.0000 262 93 0.3550
262535.0000 262 94 0.3588
262539.0000 262 95 0.3626
262543.0000 262 96 0.3664
262551.0000 262 97 0.3702
262579.0000 262 98 0.3740
263000.0000 263 98 0.3726
264000.0000 264 98 0.3712
265000.0000 265 98 0.3698
266000.0000 266 98 0.3684
267000.0000 267 98 0.3670
268000.0000 268 98 0.3657
268452.0000 268 99 0.3694
269000.0000 269 99 0.3680
269263.0000 269 100 0.3717
269267.0000 269 101 0.3755
269271.0000 269 102 0.3792
269275.0000 269 103 0.3829
270000.0000 270 103 0.3815
271000.0000 271 103 0.3801
272000.0000 272 103 0.3787
272483.0000 272 104 0.3824
273000.0000 273 104 0.3810
274000.0000 274 104 0.3796
275000.0000 275 104 0.3782
276000.0000 276 104 0.3768
277000.0000 277 104 0.3755
278000.0000 278 104 0.3741
279000.0000 279 104 0.3728
280000.0000 280 104 0.3714
281000.0000 281 104 0.3701
282000.0000 282 104 0.3688
283000.0000 283 104 0.3675
284000.0000 284 104 0.3662
285000.0000 285 104 0.3649
286000.0000 286 104 0.3636
287000.0000 287 104 0.3624
288000.0000 288 104 0.3611
289000.0000 289 104 0.3599
290000.0000 290 104 0.3586
291000.0000 291 104 0.3574
292000.0000 292 104 0.3562
293000.0000 293 104 0.3549
294000.0000 294 104 0.3537
295000.0000 295 104 0.3525
296000.0000 296 104 0.3514
297000.0000 297 104 0.3502
298000.0000 298 104 0.3490
299000.0000 299 104 0.3478
300000.0000 300 104 0.3467
301000.0000 301 104 0.3455
302000.0000 302 104 0.3444
303000.0000 303 104 0.3432
304000.0000 304 104 0.3421
305000.0000 305 104 0.3410
306000.0000 306 104 0.3399
307000.0000 307 104 0.3388
308000.0000 308 104 0.3377
309000.0000 309 104 0.3366
310000.0000 310 104 0.3355
311000.0000 311 104 0.3344
312000.0000 312 104 0.3333
313000.0000 313 104 0.3323
314000.0000 314 104 0.3312
315000.0000 315 104 0.3302
316000.0000 316 104 0.3291
317000.0000 317 104 0.3281
318000.0000 318 104 0.3270
319000.0000 319 104 0.3260
320000.0000 320 104 0.3250
321000.0000 321 104 0.3240
322000.0000 322 104 0.3230
323000.0000 323 104 0.3220
324000.0000 324 104 0.3210
325000.0000 325 104 0.3200
326000.0000 326 104 0.3190
327000.0000 327 104 0.3180
328000.0000 328 104 0.3171
329000.0000 329 104 0.3161
330000.0000 330 104 0.3152
331000.0000 331 104 0.3142
332000.0000 332 104 0.3133
333000.0000 333 104 0.3123
334000.0000 334 104 0.3114
335000.0000 335 104 0.3104
336000.0000 336 104 0.3095
337000.0000 337 104 0.3086
337179.0000 337 105 0.3116
337183.0000 337 106 0.3145
337187.0000 337 107 0.3175
337191.0000 337 108 0.3205
337195.0000 337 109 0.3234
337199.0000 337 110 0.3264
337203.0000 337 111 0.3294
337207.0000 337 112 0.3323
337207.0000 337 113 0.3353
337211.0000 337 114 0.3383
337215.0000 337 115 0.3412
337219.0000 337 116 0.3442
337223.0000 337 117 0.3472
337227.0000 337 118 0.3501
337232.0000 337 119 0.3531
337236.0000 337 120 0.3561
337240.0000 337 121 0.3591
337244.0000 337 122 0.3620
338000.0000 338 122 0.3609
338227.0000 338 123 0.3639
338901.0000 338 124 0.3669
338906.0000 338 125 0.3698
339000.0000 339 125 0.3687
339027.0000 339 126 0.3717
339067.0000 339 127 0.3746
339071.0000 339 128 0.3776
339087.0000 339 129 0.3805
339099.0000 339 130 0.3835
339950.0000 339 131 0.3864
339954.0000 339 132 0.3894
339958.0000 339 133 0.3923
339962.0000 339 134 0.3953
339966.0000 339 135 0.3982
339970.0000 339 136 0.4012
339974.0000 339 137 0.4041
339979.0000 339 138 0.4071
339983.0000 339 139 0.4100
340000.0000 340 139 0.4088
340610.0000 340 140 0.4118
340851.0000 340 141 0.4147
340855.0000 340 142 0.4176
340859.0000 340 143 0.4206
340863.0000 340 144 0.4235
340868.0000 340 145 0.4265
340872.0000 340 146 0.4294
340876.0000 340 147 0.4324
340880.0000 340 148 0.4353
341000.0000 341 148 0.4340
341992.0000 341 149 0.4370
342000.0000 342 149 0.4357
343000.0000 343 149 0.4344
343487.0000 343 150 0.4373
343491.0000 343 151 0.4402
343495.0000 343 152 0.4431
343499.0000 343 153 0.4461
343503.0000 343 154 0.4490
343507.0000 343 155 0.4519
343511.0000 343 156 0.4548
343515.0000 343 157 0.4577
343519.0000 343 158 0.4606
343524.0000 343 159 0.4636
343528.0000 343 160 0.4665
343532.0000 343 161 0.4694
343536.0000 343 162 0.4723
343540.0000 343 163 0.4752
343544.0000 343 164 0.4781
343548.0000 343 165 0.4810
343552.0000 343 166 0.4840
343556.0000 343 167 0.4869
343560.0000 343 168 0.4898
344000.0000 344 168 0.4884
344080.0000 344 169 0.4913
344084.0000 344 170 0.4942
344088.0000 344 171 0.4971
344092.0000 344 172 0.5000
344096.0000 344 173 0.5029
344101.0000 344 174 0.5058
344105.0000 344 175 0.5087
344136.0000 344 176 0.5116
344140.0000 344 177 0.5145
344144.0000 344 178 0.5174
344148.0000 344 179 0.5203
344152.0000 344 180 0.5233
344156.0000 344 181 0.5262
344161.0000 344 182 0.5291
344165.0000 344 183 0.5320
344169.0000 344 184 0.5349
344173.0000 344 185 0.5378
344177.0000 344 186 0.5407
344181.0000 344 187 0.5436
344185.0000 344 188 0.5465
345000.0000 345 188 0.5449
346000.0000 346 188 0.5434
347000.0000 347 188 0.5418
347429.0000 347 189 0.5447
347433.0000 347 190 0.5476
347509.0000 347 191 0.5504
347514.0000 347 192 0.5533
347518.0000 347 193 0.5562
347522.0000 347 194 0.5591
347526.0000 347 195 0.5620
347530.0000 347 196 0.5648
347534.0000 347 197 0.5677
347538.0000 347 198 0.5706
347732.0000 347 199 0.5735
347736.0000 347 200 0.5764
347740.0000 347 201 0.5793
347744.0000 347 202 0.5821
347748.0000 347 203 0.5850
347752.0000 347 204 0.5879
347756.0000 347 205 0.5908
347760.0000 347 206 0.5937
347801.0000 347 207 0.5965
347805.0000 347 208 0.5994
347809.0000 347 209 0.6023
347813.0000 347 210 0.6052
348000.0000 348 210 0.6034
349000.0000 349 210 0.6017
349302.0000 349 211 0.6046
350000.0000 350 211 0.6029
350020.0000 350 212 0.6057
350024.0000 350 213 0.6086
350028.0000 350 214 0.6114
350032.0000 350 215 0.6143
350036.0000 350 216 0.6171
350040.0000 350 217 0.6200
350044.0000 350 218 0.6229
350048.0000 350 219 0.6257
350052.0000 350 220 0.6286
350056.0000 350 221 0.6314
351000.0000 351 221 0.6296
351272.0000 351 222 0.6325
352000.0000 352 222 0.6307
353000.0000 353 222 0.6289
354000.0000 354 222 0.6271
354825.0000 354 223 0.6299
354892.0000 354 224 0.6328
355000.0000 355 224 0.6310
356000.0000 356 224 0.6292
357000.0000 357 224 0.6275
358000.0000 358 224 0.6257
359000.0000 359 224 0.6240
