records: 20
      Record Time
Host  UsedBuffer

  49376.0 98752.0 148128.0 197504.0 246880.0 296256.0 345632.0 395008.0 444384.0 493760.0 543136.0 592512.0 641888.0 691264.0 740640.0 790016.0 839392.0 888768.0 938144.0 987520.0
0 0.0 4000000.0 4000000.0 5000000.0 7000000.0 7000000.0 9000000.0 1.0E7 1.1E7 1.1E7 1.1E7 1.1E7 1.2E7 1.4E7 1.6E7 1.6E7 1.6E7 1.6E7 1.7E7 1.8E7
1 6000000.0 1.6E7 4.9E7 4.9E7 1.0E8 1.46E8 1.83E8 2.0E8 2.57E8 2.58E8 3.1E8 3.19E8 3.6E8 3.61E8 3.61E8 3.61E8 3.63E8 3.63E8 3.67E8 3.68E8
2 1000000.0 2000000.0 3000000.0 4000000.0 5000000.0 6000000.0 7000000.0 8000000.0 1.0E7 1.0E7 1.1E7 1.4E7 1.5E7 1.5E7 1.6E7 1.6E7 1.9E7 1.9E7 1.9E7 2.2E7
3 3000000.0 3000000.0 3.8E7 3.9E7 4.1E7 1.46E8 1.83E8 1.84E8 2.56E8 2.68E8 3.08E8 3.2E8 3.68E8 3.69E8 3.7E8 3.71E8 3.72E8 3.72E8 3.72E8 3.72E8
4 0.0 0.0 1000000.0 2000000.0 3000000.0 7000000.0 7000000.0 8000000.0 8000000.0 8000000.0 1.0E7 1.1E7 1.4E7 1.5E7 1.7E7 1.8E7 1.8E7 1.8E7 2.0E7 2.2E7
5 7000000.0 1.6E7 4.9E7 5.3E7 1.02E8 1.45E8 1.81E8 1.96E8 2.55E8 2.6E8 2.6E8 3.23E8 3.59E8 3.61E8 4.22E8 4.22E8 4.57E8 5.01E8 5.01E8 5.02E8
6 9000000.0 1.1E7 5.2E7 7.0E7 1.03E8 1.52E8 1.84E8 2.17E8 2.59E8 2.72E8 3.12E8 3.14E8 3.69E8 3.69E8 4.22E8 4.24E8 4.6E8 5.16E8 5.16E8 5.16E8
7 3000000.0 5000000.0 5.5E7 5.5E7 1.03E8 1.43E8 1.45E8 2.16E8 2.16E8 2.19E8 3.13E8 3.13E8 3.25E8 3.26E8 3.26E8 3.27E8 3.28E8 4.97E8 4.99E8 5.12E8
8 4000000.0 5000000.0 6000000.0 1.6E7 7.8E7 1.49E8 1.67E8 2.0E8 2.56E8 2.57E8 3.13E8 3.14E8 3.76E8 3.76E8 3.76E8 3.77E8 3.8E8 3.81E8 3.81E8 3.82E8
9 2000000.0 3000000.0 4.0E7 4.1E7 9.9E7 1.38E8 1.83E8 1.84E8 2.3E8 2.3E8 3.11E8 3.23E8 3.63E8 3.63E8 3.63E8 3.63E8 3.63E8 3.64E8 3.64E8 3.65E8
10 5000000.0 7000000.0 1.9E7 1.9E7 7.9E7 1.53E8 1.64E8 1.92E8 2.59E8 2.65E8 3.12E8 3.17E8 3.74E8 3.75E8 4.2E8 4.2E8 4.44E8 5.03E8 5.04E8 5.05E8
11 8000000.0 1.0E7 1.0E7 1.0E7 1.0E7 1.0E7 1.1E7 2.12E8 2.15E8 2.18E8 3.07E8 3.09E8 3.74E8 3.74E8 4.16E8 4.17E8 4.18E8 5.11E8 5.11E8 5.11E8
12 6000000.0 7000000.0 2.2E7 2.2E7 9.7E7 1.49E8 1.8E8 2.11E8 2.53E8 2.53E8 2.53E8 2.55E8 3.7E8 3.71E8 4.11E8 4.14E8 4.55E8 4.98E8 5.28E8 5.46E8
13 3000000.0 3000000.0 4.2E7 4.3E7 4.3E7 1.53E8 1.85E8 1.88E8 2.56E8 2.56E8 3.07E8 3.07E8 3.74E8 3.74E8 4.19E8 4.2E8 4.51E8 4.97E8 5.27E8 5.45E8
14 1000000.0 2000000.0 2000000.0 3000000.0 4000000.0 4000000.0 5000000.0 6000000.0 6000000.0 8000000.0 9000000.0 9000000.0 1.0E7 1.1E7 1.2E7 1.4E7 1.4E7 1.6E7 1.6E7 1.7E7
15 6000000.0 6000000.0 4.9E7 6.8E7 7.7E7 1.51E8 1.82E8 2.15E8 2.56E8 2.67E8 3.1E8 3.11E8 3.63E8 3.63E8 4.07E8 4.07E8 4.07E8 4.92E8 4.92E8 4.92E8
16 1000000.0 1000000.0 1000000.0 1000000.0 1000000.0 1000000.0 3000000.0 5000000.0 6000000.0 6000000.0 7000000.0 8000000.0 1.0E7 1.1E7 1.4E7 1.6E7 1.8E7 2.0E7 2.3E7 2.4E7
17 3000000.0 1.7E7 4.3E7 4.4E7 9.9E7 1.54E8 1.68E8 2.0E8 2.58E8 2.59E8 3.12E8 3.12E8 3.8E8 3.82E8 4.26E8 4.28E8 4.44E8 5.17E8 5.34E8 5.52E8
18 5000000.0 1.8E7 4.9E7 5.3E7 1.0E8 1.45E8 1.88E8 2.03E8 2.58E8 2.65E8 3.15E8 3.25E8 3.8E8 3.8E8 4.26E8 4.27E8 4.62E8 5.12E8 5.16E8 5.55E8
19 3000000.0 3000000.0 5.1E7 5.5E7 9.9E7 1.48E8 1.82E8 1.96E8 2.56E8 2.58E8 3.11E8 3.24E8 3.75E8 3.75E8 4.16E8 4.16E8 4.52E8 5.02E8 5.31E8 5.49E8
20 5000000.0 6000000.0 5.1E7 7.0E7 7.9E7 1.54E8 1.86E8 2.19E8 2.61E8 2.71E8 3.14E8 3.14E8 3.77E8 3.77E8 4.22E8 4.3E8 4.6E8 5.04E8 5.27E8 5.51E8
21 5000000.0 7000000.0 4.8E7 6.7E7 7.6E7 1.5E8 1.82E8 2.15E8 2.58E8 2.62E8 3.1E8 3.1E8 3.6E8 3.6E8 4.17E8 4.25E8 4.41E8 5.04E8 5.08E8 5.46E8
22 3000000.0 3000000.0 4000000.0 4000000.0 7000000.0 1.55E8 1.65E8 1.66E8 2.57E8 2.68E8 3.1E8 3.22E8 3.74E8 3.74E8 4.18E8 4.18E8 4.18E8 5.12E8 5.29E8 5.46E8
23 7000000.0 1.0E7 1.3E7 1.6E7 1.8E7 5.8E7 1.57E8 1.87E8 1.87E8 1.87E8 1.87E8 1.88E8 1.88E8 1.88E8 2.0E8 2.0E8 2.01E8 2.09E8 2.1E8 2.12E8
24 5000000.0 5000000.0 4.7E7 6.8E7 7.8E7 1.5E8 1.8E8 2.13E8 2.55E8 2.67E8 3.06E8 3.06E8 3.65E8 3.66E8 4.18E8 4.18E8 4.55E8 5.03E8 5.05E8 5.47E8
25 8000000.0 1.0E7 1.2E7 1.5E7 5.6E7 5.8E7 1.66E8 1.89E8 1.93E8 1.93E8 1.94E8 1.94E8 1.94E8 1.95E8 1.95E8 1.95E8 1.95E8 2.11E8 2.13E8 2.13E8
26 0.0 2000000.0 2000000.0 6.7E7 7.7E7 1.51E8 1.83E8 2.15E8 2.57E8 2.64E8 3.1E8 3.23E8 3.57E8 3.57E8 4.22E8 4.24E8 4.44E8 5.12E8 5.12E8 5.48E8
27 9000000.0 9000000.0 5.0E7 6.9E7 7.7E7 1.4E8 1.83E8 2.16E8 2.18E8 2.69E8 3.11E8 3.13E8 3.67E8 3.7E8 4.2E8 4.28E8 4.39E8 5.05E8 5.09E8 5.47E8
28 6000000.0 7000000.0 4.2E7 4.6E7 4.6E7 1.42E8 1.64E8 2.14E8 2.18E8 2.65E8 3.12E8 3.2E8 3.74E8 3.76E8 4.19E8 4.22E8 4.22E8 5.05E8 5.07E8 5.09E8
29 7000000.0 1.7E7 4.4E7 4.6E7 5.6E7 1.42E8 1.67E8 1.67E8 2.56E8 2.56E8 3.12E8 3.12E8 3.73E8 3.73E8 4.2E8 4.2E8 4.44E8 4.93E8 5.33E8 5.51E8
30 3000000.0 5000000.0 5000000.0 1.2E7 1.4E7 1.6E7 1.8E7 2.5E7 2.52E8 2.53E8 2.85E8 2.87E8 2.99E8 2.99E8 3.06E8 3.07E8 3.07E8 5.06E8 5.06E8 5.06E8
31 8000000.0 8000000.0 5.0E7 6.8E7 7.8E7 1.5E8 1.82E8 2.14E8 2.54E8 2.64E8 3.11E8 3.12E8 3.62E8 3.63E8 4.15E8 4.24E8 4.39E8 5.0E8 5.0E8 5.44E8
32 5000000.0 1.7E7 5.0E7 5.4E7 1.03E8 1.55E8 1.55E8 2.01E8 2.59E8 2.68E8 3.12E8 3.26E8 3.79E8 3.83E8 4.22E8 4.23E8 4.41E8 5.17E8 5.18E8 5.52E8
33 8000000.0 9000000.0 5.6E7 7.0E7 1.04E8 1.56E8 1.84E8 2.17E8 2.59E8 2.71E8 3.12E8 3.13E8 3.69E8 3.69E8 4.27E8 4.31E8 4.49E8 5.16E8 5.2E8 5.51E8
34 8000000.0 8000000.0 1.9E7 2.1E7 2.1E7 2.1E7 2.1E7 2.1E7 2.1E7 2.1E7 2.1E7 2.2E7 2.2E7 2.2E7 2.2E7 2.3E7 2.3E7 2.5E7 2.6E7 2.6E7
35 7000000.0 7000000.0 4.9E7 6.7E7 7.8E7 1.51E8 1.83E8 2.16E8 2.59E8 2.71E8 3.12E8 3.13E8 3.68E8 3.7E8 4.21E8 4.3E8 4.47E8 5.04E8 5.05E8 5.5E8
36 1000000.0 1000000.0 3000000.0 3000000.0 4000000.0 5000000.0 7000000.0 8000000.0 8000000.0 9000000.0 9000000.0 1.1E7 1.1E7 1.2E7 1.3E7 1.3E7 1.4E7 1.4E7 1.4E7 1.4E7
37 2000000.0 5000000.0 1.5E7 4.5E7 4.6E7 1.26E8 1.26E8 2.16E8 2.18E8 2.24E8 2.26E8 2.28E8 3.25E8 3.26E8 3.9E8 3.92E8 3.94E8 5.01E8 5.01E8 5.01E8
38 0.0 3000000.0 3000000.0 4000000.0 8000000.0 9000000.0 9000000.0 1.0E7 1.1E7 1.2E7 1.3E7 1.4E7 1.9E7 2.1E7 2.3E7 2.4E7 2.4E7 2.4E7 2.5E7 2.5E7
39 3000000.0 3000000.0 3000000.0 3000000.0 6000000.0 1.4E7 1.5E7 1.5E7 1.5E7 1.6E7 1.7E7 1.7E7 1.8E7 1.9E7 1.9E7 1.9E7 1.9E7 2.0E7 2.0E7 2.2E7
40 2000000.0 3000000.0 6000000.0 7000000.0 8000000.0 8000000.0 8000000.0 8000000.0 8000000.0 8000000.0 8000000.0 9000000.0 1.0E7 1.0E7 1.1E7 1.1E7 1.2E7 1.4E7 1.5E7 1.6E7
41 2000000.0 3000000.0 4000000.0 6000000.0 6000000.0 7000000.0 9000000.0 1.1E7 1.1E7 1.2E7 1.2E7 1.2E7 1.4E7 1.4E7 1.5E7 1.7E7 1.7E7 1.8E7 1.8E7 1.8E7
42 0.0 1000000.0 1000000.0 4000000.0 4000000.0 4000000.0 4000000.0 5000000.0 6000000.0 6000000.0 8000000.0 9000000.0 9000000.0 1.0E7 1.1E7 1.1E7 1.2E7 1.4E7 1.5E7 1.6E7
43 1000000.0 1000000.0 2000000.0 2000000.0 2000000.0 2000000.0 3000000.0 5000000.0 7000000.0 7000000.0 8000000.0 8000000.0 8000000.0 9000000.0 1.0E7 1.1E7 1.4E7 1.5E7 1.5E7 1.7E7
44 0.0 0.0 0.0 0.0 0.0 1000000.0 2000000.0 2000000.0 3000000.0 3000000.0 4000000.0 5000000.0 3.63E8 3.64E8 3.66E8 3.67E8 3.68E8 3.68E8 3.68E8 3.69E8
45 1000000.0 1000000.0 2000000.0 3000000.0 3000000.0 6000000.0 6000000.0 6000000.0 6000000.0 6000000.0 6000000.0 6000000.0 7000000.0 8000000.0 8000000.0 9000000.0 9000000.0 1.0E7 1.1E7 1.3E7
46 2000000.0 2000000.0 4000000.0 4000000.0 4000000.0 5000000.0 5000000.0 5000000.0 6000000.0 7000000.0 7000000.0 7000000.0 7000000.0 9000000.0 1.1E7 1.1E7 1.2E7 1.3E7 1.3E7 1.3E7
47 0.0 0.0 2000000.0 2000000.0 2000000.0 2000000.0 4000000.0 5000000.0 6000000.0 2.54E8 2.54E8 2.55E8 2.55E8 2.56E8 2.56E8 2.57E8 2.58E8 2.58E8 2.59E8 2.59E8
48 0.0 0.0 1000000.0 2000000.0 2000000.0 3000000.0 4000000.0 4000000.0 4000000.0 5000000.0 5000000.0 5000000.0 5000000.0 6000000.0 6000000.0 6000000.0 7000000.0 8000000.0 8000000.0 9000000.0
49 0.0 1000000.0 2000000.0 2000000.0 2000000.0 2000000.0 3000000.0 3000000.0 3000000.0 4000000.0 4000000.0 5000000.0 8000000.0 1.0E7 1.1E7 1.3E7 1.4E7 1.5E7 1.5E7 1.6E7
50 0.0 3000000.0 4000000.0 7000000.0 7000000.0 8000000.0 1.1E7 1.1E7 1.2E7 1.3E7 1.4E7 1.5E7 1.6E7 1.6E7 2.1E7 2.1E7 2.1E7 2.2E7 2.3E7 2.4E7
51 1000000.0 1000000.0 1000000.0 1000000.0 2000000.0 2000000.0 2000000.0 2000000.0 2000000.0 3000000.0 4000000.0 5000000.0 5000000.0 5000000.0 6000000.0 6000000.0 7000000.0 8000000.0 9000000.0 9000000.0
