0 3351
1 1982
2 4468
3 3285
4 2958
5 2681
6 763
7 1049
8 1526
9 2869
10 545
11 435
12 4370
13 4083
14 2319
15 4024
16 3455
17 976
18 676
19 1394
20 1350
21 2373
22 2488
23 3021
24 3230
25 3095
26 2436
27 2930
28 1995
29 2814
30 3279
31 4083
32 2388
33 2636
34 2409
35 2737
36 2825
37 3207
38 2585
39 3486
40 2592
41 2132
42 4117
43 3609
44 2966
45 2627
46 3216
47 3968
48 3120
49 3944
50 4118
51 3641
52 4260
53 3052
54 1894
55 3724
56 3357
57 3780
58 2781
59 5381
60 3588
61 2390
62 1494
63 3542
64 2376
65 5046
66 3276
67 1992
68 1389
69 3978
70 3168
71 4674
72 3605
73 4763
74 4496
75 4967
76 5463
77 5266
78 5063
79 3920
80 4183
81 5286
82 1441
83 5448
84 2749
85 4152
86 4108
87 5652
88 5244
89 5118
90 4187
91 2014
92 5284
93 1845
94 4157
95 2371
96 657
97 3955
