records: 20
      Record Time
Host  UsedBuffer

  49376.0 98752.0 148128.0 197504.0 246880.0 296256.0 345632.0 395008.0 444384.0 493760.0 543136.0 592512.0 641888.0 691264.0 740640.0 790016.0 839392.0 888768.0 938144.0 987520.0
0 0.0 1.0E9 1.0E9 1.25E9 1.75E9 1.75E9 -2.044967296E9 -1.794967296E9 -1.544967296E9 -1.544967296E9 -1.544967296E9 -1.544967296E9 -1.294967296E9 -7.94967296E8 -2.94967296E8 -2.94967296E8 -2.94967296E8 -2.94967296E8 -4.4967296E7 2.05032704E8
1 0.0 0.0 2.5E8 2.5E8 2.5E8 2.5E8 5.0E8 7.5E8 1.0E9 1.0E9 1.0E9 1.25E9 1.5E9 1.75E9 1.75E9 1.75E9 -2.044967296E9 -2.044967296E9 -1.044967296E9 -7.94967296E8
2 2.0E9 -2.044967296E9 -2.94967296E8 1.455032704E9 -1.339934592E9 -1.79869184E8 1.52516352E9 9.80196224E8 5359744.0 1.255359744E9 2.07549056E9 -1.469476736E9 9.85555968E8 9.85555968E8 1.235555968E9 1.235555968E9 1.985555968E9 -9.89280512E8 -9.89280512E8 -2.079215104E9
3 0.0 0.0 2.5E8 5.0E8 5.0E8 5.0E8 5.0E8 5.0E8 5.0E8 7.5E8 7.5E8 1.25E9 1.5E9 1.75E9 2.0E9 -2.044967296E9 -1.794967296E9 -1.794967296E9 -1.794967296E9 -1.794967296E9
4 0.0 0.0 2.5E8 5.0E8 7.5E8 1.75E9 1.75E9 2.0E9 2.0E9 2.0E9 -1.794967296E9 -1.544967296E9 -7.94967296E8 -5.44967296E8 -4.4967296E7 2.05032704E8 2.05032704E8 2.05032704E8 7.05032704E8 1.205032704E9
5 2.5E8 7.5E8 1.0E9 1.25E9 1.5E9 1.75E9 1.75E9 1.75E9 2.0E9 2.0E9 2.0E9 2.0E9 -1.794967296E9 -1.294967296E9 -1.044967296E9 -1.044967296E9 -7.94967296E8 -4.4967296E7 -4.4967296E7 2.05032704E8
6 2.5E8 7.5E8 1.0E9 1.25E9 1.25E9 1.5E9 1.75E9 2.0E9 2.0E9 -1.794967296E9 -1.044967296E9 -5.44967296E8 -2.94967296E8 -2.94967296E8 -2.94967296E8 2.05032704E8 2.05032704E8 4.55032704E8 4.55032704E8 4.55032704E8
7 2.5E8 7.5E8 1.0E9 1.0E9 1.25E9 1.5E9 2.0E9 -2.044967296E9 -2.044967296E9 -1.294967296E9 -1.294967296E9 -1.294967296E9 -1.044967296E9 -7.94967296E8 -7.94967296E8 -5.44967296E8 -2.94967296E8 -2.94967296E8 2.05032704E8 2.05032704E8
8 0.0 2.5E8 5.0E8 5.0E8 5.0E8 7.5E8 1.0E9 1.5E9 1.5E9 1.75E9 1.75E9 2.0E9 -2.044967296E9 -2.044967296E9 -2.044967296E9 -1.794967296E9 -1.044967296E9 -7.94967296E8 -7.94967296E8 -5.44967296E8
9 0.0 2.5E8 2.5E8 5.0E8 5.0E8 7.5E8 7.5E8 7.5E8 1.0E9 1.0E9 1.25E9 1.25E9 1.75E9 1.75E9 1.75E9 1.75E9 1.75E9 2.0E9 2.0E9 -2.044967296E9
10 5.0E8 1.0E9 -5.44967296E8 -5.44967296E8 -4.4967296E7 5.70130816E8 1.070130816E9 1.480196224E9 -1.09738368E8 -1.09738368E8 1.07549056E9 1.07549056E9 -1.4444032E7 2.35555968E8 7.35555968E8 7.35555968E8 1.485555968E9 1.85065408E9 2.10065408E9 -1.944313216E9
11 0.0 5.0E8 5.0E8 5.0E8 5.0E8 5.0E8 7.5E8 1.5E9 -2.044967296E9 -1.294967296E9 -1.044967296E9 -5.44967296E8 -5.44967296E8 -5.44967296E8 -2.94967296E8 -4.4967296E7 2.05032704E8 2.05032704E8 2.05032704E8 2.05032704E8
12 0.0 2.5E8 2.5E8 2.5E8 2.5E8 2.5E8 5.0E8 7.5E8 1.0E9 1.0E9 1.0E9 1.5E9 2.0E9 -2.044967296E9 -2.044967296E9 -1.294967296E9 -1.044967296E9 -1.044967296E9 -7.94967296E8 -5.44967296E8
13 5.0E8 5.0E8 1.5E9 1.75E9 1.75E9 -9.29869184E8 2.516352E7 2.02516352E9 -3.59738368E8 -3.59738368E8 -6.9967296E8 -6.9967296E8 -4.94640256E8 -4.94640256E8 5.05359744E8 7.55359744E8 -1.789607552E9 7.549056E7 -1.469476736E9 -2.64444032E8
14 2.5E8 5.0E8 5.0E8 7.5E8 1.0E9 1.0E9 1.25E9 1.5E9 1.5E9 2.0E9 -2.044967296E9 -2.044967296E9 -1.794967296E9 -1.544967296E9 -1.294967296E9 -7.94967296E8 -7.94967296E8 -2.94967296E8 -2.94967296E8 -4.4967296E7
15 5.0E8 5.0E8 5.0E8 5.0E8 5.0E8 1.0E9 1.5E9 1.75E9 -2.044967296E9 -2.044967296E9 -2.044967296E9 -1.794967296E9 -1.544967296E9 -1.544967296E9 -1.544967296E9 -1.544967296E9 -1.544967296E9 -1.544967296E9 -1.544967296E9 -1.544967296E9
16 2.5E8 2.5E8 2.5E8 2.5E8 2.5E8 2.5E8 7.5E8 1.25E9 1.5E9 1.5E9 1.75E9 2.0E9 -1.794967296E9 -1.544967296E9 -7.94967296E8 -2.94967296E8 2.05032704E8 7.05032704E8 1.455032704E9 1.705032704E9
17 2.5E8 7.5E8 1.0E9 1.25E9 1.75E9 2.0E9 2.0E9 -1.794967296E9 -1.544967296E9 -1.544967296E9 -1.544967296E9 -1.544967296E9 -1.294967296E9 -7.94967296E8 -2.94967296E8 2.05032704E8 2.05032704E8 4.55032704E8 9.55032704E8 1.705032704E9
18 0.0 2.5E8 2.5E8 5.0E8 7.5E8 1.25E9 1.25E9 1.25E9 1.25E9 2.0E9 2.0E9 2.0E9 2.0E9 2.0E9 -2.044967296E9 -1.794967296E9 -1.544967296E9 -1.044967296E9 -1.044967296E9 -1.044967296E9
19 2.5E8 2.5E8 7.5E8 1.0E9 1.25E9 1.25E9 1.25E9 1.5E9 1.5E9 2.0E9 -2.044967296E9 -1.544967296E9 -1.044967296E9 -1.044967296E9 -1.044967296E9 -1.044967296E9 -1.044967296E9 -1.044967296E9 -1.044967296E9 -7.94967296E8
20 0.0 2.5E8 5.0E8 7.5E8 7.5E8 7.5E8 1.0E9 1.0E9 1.0E9 1.0E9 1.25E9 1.25E9 1.25E9 1.25E9 1.25E9 1.25E9 1.5E9 2.0E9 2.0E9 2.0E9
21 7.5E8 1.25E9 1.75E9 2.0E9 2.0E9 -1.72483648E9 -2.019803776E9 1.935228928E9 -4.04705664E8 -4.04705664E8 3.2549056E8 3.2549056E8 -1.514444032E9 -1.514444032E9 -1.264444032E9 -1.014444032E9 -7.64444032E8 1.805686784E9 -1.739280512E9 -1.829215104E9
22 2.5E8 2.5E8 5.0E8 5.0E8 1.25E9 1.5E9 1.5E9 1.75E9 1.75E9 2.0E9 -2.044967296E9 -2.044967296E9 -1.794967296E9 -1.794967296E9 -1.794967296E9 -1.794967296E9 -1.794967296E9 -1.794967296E9 -1.544967296E9 -1.544967296E9
23 0.0 2.5E8 1.0E9 1.5E9 2.0E9 2.0E9 2.0E9 2.0E9 2.0E9 2.0E9 2.0E9 -2.044967296E9 -2.044967296E9 -2.044967296E9 -1.794967296E9 -1.794967296E9 -1.544967296E9 -1.294967296E9 -1.044967296E9 -5.44967296E8
24 0.0 0.0 0.0 0.0 2.5E8 2.5E8 1.0E9 1.0E9 1.25E9 1.75E9 2.0E9 2.0E9 -2.044967296E9 -1.794967296E9 -1.294967296E9 -1.294967296E9 -1.294967296E9 -1.294967296E9 -7.94967296E8 -2.94967296E8
25 2.5E8 5.0E8 5.0E8 7.5E8 1.25E9 1.25E9 1.75E9 2.0E9 -1.794967296E9 -1.794967296E9 -1.544967296E9 -1.544967296E9 -1.544967296E9 -1.294967296E9 -1.294967296E9 -1.294967296E9 -1.294967296E9 -1.044967296E9 -7.94967296E8 -7.94967296E8
26 0.0 5.0E8 5.0E8 1.75E9 -2.044967296E9 -1.044967296E9 1.660065408E9 -2.109738368E9 -9.04705664E8 -9.04705664E8 1.870457856E9 1.870457856E9 -1.014444032E9 -1.014444032E9 -5.14444032E8 -1.4444032E7 2.35555968E8 1.235555968E9 1.235555968E9 -1.079215104E9
27 2.5E8 2.5E8 2.5E8 5.0E8 5.0E8 7.5E8 7.5E8 7.5E8 1.25E9 1.25E9 1.25E9 1.75E9 1.75E9 -1.794967296E9 -1.544967296E9 -7.94967296E8 -5.44967296E8 -2.94967296E8 -4.4967296E7 -4.4967296E7
28 2.5E8 2.5E8 5.0E8 1.0E9 1.0E9 1.5E9 1.5E9 1.75E9 2.0E9 -1.794967296E9 -1.544967296E9 -1.294967296E9 -1.294967296E9 -1.044967296E9 -7.94967296E8 -4.4967296E7 -4.4967296E7 -4.4967296E7 4.55032704E8 9.55032704E8
29 2.5E8 1.5E9 -1.794967296E9 -1.794967296E9 -5.44967296E8 1.910065408E9 1.910065408E9 1.910065408E9 4.35228928E8 4.35228928E8 -9.4967296E8 -9.4967296E8 1.80032704E9 1.80032704E9 -9.94640256E8 -9.94640256E8 2.55359744E8 -1.084574848E9 3.70457856E8 3.05686784E8
30 5.0E8 1.0E9 1.0E9 1.25E9 1.75E9 -2.044967296E9 -1.544967296E9 -1.544967296E9 2.05032704E8 4.55032704E8 -8.84901888E8 -3.84901888E8 -3.84901888E8 -3.84901888E8 -1.34901888E8 1.15098112E8 1.15098112E8 -1.679869184E9 -1.679869184E9 -1.679869184E9
31 -2.044967296E9 -2.044967296E9 -1.044967296E9 -5.44967296E8 2.05032704E8 8.20130816E8 2.02516352E9 -2.109738368E9 -9.04705664E8 -6.54705664E8 8.2549056E8 1.07549056E9 -5.14444032E8 -2.64444032E8 -2.64444032E8 -2.64444032E8 -1.4444032E7 2.055686784E9 2.055686784E9 1.965752192E9
32 5.0E8 5.0E8 5.0E8 1.0E9 1.5E9 1.75E9 1.75E9 2.0E9 -2.044967296E9 -1.794967296E9 -1.294967296E9 -1.044967296E9 -1.044967296E9 -4.4967296E7 -4.4967296E7 2.05032704E8 4.55032704E8 9.55032704E8 1.205032704E9 1.455032704E9
33 0.0 2.5E8 5.0E8 7.5E8 1.0E9 1.75E9 1.75E9 2.0E9 2.0E9 -1.794967296E9 -1.544967296E9 -1.294967296E9 -1.044967296E9 -1.044967296E9 -1.044967296E9 -1.044967296E9 -7.94967296E8 -7.94967296E8 -7.94967296E8 -7.94967296E8
34 2.5E8 2.5E8 7.5E8 1.25E9 1.25E9 1.25E9 1.25E9 1.25E9 1.25E9 1.25E9 1.25E9 1.5E9 1.5E9 1.5E9 1.5E9 1.75E9 1.75E9 -2.044967296E9 -1.794967296E9 -1.794967296E9
35 7.5E8 7.5E8 7.5E8 1.0E9 1.25E9 1.25E9 1.5E9 2.0E9 -2.044967296E9 -1.544967296E9 -1.544967296E9 -1.294967296E9 -1.294967296E9 -7.94967296E8 -5.44967296E8 -5.44967296E8 -2.94967296E8 -2.94967296E8 -4.4967296E7 2.05032704E8
36 2.5E8 2.5E8 7.5E8 7.5E8 1.0E9 1.25E9 1.75E9 2.0E9 2.0E9 -2.044967296E9 -2.044967296E9 -1.544967296E9 -1.544967296E9 -1.294967296E9 -1.044967296E9 -1.044967296E9 -7.94967296E8 -7.94967296E8 -7.94967296E8 -7.94967296E8
37 5.0E8 5.0E8 5.0E8 5.0E8 7.5E8 1.0E9 1.0E9 1.5E9 2.0E9 -1.544967296E9 -1.044967296E9 -5.44967296E8 -2.94967296E8 -4.4967296E7 2.05032704E8 7.05032704E8 1.205032704E9 1.205032704E9 1.205032704E9 1.205032704E9
38 0.0 7.5E8 7.5E8 1.0E9 2.0E9 -2.044967296E9 -2.044967296E9 -1.794967296E9 -1.544967296E9 -1.294967296E9 -1.044967296E9 -7.94967296E8 -5.44967296E8 -4.4967296E7 4.55032704E8 7.05032704E8 7.05032704E8 7.05032704E8 9.55032704E8 9.55032704E8
39 7.5E8 7.5E8 7.5E8 7.5E8 1.5E9 2.0E9 -2.044967296E9 -2.044967296E9 -2.044967296E9 -1.794967296E9 -1.544967296E9 -1.544967296E9 -1.294967296E9 -1.044967296E9 -1.044967296E9 -1.044967296E9 -1.044967296E9 -7.94967296E8 -7.94967296E8 -2.94967296E8
40 5.0E8 7.5E8 1.5E9 1.75E9 2.0E9 2.0E9 2.0E9 2.0E9 2.0E9 2.0E9 2.0E9 -2.044967296E9 -1.794967296E9 -1.794967296E9 -1.544967296E9 -1.544967296E9 -1.294967296E9 -7.94967296E8 -5.44967296E8 -2.94967296E8
41 5.0E8 7.5E8 1.0E9 1.5E9 1.5E9 1.75E9 -2.044967296E9 -1.544967296E9 -1.544967296E9 -1.294967296E9 -1.294967296E9 -1.294967296E9 -7.94967296E8 -7.94967296E8 -5.44967296E8 -4.4967296E7 -4.4967296E7 2.05032704E8 2.05032704E8 2.05032704E8
42 0.0 2.5E8 2.5E8 1.0E9 1.0E9 1.0E9 1.0E9 1.25E9 1.5E9 1.5E9 2.0E9 -2.044967296E9 -2.044967296E9 -1.794967296E9 -1.544967296E9 -1.544967296E9 -1.294967296E9 -7.94967296E8 -5.44967296E8 -2.94967296E8
43 2.5E8 2.5E8 5.0E8 5.0E8 5.0E8 5.0E8 7.5E8 1.25E9 1.75E9 1.75E9 2.0E9 2.0E9 2.0E9 -2.044967296E9 -1.794967296E9 -1.544967296E9 -7.94967296E8 -5.44967296E8 -5.44967296E8 -4.4967296E7
44 0.0 0.0 0.0 0.0 0.0 2.5E8 5.0E8 5.0E8 7.5E8 7.5E8 1.0E9 1.25E9 1.25E9 1.5E9 2.0E9 -2.044967296E9 -1.794967296E9 -1.794967296E9 -1.794967296E9 -1.544967296E9
45 2.5E8 2.5E8 5.0E8 7.5E8 7.5E8 1.5E9 1.5E9 1.5E9 1.5E9 1.5E9 1.5E9 1.5E9 1.75E9 2.0E9 2.0E9 -2.044967296E9 -2.044967296E9 -1.794967296E9 -1.544967296E9 -1.044967296E9
46 5.0E8 5.0E8 1.0E9 1.0E9 1.0E9 1.25E9 1.25E9 1.25E9 1.5E9 1.75E9 1.75E9 1.75E9 1.75E9 -2.044967296E9 -1.544967296E9 -1.544967296E9 -1.294967296E9 -1.044967296E9 -1.044967296E9 -1.044967296E9
47 0.0 0.0 5.0E8 5.0E8 5.0E8 5.0E8 1.0E9 1.25E9 1.25E9 -1.044967296E9 -1.044967296E9 -7.94967296E8 -7.94967296E8 -5.44967296E8 -5.44967296E8 -2.94967296E8 -4.4967296E7 -4.4967296E7 2.05032704E8 2.05032704E8
48 0.0 0.0 2.5E8 5.0E8 5.0E8 7.5E8 1.0E9 1.0E9 1.0E9 1.25E9 1.25E9 1.25E9 1.25E9 1.5E9 1.5E9 1.5E9 1.75E9 2.0E9 2.0E9 -2.044967296E9
49 0.0 2.5E8 5.0E8 5.0E8 5.0E8 5.0E8 7.5E8 7.5E8 7.5E8 1.0E9 1.0E9 1.25E9 2.0E9 -1.794967296E9 -1.544967296E9 -1.044967296E9 -7.94967296E8 -5.44967296E8 -5.44967296E8 -2.94967296E8
50 0.0 7.5E8 1.0E9 1.75E9 1.75E9 2.0E9 -1.544967296E9 -1.544967296E9 -1.294967296E9 -1.044967296E9 -7.94967296E8 -5.44967296E8 -2.94967296E8 -2.94967296E8 -4.4967296E7 -4.4967296E7 -4.4967296E7 2.05032704E8 4.55032704E8 7.05032704E8
51 2.5E8 2.5E8 2.5E8 2.5E8 5.0E8 5.0E8 5.0E8 5.0E8 5.0E8 7.5E8 1.0E9 1.25E9 1.25E9 1.25E9 1.5E9 1.5E9 1.75E9 2.0E9 -2.044967296E9 -2.044967296E9
