Selfish Battery Level: [35, 84, 62, 49, 58, 23, 87, 27, 77, 59, 45, 41, 82, 38, 71, 82, 1, 69, 46, 36, 24, 14, 10, 0, 91, 78, 15, 66, 14, 52, 35, 78, 44, 82, 41, 45, 84, 33, 98, 58, 43, 9, 55, 84, 78, 92, 70, 88, 49, 51, 4, 13, 77, 3, 58, 4, 59, 61, 67, 75, 99, 61, 53, 66, 56, 98, 42, 36, 21, 74, 27, 52, 90, 98, 64, 15, 17, 77, 64, 79, 63, 86, 85, 83, 87, 89, 52, 2, 69, 33, 67, 6, 73, 43, 31, 45, 33, 44, 33, 38, 33, 62, 24, 22, 61, 62, 81, 79, 99, 97, 67, 43, 91, 72, 27, 54, 5, 30, 81, 37, 39, 2, 57, 11, 40, 51, 64, 50, 53, 3, 94, 79, 51, 31, 45, 64, 26, 13, 81, 58, 88, 85, 52, 63, 33, 30, 80, 38, 72, 57, 12, 46, 32, 52, 76, 14, 1, 92, 81, 42, 90, 97, 9, 75, 43, 31, 19, 89, 71, 94, 56, 82, 73, 68, 87, 63, 9, 72, 46, 11, 31, 23, 54, 8, 87, 58, 16, 47, 99, 2, 50, 20, 98, 68, 38, 39, 93, 25, 26, 53, 93, 15, 82, 10, 30, 3, 55, 9, 31, 53, 24, 86, 98, 30, 87, 72, 17, 93, 77, 14, 15, 42, 11, 17, 94, 37, 62, 49, 54, 94, 26, 25, 93, 14, 19, 57, 65, 52, 89, 90, 30, 63, 14, 21, 70, 5, 26, 22, 66, 25, 55, 55, 16, 14, 55, 56, 82, 51, 36, 42, 42, 92, 70, 21, 25, 75, 40, 33, 72, 85, 8, 0, 96, 96, 33, 17, 50, 44, 56, 33, 42, 9, 31, 86, 6, 12, 67, 74, 66, 32, 28, 82, 52, 53, 99, 16, 86, 36, 39, 60, 47, 33, 57, 35, 19, 25, 79, 50, 38, 96, 85, 49, 37, 87, 83, 92, 38, 72, 14, 11, 74, 18, 26, 38, 36, 69, 84, 23, 16, 71, 54, 24, 21, 5, 76, 6, 93, 41, 74, 69, 7, 16, 36, 19, 99, 49, 9, 91, 15, 72, 1, 74, 46, 30, 6, 44, 39, 34, 50, 61, 47, 69, 40, 92, 30, 7, 16, 14, 76, 10, 93, 0, 97, 92, 42, 50, 24, 20, 16, 16, 70, 74, 64, 3, 13, 0, 36, 21, 32, 34, 73, 75, 98, 26, 41, 16, 67, 37, 7, 34, 93, 34, 68, 68, 70, 29, 43, 4, 0, 84, 24, 55, 18, 69, 94, 79, 69, 96, 89, 26, 39, 12, 93, 0, 31, 78, 73, 7, 35, 19, 46, 23, 28, 30, 39, 10, 17, 49, 70, 82, 43, 84, 42, 57, 95, 70, 41, 22, 84, 89, 36, 65, 77, 44, 93, 33, 97, 68, 49, 47, 31, 55, 16, 32, 41, 74, 78, 52, 51, 70, 4, 86, 0, 90, 36, 88, 78, 80, 94, 75, 72, 92, 9, 84, 5, 19, 14, 38, 39, 38, 11, 7, 42, 51, 59, 26, 56, 97, 62, 16, 6, 28, 5, 88, 65, 48, 4, 45, 14, 55, 8, 99, 91, 21, 76, 25, 96, 80, 67, 22, 95, 2, 25, 11, 4, 26, 64, 89, 60, 60, 97, 40, 85, 89, 56, 7, 68, 15, 13, 77, 12, 7, 29, 89, 50, 80, 1, 46, 41, 95, 33, 33, 3, 64, 50, 71, 30, 97, 50, 68, 55, 76, 73, 50, 41, 11, 58, 88, 10, 19, 50, 58, 27, 96, 89, 46, 1, 88, 64, 37, 1, 17, 32, 36, 52, 46, 2, 43, 59, 74, 26, 83, 60, 50, 57, 64, 37, 69, 22, 22, 83, 67, 2, 70, 59, 51, 58, 37, 32, 43, 14, 20, 78, 57, 3, 58, 94, 62, 77, 67, 12, 15, 8, 35, 34]
Hosts: 625
Hosts Average Energy Consume/s: 0.5239079317338894
Hosts Average normal Energy Consume/s: 0.5308165567520672
Hosts Average  Selfish Period Consume/s: 0.2733594978197833

Hosts Average Energy Consume: 13207.563105498348
Hosts Average Normal Energy Consume: 9485.490161422535
Hosts Average Selfish Energy Consume: 3722.072944078035

Description:
host number
average energy consumption of all periods  - average energy consumption of Normal periods  -  average energy consumption of all selfish periods
energy consumption of all periods  -  energy consumption of Normal periods  -  energy consumption of selfish periods
Active total time  -  Normal Active Time  -  Selfish Active Time
Normal proportion of time  -  Selfish proportion of time
Number of Recharges 


HOST: 0
0.5707750449850535 0.5707750449850535 0.0
10467.443549980895 10467.443549980895 0.0
18339.0 18339.0 0.0
0


HOST: 1
0.5108903974250604 0.5227516059942645 0.5062499999995882
13574.868749981279 3905.9999999891443 9668.868749992134
26571.0 7472.0 19099.0
0


HOST: 2
0.5112360761211219 0.5123052683884569 0.5062500000003638
11242.59254997959 9276.823799978178 1965.7687500014126
21991.0 18108.0 3883.0
0


HOST: 3
0.5198705621540894 0.5198705621540894 0.0
12429.06539997997 12429.06539997997 0.0
23908.0 23908.0 0.0
0


HOST: 4
0.5207715653474516 0.5240006413849218 0.5062500000003638
12455.814299980348 10253.120549978765 2202.693750001583
23918.0 19567.0 4351.0
0


HOST: 5
0.512820560528878 0.512820560528878 0.0
9908.206049978453 9908.206049978453 0.0
19321.0 19321.0 0.0
0


HOST: 6
0.5198455112491343 0.5170107038108831 0.5213695585519271
9125.887949978553 3173.4116999912003 5952.476249987352
17555.0 6138.0 11417.0
0


HOST: 7
0.5166603071126056 0.5166603071126056 0.0
11809.821299979938 11809.821299979938 0.0
22858.0 22858.0 0.0
0


HOST: 8
0.506249999998887 0.5062499999985448 0.5062499999993364
9888.581249978259 5614.8187499838605 4273.762499994398
19533.0 11091.0 8442.0
0


HOST: 9
0.5131322367378428 0.5131322367378428 0.0
9818.785349978622 9818.785349978622 0.0
19135.0 19135.0 0.0
0


HOST: 10
0.5305060890291212 0.5305060890291212 0.0
10010.649899979517 10010.649899979517 0.0
18870.0 18870.0 0.0
0


HOST: 11
0.5154433033015955 0.5155268817775077 0.5062500000003638
14531.893049981882 14403.30554998179 128.5875000000924
28193.0 27939.0 254.0
0


HOST: 12
0.5098859727419774 0.5143062499985552 0.5062499999991066
9652.651349978376 4394.232599987656 5258.41874999072
18931.0 8544.0 10387.0
0


HOST: 13
0.5275110672897722 0.5275110672897722 0.0
8560.449599978423 8560.449599978423 0.0
16228.0 16228.0 0.0
0


HOST: 14
0.5226583081483152 0.5302436633945563 0.5062499999998112
10203.858149979556 7079.283149980722 3124.5749999988348
19523.0 13351.0 6172.0
0


HOST: 15
0.5067008572425249 0.507133139063752 0.5062499999987919
8600.233649977376 4394.308649987412 4205.924999989964
16973.0 8665.0 8308.0
0


HOST: 16
0.5207686140990796 0.5207686140990796 0.0
13843.071299981733 13843.071299981733 0.0
26582.0 26582.0 0.0
0


HOST: 17
0.5084386137693003 0.5094512251752618 0.506250000000123
11047.354199979358 7567.897949978513 3479.456250000845
21728.0 14855.0 6873.0
0


HOST: 18
0.5099525781352521 0.5099525781352521 0.0
10621.802249979166 10621.802249979166 0.0
20829.0 20829.0 0.0
0


HOST: 19
0.5062499999985448 0.5062499999985448 0.0
4001.9062499884967 4001.9062499884967 0.0
7905.0 7905.0 0.0
0


HOST: 20
0.5188257183180459 0.5188257183180459 0.0
9371.548949978864 9371.548949978864 0.0
18063.0 18063.0 0.0
0


HOST: 21
0.5242982113104282 0.5242982113104282 0.0
13219.655099981137 13219.655099981137 0.0
25214.0 25214.0 0.0
0


HOST: 22
0.5243592999787854 0.5243592999787854 0.0
10396.996199979356 10396.996199979356 0.0
19828.0 19828.0 0.0
0


HOST: 23
0.5210987717323431 0.5210987717323431 0.0
13936.786649981515 13936.786649981515 0.0
26745.0 26745.0 0.0
0


HOST: 24
0.5062499999990396 0.5062499999985448 0.5062499999991628
11029.162499979078 2197.1249999936845 8832.037499985394
21786.0 4340.0 17446.0
0


HOST: 25
0.5124817423120237 0.5164834102697563 0.5062499999989333
8750.625749977804 5370.394499984926 3380.2312499928776
17075.0 10398.0 6677.0
0


HOST: 26
0.5282630942578087 0.5282630942578087 0.0
9633.934049979658 9633.934049979658 0.0
18237.0 18237.0 0.0
0


HOST: 27
0.5238159290253911 0.5315133965150338 0.5062500000003638
11764.381949981258 8300.113199978769 3464.2687500024895
22459.0 15616.0 6843.0
0


HOST: 28
0.5373962159877608 0.5373962159877608 0.0
8315.131649978623 8315.131649978623 0.0
15473.0 15473.0 0.0
0


HOST: 29
0.5203462050685169 0.5203462050685169 0.0
10900.732649980362 10900.732649980362 0.0
20949.0 20949.0 0.0
0


HOST: 30
0.5281619376224186 0.5281619376224186 0.0
11786.461799981893 11786.461799981893 0.0
22316.0 22316.0 0.0
0


HOST: 31
0.5229060401468935 0.5326817825598441 0.5081021856681559
8752.401299978703 5369.965049985789 3382.436249992914
16738.0 10081.0 6657.0
0


HOST: 32
0.5444671104629649 0.5444671104629649 0.0
10469.013599981889 10469.013599981889 0.0
19228.0 19228.0 0.0
0


HOST: 33
0.5151968093617866 0.5249249014440622 0.5062499999989291
9002.033849978498 4394.146349988245 4607.887499990253
17473.0 8371.0 9102.0
0


HOST: 34
0.5464091251335154 0.5464091251335154 0.0
10667.545349981621 10667.545349981621 0.0
19523.0 19523.0 0.0
0


HOST: 35
0.5452123811189299 0.5452123811189299 0.0
9287.147699979852 9287.147699979852 0.0
17034.0 17034.0 0.0
0


HOST: 36
0.6041679926070429 0.5967778533217716 0.6171111185428474
6212.055299985615 3905.911049990995 2306.1442499946206
10282.0 6545.0 3737.0
0


HOST: 37
0.5290972434375271 0.5290972434375271 0.0
11430.087749980898 11430.087749980898 0.0
21603.0 21603.0 0.0
0


HOST: 38
0.5062499999988367 0.5062499999985448 0.5062499999988523
9563.062499978025 488.0249999985972 9075.037499979428
18890.0 964.0 17926.0
0


HOST: 39
0.5424550235165562 0.5460122856524267 0.5062500000003638
11187.049949981938 10253.018699981267 934.0312500006712
20623.0 18778.0 1845.0
0


HOST: 40
0.552514134834688 0.552514134834688 0.0
12555.331199983451 12555.331199983451 0.0
22724.0 22724.0 0.0
0


HOST: 41
0.5255030304011037 0.5255030304011037 0.0
8002.885649978409 8002.885649978409 0.0
15229.0 15229.0 0.0
0


HOST: 42
0.541210070615342 0.541210070615342 0.0
10423.164749980871 10423.164749980871 0.0
19259.0 19259.0 0.0
0


HOST: 43
0.5518536499488617 0.5599803225792067 0.5477762839873701
11521.048649982386 3905.8627499899667 7615.185899992419
20877.0 6975.0 13902.0
0


HOST: 44
0.5257030799535365 0.5426579417991075 0.5062499999992567
9737.598149979356 5370.685649985768 4366.912499993588
18523.0 9897.0 8626.0
0


HOST: 45
0.5062499999990285 0.5062499999985448 0.5062499999991337
10937.024999979012 1952.6062499943873 8984.418749984625
21604.0 3857.0 17747.0
0


HOST: 46
0.5537150020266244 0.570018166250194 0.5062499999997896
9557.674649981564 7323.593399982492 2234.0812499990716
17261.0 12848.0 4413.0
0


HOST: 47
0.5161973684198127 0.5378656812325642 0.5062499999988193
8934.860249978537 2929.2164999925444 6005.643749985993
17309.0 5446.0 11863.0
0


HOST: 48
0.5331600559260723 0.5331600559260723 0.0
9723.773099979706 9723.773099979706 0.0
18238.0 18238.0 0.0
0


HOST: 49
0.5281410188594443 0.5281410188594443 0.0
10585.002299980983 10585.002299980983 0.0
20042.0 20042.0 0.0
0


HOST: 50
0.5235455479057752 0.5235455479057752 0.0
4715.574749987318 4715.574749987318 0.0
9007.0 9007.0 0.0
0


HOST: 51
0.5356006143416997 0.5356006143416997 0.0
8543.900999978794 8543.900999978794 0.0
15952.0 15952.0 0.0
0


HOST: 52
0.5202796697966434 0.533799800340831 0.5062499999995079
10745.856299979872 5614.50629998486 5131.349999995013
20654.0 10518.0 10136.0
0


HOST: 53
0.5338186289686406 0.5338186289686406 0.0
9648.23789997921 9648.23789997921 0.0
18074.0 18074.0 0.0
0


HOST: 54
0.5318357404383923 0.5323737862807206 0.5062500000003638
10458.017999980546 10252.986749980399 205.03125000014734
19664.0 19259.0 405.0
0


HOST: 55
0.5269530716714409 0.5269530716714409 0.0
11270.99924998045 11270.99924998045 0.0
21389.0 21389.0 0.0
0


HOST: 56
0.5455416825165714 0.5455416825165714 0.0
9464.602649979997 9464.602649979997 0.0
17349.0 17349.0 0.0
0


HOST: 57
0.5327466803547299 0.5327466803547299 0.0
9340.114799979125 9340.114799979125 0.0
17532.0 17532.0 0.0
0


HOST: 58
0.5233307180401028 0.5299737813287639 0.5062500000003638
11049.081449980691 8056.13144997854 2992.950000002151
21113.0 15201.0 5912.0
0


HOST: 59
0.540420872125274 0.5609347058809329 0.5184792174593708
11376.940199981269 6102.96959998455 5273.970599996719
21052.0 10880.0 10172.0
0


HOST: 60
0.5062499999990427 0.5062499999985448 0.506249999999054
11054.474999979097 244.0124999992986 10810.462499979798
21836.0 482.0 21354.0
0


HOST: 61
0.5377929047323776 0.5307841361420251 0.5719921109905799
11623.318049980877 9520.675049979505 2102.6430000013715
21613.0 17937.0 3676.0
0


HOST: 62
0.5334202939758773 0.5334202939758773 0.0
10034.169149980227 10034.169149980227 0.0
18811.0 18811.0 0.0
0


HOST: 63
0.6279838270472107 0.6817810990623278 0.5062500000003638
11023.628099986736 8300.003099984779 2723.6250000019572
17554.0 12174.0 5380.0
0


HOST: 64
0.5171754610696758 0.5171754610696758 0.0
10375.574099979836 10375.574099979836 0.0
20062.0 20062.0 0.0
0


HOST: 65
0.5062499999987279 0.5062499999985448 0.5062499999987385
8927.212499977568 488.0249999985972 8439.18749997897
17634.0 964.0 16670.0
0


HOST: 66
0.5545865418884782 0.5545865418884782 0.0
10267.060649981397 10267.060649981397 0.0
18513.0 18513.0 0.0
0


HOST: 67
0.5318240324581945 0.5318240324581945 0.0
8945.812049979291 8945.812049979291 0.0
16821.0 16821.0 0.0
0


HOST: 68
0.5237747074638384 0.5237747074638384 0.0
11682.794849980915 11682.794849980915 0.0
22305.0 22305.0 0.0
0


HOST: 69
0.5266368057253956 0.5415122984372512 0.5063770276547868
10704.946349980117 6347.065649983022 4357.880699997095
20327.0 11721.0 8606.0
0


HOST: 70
0.5534968961105144 0.5534968961105144 0.0
10405.18814998156 10405.18814998156 0.0
18799.0 18799.0 0.0
0


HOST: 71
0.5241242809861548 0.5241242809861548 0.0
8237.13719997841 8237.13719997841 0.0
15716.0 15716.0 0.0
0


HOST: 72
0.5071086350964251 0.5090785714271167 0.5064916225740091
10194.91199997853 2441.0317499930243 7753.880249985506
20104.0 4795.0 15309.0
0


HOST: 73
0.5062499999988276 0.5062499999985448 0.5062499999988429
9506.362499977984 488.0249999985972 9018.337499979387
18778.0 964.0 17814.0
0


HOST: 74
0.5252680498571375 0.5317765565425561 0.5062500000003638
11652.021149980881 8788.671149978823 2863.3500000020576
22183.0 16527.0 5656.0
0


HOST: 75
0.5373193869337105 0.5373193869337105 0.0
10692.65579998084 10692.65579998084 0.0
19900.0 19900.0 0.0
0


HOST: 76
0.5165406596392813 0.5165406596392813 0.0
11370.092999979859 11370.092999979859 0.0
22012.0 22012.0 0.0
0


HOST: 77
0.508712665228215 0.5086186384621759 0.5088702185782917
8967.078149977746 5614.64114998396 3352.4369999937862
17627.0 11039.0 6588.0
0


HOST: 78
0.5171271308932025 0.5191401293625311 0.5062500000003638
10374.604499979429 8788.523249978289 1586.0812500011398
20062.0 16929.0 3133.0
0


HOST: 79
0.5062499999985827 0.5062499999985448 0.5062499999986458
8199.224999977045 5126.287499985265 3072.93749999178
16196.0 10126.0 6070.0
0


HOST: 80
0.5244807470734009 0.5244807470734009 0.0
8740.471649978226 8740.471649978226 0.0
16665.0 16665.0 0.0
0


HOST: 81
0.5062499999992234 0.5062499999985448 0.5062499999994704
12805.593749980355 3417.693749990176 9387.899999990179
25295.0 6751.0 18544.0
0


HOST: 82
0.5176610944206308 0.5124011334998081 0.5207519324060103
9994.482749979119 3661.6184999896286 6332.86424998949
19307.0 7146.0 12161.0
0


HOST: 83
0.5062499999986652 0.5062499999985448 0.5062499999987775
8597.643749977331 4149.731249988072 4447.912499989259
16983.0 8197.0 8786.0
0


HOST: 84
0.5115314073691353 0.5218753576699926 0.506249999998899
9202.961549978112 3173.524049991225 6029.437499986887
17991.0 6081.0 11910.0
0


HOST: 85
0.5088280947245936 0.5062499999985448 0.5096328389823008
11344.831199979537 2685.1499999922817 8659.681199987255
22296.0 5304.0 16992.0
0


HOST: 86
0.5121517361907362 0.5121517361907362 0.0
8790.572399977797 8790.572399977797 0.0
17164.0 17164.0 0.0
0


HOST: 87
0.5197164179095843 0.5197164179095843 0.0
11560.571999980793 11560.571999980793 0.0
22244.0 22244.0 0.0
0


HOST: 88
0.5363910790251408 0.5349244186032001 0.5390019818802053
11851.024499981462 7567.575749979471 4283.448750001991
22094.0 14147.0 7947.0
0


HOST: 89
0.5381686104843165 0.5381686104843165 0.0
8365.8310499787 8365.8310499787 0.0
15545.0 15545.0 0.0
0


HOST: 90
0.5396298710260223 0.5455066088826523 0.5062500000003638
9372.291599979955 8056.041599979009 1316.2500000009459
17368.0 14768.0 2600.0
0


HOST: 91
0.5472888978707396 0.5472888978707396 0.0
8461.633649979505 8461.633649979505 0.0
15461.0 15461.0 0.0
0


HOST: 92
0.5191442372872663 0.5285122564335156 0.5070426662521643
11486.066249980768 6591.076349982373 4894.989899998394
22125.0 12471.0 9654.0
0


HOST: 93
0.5631602086914715 0.5631602086914715 0.0
9471.79154998186 9471.79154998186 0.0
16819.0 16819.0 0.0
0


HOST: 94
0.538964925768066 0.538964925768066 0.0
12197.85419998287 12197.85419998287 0.0
22632.0 22632.0 0.0
0


HOST: 95
0.5276780804765322 0.5276780804765322 0.0
10963.039799980434 10963.039799980434 0.0
20776.0 20776.0 0.0
0


HOST: 96
0.5306400390309609 0.5306400390309609 0.0
10196.248349979915 10196.248349979915 0.0
19215.0 19215.0 0.0
0


HOST: 97
0.5136925471912853 0.5140916500575727 0.5127860437311422
19674.93824997342 13671.239249981032 6003.699000004213
38301.0 26593.0 11708.0
0


HOST: 98
0.5080232404059716 0.5082501988684068 0.5062500000003638
18441.751649977174 16356.507899983068 2085.2437500014985
36301.0 32182.0 4119.0
0


HOST: 99
0.5168676405866326 0.5178055061401189 0.5062500000003638
16443.110249982543 15135.972749981816 1307.1375000009393
31813.0 29231.0 2582.0
0


HOST: 100
0.5116984809301659 0.512589628317487 0.5062500000003638
18998.3411999752 16356.222449982693 2642.1187500018987
37128.0 31909.0 5219.0
0


HOST: 101
0.5082969043039925 0.5093889709504198 0.5071401762348773
17995.743599978552 9276.482549978095 8719.261050006246
35404.0 18211.0 17193.0
0


HOST: 102
0.5165803927980253 0.5167987925120946 0.5062500000003638
18937.837199975605 18553.59344997671 384.2437500002761
36660.0 35901.0 759.0
0


HOST: 103
0.5176830797889631 0.5184454096211593 0.5062500000003638
20281.787699971996 19041.98144997556 1239.806250000891
39178.0 36729.0 2449.0
0


HOST: 104
0.5086346238024643 0.5104555650856815 0.5062500000003638
16731.535949982062 9521.01719997813 7210.518750005182
32895.0 18652.0 14243.0
0


HOST: 105
0.5097825185582102 0.5117555221480814 0.5073999566987851
16893.17309998197 9276.592349978271 7616.580750005463
33138.0 18127.0 15011.0
0


HOST: 106
0.5167587286058164 0.5159172080074547 0.5170775347659665
16908.345599982313 4638.095699987018 12270.249899996385
32720.0 8990.0 23730.0
0


HOST: 107
0.5108247345866922 0.5086361891046134 0.51149575183283
21940.943999967603 5126.544149985399 16814.39985000062
42952.0 10079.0 32873.0
0


HOST: 108
0.5062499999991903 0.5062499999985448 0.5062499999992162
23546.19374996234 244.0124999992986 23302.18124996392
46511.0 482.0 46029.0
0


HOST: 109
0.5062499999993125 0.5062499999985448 0.5062499999994119
19796.399999973117 732.0374999978958 19064.362499977855
39104.0 1446.0 37658.0
0


HOST: 110
0.511619909501558 0.5088393759460063 0.5134581175884724
20352.23999997198 8055.944999977171 12296.295000008737
39780.0 15832.0 23948.0
0


HOST: 111
0.5139933928296375 0.5177756260458193 0.5062500000003638
20560.76369997116 13915.219949981392 6645.543750004776
40002.0 26875.0 13127.0
0


HOST: 112
0.5062499999993589 0.5062499999985448 0.5062499999997102
18666.956249976363 2197.1249999936845 16469.831249990573
36873.0 4340.0 32533.0
0


HOST: 113
0.5422573843978269 0.5562495117173398 0.5062499999994655
9252.53774998012 6835.193999982672 2417.343749997448
17063.0 12288.0 4775.0
0


HOST: 114
0.5327333919670024 0.5327333919670024 0.0
11659.935749981782 11659.935749981782 0.0
21887.0 21887.0 0.0
0


HOST: 115
0.533536948528421 0.533536948528421 0.0
10448.787599980598 10448.787599980598 0.0
19584.0 19584.0 0.0
0


HOST: 116
0.538517279093279 0.538517279093279 0.0
11841.45644998211 11841.45644998211 0.0
21989.0 21989.0 0.0
0


HOST: 117
0.5180617945784118 0.5180617945784118 0.0
9997.038449979613 9997.038449979613 0.0
19297.0 19297.0 0.0
0


HOST: 118
0.5062499999985448 0.5062499999985448 0.5062499999985448
5799.093749983331 4638.2624999866675 1160.8312499966632
11455.0 9162.0 2293.0
0


HOST: 119
0.519198211645471 0.519198211645471 0.0
10538.68529997977 10538.68529997977 0.0
20298.0 20298.0 0.0
0


HOST: 120
0.5273236649658808 0.5273236649658808 0.0
10960.949699980798 10960.949699980798 0.0
20786.0 20786.0 0.0
0


HOST: 121
0.5124094098500281 0.5124094098500281 0.0
8821.640399978085 8821.640399978085 0.0
17216.0 17216.0 0.0
0


HOST: 122
0.5432643053181354 0.5432643053181354 0.0
9896.645849980472 9896.645849980472 0.0
18217.0 18217.0 0.0
0


HOST: 123
0.5255657981058913 0.5255657981058913 0.0
8330.217899978377 8330.217899978377 0.0
15850.0 15850.0 0.0
0


HOST: 124
0.5588507496243191 0.5588507496243191 0.0
11182.603499982626 11182.603499982626 0.0
20010.0 20010.0 0.0
0


HOST: 125
0.5323474861977732 0.5323474861977732 0.0
10800.265799980421 10800.265799980421 0.0
20288.0 20288.0 0.0
0


HOST: 126
0.5359254558358907 0.5368717348796381 0.5062500000003638
9052.852799979866 8788.590299979676 264.2625000001899
16892.0 16370.0 522.0
0


HOST: 127
0.541176158058698 0.541176158058698 0.0
6717.619649982618 6717.619649982618 0.0
12413.0 12413.0 0.0
0


HOST: 128
0.5308889208305453 0.5308889208305453 0.0
10803.058649980767 10803.058649980767 0.0
20349.0 20349.0 0.0
0


HOST: 129
0.5303725835381058 0.5303725835381058 0.0
11824.656749982069 11824.656749982069 0.0
22295.0 22295.0 0.0
0


HOST: 130
0.5062499999987986 0.5062499999985448 0.5062499999988459
9330.693749977858 1464.5812499957901 7866.112499982068
18431.0 2893.0 15538.0
0


HOST: 131
0.5104458039300214 0.5129129114542861 0.5062499999985893
8101.795799977299 5126.564549985589 2975.23124999171
15872.0 9995.0 5877.0
0


HOST: 132
0.5062499999990164 0.5062499999990164 0.0
10838.812499978942 10838.812499978942 0.0
21410.0 21410.0 0.0
0


HOST: 133
0.521447912704187 0.521447912704187 0.0
11791.50164997978 11791.50164997978 0.0
22613.0 22613.0 0.0
0


HOST: 134
0.5124687641829415 0.5124687641829415 0.0
9935.74439997887 9935.74439997887 0.0
19388.0 19388.0 0.0
0


HOST: 135
0.5407157684898743 0.5624005087336108 0.5062500000003638
13766.082749983712 8788.632749980135 4977.450000003577
25459.0 15627.0 9832.0
0


HOST: 136
0.5135896339710049 0.5135896339710049 0.0
10776.137699979625 10776.137699979625 0.0
20982.0 20982.0 0.0
0


HOST: 137
0.5209340669992529 0.5209340669992529 0.0
10200.93089997937 10200.93089997937 0.0
19582.0 19582.0 0.0
0


HOST: 138
0.5062499999990898 0.5062499999985448 0.5062499999994602
11463.01874997939 4638.2624999866675 6824.756249992723
22643.0 9162.0 13481.0
0


HOST: 139
0.5145080766193323 0.5173547984247105 0.5062500000003638
13712.154749981824 10253.454749979339 3458.7000000024855
26651.0 19819.0 6832.0
0


HOST: 140
0.5062499999985828 0.5062499999985448 0.5062499999986039
8199.731249977045 2929.1624999915803 5270.568749985465
16197.0 5786.0 10411.0
0


HOST: 141
0.506249999998869 0.5062499999985448 0.5062499999990633
9769.612499978173 3661.7062499894746 6107.906249988699
19298.0 7233.0 12065.0
0


HOST: 142
0.5279170141464439 0.5279170141464439 0.0
10634.888249980111 10634.888249980111 0.0
20145.0 20145.0 0.0
0


HOST: 143
0.5109393382215631 0.5137422193139636 0.5062500000003638
14352.79694998193 9032.615699978107 5320.181250003823
28091.0 17582.0 10509.0
0


HOST: 144
0.5116185030468615 0.5116185030468615 0.0
9063.833399978199 9063.833399978199 0.0
17716.0 17716.0 0.0
0


HOST: 145
0.5062499999988107 0.5062499999988107 0.0
9403.08749997791 9403.08749997791 0.0
18574.0 18574.0 0.0
0


HOST: 146
0.5062499999992806 0.5062499999985448 0.5062499999996983
13481.943749980841 4882.274999985966 8599.668749994875
26631.0 9644.0 16987.0
0


HOST: 147
0.5201551944510758 0.5201551944510758 0.0
11475.663899979634 11475.663899979634 0.0
22062.0 22062.0 0.0
0


HOST: 148
0.5109525606458831 0.5075317047802498 0.5172568965515139
10615.550399978867 6835.436999980404 3780.113399998463
20776.0 13468.0 7308.0
0


HOST: 149
0.5116671341828004 0.5116671341828004 0.0
9102.046649977836 9102.046649977836 0.0
17789.0 17789.0 0.0
0


HOST: 150
0.5334971362727274 0.5334971362727274 0.0
9724.585799979275 9724.585799979275 0.0
18228.0 18228.0 0.0
0


HOST: 151
0.5129118325704124 0.5129118325704124 0.0
9202.66409997834 9202.66409997834 0.0
17942.0 17942.0 0.0
0


HOST: 152
0.5255261168986003 0.5255261168986003 0.0
10339.726349979961 10339.726349979961 0.0
19675.0 19675.0 0.0
0


HOST: 153
0.5062499999985448 0.5062499999985448 0.0
7585.143749978197 7585.143749978197 0.0
14983.0 14983.0 0.0
0


HOST: 154
0.5132461439875252 0.5161572680806552 0.5075655234647267
8811.409799977833 5858.901149983518 2952.5086499943154
17168.0 11351.0 5817.0
0


HOST: 155
0.51916587901562 0.51916587901562 0.0
8239.162499977889 8239.162499977889 0.0
15870.0 15870.0 0.0
0


HOST: 156
0.5291582097124747 0.5291582097124747 0.0
10415.950199980352 10415.950199980352 0.0
19684.0 19684.0 0.0
0


HOST: 157
0.5177498568146134 0.5217294549812213 0.5168842843852094
10847.894999979779 1952.8333499947112 8895.061649985068
20952.0 3743.0 17209.0
0


HOST: 158
0.5144764860213479 0.5222187007416341 0.5087839072841308
10784.456099979494 4638.346499987194 6146.1095999923
20962.0 8882.0 12080.0
0


HOST: 159
0.5263616876089356 0.5263616876089356 0.0
11686.808549981199 11686.808549981199 0.0
22203.0 22203.0 0.0
0


HOST: 160
0.5087402133993588 0.5137762050080176 0.5068534539850588
8868.359399977622 2440.9507499930914 6427.408649984531
17432.0 4751.0 12681.0
0


HOST: 161
0.5062499999988334 0.5062499999985448 0.5062499999988573
9542.30624997801 732.0374999978958 8810.268749980114
18849.0 1446.0 17403.0
0


HOST: 162
0.5283141763407179 0.5283141763407179 0.0
9419.31344997866 9419.31344997866 0.0
17829.0 17829.0 0.0
0


HOST: 163
0.5653094396353439 0.5932181570747911 0.5370574584273312
11561.143349982418 6103.028399985451 5458.114949996967
20451.0 10288.0 10163.0
0


HOST: 164
0.5175143592237301 0.5175143592237301 0.0
9001.127249978339 9001.127249978339 0.0
17393.0 17393.0 0.0
0


HOST: 165
0.5084344918193735 0.5084344918193735 0.0
8609.32124997745 8609.32124997745 0.0
16933.0 16933.0 0.0
0


HOST: 166
0.5355971596410702 0.5355971596410702 0.0
9937.469699980418 9937.469699980418 0.0
18554.0 18554.0 0.0
0


HOST: 167
0.52552461257668 0.5394404379254277 0.5212280810015348
11089.094849980525 2685.3344999927795 8403.760349987746
21101.0 4978.0 16123.0
0


HOST: 168
0.5263405798109808 0.5347686281901427 0.5126189583076793
11247.37184998085 7079.267099981109 4168.10474999974
21369.0 13238.0 8131.0
0


HOST: 169
0.5313817718564177 0.7109519417461466 0.5062499999987614
8916.054749978832 1464.560999997062 7451.49374998177
16779.0 2060.0 14719.0
0


HOST: 170
0.5336321413448785 0.5352695843913436 0.5062500000003638
11348.75474998153 10741.254749981093 607.5000000004366
21267.0 20067.0 1200.0
0


HOST: 171
0.5062499999985448 0.5062499999985448 0.0
3930.524999988702 3930.524999988702 0.0
7764.0 7764.0 0.0
0


HOST: 172
0.5139933134079918 0.5199432712772724 0.5062499999998337
11522.70209998036 6591.320849981981 4931.38124999838
22418.0 12677.0 9741.0
0


HOST: 173
0.5218797036554227 0.5244136546709804 0.5062500000000407
9034.259549979022 7811.665799978924 1222.5937500000982
17311.0 14896.0 2415.0
0


HOST: 174
0.526878965074199 0.5764222070830312 0.5062499999990442
9866.33549997945 3173.2042499920863 6693.131249987364
18726.0 5505.0 13221.0
0


HOST: 175
0.5233795646423786 0.5233795646423786 0.0
7934.434199978459 7934.434199978459 0.0
15160.0 15160.0 0.0
0


HOST: 176
0.5546674733217565 0.5546674733217565 0.0
5821.789799985156 5821.789799985156 0.0
10496.0 10496.0 0.0
0


HOST: 177
0.5411910308135516 0.569765378843265 0.5062499999999268
11802.293999981932 6835.47524998265 4966.818749999282
21808.0 11997.0 9811.0
0


HOST: 178
0.5355960599325637 0.5355960599325637 0.0
11581.729199981755 11581.729199981755 0.0
21624.0 21624.0 0.0
0


HOST: 179
0.5217628553761792 0.5217628553761792 0.0
11818.97219998121 11818.97219998121 0.0
22652.0 22652.0 0.0
0


HOST: 180
0.5354676046446452 0.5354676046446452 0.0
11065.438049981592 11065.438049981592 0.0
20665.0 20665.0 0.0
0


HOST: 181
0.542267165088581 0.542267165088581 0.0
7108.037999981119 7108.037999981119 0.0
13108.0 13108.0 0.0
0


HOST: 182
0.5502842146181413 0.5506815417802475 0.5062500000003638
11322.647999982875 11229.497999982808 93.15000000006694
20576.0 20392.0 184.0
0


HOST: 183
0.5319919924327466 0.5319919924327466 0.0
10124.871599980033 10124.871599980033 0.0
19032.0 19032.0 0.0
0


HOST: 184
0.5067177896646793 0.5062499999985448 0.5068059396414858
20034.101249972424 3173.6812499908774 16860.419999992948
39537.0 6269.0 33268.0
0


HOST: 185
0.5412375297638704 0.5336170882112694 0.551129894609196
18411.27704997758 10253.452349979541 8157.82470000532
34017.0 19215.0 14802.0
0


HOST: 186
0.5249840389274728 0.5249840389274728 0.0
20336.83169997244 20336.83169997244 0.0
38738.0 38738.0 0.0
0


HOST: 187
0.5193699432104484 0.5262192776956661 0.5074697569251803
20120.39159997277 12938.679599981038 7181.712000005151
38740.0 24588.0 14152.0
0


HOST: 188
0.5062499999992813 0.5062499999985448 0.506249999999312
20634.749999970707 244.0124999992986 20390.73749997229
40760.0 482.0 40278.0
0


HOST: 189
0.5285057987205044 0.5285057987205044 0.0
20333.732099972687 20333.732099972687 0.0
38474.0 38474.0 0.0
0


HOST: 190
0.5177922902544908 0.5257698742238178 0.5062500000003638
20329.560899971817 12206.273399980155 8123.2875000058375
39262.0 23216.0 16046.0
0


HOST: 191
0.5188696083242114 0.5181055511334294 0.5284635909395233
21116.43644997043 19529.98874997462 1586.447700000449
40697.0 37695.0 3002.0
0


HOST: 192
0.5062499999992777 0.5062499999985448 0.5062499999993392
20737.012499970413 488.0249999985972 20248.98749997357
40962.0 964.0 39998.0
0


HOST: 193
0.5091860221210249 0.5138335295650829 0.5067727406246965
22649.10344996531 7811.811149977955 14837.292300009862
44481.0 15203.0 29278.0
0


HOST: 194
0.5129383439696492 0.5161744824875523 0.5067491129667084
22905.261749964688 15135.784349982494 7769.477400005573
44655.0 29323.0 15332.0
0


HOST: 195
0.5222781160359526 0.5235380959071233 0.5062500000003638
16023.492599983028 14891.517599982215 1131.9750000008135
30680.0 28444.0 2236.0
0


HOST: 196
0.5062499999993234 0.5062499999985448 0.5062499999995727
19518.974999973914 1708.5937499950887 17810.381249984966
38556.0 3375.0 35181.0
0


HOST: 197
0.5176681297799419 0.5190295271566444 0.5062500000003377
20438.57309997167 18309.28559997779 2129.2875000014205
39482.0 35276.0 4206.0
0


HOST: 198
0.5325697219802665 0.5325697219802665 0.0
15324.69374998217 15324.69374998217 0.0
28775.0 28775.0 0.0
0


HOST: 199
0.519856193337365 0.5281062827938755 0.5096383479652482
20413.71299997165 11473.63709997974 8940.075900006384
39268.0 21726.0 17542.0
0


HOST: 200
0.5150642140279146 0.5062499999985448 0.5159577343581703
18886.37459997557 1708.5937499950887 17177.780849986564
36668.0 3375.0 33293.0
0


HOST: 201
0.5206329369619845 0.5213849883155592 0.506249999999909
21804.107399967914 20750.601149970942 1053.5062499998107
41880.0 39799.0 2081.0
0


HOST: 202
0.5062499999992782 0.5062499999985448 0.5062499999999589
20721.824999970457 4394.249999987369 16327.574999998675
40932.0 8680.0 32252.0
0


HOST: 203
0.5144589568366014 0.5144589568366014 0.0
19988.273849972473 19988.273849972473 0.0
38853.0 38853.0 0.0
0


HOST: 204
0.5304678531535748 0.5352145024893243 0.5074140401585473
20424.60374997209 17088.863849981637 3335.73990000229
38503.0 31929.0 6574.0
0


HOST: 205
0.5201609518982969 0.5201609518982969 0.0
19529.963099973458 19529.963099973458 0.0
37546.0 37546.0 0.0
0


HOST: 206
0.5109504946344002 0.514936022310813 0.5062500000003638
20143.20134997196 10985.645099978885 9157.55625000658
39423.0 21334.0 18089.0
0


HOST: 207
0.5193180447591839 0.5193180447591839 0.0
21580.261349967885 21580.261349967885 0.0
41555.0 41555.0 0.0
0


HOST: 208
0.5167152740383129 0.5182097612742879 0.5062500000003638
19194.938999975246 16844.926499982 2350.0125000016887
37148.0 32506.0 4642.0
0


HOST: 209
0.5191663497386578 0.5264821938227877 0.5117098821442204
22415.00714996655 11473.626449980013 10941.380700007721
43175.0 21793.0 21382.0
0


HOST: 210
0.5205141973223694 0.5205141973223694 0.0
18549.564449977275 18549.564449977275 0.0
35637.0 35637.0 0.0
0


HOST: 211
0.5098601230221463 0.5062499999985448 0.5105969028686979
20307.72869997209 3417.693749990176 16890.034949993656
39830.0 6751.0 33079.0
0


HOST: 212
0.5062499999992695 0.5062499999985448 0.50624999999933
20974.44374996973 488.0249999985972 20486.418749972887
41431.0 964.0 40467.0
0


HOST: 213
0.5239783336300138 0.5214515378976314 0.5368028883385955
20555.14604997181 17089.009799981177 3466.136250002311
39229.0 32772.0 6457.0
0


HOST: 214
0.5062499999992258 0.5062499999985448 0.5062499999996404
22317.52499996587 3173.6812499908774 19143.8437499864
44084.0 6269.0 37815.0
0


HOST: 215
0.5092483328136038 0.5127698349573022 0.5075964475492203
21259.590149969517 6835.221899980839 14424.368250006193
41747.0 13330.0 28417.0
0


HOST: 216
0.5204025346332264 0.5204025346332264 0.0
20059.436099972343 20059.436099972343 0.0
38546.0 38546.0 0.0
0


HOST: 217
0.5062499999993234 0.5062499999985448 0.5062499999995727
19518.974999973914 1708.5937499950887 17810.381249984966
38556.0 3375.0 35181.0
0


HOST: 218
0.5132973730360956 0.5245754788362738 0.5088143615836415
19314.86684997524 5614.531349984638 13700.33550000113
37629.0 10703.0 26926.0
0


HOST: 219
0.5238787478833149 0.5238787478833149 0.0
16710.68429998198 16710.68429998198 0.0
31898.0 31898.0 0.0
0


HOST: 220
0.5210459841422926 0.5210459841422926 0.0
16166.493749982914 16166.493749982914 0.0
31027.0 31027.0 0.0
0


HOST: 221
0.5124995527719585 0.5124995527719585 0.0
12032.464499980042 12032.464499980042 0.0
23478.0 23478.0 0.0
0


HOST: 222
0.5278330468078655 0.5278330468078655 0.0
18606.114899977256 18606.114899977256 0.0
35250.0 35250.0 0.0
0


HOST: 223
0.5321987674217767 0.5324728885261057 0.5062500000000301
20466.235799971844 20262.72329997243 203.5125000000121
38456.0 38054.0 402.0
0


HOST: 224
0.5080220874304874 0.5062499999985448 0.5081956133220693
16478.71244998272 1464.5812499957901 15014.131199987216
32437.0 2893.0 29544.0
0


HOST: 225
0.5208539288203324 0.5249557956168588 0.5128640017289683
23094.14234996472 15380.154899982728 7713.987450005412
44339.0 29298.0 15041.0
0


HOST: 226
0.5117974949511567 0.5136621926898308 0.5103963532352292
21544.11554996894 9276.739199978345 12267.376350008735
42095.0 18060.0 24035.0
0


HOST: 227
0.5234280114717332 0.5283632999482726 0.5062500000003638
15877.665299983557 12450.352799981094 3427.312500002463
30334.0 23564.0 6770.0
0


HOST: 228
0.525383588386884 0.5303407012977908 0.5062500000003638
14007.251849982715 11229.964349980719 2777.287500001996
26661.0 21175.0 5486.0
0


HOST: 229
0.5062499999993147 0.5062499999985448 0.5062499999994052
13920.862499981156 1464.5812499957901 12456.281249985366
27498.0 2893.0 24605.0
0


HOST: 230
0.5174331472517733 0.5174331472517733 0.0
14227.85924998201 14227.85924998201 0.0
27497.0 27497.0 0.0
0


HOST: 231
0.5146088306744178 0.5146088306744178 0.0
13132.302749980467 13132.302749980467 0.0
25519.0 25519.0 0.0
0


HOST: 232
0.5133536974428485 0.528926284828328 0.5113551493955226
14578.218299982012 1708.4318999954994 12869.786399986513
28398.0 3230.0 25168.0
0


HOST: 233
0.5268006627130238 0.5268006627130238 0.0
18124.049999978874 18124.049999978874 0.0
34404.0 34404.0 0.0
0


HOST: 234
0.5540095791526595 0.5540095791526595 0.0
13585.422899981515 13585.422899981515 0.0
24522.0 24522.0 0.0
0


HOST: 235
0.5266206423587977 0.5301783030292756 0.5062500000003638
12248.142899980916 10497.530399979658 1750.612500001258
23258.0 19800.0 3458.0
0


HOST: 236
0.5241422944758254 0.5426444239793703 0.5089504223813414
18304.62134997925 8544.479099979164 9760.142250006984
34923.0 15746.0 19177.0
0


HOST: 237
0.5332559019880281 0.541386120864004 0.5062500000003638
15016.486199982872 11717.761199980501 3298.7250000023705
28160.0 21644.0 6516.0
0


HOST: 238
0.9040791071157005 2.8075308729246387 0.5062499999993264
55477.00624994073 29782.287499984566 25694.71874996581
61363.0 10608.0 50755.0
2


HOST: 239
0.518578839921579 0.5525782028052513 0.5121475509500059
14403.008699981938 2441.2904999936 11961.718199988338
27774.0 4418.0 23356.0
0


HOST: 240
0.5200679502786237 0.5221985958741402 0.5062500000003638
19643.486549973895 17088.94904998124 2554.5375000018357
37771.0 32725.0 5046.0
0


HOST: 241
0.5155617838813416 0.5219657006632998 0.5100535687662048
19294.384199975328 9032.616449978404 10261.767750007273
37424.0 17305.0 20119.0
0


HOST: 242
0.5342112192301377 0.5352991267426287 0.506249999999909
21767.50454997042 20994.96704997264 772.5374999998612
40747.0 39221.0 1526.0
0


HOST: 243
0.5199692935553436 0.52180298701234 0.5062500000000965
21786.713399968896 19285.838399976084 2500.8750000004766
41900.0 36960.0 4940.0
0


HOST: 244
0.5222426655059151 0.5508388228643102 0.5071607108856959
20107.909349974252 7323.402149981004 12784.507200006623
38503.0 13295.0 25208.0
0


HOST: 245
0.5230988192444661 0.5230988192444661 0.0
21331.446749970084 21331.446749970084 0.0
40779.0 40779.0 0.0
0


HOST: 246
0.5223903586772074 0.5252473251142517 0.5062500000002412
21147.40649997071 18065.35649997957 3082.0500000014686
40482.0 34394.0 6088.0
0


HOST: 247
0.5183653270392027 0.5183653270392027 0.0
15374.715599982752 15374.715599982752 0.0
29660.0 29660.0 0.0
0


HOST: 248
0.5165203600264818 0.5285855282416465 0.5086406671106612
20530.134749972574 8300.378549978575 12229.756200008738
39747.0 15703.0 24044.0
0


HOST: 249
0.5177976011408839 0.5205251385921392 0.5071030152715842
22858.692899965463 18309.471749978497 4549.221150001382
44146.0 35175.0 8971.0
0


HOST: 250
0.515727590992081 0.5216916658742441 0.5104887185587421
23223.729149964398 10985.783099979832 12237.946050008724
45031.0 21058.0 23973.0
0


HOST: 251
0.5126654079933299 0.5163551844878678 0.5091225098166743
22266.083999966308 10985.456549979386 11280.627450008053
43432.0 21275.0 22157.0
0


HOST: 252
0.5199242198877203 0.5199242198877203 0.0
18911.20364997605 18911.20364997605 0.0
36373.0 36373.0 0.0
0


HOST: 253
0.5251401640628242 0.5251401640628242 0.0
20005.214549973287 20005.214549973287 0.0
38095.0 38095.0 0.0
0


HOST: 254
0.5247064500647787 0.5170047084558943 0.537155431310265
18047.278349978063 10985.833049979297 7061.445300004743
34395.0 21249.0 13146.0
0


HOST: 255
0.5144022084470536 0.5222686317877854 0.5062500000003638
20788.53644997078 10741.498949979381 10047.03750000722
40413.0 20567.0 19846.0
0


HOST: 256
0.5062499999992978 0.5062499999985448 0.5062499999999451
20185.706249971998 4394.249999987369 15791.45624999829
39873.0 8680.0 31193.0
0


HOST: 257
0.5128918887635446 0.5183115364608706 0.5062500000003638
21495.81194996892 11962.111949980432 9533.700000006851
41911.0 23079.0 18832.0
0


HOST: 258
0.5229388561088688 0.5281565715632262 0.5105412289160269
21980.165999967976 15623.927699983356 6356.238300004536
42032.0 29582.0 12450.0
0


HOST: 259
0.5259529939298029 0.5387716163761785 0.5071062125877759
23223.980399964377 14159.456849982349 9064.523550006494
44156.0 26281.0 17875.0
0


HOST: 260
0.531644979510125 0.5354002306580271 0.523606827195825
20628.356849972362 14159.194499982186 6469.162350004417
38801.0 26446.0 12355.0
0


HOST: 261
0.5062499999992552 0.5062499999985448 0.5062499999995094
21394.124999968524 1952.6062499943873 19441.518749981158
42260.0 3857.0 38403.0
0


HOST: 262
0.5083801653357394 0.5127721957694565 0.5062500000002778
22230.956249966548 7323.4124999793785 14907.543750008179
43729.0 14282.0 29447.0
0


HOST: 263
0.5185309230610277 0.5175471124939571 0.5295071856289321
21054.429599969968 19285.875599974817 1768.554000000633
40604.0 37264.0 3340.0
0


HOST: 264
0.5270117083866309 0.5303711575221343 0.5062500000002318
21137.385599970992 18309.47309997912 2827.912500001295
40108.0 34522.0 5586.0
0


HOST: 265
0.5101518832288735 0.5128178346343076 0.5089891505113424
19991.831999973096 6103.045049982895 13888.786950003001
39188.0 11901.0 27287.0
0


HOST: 266
0.5165187153174882 0.5219441595689129 0.5062500000003638
22153.487699967067 14647.318949982404 7506.168750005394
42890.0 28063.0 14827.0
0


HOST: 267
0.5344890086768238 0.5344890086768238 0.0
16261.293599983688 16261.293599983688 0.0
30424.0 30424.0 0.0
0


HOST: 268
0.5130221046069949 0.5181126544365231 0.5106028097984808
21009.794249970262 6835.46024998105 14174.334000005829
40953.0 13193.0 27760.0
0


HOST: 269
0.506249999999221 0.5062499999985448 0.506249999999707
22472.943749965423 3661.7062499894746 18811.23749998911
44391.0 7233.0 37158.0
0


HOST: 270
0.5290153667541599 0.5290153667541599 0.0
21189.18149997112 21189.18149997112 0.0
40054.0 40054.0 0.0
0


HOST: 271
0.5211562758769172 0.5211562758769172 0.0
20768.598749971025 20768.598749971025 0.0
39851.0 39851.0 0.0
0


HOST: 272
0.5062499999991432 0.5062499999985448 0.5062499999991964
11964.71249997975 976.0499999971944 10988.662499982556
23634.0 1928.0 21706.0
0


HOST: 273
0.506249999999437 0.5062499999985448 0.5062499999995649
17033.793749981058 976.0499999971944 16057.743749986199
33647.0 1928.0 31719.0
0


HOST: 274
0.5123381847535973 0.5125114025187626 0.5062500000003638
16815.96389998257 16356.28889998379 459.67500000033033
32822.0 31914.0 908.0
0


HOST: 275
0.5218718458627494 0.5218718458627494 0.0
17687.280599980302 17687.280599980302 0.0
33892.0 33892.0 0.0
0


HOST: 276
0.5616413023433378 0.5871893015191538 0.5062500000003638
17060.416199981228 12206.49119998017 4853.925000003488
30376.0 20788.0 9588.0
0


HOST: 277
0.5356401764381937 0.5361703937556854 0.5062500000003638
13904.147699982634 13671.272699982466 232.87500000016735
25958.0 25498.0 460.0
0


HOST: 278
0.5192935563788366 0.5241023932656744 0.5062500000003638
14566.703549982745 10741.478549979996 3825.225000002749
28051.0 20495.0 7556.0
0


HOST: 279
0.5505909979349459 0.5505909979349459 0.0
9070.4360999803 9070.4360999803 0.0
16474.0 16474.0 0.0
0


HOST: 280
0.5327533110216568 0.5327533110216568 0.0
8994.474149978632 8994.474149978632 0.0
16883.0 16883.0 0.0
0


HOST: 281
0.5604681573024338 0.5604681573024338 0.0
11223.374849981237 11223.374849981237 0.0
20025.0 20025.0 0.0
0


HOST: 282
0.5269028543078721 0.5269028543078721 0.0
9562.232999979264 9562.232999979264 0.0
18148.0 18148.0 0.0
0


HOST: 283
0.535808956427621 0.5537509073219706 0.5311111063970796
15937.101599983162 3417.7505999912028 12519.350999991959
29744.0 6172.0 23572.0
0


HOST: 284
0.5192494421003876 0.5192494421003876 0.0
15263.856599982993 15263.856599982993 0.0
29396.0 29396.0 0.0
0


HOST: 285
0.5228904585792422 0.5228904585792422 0.0
14138.95799998271 14138.95799998271 0.0
27040.0 27040.0 0.0
0


HOST: 286
0.5187193921990231 0.5283986422653894 0.5089205976099248
15720.309899983593 8055.9656999781255 7664.344200005467
30306.0 15246.0 15060.0
0


HOST: 287
0.5182562256213096 0.5295073955103649 0.5089033980581956
13685.592149981923 6347.205149982743 7338.38699999918
26407.0 11987.0 14420.0
0


HOST: 288
0.5179187285426865 0.5308120131725154 0.5062500000003638
17047.294949982526 8300.307449978623 8746.987500006286
32915.0 15637.0 17278.0
0


HOST: 289
0.5196418600807605 0.5196418600807605 0.0
14172.192449982582 14172.192449982582 0.0
27273.0 27273.0 0.0
0


HOST: 290
0.5326526411684228 0.5326526411684228 0.0
14762.467949982838 14762.467949982838 0.0
27715.0 27715.0 0.0
0


HOST: 291
0.515156073821297 0.5272042891407219 0.5101016206963017
14528.94674998204 4394.247749987917 10134.698999994123
28203.0 8335.0 19868.0
0


HOST: 292
0.5198804835207548 0.52251589672616 0.5062500000003638
13913.04149998244 11717.941499980863 2195.1000000015774
26762.0 22426.0 4336.0
0


HOST: 293
0.5180321053628073 0.523188488896104 0.5062500000003638
16333.03424998395 11474.046749980458 4858.987500003492
31529.0 21931.0 9598.0
0


HOST: 294
0.5104373887633412 0.5062499999985448 0.5105505550871221
9349.681649978122 244.0124999992986 9105.669149978823
18317.0 482.0 17835.0
0


HOST: 295
0.5611372311561418 0.5611372311561418 0.0
17376.175499981087 17376.175499981087 0.0
30966.0 30966.0 0.0
0


HOST: 296
0.5508480706756637 0.5601645385988053 0.5485162783062166
16788.1966499822 3417.563849991311 13370.632799992338
30477.0 6101.0 24376.0
0


HOST: 297
0.5198234448652302 0.5198234448652302 0.0
14665.778849982742 14665.778849982742 0.0
28213.0 28213.0 0.0
0


HOST: 298
0.5201230348309539 0.523033583871279 0.5074227816095584
18202.74584997889 14891.812199983055 3310.933650002369
34997.0 28472.0 6525.0
0


HOST: 299
0.523832551479701 0.529332029597196 0.5074009232267965
12897.281249981717 9764.587949979476 3132.693300002242
24621.0 18447.0 6174.0
0


HOST: 300
0.5681754062356954 0.5824169952726663 0.5062500000003638
15524.82479998414 12938.393549982282 2586.4312500018586
27324.0 22215.0 5109.0
0


HOST: 301
0.5353344742076899 0.5353344742076899 0.0
12630.146249982028 12630.146249982028 0.0
23593.0 23593.0 0.0
0


HOST: 302
0.5381351906088848 0.5458735257399283 0.5062500000003638
12859.81664998052 10497.147899978821 2362.668750001698
23897.0 19230.0 4667.0
0


HOST: 303
0.5492189376707717 0.5492189376707717 0.0
14010.575099981384 14010.575099981384 0.0
25510.0 25510.0 0.0
0


HOST: 304
0.524892629035572 0.524892629035572 0.0
19230.49124997625 19230.49124997625 0.0
36637.0 36637.0 0.0
0


HOST: 305
0.536953057466846 0.536953057466846 0.0
13417.382999981546 13417.382999981546 0.0
24988.0 24988.0 0.0
0


HOST: 306
0.518243638052584 0.5241236938949183 0.5141033438913377
12267.863399980768 5126.453849986196 7141.409549994572
23672.0 9781.0 13891.0
0


HOST: 307
0.5222929275151974 0.5248749999992024 0.5062500000003638
14101.386749982814 12206.492999981452 1894.8937500013617
26999.0 23256.0 3743.0
0


HOST: 308
0.518917712867716 0.5191240910955934 0.5062500000003638
15376.050749983295 15135.581999983122 240.4687500001728
29631.0 29156.0 475.0
0


HOST: 309
0.5062499999993807 0.5062499999985448 0.5062499999994394
14854.893749981828 976.0499999971944 13878.843749984633
29343.0 1928.0 27415.0
0


HOST: 310
0.513372236393918 0.525911399222797 0.5092672129987327
14489.417999981943 3660.86924998989 10828.548749992053
28224.0 6961.0 21263.0
0


HOST: 311
0.5513098261983426 0.5506062179365843 0.5531908843701978
17129.196299982505 12450.307799982043 4678.888500003133
31070.0 22612.0 8458.0
0


HOST: 312
0.5315921905371044 0.5315921905371044 0.0
12303.70124998128 12303.70124998128 0.0
23145.0 23145.0 0.0
0


HOST: 313
0.5145869580348057 0.5506329255581794 0.5065462028253145
16259.91869998379 3173.2975499917884 13086.621149992001
31598.0 5763.0 25835.0
0


HOST: 314
0.5062499999994224 0.5062499999985448 0.5062499999997429
15513.0187499823 4149.731249988072 11363.287499994229
30643.0 8197.0 22446.0
0


HOST: 315
0.5100190053469401 0.5254043179969451 0.5076688139558224
14306.03309998167 1952.927849994645 12353.105249987026
28050.0 3717.0 24333.0
0


HOST: 316
0.5238234674137459 0.5238234674137459 0.0
13543.455749982399 13543.455749982399 0.0
25855.0 25855.0 0.0
0


HOST: 317
0.5151712394811212 0.5322558090625711 0.5062500000001894
19285.43534997577 6835.229099981538 12450.206250004658
37435.0 12842.0 24593.0
0


HOST: 318
0.5240155464591026 0.524604737630458 0.5106029010238008
21892.32149996839 20994.68159997093 897.6398999998419
41778.0 40020.0 1758.0
0


HOST: 319
0.5302755643444339 0.5302755643444339 0.0
16490.509499983207 16490.509499983207 0.0
31098.0 31098.0 0.0
0


HOST: 320
0.5122201046241633 0.5127223321740173 0.5119182462614776
16890.457949981785 6346.98974998216 10543.468200001393
32975.0 12379.0 20596.0
0


HOST: 321
0.521541219139014 0.5219135728431853 0.5062500000001958
20491.354499971858 20018.516999973217 472.8375000001829
39290.0 38356.0 934.0
0


HOST: 322
0.5207755756809064 0.5230451185610063 0.5095404113517815
21620.518799968508 18065.455349978598 3555.06345000138
41516.0 34539.0 6977.0
0


HOST: 323
0.5151022429565746 0.5175402003686832 0.5095401474377614
21667.77584996831 15135.980699982509 6531.795150004664
42065.0 29246.0 12819.0
0


HOST: 324
0.517276927246785 0.5208262458742817 0.5062500000003638
20512.61654997126 15624.266549982576 4888.350000003513
39655.0 29999.0 9656.0
0


HOST: 325
0.5135944655273923 0.52383668235475 0.5083547592071042
21923.806949967795 7567.868549979074 14355.938400008621
42687.0 14447.0 28240.0
0


HOST: 326
0.5062499999992986 0.5062499999985448 0.5062499999999024
20159.381249972073 3905.718749988773 16253.662499996866
39821.0 7715.0 32106.0
0


HOST: 327
0.5162402212609043 0.5162402212609043 0.0
16238.852399983005 16238.852399983005 0.0
31456.0 31456.0 0.0
0


HOST: 328
0.5184207738177751 0.5184207738177751 0.0
9908.576249979134 9908.576249979134 0.0
19113.0 19113.0 0.0
0


HOST: 329
0.5120065104635089 0.5130063913028979 0.5062499999989409
8292.969449977452 7079.488199979991 1213.4812499974614
16197.0 13800.0 2397.0
0


HOST: 330
0.5184692302233812 0.5184692302233812 0.0
10978.585949980097 10978.585949980097 0.0
21175.0 21175.0 0.0
0


HOST: 331
0.523906260610093 0.523906260610093 0.0
9874.585199979034 9874.585199979034 0.0
18848.0 18848.0 0.0
0


HOST: 332
0.5281199837491788 0.5281199837491788 0.0
13649.789099981275 13649.789099981275 0.0
25846.0 25846.0 0.0
0


HOST: 333
0.5272274409983071 0.5272274409983071 0.0
9114.707999978733 9114.707999978733 0.0
17288.0 17288.0 0.0
0


HOST: 334
0.5079518739345181 0.5100769197269122 0.5062499999998202
13119.380999980734 5858.743499983313 7260.637499997421
25828.0 11486.0 14342.0
0


HOST: 335
0.5157920007590537 0.5157920007590537 0.0
10858.4531999796 10858.4531999796 0.0
21052.0 21052.0 0.0
0


HOST: 336
0.5062499999989875 0.5062499999985448 0.5062499999990725
10610.999999978778 1708.5937499950887 8902.40624998369
20960.0 3375.0 17585.0
0


HOST: 337
0.5243035389780959 0.5243035389780959 0.0
9348.33209997945 9348.33209997945 0.0
17830.0 17830.0 0.0
0


HOST: 338
0.522454441178625 0.530206745466817 0.5062499999993086
9246.398699979307 6347.104949983266 2899.293749996041
17698.0 11971.0 5727.0
0


HOST: 339
0.5308752432573945 0.540964512437789 0.5122910060575844
11457.349499981088 7567.011599979793 3890.3379000012956
21582.0 13988.0 7594.0
0


HOST: 340
0.531586934194607 0.531586934194607 0.0
11180.336399980975 11180.336399980975 0.0
21032.0 21032.0 0.0
0


HOST: 341
0.5352197566509422 0.5352197566509422 0.0
11304.911699981201 11304.911699981201 0.0
21122.0 21122.0 0.0
0


HOST: 342
0.5249844286120136 0.5249844286120136 0.0
10832.528699980288 10832.528699980288 0.0
20634.0 20634.0 0.0
0


HOST: 343
0.5414950145246701 0.5414950145246701 0.0
10997.222249981525 10997.222249981525 0.0
20309.0 20309.0 0.0
0


HOST: 344
0.5062499999985448 0.5062499999985448 0.5062499999985448
7900.031249977292 244.0124999992986 7656.018749977993
15605.0 482.0 15123.0
0


HOST: 345
0.5222162072660301 0.5222162072660301 0.0
11670.487799981242 11670.487799981242 0.0
22348.0 22348.0 0.0
0


HOST: 346
0.5337227179824836 0.5337227179824836 0.0
9402.059399979431 9402.059399979431 0.0
17616.0 17616.0 0.0
0


HOST: 347
0.537103839525573 0.6701292556423316 0.5062499999988811
9351.51494997975 2196.683699995563 7154.831249984187
17411.0 3278.0 14133.0
0


HOST: 348
0.5274717042816294 0.5274717042816294 0.0
20730.165449972315 20730.165449972315 0.0
39301.0 39301.0 0.0
0


HOST: 349
0.506627720958397 0.5068985428239081 0.5065056936650176
21994.22924996689 6835.526849980401 15158.702400006649
43413.0 13485.0 29928.0
0


HOST: 350
0.5233946010497842 0.5233946010497842 0.0
22020.78104996757 22020.78104996757 0.0
42073.0 42073.0 0.0
0


HOST: 351
0.5062499999992337 0.5062499999985448 0.5062500000001692
22059.84374996661 6347.362499981755 15712.48125000525
43575.0 12538.0 31037.0
0


HOST: 352
0.5166543896510906 0.5194178250583525 0.5062500000003638
16595.45564998268 13182.824399980987 3412.6312500024524
32121.0 25380.0 6741.0
0


HOST: 353
0.5192216848453459 0.5222037770438084 0.5062500000002945
20897.11514997064 17088.596399981587 3808.5187500022157
40247.0 32724.0 7523.0
0


HOST: 354
0.5234532920071514 0.5234532920071514 0.0
17395.399799981657 17395.399799981657 0.0
33232.0 33232.0 0.0
0


HOST: 355
0.5156190842624223 0.5208005371421375 0.5067490478678475
21441.50399996857 13671.01409998111 7770.489900005574
41584.0 26250.0 15334.0
0


HOST: 356
0.5229331118142978 0.5271331221232632 0.5062500000003638
18491.9606999772 14891.510699982187 3600.4500000025873
35362.0 28250.0 7112.0
0


HOST: 357
0.5198262927759092 0.5160213681777729 0.5340680772000793
20567.44709997162 16112.25119998278 4455.195900003062
39566.0 31224.0 8342.0
0


HOST: 358
0.5126758289593604 0.5153484420511053 0.5062500000003638
17193.09659998111 12206.027849980428 4987.068750003584
33536.0 23685.0 9851.0
0


HOST: 359
0.5151760686893745 0.5170272902513556 0.5129938740241747
17535.04784998024 9521.057549978714 8013.990300005658
34037.0 18415.0 15622.0
0


HOST: 360
0.5174246647004467 0.5250139506565963 0.5062500000003638
21411.550049969184 12938.443799981158 8473.106250006089
41381.0 24644.0 16737.0
0


HOST: 361
0.5081873701613137 0.5084165703714093 0.5080131377358394
17515.185899979835 7567.780649978427 9947.405250005471
34466.0 14885.0 19581.0
0


HOST: 362
0.5160613454202593 0.5160613454202593 0.0
9079.067249978621 9079.067249978621 0.0
17593.0 17593.0 0.0
0


HOST: 363
0.5062499999988562 0.5062499999985448 0.5062499999989348
9687.093749978114 1952.6062499943873 7734.487499983727
19135.0 3857.0 15278.0
0


HOST: 364
0.5213181001150022 0.5213181001150022 0.0
10789.199399980085 10789.199399980085 0.0
20696.0 20696.0 0.0
0


HOST: 365
0.5062499999986662 0.5062499999986662 0.0
8602.706249977335 8602.706249977335 0.0
16993.0 16993.0 0.0
0


HOST: 366
0.5062499999990163 0.5062499999990163 0.0
10837.79999997894 10837.79999997894 0.0
21408.0 21408.0 0.0
0


HOST: 367
0.543918770322764 0.543918770322764 0.0
9032.31509997982 9032.31509997982 0.0
16606.0 16606.0 0.0
0


HOST: 368
0.5168925809130859 0.5231155714271583 0.508166213846902
9917.617949979378 5858.894399984172 4058.7235499952058
19187.0 11200.0 7987.0
0


HOST: 369
0.5156139805760764 0.5156139805760764 0.0
9450.688649978905 9450.688649978905 0.0
18329.0 18329.0 0.0
0


HOST: 370
0.5062499999986382 0.5062499999985448 0.5062499999986618
8462.981249977234 1708.5937499950887 6754.3874999821455
16717.0 3375.0 13342.0
0


HOST: 371
0.5194182906676935 0.5194182906676935 0.0
9435.233249978653 9435.233249978653 0.0
18165.0 18165.0 0.0
0


HOST: 372
0.5062499999990072 0.5062499999985448 0.506249999999041
10765.406249978889 732.0374999978958 10033.368749980993
21265.0 1446.0 19819.0
0


HOST: 373
0.5062499999991494 0.5062499999985448 0.5062499999992667
12025.968749979795 1952.6062499943873 10073.362499985407
23755.0 3857.0 19898.0
0


HOST: 374
0.5204099344766501 0.5204099344766501 0.0
8577.916949978624 8577.916949978624 0.0
16483.0 16483.0 0.0
0


HOST: 375
0.5062499999985448 0.5062499999985448 0.0
7864.087499977395 7864.087499977395 0.0
15534.0 15534.0 0.0
0


HOST: 376
0.5146238338788932 0.5146238338788932 0.0
10514.279549979667 10514.279549979667 0.0
20431.0 20431.0 0.0
0


HOST: 377
0.5476576411679923 0.5476576411679923 0.0
6837.505649982384 6837.505649982384 0.0
12485.0 12485.0 0.0
0


HOST: 378
0.5495095740260865 0.5495095740260865 0.0
10603.88624998139 10603.88624998139 0.0
19297.0 19297.0 0.0
0


HOST: 379
0.5241985988124575 0.5241985988124575 0.0
11485.191299980943 11485.191299980943 0.0
21910.0 21910.0 0.0
0


HOST: 380
0.5280859312446813 0.5404678437001361 0.5062500000000343
11213.904749980808 7323.879749980544 3890.0250000002634
21235.0 13551.0 7684.0
0


HOST: 381
0.5276646484363927 0.5398198928374898 0.5062499999994584
9725.91479997959 6347.202299983204 3378.7124999963853
18432.0 11758.0 6674.0
0


HOST: 382
0.5346438245773769 0.5346438245773769 0.0
8692.239299978994 8692.239299978994 0.0
16258.0 16258.0 0.0
0


HOST: 383
0.535134660002753 0.535134660002753 0.0
7657.241849979393 7657.241849979393 0.0
14309.0 14309.0 0.0
0


HOST: 384
0.5313160590845405 0.5313160590845405 0.0
10377.13394998016 10377.13394998016 0.0
19531.0 19531.0 0.0
0


HOST: 385
0.5507071170820601 0.5507071170820601 0.0
11598.99329998235 11598.99329998235 0.0
21062.0 21062.0 0.0
0


HOST: 386
0.5110491483420283 0.5125724001043953 0.5062500000003638
20522.20064997083 15624.231899982178 4897.96875000352
40157.0 30482.0 9675.0
0


HOST: 387
0.5147016122182372 0.5147571051079517 0.5062500000003638
19410.42719997416 19285.88969997452 124.5375000000895
37712.0 37466.0 246.0
0


HOST: 388
0.5207712688203987 0.5233712900779569 0.5087633954575569
20095.000949972724 16600.813949982716 3494.187000002501
38587.0 31719.0 6868.0
0


HOST: 389
0.5176063111572697 0.5180843151119876 0.5163153061228142
22057.79294996705 16112.422199982815 5945.370750004206
42615.0 31100.0 11515.0
0


HOST: 390
0.5076785949910482 0.5094856033068906 0.5068152324853077
20314.251299971802 6591.215249981244 13723.036050004675
40014.0 12937.0 27077.0
0


HOST: 391
0.5146370219019457 0.5219259428703631 0.5112298920648599
18891.295799976622 6102.880049983156 12788.41575000247
36708.0 11693.0 25015.0
0


HOST: 392
0.506249999999327 0.5062499999985448 0.506249999999394
19430.887499974167 488.0249999985972 18942.862499977324
38382.0 964.0 37418.0
0


HOST: 393
0.5267322032007472 0.5272571972675536 0.5162802149916493
18953.931599975687 18065.41334997819 888.5182500006285
35984.0 34263.0 1721.0
0


HOST: 394
0.518418355277109 0.5238186511249268 0.5068463528681939
20907.293849970527 14403.441449982112 6503.852400004664
40329.0 27497.0 12832.0
0


HOST: 395
0.5281713560534317 0.5281713560534317 0.0
17636.169749980138 17636.169749980138 0.0
33391.0 33391.0 0.0
0


HOST: 396
0.5163626259593913 0.5279484206028172 0.5081242345872499
18959.80289997693 8055.964949978388 10903.837950007795
36718.0 15259.0 21459.0
0


HOST: 397
0.5162420059599221 0.5203143255855218 0.5062500000003638
21478.76489996852 15379.971149982439 6098.793750004383
41606.0 29559.0 12047.0
0


HOST: 398
0.5311708746368619 0.5311708746368619 0.0
16664.423849982268 16664.423849982268 0.0
31373.0 31373.0 0.0
0


HOST: 399
0.518374882445355 0.517805413439054 0.5201597502018163
21276.697049969596 16112.551049983043 5164.146000003631
41045.0 31117.0 9928.0
0


HOST: 400
0.5062499999994718 0.5062499999985448 0.506249999999581
16394.906249982894 1708.5937499950887 14686.312499987846
32385.0 3375.0 29010.0
0


HOST: 401
0.5204079416474143 0.5205154240020278 0.5062500000003638
16231.523699982854 16112.554949982768 118.96875000008549
31190.0 30955.0 235.0
0


HOST: 402
0.5084975046595831 0.5124985731140811 0.5062500000003352
21549.61574996847 7812.015749977938 13737.600000009093
42379.0 15243.0 27136.0
0


HOST: 403
0.5160643648995623 0.5262148635889882 0.5082374298777375
17596.246649980378 7811.65964997853 9784.5870000062
34097.0 14845.0 19252.0
0


HOST: 404
0.520834042552521 0.5297611545124531 0.5158027152644485
19975.027199974284 7323.418199980151 12651.609000006394
38352.0 13824.0 24528.0
0


HOST: 405
0.5203482994725683 0.5232174957733975 0.5062500000003066
20746.2866999713 17333.14919998111 3413.137500002067
39870.0 33128.0 6742.0
0


HOST: 406
0.5279967551140216 0.529413985694027 0.5232118497113379
17988.3214499796 13915.117199981805 4073.2042500027655
34069.0 26284.0 7785.0
0


HOST: 407
0.5306038001831763 0.5306038001831763 0.0
20776.32239997245 20776.32239997245 0.0
39156.0 39156.0 0.0
0


HOST: 408
0.524662404120492 0.524662404120492 0.0
20725.738949971797 20725.738949971797 0.0
39503.0 39503.0 0.0
0


HOST: 409
0.5062499999993222 0.5062499999985448 0.5062499999998844
19548.84374997383 3905.718749988773 15643.124999996428
38615.0 7715.0 30900.0
0


HOST: 410
0.530977651765426 0.5339526361223178 0.507954320712954
20834.501099971785 18553.786199978298 2280.7149000011636
39238.0 34748.0 4490.0
0


HOST: 411
0.5178775960929902 0.5207141607802049 0.5130460923627043
17340.09554998159 10985.506649979983 6354.588900004455
33483.0 21097.0 12386.0
0


HOST: 412
0.52081177511492 0.5230187733500629 0.5062499999999552
22955.299799965214 20018.543549973656 2936.7562499997402
44076.0 38275.0 5801.0
0


HOST: 413
0.5106511436844741 0.5178897043713695 0.506250000000295
19735.13474997387 7567.922249978823 12167.212500007088
38647.0 14613.0 24034.0
0


HOST: 414
0.5097024243446154 0.5089089298109217 0.509766896755706
19521.093149974426 1464.6398999958328 18056.45324998386
38299.0 2878.0 35421.0
0


HOST: 415
0.5105969033914107 0.5224877904592222 0.5065175570784228
19613.55884997426 5126.650199985888 14486.908649999972
38413.0 9812.0 28601.0
0


HOST: 416
0.5214442452459602 0.5334605033116979 0.5126670125125037
17524.176749980987 7567.670699979746 9956.506050005333
33607.0 14186.0 19421.0
0


HOST: 417
0.506249999999292 0.5062499999985448 0.5062499999993497
13626.224999980945 976.0499999971944 12650.17499998375
26916.0 1928.0 24988.0
0


HOST: 418
0.5234571087957983 0.5621815326618738 0.5159974287093072
15478.103249982962 2684.978999993109 12793.124249989853
29569.0 4776.0 24793.0
0


HOST: 419
0.5426444166164645 0.5426444166164645 0.0
15491.955449983445 15491.955449983445 0.0
28549.0 28549.0 0.0
0


HOST: 420
0.5177768465819971 0.5199708072901584 0.5062500000003638
17651.01269998028 14891.443949982846 2759.568750001983
34090.0 28639.0 5451.0
0


HOST: 421
0.5259250117376486 0.5259250117376486 0.0
16801.72634998266 16801.72634998266 0.0
31947.0 31947.0 0.0
0


HOST: 422
0.5248035048682457 0.6178259219074697 0.5062499999987263
8729.581499978398 1708.906499996061 7020.674999982337
16634.0 2766.0 13868.0
0


HOST: 423
0.5287610622819758 0.5287610622819758 0.0
13235.418149980138 13235.418149980138 0.0
25031.0 25031.0 0.0
0


HOST: 424
0.5418100158772859 0.5469749707748573 0.5062500000003638
19109.097449975998 16844.641199982507 2264.4562500016273
35269.0 30796.0 4473.0
0


HOST: 425
0.5226038175189923 0.547451284402245 0.506249999999723
12916.153349981894 5370.497099986023 7545.656249995871
24715.0 9810.0 14905.0
0


HOST: 426
0.5079642240749256 0.5076745551860979 0.5084417216858511
10595.625749978874 6591.13874998111 4004.4869999977636
20859.0 12983.0 7876.0
0


HOST: 427
0.52107526561513 0.52107526561513 0.0
13389.028949980764 13389.028949980764 0.0
25695.0 25695.0 0.0
0


HOST: 428
0.5105191780446579 0.5105191780446579 0.0
9608.481449978506 9608.481449978506 0.0
18821.0 18821.0 0.0
0


HOST: 429
0.5202170153599346 0.5202170153599346 0.0
13377.380549980717 13377.380549980717 0.0
25715.0 25715.0 0.0
0


HOST: 430
0.5111871583044479 0.5111871583044479 0.0
8508.710249977536 8508.710249977536 0.0
16645.0 16645.0 0.0
0


HOST: 431
0.5101571119921589 0.5101571119921589 0.0
8736.950699977713 8736.950699977713 0.0
17126.0 17126.0 0.0
0


HOST: 432
0.5075049164561413 0.5075049164561413 0.0
10296.76724997865 10296.76724997865 0.0
20289.0 20289.0 0.0
0


HOST: 433
0.5077874755125007 0.5077874755125007 0.0
10109.540849978377 10109.540849978377 0.0
19909.0 19909.0 0.0
0


HOST: 434
0.5105836455711954 0.5105836455711954 0.0
9375.33689997829 9375.33689997829 0.0
18362.0 18362.0 0.0
0


HOST: 435
0.543091176469622 0.543091176469622 0.0
10802.083499980781 10802.083499980781 0.0
19890.0 19890.0 0.0
0


HOST: 436
0.5163068014776376 0.5163068014776376 0.0
12012.910349980195 12012.910349980195 0.0
23267.0 23267.0 0.0
0


HOST: 437
0.5234718424039999 0.5287592244959003 0.5062500000003638
16109.845949983099 12450.164699980469 3659.68125000263
30775.0 23546.0 7229.0
0


HOST: 438
0.5216719047608046 0.5221069900891109 0.5204195054379743
9859.598999979207 7323.594749979959 2536.0042499992487
18900.0 14027.0 4873.0
0


HOST: 439
0.5276842687875934 0.5583068233784861 0.5076826500117344
10510.942949980074 4393.874699988686 6117.068249991387
19919.0 7870.0 12049.0
0


HOST: 440
0.5339619942087461 0.5339619942087461 0.0
8115.688349978733 8115.688349978733 0.0
15199.0 15199.0 0.0
0


HOST: 441
0.5253385971701326 0.563056256305326 0.506249999999283
10845.089999980219 3905.921249990046 6939.168749990173
20644.0 6937.0 13707.0
0


HOST: 442
0.5677605830547917 0.5677605830547917 0.0
10059.014249981745 10059.014249981745 0.0
17717.0 17717.0 0.0
0


HOST: 443
0.5580229472908687 0.5580229472908687 0.0
9983.58854998093 9983.58854998093 0.0
17891.0 17891.0 0.0
0


HOST: 444
0.5062499999985448 0.5062499999985448 0.5062499999985448
6243.074999982055 1220.5687499964915 5022.506249985563
12332.0 2411.0 9921.0
0


HOST: 445
0.5303709050982236 0.5303709050982236 0.0
4711.284749987521 4711.284749987521 0.0
8883.0 8883.0 0.0
0


HOST: 446
0.5383348512785324 0.5383348512785324 0.0
9339.03299997998 9339.03299997998 0.0
17348.0 17348.0 0.0
0


HOST: 447
0.5214229082506292 0.5214229082506292 0.0
10843.510799980086 10843.510799980086 0.0
20796.0 20796.0 0.0
0


HOST: 448
0.5428449414913985 0.5798630344403728 0.5073396198191372
7469.0035499801525 3905.9573999903514 3563.046149989801
13759.0 6736.0 7023.0
0


HOST: 449
0.5062499999990391 0.5062499999985448 0.5062499999991983
11024.606249979075 2685.1499999922817 8339.456249986793
21777.0 5304.0 16473.0
0


HOST: 450
0.5123079980163919 0.5123079980163919 0.0
7753.781549978092 7753.781549978092 0.0
15135.0 15135.0 0.0
0


HOST: 451
0.5116712035190917 0.5154676158287799 0.5062500000003638
14420.941199982079 8544.391199977856 5876.550000004223
28184.0 16576.0 11608.0
0


HOST: 452
0.5125412659959686 0.5113774863373566 0.5140214351899406
10052.471849978932 5614.9247999841755 4437.547049994757
19613.0 10980.0 8633.0
0


HOST: 453
0.5098692723296744 0.5098692723296744 0.0
10286.102699978852 10286.102699978852 0.0
20174.0 20174.0 0.0
0


HOST: 454
0.5062499999988098 0.5062499999985448 0.5062499999988688
9398.024999977906 1708.5937499950887 7689.4312499828175
18564.0 3375.0 15189.0
0


HOST: 455
0.5174502503659615 0.5174502503659615 0.0
14467.391549981918 14467.391549981918 0.0
27959.0 27959.0 0.0
0


HOST: 456
0.5062499999986487 0.5062499999985448 0.5062499999986585
8515.124999977272 732.0374999978958 7783.087499979376
16820.0 1446.0 15374.0
0


HOST: 457
0.5105733110646411 0.5111195236834515 0.5062499999999607
8789.519549977796 7811.9507999778725 977.568749999924
17215.0 15284.0 1931.0
0


HOST: 458
0.7780439332868889 1.0025698369443403 0.5062499999999936
69882.34999996179 49312.39999994432 20569.949999999742
89818.0 49186.0 40632.0
2


HOST: 459
0.5134922907476602 0.5134922907476602 0.0
9091.894499978072 9091.894499978072 0.0
17706.0 17706.0 0.0
0


HOST: 460
0.515520496814447 0.515520496814447 0.0
12140.507699980226 12140.507699980226 0.0
23550.0 23550.0 0.0
0


HOST: 461
0.5062499999985784 0.5062499999985784 0.0
8179.987499977031 8179.987499977031 0.0
16158.0 16158.0 0.0
0


HOST: 462
0.5062499999985448 0.5062499999985448 0.0
7652.474999978003 7652.474999978003 0.0
15116.0 15116.0 0.0
0


HOST: 463
0.5412425695812136 0.5412425695812136 0.0
8711.840399979215 8711.840399979215 0.0
16096.0 16096.0 0.0
0


HOST: 464
0.5119775753757618 0.5119775753757618 0.0
9780.819599978555 9780.819599978555 0.0
19104.0 19104.0 0.0
0


HOST: 465
0.5196677591411841 0.5272504984202208 0.5062499999994755
9791.06024997905 6347.041499982617 3444.0187499964322
18841.0 12038.0 6803.0
0


HOST: 466
0.5126954014834307 0.5167733522548817 0.5068528122405729
9047.535749978102 5370.825449984986 3676.7102999931158
17647.0 10393.0 7254.0
0


HOST: 467
0.5175310058401567 0.5194347599618859 0.5062500000003638
13645.22249998157 11717.928749980185 1927.293750001385
26366.0 22559.0 3807.0
0


HOST: 468
0.5155498306452831 0.5155498306452831 0.0
8219.41094997775 8219.41094997775 0.0
15943.0 15943.0 0.0
0


HOST: 469
0.5105071636356947 0.5139285684196016 0.5068275396228137
14038.946999981605 7323.482099979323 6715.464900002282
27500.0 14250.0 13250.0
0


HOST: 470
0.5202870461687169 0.5202870461687169 0.0
12238.19189998056 12238.19189998056 0.0
23522.0 23522.0 0.0
0


HOST: 471
0.5062499999987978 0.5062499999985448 0.5062499999989442
9325.631249977854 3417.693749990176 5907.937499987678
18421.0 6751.0 11670.0
0


HOST: 472
0.5242669575652873 0.5242669575652873 0.0
13096.188599980876 13096.188599980876 0.0
24980.0 24980.0 0.0
0


HOST: 473
0.5062499999990342 0.5062499999985448 0.5062499999991741
10983.599999979046 2441.137499992983 8542.462499986063
21696.0 4822.0 16874.0
0


HOST: 474
0.5062499999985448 0.5062499999985448 0.0
4384.631249987397 4384.631249987397 0.0
8661.0 8661.0 0.0
0


HOST: 475
0.5062499999988481 0.5062499999985448 0.5062499999989807
9635.456249978077 2929.1624999915803 6706.293749986497
19033.0 5786.0 13247.0
0


HOST: 476
0.5096124617801966 0.5127598338729054 0.5062499999993896
10333.921499978826 5370.64649998481 4963.274999994015
20278.0 10474.0 9804.0
0


HOST: 477
0.5109012190028396 0.5148582885148404 0.5070378513324696
9807.259799978508 4882.401149986232 4924.858649992277
19196.0 9483.0 9713.0
0


HOST: 478
0.50624999999871 0.5062499999985448 0.5062499999987429
8830.518749977498 1464.5812499957901 7365.937499981708
17443.0 2893.0 14550.0
0


HOST: 479
0.5083669186682722 0.5095818136258085 0.506249999999357
9582.208049978262 6102.751799982681 3479.456249995581
18849.0 11976.0 6873.0
0


HOST: 480
0.5115087951795627 0.5136296212789803 0.506249999999565
9552.426749978335 6835.382999980669 2717.043749997665
18675.0 13308.0 5367.0
0


HOST: 481
0.5077102274046109 0.5127926470573745 0.5062499999987167
8662.551899977472 1952.714399994482 6709.83749998299
17062.0 3808.0 13254.0
0


HOST: 482
0.515665502506962 0.515665502506962 0.0
11103.309599979906 11103.309599979906 0.0
21532.0 21532.0 0.0
0


HOST: 483
0.506249999999452 0.5062499999985448 0.5062499999997445
16016.231249982662 3905.718749988773 12110.512499993889
31637.0 7715.0 23922.0
0


HOST: 484
0.5257403323255335 0.5257403323255335 0.0
20882.405999970193 20882.405999970193 0.0
39720.0 39720.0 0.0
0


HOST: 485
0.5179954114243304 0.5181899371062249 0.5062500000003638
20094.077999972622 19774.12799997354 319.9500000002299
38792.0 38160.0 632.0
0


HOST: 486
0.5179478424937429 0.5179478424937429 0.0
20381.76554997128 20381.76554997128 0.0
39351.0 39351.0 0.0
0


HOST: 487
0.5345934865103023 0.5240029582822331 0.5755011366679318
19439.42294997412 15135.825449982303 4303.597500002794
36363.0 28885.0 7478.0
0


HOST: 488
0.5283184485368172 0.5268278752602585 0.5322911088067035
20537.323049971696 14891.843549981728 5645.479500003898
38873.0 28267.0 10606.0
0


HOST: 489
0.5140336359403059 0.516534769476911 0.5062500000003638
19902.868349972705 15136.018349981923 4766.8500000034255
38719.0 29303.0 9416.0
0


HOST: 490
0.5184827557834799 0.5184827557834799 0.0
9456.088499979107 9456.088499979107 0.0
18238.0 18238.0 0.0
0


HOST: 491
0.5692876141848009 0.5692876141848009 0.0
9534.99824998123 9534.99824998123 0.0
16749.0 16749.0 0.0
0


HOST: 492
0.5275786245343942 0.5275786245343942 0.0
11069.654699980658 11069.654699980658 0.0
20982.0 20982.0 0.0
0


HOST: 493
0.5462429001119763 0.5462429001119763 0.0
9170.87204997997 9170.87204997997 0.0
16789.0 16789.0 0.0
0


HOST: 494
0.5271722180701097 0.5271722180701097 0.0
9877.625849979646 9877.625849979646 0.0
18737.0 18737.0 0.0
0


HOST: 495
0.5237310908897751 0.5237310908897751 0.0
10389.253649980468 10389.253649980468 0.0
19837.0 19837.0 0.0
0


HOST: 496
0.5168749872847815 0.5168749872847815 0.0
9147.136649978778 9147.136649978778 0.0
17697.0 17697.0 0.0
0


HOST: 497
0.5062499999989889 0.5062499999985448 0.5062499999990218
10622.137499978786 732.0374999978958 9890.09999998089
20982.0 1446.0 19536.0
0


HOST: 498
0.527955636685383 0.533698602000905 0.5062500000003638
11604.992849981405 9276.749099979732 2328.243750001673
21981.0 17382.0 4599.0
0


HOST: 499
0.5306978868465791 0.5306978868465791 0.0
9417.764699979394 9417.764699979394 0.0
17746.0 17746.0 0.0
0


HOST: 500
0.5278764653147706 0.5278764653147706 0.0
9717.677849979613 9717.677849979613 0.0
18409.0 18409.0 0.0
0


HOST: 501
0.5243129494148036 0.5243129494148036 0.0
11754.047699981067 11754.047699981067 0.0
22418.0 22418.0 0.0
0


HOST: 502
0.5071907917370397 0.5071907917370397 0.0
8545.657649977382 8545.657649977382 0.0
16849.0 16849.0 0.0
0


HOST: 503
0.5371431861702285 0.5724376099262697 0.5062499999985448
5888.700749984215 2929.163249992722 2959.537499991493
10963.0 5117.0 5846.0
0


HOST: 504
0.5249791803886446 0.5254210736673487 0.5235396634619047
11157.907499980252 8544.397499978424 2613.5100000018283
21254.0 16262.0 4992.0
0


HOST: 505
0.527846107479081 0.527846107479081 0.0
10902.661349980419 10902.661349980419 0.0
20655.0 20655.0 0.0
0


HOST: 506
0.5062499999985448 0.5062499999985448 0.0
7807.893749977557 7807.893749977557 0.0
15423.0 15423.0 0.0
0


HOST: 507
0.5229435844661932 0.5229435844661932 0.0
10800.353849980287 10800.353849980287 0.0
20653.0 20653.0 0.0
0


HOST: 508
0.5081152053197019 0.5081152053197019 0.0
8785.311899977645 8785.311899977645 0.0
17290.0 17290.0 0.0
0


HOST: 509
0.5128253888369744 0.5128253888369744 0.0
10089.326699978634 10089.326699978634 0.0
19674.0 19674.0 0.0
0


HOST: 510
0.5396959016385198 0.5396959016385198 0.0
11752.957649982045 11752.957649982045 0.0
21777.0 21777.0 0.0
0


HOST: 511
0.5062499999991195 0.5062499999985448 0.5062499999991317
11736.393749979587 244.0124999992986 11492.381249980288
23183.0 482.0 22701.0
0


HOST: 512
0.5085715591797888 0.5162137218030728 0.5062499999988682
9289.568099978022 2197.0055999938777 7092.562499984144
18266.0 4256.0 14010.0
0


HOST: 513
0.5328583146714336 0.5328583146714336 0.0
10945.97549998059 10945.97549998059 0.0
20542.0 20542.0 0.0
0


HOST: 514
0.5276343796991397 0.5417443134520996 0.5062499999992712
9471.564749979258 5858.964749984458 3612.5999999948
17951.0 10815.0 7136.0
0


HOST: 515
0.5367997197915583 0.5367997197915583 0.0
10249.117049980223 10249.117049980223 0.0
19093.0 19093.0 0.0
0


HOST: 516
0.5188106593799966 0.6394818271105479 0.5062499999986365
8403.176249977805 976.4887499978067 7426.687499979998
16197.0 1527.0 14670.0
0


HOST: 517
0.5337618286754284 0.5480641670394154 0.519641776570098
9570.883349979107 4882.1555999871125 4688.727749991995
17931.0 8908.0 9023.0
0


HOST: 518
0.5307828555359625 0.5414490994004553 0.5062500000003638
11331.152399981727 8056.221149979374 3274.9312500023534
21348.0 14879.0 6469.0
0


HOST: 519
0.5448089837823724 0.5448089837823724 0.0
5039.483099986945 5039.483099986945 0.0
9250.0 9250.0 0.0
0


HOST: 520
0.5211374220055314 0.5959555664048075 0.5126932712433956
10523.849099979701 1220.5169999970458 9303.332099982656
20194.0 2048.0 18146.0
0


HOST: 521
0.533871164020048 0.533871164020048 0.0
9686.55839997975 9686.55839997975 0.0
18144.0 18144.0 0.0
0


HOST: 522
0.5792484002732752 0.5792484002732752 0.0
10138.584749983136 10138.584749983136 0.0
17503.0 17503.0 0.0
0


HOST: 523
0.5447958320116727 0.5447958320116727 0.0
10312.985099980964 10312.985099980964 0.0
18930.0 18930.0 0.0
0


HOST: 524
0.5305052101980637 0.5305052101980637 0.0
10070.049899979645 10070.049899979645 0.0
18982.0 18982.0 0.0
0


HOST: 525
0.5166146348650517 0.5166146348650517 0.0
7873.723649978252 7873.723649978252 0.0
15241.0 15241.0 0.0
0


HOST: 526
0.5303216226401514 0.5303216226401514 0.0
8432.113799978406 8432.113799978406 0.0
15900.0 15900.0 0.0
0


HOST: 527
0.5083366474856287 0.5133213056762365 0.5062499999988274
9011.28374997774 2685.183749992393 6326.099999985347
17727.0 5231.0 12496.0
0


HOST: 528
0.5108312874237029 0.5108312874237029 0.0
5459.764799984536 5459.764799984536 0.0
10688.0 10688.0 0.0
0


HOST: 529
0.5145110134776885 0.5145110134776885 0.0
9046.647149978196 9046.647149978196 0.0
17583.0 17583.0 0.0
0


HOST: 530
0.5062499999986813 0.5062499999985448 0.5062499999986938
8679.65624997739 732.0374999978958 7947.618749979494
17145.0 1446.0 15699.0
0


HOST: 531
0.5203794311893738 0.5203794311893738 0.0
9139.423949978973 9139.423949978973 0.0
17563.0 17563.0 0.0
0


HOST: 532
0.5280327550844138 0.567643179350595 0.5068833719573541
9786.031049979441 3661.8661499906884 6124.164899988753
18533.0 6451.0 12082.0
0


HOST: 533
0.5062499999985659 0.5062499999985448 0.5062499999985763
8122.78124997699 2685.1499999922817 5437.631249984708
16045.0 5304.0 10741.0
0


HOST: 534
0.5343130223309975 0.5360550703653645 0.5155356374398488
11699.852249981852 10741.471499981173 958.3807500006787
21897.0 20038.0 1859.0
0


HOST: 535
0.5222033965234246 0.5222033965234246 0.0
9916.642499979835 9916.642499979835 0.0
18990.0 18990.0 0.0
0


HOST: 536
0.5425206630435864 0.5474211422550869 0.506249999999959
8787.749699980011 7811.69969998009 976.049999999921
16198.0 14270.0 1928.0
0


HOST: 537
0.534842086765572 0.534842086765572 0.0
8827.033799979 8827.033799979 0.0
16504.0 16504.0 0.0
0


HOST: 538
0.5255991575431137 0.5255991575431137 0.0
11042.83829998082 11042.83829998082 0.0
21010.0 21010.0 0.0
0


HOST: 539
0.5326354484130913 0.5458038057728286 0.5062499999986741
8213.771249978281 5614.683749985088 2599.087499993193
15421.0 10287.0 5134.0
0


HOST: 540
0.5391650871858232 0.5391650871858232 0.0
6400.428749982908 6400.428749982908 0.0
11871.0 11871.0 0.0
0


HOST: 541
0.5616498121172881 0.5616498121172881 0.0
9566.019599981651 9566.019599981651 0.0
17032.0 17032.0 0.0
0


HOST: 542
0.516777628911534 0.516777628911534 0.0
11475.047249980613 11475.047249980613 0.0
22205.0 22205.0 0.0
0


HOST: 543
0.5062499999990485 0.5062499999985448 0.5062499999992092
11103.074999979131 2685.1499999922817 8417.92499998685
21932.0 5304.0 16628.0
0


HOST: 544
0.5133635380310562 0.5133635380310562 0.0
10299.099299979049 10299.099299979049 0.0
20062.0 20062.0 0.0
0


HOST: 545
0.5089301280694055 0.5116007073232903 0.506249999999175
9696.136799978314 4882.20554998616 4813.931249992154
19052.0 9543.0 9509.0
0


HOST: 546
0.5118653972970669 0.5118653972970669 0.0
8071.605449977449 8071.605449977449 0.0
15769.0 15769.0 0.0
0


HOST: 547
0.5139702550854839 0.5139702550854839 0.0
10155.024299978992 10155.024299978992 0.0
19758.0 19758.0 0.0
0


HOST: 548
0.5230321920068188 0.5230321920068188 0.0
9463.221449979374 9463.221449979374 0.0
18093.0 18093.0 0.0
0


HOST: 549
0.5062499999990926 0.5062499999985448 0.5062499999991578
11488.331249979408 1220.5687499964915 10267.762499982917
22693.0 2411.0 20282.0
0


HOST: 550
0.5290330698199279 0.5290330698199279 0.0
9168.14309997935 9168.14309997935 0.0
17330.0 17330.0 0.0
0


HOST: 551
0.5291849455029299 0.5291849455029299 0.0
9322.121999979614 9322.121999979614 0.0
17616.0 17616.0 0.0
0


HOST: 552
0.5198048696899887 0.5198048696899887 0.0
11149.29464998057 11149.29464998057 0.0
21449.0 21449.0 0.0
0


HOST: 553
0.5374875733168354 0.5396030668618755 0.5062500000003638
9346.908899979768 8788.515149979366 558.3937500004013
17390.0 16287.0 1103.0
0


HOST: 554
0.5761099399841624 0.5766379818585675 0.5062500000003638
12287.272799982215 12206.272799982156 81.00000000005821
21328.0 21168.0 160.0
0


HOST: 555
0.5190669920720982 0.5240854308543615 0.506249999999719
9756.90224997923 7079.345999980716 2677.5562499985135
18797.0 13508.0 5289.0
0


HOST: 556
0.5213969600613444 0.5213969600613444 0.0
11397.216149980926 11397.216149980926 0.0
21859.0 21859.0 0.0
0


HOST: 557
0.5062499999989111 0.5062499999985448 0.5062499999989399
10053.112499978377 732.0374999978958 9321.074999980481
19858.0 1446.0 18412.0
0


HOST: 558
0.5675113832842381 0.5675113832842381 0.0
9846.322499981532 9846.322499981532 0.0
17350.0 17350.0 0.0
0


HOST: 559
0.5376077549774322 0.5384853484510261 0.5062499999985448
8017.3444499784455 7811.806949979036 205.5374999994092
14913.0 14507.0 406.0
0


HOST: 560
0.5301243038452368 0.5301243038452368 0.0
8186.179499978147 8186.179499978147 0.0
15442.0 15442.0 0.0
0


HOST: 561
0.5445998954133302 0.5457695714936771 0.5430124778757166
10154.065049981542 5858.836349984624 4295.228699996918
18645.0 10735.0 7910.0
0


HOST: 562
0.5224000303620794 0.5224000303620794 0.0
6021.705149983689 6021.705149983689 0.0
11527.0 11527.0 0.0
0


HOST: 563
0.5165294540220311 0.5165294540220311 0.0
10785.13499998001 10785.13499998001 0.0
20880.0 20880.0 0.0
0


HOST: 564
0.5388585220962342 0.5388585220962342 0.0
10205.44154998058 10205.44154998058 0.0
18939.0 18939.0 0.0
0


HOST: 565
0.5229642025537478 0.5229642025537478 0.0
9702.554849979682 9702.554849979682 0.0
18553.0 18553.0 0.0
0


HOST: 566
0.5319179038928404 0.5319179038928404 0.0
9630.373649979876 9630.373649979876 0.0
18105.0 18105.0 0.0
0


HOST: 567
0.5062499999986734 0.5062499999985448 0.5062499999987393
8639.15624997736 2929.1624999915803 5709.993749985781
17065.0 5786.0 11279.0
0


HOST: 568
0.5168709285406814 0.5168709285406814 0.0
9952.866599979361 9952.866599979361 0.0
19256.0 19256.0 0.0
0


HOST: 569
0.5313364734532531 0.5313364734532531 0.0
10578.377849980816 10578.377849980816 0.0
19909.0 19909.0 0.0
0


HOST: 570
0.5270136844293025 0.5270136844293025 0.0
11362.942049980193 11362.942049980193 0.0
21561.0 21561.0 0.0
0


HOST: 571
0.5199565077458969 0.5199565077458969 0.0
6543.652649982112 6543.652649982112 0.0
12585.0 12585.0 0.0
0


HOST: 572
0.5324709442449931 0.5324709442449931 0.0
9101.525849979667 9101.525849979667 0.0
17093.0 17093.0 0.0
0


HOST: 573
0.5062499999988704 0.5062499999985448 0.5062499999989065
9779.23124997818 976.0499999971944 8803.181249980986
19317.0 1928.0 17389.0
0


HOST: 574
0.516391949052257 0.5412408486178611 0.5062499999987843
8838.564599978432 2685.0958499932094 6153.4687499852225
17116.0 4961.0 12155.0
0


HOST: 575
0.5299283020867159 0.5299283020867159 0.0
9949.933799980177 9949.933799980177 0.0
18776.0 18776.0 0.0
0


HOST: 576
0.5062499999990279 0.5062499999990279 0.0
10931.456249979008 10931.456249979008 0.0
21593.0 21593.0 0.0
0


HOST: 577
0.5062499999985448 0.5062499999985448 0.5062499999985448
7658.043749977987 2929.1624999915803 4728.881249986407
15127.0 5786.0 9341.0
0


HOST: 578
0.5162399202469462 0.5168579745929475 0.5062500000003638
9321.22799997886 8788.652999978478 532.5750000003827
18056.0 17004.0 1052.0
0


HOST: 579
0.5299136995817844 0.5299136995817844 0.0
10668.222599980483 10668.222599980483 0.0
20132.0 20132.0 0.0
0


HOST: 580
0.5483283751254843 0.5483283751254843 0.0
11392.618649982187 11392.618649982187 0.0
20777.0 20777.0 0.0
0


HOST: 581
0.5558767837526682 0.5558767837526682 0.0
4557.6337499881265 4557.6337499881265 0.0
8199.0 8199.0 0.0
0


HOST: 582
0.5528834968453857 0.5528834968453857 0.0
9467.576999980385 9467.576999980385 0.0
17124.0 17124.0 0.0
0


HOST: 583
0.5515633590633608 0.5515633590633608 0.0
9574.58834998088 9574.58834998088 0.0
17359.0 17359.0 0.0
0


HOST: 584
0.5155417575344043 0.5155417575344043 0.0
10826.892449980025 10826.892449980025 0.0
21001.0 21001.0 0.0
0


HOST: 585
0.5848602722965035 0.5848602722965035 0.0
10760.844149983368 10760.844149983368 0.0
18399.0 18399.0 0.0
0


HOST: 586
0.5645357522900186 0.5645357522900186 0.0
11458.946699982798 11458.946699982798 0.0
20298.0 20298.0 0.0
0


HOST: 587
0.5178957507745572 0.5178957507745572 0.0
8677.86119997848 8677.86119997848 0.0
16756.0 16756.0 0.0
0


HOST: 588
0.536547441620819 0.5404089223033368 0.5180958204337932
12017.053049981483 10008.9136499801 2008.1394000013825
22397.0 18521.0 3876.0
0


HOST: 589
0.5309588340928351 0.550392507802925 0.5062499999996976
10938.813899980589 6347.126399983332 4591.687499997257
20602.0 11532.0 9070.0
0


HOST: 590
0.5193471511905003 0.5193471511905003 0.0
16024.456349982887 16024.456349982887 0.0
30855.0 30855.0 0.0
0


HOST: 591
0.5079832875176598 0.5137433894513835 0.5062499999998447
17740.300349979232 4150.019099988276 13590.281249995829
34923.0 8078.0 26845.0
0


HOST: 592
0.5101549551394177 0.5147620611480678 0.5062500000003638
21095.417549970058 9765.036299978845 11330.381250008142
41351.0 18970.0 22381.0
0


HOST: 593
0.5146951053092815 0.5181531370709539 0.5098735099145374
20820.446399971057 12206.133449980462 8614.31295000611
40452.0 23557.0 16895.0
0


HOST: 594
0.5131348926619431 0.5177389568423664 0.5077004511850874
19217.927999975094 10497.157349978977 8720.770650006247
37452.0 20275.0 17177.0
0


HOST: 595
0.5153296432585688 0.5226839478992773 0.5083955728148076
17854.62614997963 8788.407899978449 9066.218250006465
34647.0 16814.0 17833.0
0


HOST: 596
0.5239517259971208 0.5262456887696734 0.5170457354762615
20399.536499971902 15380.056499982473 5019.480000003547
38934.0 29226.0 9708.0
0


HOST: 597
0.5156890936099773 0.5218186823401398 0.5122537098584758
20823.525599970882 7567.936349979049 13255.58925000778
40380.0 14503.0 25877.0
0


HOST: 598
0.5589215161547274 0.5589215161547274 0.0
10119.274049981339 10119.274049981339 0.0
18105.0 18105.0 0.0
0


HOST: 599
0.5110354140746955 0.5110354140746955 0.0
8219.493599977402 8219.493599977402 0.0
16084.0 16084.0 0.0
0


HOST: 600
0.5089349688884113 0.5092684071650765 0.5062499999985448
4662.353249986736 4150.028249988209 512.3249999985273
9161.0 8149.0 1012.0
0


HOST: 601
0.5062499999986213 0.506249999998551 0.5062500000003638
8380.968749977175 8055.956249976942 325.01250000023356
16555.0 15913.0 642.0
0


HOST: 602
0.5139009334447187 0.5139009334447187 0.0
9744.589499978756 9744.589499978756 0.0
18962.0 18962.0 0.0
0


HOST: 603
0.5086985408383609 0.5102013724382835 0.5062500000000761
11783.492999979791 7323.43049997912 4460.062500000671
23164.0 14354.0 8810.0
0


HOST: 604
0.5093119221666099 0.507080741171206 0.5147045120610972
14212.858499981417 10009.266749978437 4203.591750002981
27906.0 19739.0 8167.0
0


HOST: 605
0.511275550120876 0.511275550120876 0.0
8364.46799997753 8364.46799997753 0.0
16360.0 16360.0 0.0
0


HOST: 606
0.5313586014260248 0.535474744097591 0.5062500000003638
11842.389149981815 10253.270399980673 1589.118750001142
22287.0 19148.0 3139.0
0


HOST: 607
0.5472852941165591 0.5472852941165591 0.0
9769.04249998058 9769.04249998058 0.0
17850.0 17850.0 0.0
0


HOST: 608
0.5176309427352439 0.5176309427352439 0.0
11245.014599980439 11245.014599980439 0.0
21724.0 21724.0 0.0
0


HOST: 609
0.6077327108549447 0.6077327108549447 0.0
11845.925999984582 11845.925999984582 0.0
19492.0 19492.0 0.0
0


HOST: 610
0.5276008951392485 0.5276008951392485 0.0
8045.3860499784005 8045.3860499784005 0.0
15249.0 15249.0 0.0
0


HOST: 611
0.5175797338392532 0.5175797338392532 0.0
10209.260249979268 10209.260249979268 0.0
19725.0 19725.0 0.0
0


HOST: 612
0.5123355107629156 0.5167160252078488 0.5070163512085061
9709.782599978776 5370.229649985173 4339.552949993604
18952.0 10393.0 8559.0
0


HOST: 613
0.5178150434610883 0.5184724922200794 0.5062500000003638
11080.206299980367 10497.512549979949 582.6937500004187
21398.0 20247.0 1151.0
0


HOST: 614
0.509426597686076 0.509426597686076 0.0
10043.854799978675 10043.854799978675 0.0
19716.0 19716.0 0.0
0


HOST: 615
0.5156937833587468 0.5117583803333624 0.5301741873281826
13139.87759998087 10253.079149978916 2886.798450001954
25480.0 20035.0 5445.0
0


HOST: 616
0.5062499999990502 0.5062499999985448 0.5062499999991269
11117.249999979142 1464.5812499957901 9652.668749983352
21960.0 2893.0 19067.0
0


HOST: 617
0.5136807762778778 0.5143436793068488 0.5062500000003638
10091.258849978909 9276.702599978324 814.5562500005854
19645.0 18036.0 1609.0
0


HOST: 618
0.5097906708747557 0.5077329083002309 0.5112841559462374
13404.435899980826 5614.510499983953 7789.925399996873
26294.0 11058.0 15236.0
0


HOST: 619
0.5097694784293708 0.5110382009627832 0.5072239595269
12041.264849980167 8056.006199977313 3985.2586500028538
23621.0 15764.0 7857.0
0


HOST: 620
0.5270294406805661 0.5270294406805661 0.0
9648.854999979805 9648.854999979805 0.0
18308.0 18308.0 0.0
0


HOST: 621
0.5537139424253175 0.5537139424253175 0.0
11233.194749982416 11233.194749982416 0.0
20287.0 20287.0 0.0
0


HOST: 622
0.566057573111213 0.566057573111213 0.0
10374.703199982312 10374.703199982312 0.0
18328.0 18328.0 0.0
0


HOST: 623
0.543972904226181 0.543972904226181 0.0
9110.458199980081 9110.458199980081 0.0
16748.0 16748.0 0.0
0


HOST: 624
0.5062499999987551 0.5062499999987551 0.0
9078.074999977676 9078.074999977676 0.0
17932.0 17932.0 0.0
0


