records: 20
      Record Time
Host  UsedBuffer

  49376.0 98752.0 148128.0 197504.0 246880.0 296256.0 345632.0 395008.0 444384.0 493760.0 543136.0 592512.0 641888.0 691264.0 740640.0 790016.0 839392.0 888768.0 938144.0 987520.0
0 0.0 2.0E9 2.0E9 -1.794967296E9 -7.94967296E8 -7.94967296E8 2.05032704E8 7.05032704E8 1.205032704E9 1.205032704E9 1.205032704E9 1.205032704E9 1.705032704E9 -1.589934592E9 -5.89934592E8 -5.89934592E8 -5.89934592E8 -5.89934592E8 -8.9934592E7 4.10065408E8
1 -1.794967296E9 -1.794967296E9 1.410065408E9 1.410065408E9 -1.179869184E9 1.165425152E9 1.370457856E9 -1.514444032E9 1.420784896E9 1.420784896E9 -1.143986176E9 8.56013824E8 1.7614464E8 6.7614464E8 6.7614464E8 6.7614464E8 1.67614464E9 1.67614464E9 -6.18822656E8 -1.18822656E8
2 5.0E8 1.0E9 1.5E9 2.0E9 -1.794967296E9 -1.294967296E9 -7.94967296E8 -2.94967296E8 7.05032704E8 7.05032704E8 1.205032704E9 -1.589934592E9 -1.089934592E9 -1.089934592E9 -5.89934592E8 -5.89934592E8 9.10065408E8 9.10065408E8 9.10065408E8 -1.884901888E9
3 0.0 0.0 5.0E8 1.0E9 1.0E9 1.0E9 1.0E9 1.0E9 1.0E9 1.5E9 1.5E9 -1.794967296E9 -1.294967296E9 -7.94967296E8 -2.94967296E8 2.05032704E8 7.05032704E8 7.05032704E8 7.05032704E8 7.05032704E8
4 -1.794967296E9 -1.794967296E9 -3.84901888E8 1.15098112E8 -7.69803776E8 -1.129542144E9 -1.129542144E9 -1.014444032E9 -2.079215104E9 -2.079215104E9 -1.438953472E9 1.061046528E9 1.381177344E9 1.881177344E9 -1.413789952E9 -9.13789952E8 -9.13789952E8 5.21438976E8 1.521438976E9 -1.77352832E9
5 -1.794967296E9 -7.94967296E8 7.05032704E8 4.10065408E8 -8.59738368E8 -3.9607552E7 1.370457856E9 -1.604378624E9 9.20784896E8 9.20784896E8 9.20784896E8 1.061046528E9 -3.2385536E8 6.7614464E8 -1.18822656E8 -1.18822656E8 1.496275456E9 1.816406272E9 1.816406272E9 -1.978561024E9
6 -2.94967296E8 7.05032704E8 -1.384901888E9 -1.79869184E8 -9.7483648E8 -1.54705664E8 2.05032704E9 6.90588672E8 2.15752192E8 5.35883008E8 6.5098112E8 1.65098112E9 -1.413789952E9 -1.413789952E9 9.96275456E8 1.996275456E9 1.996275456E9 -2.7352832E8 -2.7352832E8 -2.7352832E8
7 5.0E8 1.5E9 -7.94967296E8 -7.94967296E8 -2.089934592E9 1.15098112E8 1.115098112E9 1.07549056E9 1.07549056E9 -1.719476736E9 1.985555968E9 1.985555968E9 -1.309411328E9 -8.09411328E8 -8.09411328E8 -3.09411328E8 1.90588672E8 -1.89934592E9 -8.9934592E8 -8.9934592E8
8 -1.794967296E9 -1.294967296E9 -7.94967296E8 -7.94967296E8 -7.94967296E8 7.55359744E8 1.255359744E9 5.7549056E8 1.395621376E9 1.895621376E9 1.945948416E9 -1.84901888E9 -7.33920768E8 -7.33920768E8 -7.33920768E8 -2.33920768E8 1.266079232E9 1.766079232E9 1.766079232E9 -2.028888064E9
9 2.0E9 -1.794967296E9 -2.94967296E8 2.05032704E8 -1.884901888E9 1.460392448E9 -6.29542144E8 7.549056E7 1.57549056E9 1.57549056E9 1.920784896E9 1.830850304E9 6.7614464E8 6.7614464E8 6.7614464E8 6.7614464E8 6.7614464E8 1.17614464E9 1.17614464E9 1.67614464E9
10 -1.794967296E9 -7.94967296E8 1.205032704E9 1.205032704E9 -2.089934592E9 2.30196224E8 1.230196224E9 1.140261632E9 1.55032704E9 2.05032704E9 -6.94313216E8 -6.94313216E8 -6.69149696E8 -1.69149696E8 -9.64116992E8 -9.64116992E8 5.35883008E8 1.266079232E9 1.766079232E9 -2.028888064E9
11 -7.94967296E8 2.05032704E8 2.05032704E8 2.05032704E8 2.05032704E8 2.05032704E8 7.05032704E8 1.52516352E9 -1.269803776E9 2.30196224E8 1.715752192E9 -1.579215104E9 -7.9215104E7 -7.9215104E7 1.830850304E9 -1.964116992E9 -1.464116992E9 -1.27352832E9 -1.27352832E9 -1.27352832E9
12 0.0 5.0E8 5.0E8 5.0E8 5.0E8 5.0E8 1.0E9 1.5E9 2.0E9 2.0E9 2.0E9 -1.294967296E9 -2.94967296E8 2.05032704E8 2.05032704E8 1.705032704E9 -2.089934592E9 -2.089934592E9 -1.589934592E9 -1.089934592E9
13 -1.794967296E9 -1.794967296E9 2.05032704E8 7.05032704E8 7.05032704E8 -1.94967296E9 1.65425152E8 -1.219476736E9 1.258176E8 1.258176E8 -1.554051584E9 -1.554051584E9 -1.82385536E9 -1.82385536E9 1.7614464E8 6.7614464E8 -1.18822656E8 -5.68495616E8 -3.63462912E8 -1.158430208E9
14 2.0E9 -1.794967296E9 -2.94967296E8 2.05032704E8 6.15098112E8 -3.34574848E8 -4.2450944E8 1.690588672E9 4.20784896E8 -6.69149696E8 1.945948416E9 1.945948416E9 8.81177344E8 1.381177344E9 1.881177344E9 -1.413789952E9 -2.003724544E9 -9.78561024E8 -9.78561024E8 -4.78561024E8
15 1.0E9 1.0E9 1.0E9 1.0E9 1.0E9 2.0E9 -1.294967296E9 -7.94967296E8 2.05032704E8 2.05032704E8 2.05032704E8 7.05032704E8 1.205032704E9 1.205032704E9 1.205032704E9 1.205032704E9 1.205032704E9 1.205032704E9 1.205032704E9 1.205032704E9
16 -7.94967296E8 -7.94967296E8 -7.94967296E8 -7.94967296E8 -7.94967296E8 -1.089934592E9 -8.9934592E7 9.10065408E8 -1.92450944E9 -1.014444032E9 -6.94313216E8 -1.94313216E8 1.856013824E9 -1.938953472E9 1.561046528E9 -1.733920768E9 -7.33920768E8 -2.9869184E8 1.70130816E9 1.841569792E9
17 5.0E8 1.5E9 2.0E9 -1.794967296E9 -7.94967296E8 -2.94967296E8 -2.94967296E8 7.05032704E8 1.205032704E9 1.205032704E9 1.205032704E9 1.205032704E9 1.705032704E9 -1.589934592E9 -5.89934592E8 4.10065408E8 4.10065408E8 9.10065408E8 1.910065408E9 -8.84901888E8
18 2.0E9 -2.94967296E8 -2.94967296E8 2.05032704E8 7.05032704E8 7.55359744E8 -1.29542144E8 -2.19476736E8 -1.079215104E9 4.20784896E8 -5.54051584E8 -5.54051584E8 -1.618822656E9 -1.618822656E9 8.81177344E8 1.381177344E9 4.96275456E8 -2.7352832E8 2.2647168E8 -1.133266688E9
19 -1.794967296E9 -1.794967296E9 7.05032704E8 9.10065408E8 2.02516352E9 -2.44640256E8 -6.29542144E8 -1.014444032E9 4.20784896E8 1.420784896E9 8.56013824E8 -1.938953472E9 -3.2385536E8 -3.2385536E8 1.67614464E9 1.67614464E9 8.81177344E8 -1.683593728E9 -1.183593728E9 -6.8495616E7
20 -1.794967296E9 -1.294967296E9 1.910065408E9 -8.84901888E8 2.30196224E8 1.640261632E9 -1.744640256E9 -2.104378624E9 1.1258176E9 1.330850304E9 -1.143986176E9 -1.143986176E9 -9.13789952E8 -9.13789952E8 4.96275456E8 -7.9869184E8 -9.3659136E7 2.021438976E9 1.22647168E9 1.456667904E9
21 5.0E8 1.5E9 1.5E9 1.5E9 1.5E9 1.5E9 -1.794967296E9 -7.94967296E8 -2.94967296E8 -2.94967296E8 7.05032704E8 7.05032704E8 1.205032704E9 1.205032704E9 1.205032704E9 1.705032704E9 -2.089934592E9 -1.589934592E9 -1.089934592E9 -1.089934592E9
22 -1.794967296E9 -1.794967296E9 -1.294967296E9 -1.294967296E9 2.05032704E8 2.115098112E9 2.115098112E9 -1.679869184E9 -1.539607552E9 -1.039607552E9 6.0065408E8 -1.694313216E9 -9.13789952E8 -9.13789952E8 4.96275456E8 4.96275456E8 4.96275456E8 -1.58430208E8 -1.953397504E9 1.61700608E8
23 2.0E9 -7.94967296E8 7.05032704E8 1.705032704E9 -1.589934592E9 -8.9934592E7 9.10065408E8 9.10065408E8 9.10065408E8 9.10065408E8 9.10065408E8 1.410065408E9 1.410065408E9 1.410065408E9 1.910065408E9 1.910065408E9 -1.884901888E9 1.115098112E9 1.615098112E9 -1.679869184E9
24 0.0 0.0 0.0 0.0 5.0E8 5.0E8 2.0E9 2.0E9 -1.794967296E9 -7.94967296E8 -2.94967296E8 -2.94967296E8 2.05032704E8 7.05032704E8 1.705032704E9 1.705032704E9 1.705032704E9 1.705032704E9 -1.589934592E9 -5.89934592E8
25 5.0E8 1.0E9 1.0E9 1.5E9 -1.794967296E9 -1.794967296E9 -7.94967296E8 -2.94967296E8 7.05032704E8 7.05032704E8 1.205032704E9 1.205032704E9 1.205032704E9 1.705032704E9 1.705032704E9 1.705032704E9 1.705032704E9 -2.089934592E9 -1.589934592E9 -1.589934592E9
26 0.0 1.0E9 1.0E9 -1.679869184E9 -2.69803776E8 2.30196224E8 1.935228928E9 1.90588672E8 5.10719488E8 1.1258176E9 -8.4901888E8 -8.4901888E8 1.971111936E9 1.971111936E9 3.81177344E8 1.381177344E9 -1.093659136E9 -1.27352832E9 -1.27352832E9 -5.43332096E8
27 5.0E8 5.0E8 5.0E8 1.0E9 1.0E9 1.5E9 1.5E9 1.5E9 -1.794967296E9 -1.794967296E9 -1.794967296E9 -7.94967296E8 -7.94967296E8 7.05032704E8 1.205032704E9 -1.589934592E9 -1.089934592E9 -5.89934592E8 -8.9934592E7 -8.9934592E7
28 5.0E8 5.0E8 1.0E9 2.0E9 2.0E9 -1.294967296E9 -1.294967296E9 -7.94967296E8 -2.94967296E8 7.05032704E8 1.205032704E9 1.705032704E9 1.705032704E9 -2.089934592E9 -1.589934592E9 -8.9934592E7 -8.9934592E7 -8.9934592E7 9.10065408E8 1.910065408E9
29 0.0 1.0E9 -1.794967296E9 -1.794967296E9 -1.294967296E9 -7.94967296E8 -7.94967296E8 -7.94967296E8 -2.94967296E8 -2.94967296E8 2.05032704E8 2.05032704E8 7.05032704E8 7.05032704E8 1.705032704E9 1.705032704E9 -2.089934592E9 -1.589934592E9 -1.089934592E9 -1.089934592E9
30 1.5E9 -1.794967296E9 -1.794967296E9 -1.294967296E9 -2.94967296E8 7.05032704E8 1.705032704E9 1.705032704E9 9.10065408E8 1.410065408E9 -1.79869184E8 8.20130816E8 8.20130816E8 8.20130816E8 1.320130816E9 1.820130816E9 1.820130816E9 -1.769803776E9 -1.769803776E9 -1.769803776E9
31 -2.94967296E8 -2.94967296E8 9.10065408E8 -1.179869184E9 -2.69803776E8 1.665425152E9 -1.92450944E9 6.90588672E8 2.15752192E8 1.330850304E9 1.856013824E9 -1.938953472E9 -6.18822656E8 -1.18822656E8 -2.08757248E8 -1.003724544E9 2.0130816E8 1.816406272E9 1.816406272E9 1.7516352E9
32 -1.294967296E9 -1.294967296E9 1.410065408E9 -1.884901888E9 1.615098112E9 -1.039607552E9 -1.039607552E9 -6.29542144E8 -1.3741824E9 8.30850304E8 1.445948416E9 6.1046528E7 -1.18822656E8 1.881177344E9 -9.13789952E8 -4.13789952E8 -1.208757248E9 1.431504384E9 1.931504384E9 1.661700608E9
33 -7.94967296E8 -2.94967296E8 1.15098112E8 -6.79869184E8 7.30196224E8 -1.29542144E8 5.7549056E8 1.690588672E9 1.215752192E9 3.5883008E7 6.5098112E8 1.15098112E9 -1.413789952E9 -1.413789952E9 1.496275456E9 -7.9869184E8 4.06340864E8 -1.863462912E9 -1.863462912E9 1.456667904E9
34 5.0E8 5.0E8 1.5E9 -1.794967296E9 -1.794967296E9 -1.794967296E9 -1.794967296E9 -1.794967296E9 -1.794967296E9 -1.794967296E9 -1.794967296E9 -1.294967296E9 -1.294967296E9 -1.294967296E9 -1.294967296E9 -7.94967296E8 -7.94967296E8 2.05032704E8 7.05032704E8 7.05032704E8
35 1.5E9 1.5E9 1.5E9 2.0E9 -1.794967296E9 -1.794967296E9 -1.294967296E9 -2.94967296E8 2.05032704E8 1.205032704E9 1.205032704E9 1.705032704E9 1.705032704E9 -1.589934592E9 -1.089934592E9 -1.089934592E9 -5.89934592E8 -5.89934592E8 -8.9934592E7 4.10065408E8
36 5.0E8 5.0E8 2.0E9 2.0E9 -1.794967296E9 -1.294967296E9 -2.94967296E8 7.05032704E8 7.05032704E8 1.205032704E9 1.205032704E9 -2.089934592E9 -2.089934592E9 -1.589934592E9 -1.089934592E9 -1.089934592E9 -5.89934592E8 -5.89934592E8 -5.89934592E8 -5.89934592E8
37 1.0E9 1.0E9 1.0E9 1.0E9 1.5E9 2.0E9 2.0E9 -1.294967296E9 -2.94967296E8 1.205032704E9 -2.089934592E9 -1.089934592E9 -5.89934592E8 -8.9934592E7 4.10065408E8 1.410065408E9 -1.884901888E9 -1.884901888E9 -1.884901888E9 -1.884901888E9
38 0.0 1.5E9 1.5E9 2.0E9 -2.94967296E8 2.05032704E8 2.05032704E8 7.05032704E8 1.205032704E9 1.705032704E9 -2.089934592E9 -1.589934592E9 -1.089934592E9 -8.9934592E7 9.10065408E8 1.410065408E9 1.410065408E9 1.410065408E9 1.910065408E9 1.910065408E9
39 1.5E9 1.5E9 1.5E9 1.5E9 -1.294967296E9 -2.94967296E8 2.05032704E8 2.05032704E8 2.05032704E8 7.05032704E8 1.205032704E9 1.205032704E9 1.705032704E9 -2.089934592E9 -2.089934592E9 -2.089934592E9 -2.089934592E9 -1.589934592E9 -1.589934592E9 -5.89934592E8
40 1.0E9 1.5E9 -1.294967296E9 -7.94967296E8 -2.94967296E8 -2.94967296E8 -2.94967296E8 -2.94967296E8 -2.94967296E8 -2.94967296E8 -2.94967296E8 2.05032704E8 7.05032704E8 7.05032704E8 1.205032704E9 1.205032704E9 1.705032704E9 -1.589934592E9 -1.089934592E9 -5.89934592E8
41 1.0E9 1.5E9 2.0E9 -1.294967296E9 -1.294967296E9 -7.94967296E8 2.05032704E8 1.205032704E9 1.205032704E9 1.705032704E9 1.705032704E9 1.705032704E9 -1.589934592E9 -1.589934592E9 -1.089934592E9 -8.9934592E7 -8.9934592E7 4.10065408E8 4.10065408E8 4.10065408E8
42 0.0 5.0E8 5.0E8 2.0E9 2.0E9 2.0E9 2.0E9 -1.794967296E9 -1.294967296E9 -1.294967296E9 -2.94967296E8 2.05032704E8 2.05032704E8 7.05032704E8 1.205032704E9 1.205032704E9 1.705032704E9 -1.589934592E9 -1.089934592E9 -5.89934592E8
43 5.0E8 5.0E8 1.0E9 1.0E9 1.0E9 1.0E9 1.5E9 -1.794967296E9 -7.94967296E8 -7.94967296E8 -2.94967296E8 -2.94967296E8 -2.94967296E8 2.05032704E8 7.05032704E8 1.205032704E9 -1.589934592E9 -1.089934592E9 -1.089934592E9 -8.9934592E7
44 0.0 0.0 0.0 0.0 0.0 5.0E8 1.0E9 1.0E9 1.5E9 1.5E9 2.0E9 -1.794967296E9 -2.089934592E9 -1.589934592E9 -5.89934592E8 -8.9934592E7 4.10065408E8 4.10065408E8 4.10065408E8 9.10065408E8
45 5.0E8 5.0E8 1.0E9 1.5E9 1.5E9 -1.294967296E9 -1.294967296E9 -1.294967296E9 -1.294967296E9 -1.294967296E9 -1.294967296E9 -1.294967296E9 -7.94967296E8 -2.94967296E8 -2.94967296E8 2.05032704E8 2.05032704E8 7.05032704E8 1.205032704E9 -2.089934592E9
46 1.0E9 1.0E9 2.0E9 2.0E9 2.0E9 -1.794967296E9 -1.794967296E9 -1.794967296E9 -1.294967296E9 -7.94967296E8 -7.94967296E8 -7.94967296E8 -7.94967296E8 2.05032704E8 1.205032704E9 1.205032704E9 1.705032704E9 -2.089934592E9 -2.089934592E9 -2.089934592E9
47 0.0 0.0 1.0E9 1.0E9 1.0E9 1.0E9 2.0E9 -1.794967296E9 -1.794967296E9 -2.089934592E9 -2.089934592E9 -1.589934592E9 -1.589934592E9 -1.089934592E9 -1.089934592E9 -5.89934592E8 -8.9934592E7 -8.9934592E7 4.10065408E8 4.10065408E8
48 0.0 0.0 5.0E8 1.0E9 1.0E9 1.5E9 2.0E9 2.0E9 2.0E9 -1.794967296E9 -1.794967296E9 -1.794967296E9 -1.794967296E9 -1.294967296E9 -1.294967296E9 -1.294967296E9 -7.94967296E8 -2.94967296E8 -2.94967296E8 2.05032704E8
49 0.0 5.0E8 1.0E9 1.0E9 1.0E9 1.0E9 1.5E9 1.5E9 1.5E9 2.0E9 2.0E9 -1.794967296E9 -2.94967296E8 7.05032704E8 1.205032704E9 -2.089934592E9 -1.589934592E9 -1.089934592E9 -1.089934592E9 -5.89934592E8
50 0.0 1.5E9 2.0E9 -7.94967296E8 -7.94967296E8 -2.94967296E8 1.205032704E9 1.205032704E9 1.705032704E9 -2.089934592E9 -1.589934592E9 -1.089934592E9 -5.89934592E8 -5.89934592E8 -8.9934592E7 -8.9934592E7 -8.9934592E7 4.10065408E8 9.10065408E8 1.410065408E9
51 -1.294967296E9 -1.294967296E9 -1.294967296E9 -1.294967296E9 -7.94967296E8 -1.589934592E9 -1.589934592E9 -1.589934592E9 -1.589934592E9 9.10065408E8 1.410065408E9 1.910065408E9 -1.384901888E9 -1.384901888E9 -8.84901888E8 -8.84901888E8 -3.84901888E8 -1.679869184E9 -1.179869184E9 -1.179869184E9
