records: 20
      Record Time
Host  UsedBuffer

  16870.0 33740.0 50610.0 67480.0 84350.0 101220.0 118090.0 134960.0 151830.0 168700.0 185570.0 202440.0 219310.0 236180.0 253050.0 269920.0 286790.0 303660.0 320530.0 337400.0
0 1000000.0 1000000.0 1000000.0 3000000.0 3000000.0 3000000.0 3000000.0 3000000.0 4000000.0 4000000.0 4000000.0 4000000.0 4000000.0 4000000.0 4000000.0 4000000.0 4000000.0 4000000.0 4000000.0 4000000.0
1 4000000.0 1.0E7 1.0E7 3.9E7 6.2E7 6.9E7 7.2E7 7.6E7 1.17E8 1.31E8 1.41E8 1.47E8 1.47E8 1.69E8 1.87E8 1.88E8 1.88E8 2.0E8 2.13E8 2.15E8
2 0.0 0.0 0.0 0.0 0.0 2000000.0 2000000.0 3000000.0 3000000.0 3000000.0 3000000.0 4000000.0 4000000.0 4000000.0 4000000.0 5000000.0 6000000.0 6000000.0 6000000.0 6000000.0
3 2000000.0 2000000.0 3000000.0 4.0E7 5.6E7 5.7E7 8.2E7 9.8E7 1.17E8 1.34E8 1.36E8 1.55E8 1.57E8 1.77E8 1.87E8 1.89E8 1.91E8 1.91E8 2.28E8 2.37E8
4 1000000.0 1000000.0 1000000.0 1000000.0 1000000.0 2000000.0 2000000.0 2000000.0 2000000.0 2000000.0 3000000.0 3000000.0 3000000.0 3000000.0 4000000.0 4000000.0 4000000.0 5000000.0 6000000.0 6000000.0
5 0.0 0.0 0.0 0.0 0.0 0.0 2000000.0 2000000.0 2000000.0 2000000.0 3000000.0 4000000.0 4000000.0 5000000.0 5000000.0 6000000.0 6000000.0 7000000.0 7000000.0 7000000.0
6 0.0 0.0 0.0 0.0 0.0 0.0 0.0 0.0 1000000.0 2000000.0 2000000.0 2000000.0 2000000.0 2000000.0 2000000.0 2000000.0 2000000.0 2000000.0 2000000.0 2000000.0
7 0.0 0.0 1000000.0 4.3E7 5.1E7 5.1E7 5.1E7 8.5E7 1.16E8 1.25E8 1.25E8 1.25E8 1.25E8 1.77E8 1.83E8 1.84E8 1.85E8 1.85E8 2.19E8 2.33E8
8 0.0 0.0 0.0 0.0 0.0 0.0 0.0 0.0 0.0 0.0 0.0 0.0 0.0 0.0 0.0 0.0 0.0 1000000.0 1000000.0 1000000.0
9 0.0 1000000.0 1000000.0 1000000.0 1000000.0 1000000.0 2000000.0 2000000.0 2000000.0 2000000.0 2000000.0 2000000.0 2000000.0 3000000.0 3000000.0 4000000.0 4000000.0 4000000.0 4000000.0 5000000.0
10 0.0 0.0 1000000.0 4.0E7 4.0E7 4.0E7 8.1E7 9.7E7 1.17E8 1.34E8 1.36E8 1.53E8 1.58E8 1.77E8 1.77E8 1.77E8 1.94E8 1.95E8 2.08E8 2.36E8
11 0.0 0.0 0.0 0.0 0.0 3000000.0 3000000.0 3000000.0 3000000.0 3000000.0 3000000.0 3000000.0 3000000.0 3000000.0 3000000.0 3000000.0 3000000.0 3000000.0 3000000.0 3000000.0
12 0.0 0.0 0.0 0.0 0.0 0.0 0.0 0.0 0.0 0.0 0.0 0.0 0.0 0.0 0.0 0.0 1000000.0 1000000.0 1000000.0 2000000.0
13 0.0 1000000.0 2000000.0 2000000.0 2000000.0 2000000.0 2000000.0 2000000.0 2000000.0 2000000.0 3000000.0 3000000.0 3000000.0 3000000.0 3000000.0 3000000.0 3000000.0 4000000.0 4000000.0 4000000.0
14 0.0 0.0 0.0 0.0 1000000.0 1000000.0 1000000.0 1000000.0 2000000.0 2000000.0 2000000.0 2000000.0 2000000.0 2000000.0 3000000.0 3000000.0 3000000.0 4000000.0 4000000.0 4000000.0
15 5000000.0 1.0E7 2.7E7 4.2E7 6.3E7 7.1E7 8.3E7 8.4E7 1.18E8 1.36E8 1.48E8 1.53E8 1.53E8 1.76E8 1.9E8 1.9E8 1.93E8 1.93E8 2.29E8 2.41E8
16 0.0 0.0 0.0 0.0 0.0 0.0 0.0 0.0 0.0 0.0 0.0 0.0 0.0 0.0 0.0 0.0 0.0 0.0 0.0 0.0
17 1000000.0 1000000.0 1000000.0 2000000.0 2000000.0 2000000.0 2000000.0 2000000.0 2000000.0 2000000.0 2000000.0 3000000.0 3000000.0 3000000.0 3000000.0 3000000.0 3000000.0 3000000.0 4000000.0 4000000.0
18 0.0 9000000.0 9000000.0 1.3E7 1.4E7 1.4E7 1.5E7 1.6E7 1.7E7 1.26E8 1.27E8 1.27E8 1.27E8 1.27E8 1.39E8 1.41E8 1.44E8 1.44E8 1.44E8 1.44E8
19 0.0 0.0 0.0 0.0 0.0 0.0 1000000.0 3000000.0 3000000.0 3000000.0 3000000.0 3000000.0 3000000.0 3000000.0 3000000.0 3000000.0 3000000.0 3000000.0 3000000.0 3000000.0
20 4000000.0 4000000.0 4000000.0 4000000.0 5.7E7 5.7E7 6.4E7 6.4E7 1.1E8 1.28E8 1.28E8 1.3E8 1.3E8 1.63E8 1.88E8 1.88E8 1.88E8 1.88E8 2.11E8 2.14E8
21 5000000.0 9000000.0 1.0E7 1.1E7 5.4E7 6.9E7 6.9E7 7.9E7 1.17E8 1.31E8 1.38E8 1.5E8 1.5E8 1.77E8 1.88E8 1.9E8 1.9E8 1.91E8 1.99E8 2.34E8
22 6000000.0 1.0E7 2.9E7 4.0E7 5.2E7 7.0E7 7.0E7 9.7E7 1.17E8 1.32E8 1.32E8 1.32E8 1.32E8 1.32E8 1.33E8 1.33E8 1.34E8 1.34E8 1.34E8 1.34E8
23 0.0 2000000.0 3000000.0 3000000.0 3000000.0 3000000.0 3000000.0 3000000.0 3000000.0 3000000.0 3000000.0 4000000.0 4000000.0 4000000.0 4000000.0 4000000.0 4000000.0 4000000.0 4000000.0 4000000.0
24 0.0 0.0 1000000.0 2000000.0 2000000.0 2000000.0 2000000.0 2000000.0 2000000.0 2000000.0 2000000.0 2000000.0 2000000.0 2000000.0 2000000.0 2000000.0 2000000.0 3000000.0 3000000.0 3000000.0
25 5000000.0 6000000.0 6000000.0 6000000.0 6.1E7 6.7E7 7.9E7 9.6E7 1.16E8 1.34E8 1.41E8 1.41E8 1.41E8 1.75E8 1.83E8 1.85E8 1.85E8 1.85E8 1.98E8 2.33E8
26 0.0 0.0 0.0 2000000.0 3000000.0 4000000.0 4000000.0 4000000.0 4000000.0 4000000.0 4000000.0 4000000.0 4000000.0 4000000.0 4000000.0 4000000.0 4000000.0 4000000.0 4000000.0 4000000.0
27 5000000.0 8000000.0 8000000.0 4.3E7 6.3E7 7.0E7 8.2E7 8.7E7 1.11E8 1.31E8 1.45E8 1.45E8 1.46E8 1.47E8 1.84E8 1.84E8 1.84E8 1.84E8 1.84E8 1.84E8
28 0.0 0.0 0.0 0.0 0.0 0.0 0.0 0.0 1000000.0 1000000.0 1000000.0 1000000.0 1000000.0 1000000.0 2000000.0 2000000.0 2000000.0 2000000.0 3000000.0 3000000.0
29 0.0 0.0 0.0 0.0 0.0 0.0 0.0 0.0 0.0 0.0 0.0 0.0 0.0 0.0 0.0 0.0 0.0 0.0 1000000.0 2000000.0
30 4000000.0 4000000.0 4000000.0 4.0E7 4.7E7 5.5E7 8.1E7 8.7E7 1.16E8 1.32E8 1.45E8 1.55E8 1.55E8 1.77E8 1.87E8 1.88E8 1.89E8 1.89E8 1.89E8 2.37E8
31 0.0 0.0 0.0 0.0 1000000.0 1000000.0 1000000.0 1000000.0 1000000.0 1000000.0 1000000.0 1000000.0 1000000.0 1000000.0 1000000.0 1000000.0 1000000.0 2000000.0 3000000.0 4000000.0
32 1000000.0 1.0E7 2.8E7 3.5E7 3.5E7 6.9E7 8.1E7 8.2E7 1.17E8 1.34E8 1.43E8 1.44E8 1.45E8 1.47E8 1.85E8 1.87E8 1.87E8 1.87E8 2.26E8 2.38E8
33 0.0 0.0 0.0 0.0 0.0 0.0 0.0 1000000.0 1000000.0 1000000.0 1000000.0 1000000.0 2000000.0 2000000.0 2000000.0 2000000.0 2000000.0 2000000.0 2000000.0 2000000.0
34 0.0 0.0 0.0 0.0 0.0 0.0 1000000.0 1000000.0 3000000.0 3000000.0 3000000.0 3000000.0 3000000.0 3000000.0 3000000.0 3000000.0 3000000.0 3000000.0 3000000.0 3000000.0
35 0.0 0.0 1000000.0 1000000.0 2000000.0 2000000.0 2000000.0 2000000.0 3000000.0 3000000.0 4000000.0 4000000.0 5000000.0 5000000.0 5000000.0 5000000.0 5000000.0 5000000.0 5000000.0 5000000.0
36 0.0 1000000.0 1000000.0 1000000.0 1000000.0 2000000.0 2000000.0 2000000.0 2000000.0 3000000.0 3000000.0 3000000.0 3000000.0 3000000.0 4000000.0 4000000.0 5000000.0 5000000.0 6000000.0 6000000.0
37 0.0 0.0 1000000.0 1000000.0 1000000.0 1000000.0 1000000.0 1000000.0 1000000.0 2000000.0 2000000.0 2000000.0 2000000.0 2000000.0 2000000.0 2000000.0 2000000.0 2000000.0 2000000.0 2000000.0
38 1000000.0 2000000.0 2000000.0 3000000.0 6.2E7 6.8E7 6.8E7 8.8E7 1.15E8 1.25E8 1.39E8 1.44E8 1.46E8 1.7E8 1.82E8 1.84E8 1.85E8 1.85E8 1.85E8 1.85E8
39 0.0 0.0 0.0 1000000.0 1000000.0 1000000.0 1000000.0 2000000.0 2000000.0 2000000.0 2000000.0 2000000.0 2000000.0 2000000.0 2000000.0 2000000.0 2000000.0 2000000.0 2000000.0 2000000.0
40 0.0 0.0 0.0 0.0 0.0 0.0 0.0 0.0 0.0 0.0 0.0 0.0 0.0 0.0 0.0 1000000.0 1000000.0 1000000.0 1000000.0 1000000.0
41 0.0 1000000.0 1000000.0 1000000.0 1000000.0 1000000.0 1000000.0 1000000.0 1000000.0 1000000.0 1000000.0 1000000.0 1000000.0 1000000.0 3000000.0 3000000.0 3000000.0 4000000.0 4000000.0 4000000.0
42 7000000.0 9000000.0 2.9E7 3.9E7 6.3E7 7.1E7 8.1E7 9.8E7 1.17E8 1.34E8 1.43E8 1.43E8 1.43E8 1.77E8 1.87E8 1.88E8 1.9E8 1.9E8 2.28E8 2.39E8
43 1000000.0 1000000.0 1000000.0 2000000.0 2000000.0 2000000.0 2000000.0 2000000.0 2000000.0 3000000.0 3000000.0 3000000.0 3000000.0 3000000.0 3000000.0 5000000.0 5000000.0 5000000.0 6000000.0 6000000.0
44 0.0 0.0 1000000.0 1000000.0 1000000.0 1000000.0 1000000.0 1000000.0 1000000.0 1000000.0 1000000.0 1000000.0 1000000.0 1000000.0 1000000.0 1000000.0 1000000.0 1000000.0 1000000.0 1000000.0
45 0.0 1000000.0 1000000.0 1000000.0 1000000.0 1000000.0 1000000.0 1000000.0 1000000.0 2000000.0 3000000.0 3000000.0 4000000.0 5000000.0 5000000.0 5000000.0 5000000.0 5000000.0 5000000.0 5000000.0
46 0.0 0.0 1000000.0 1000000.0 1000000.0 1000000.0 1000000.0 1000000.0 1000000.0 1000000.0 2000000.0 2000000.0 2000000.0 2000000.0 2000000.0 2000000.0 2000000.0 2000000.0 2000000.0 2000000.0
47 0.0 0.0 0.0 0.0 0.0 0.0 0.0 0.0 0.0 0.0 0.0 0.0 0.0 0.0 0.0 0.0 0.0 0.0 0.0 0.0
48 0.0 0.0 0.0 0.0 1000000.0 1000000.0 1000000.0 1000000.0 1000000.0 1000000.0 1000000.0 1000000.0 1000000.0 2000000.0 2000000.0 2000000.0 2000000.0 2000000.0 2000000.0 2000000.0
49 0.0 0.0 0.0 0.0 0.0 0.0 0.0 0.0 0.0 0.0 0.0 0.0 0.0 0.0 0.0 0.0 0.0 0.0 0.0 0.0
50 0.0 1000000.0 1000000.0 1000000.0 2000000.0 2000000.0 3000000.0 3000000.0 3000000.0 3000000.0 3000000.0 3000000.0 4000000.0 4000000.0 4000000.0 4000000.0 4000000.0 4000000.0 4000000.0 4000000.0
51 0.0 0.0 0.0 0.0 1000000.0 1000000.0 2000000.0 2000000.0 2000000.0 2000000.0 2000000.0 2000000.0 3000000.0 3000000.0 3000000.0 4000000.0 4000000.0 4000000.0 4000000.0 4000000.0
52 0.0 0.0 1000000.0 1000000.0 2000000.0 2000000.0 2000000.0 2000000.0 2000000.0 3000000.0 3000000.0 3000000.0 3000000.0 3000000.0 4000000.0 4000000.0 4000000.0 5000000.0 5000000.0 6000000.0
53 1000000.0 1000000.0 1000000.0 1000000.0 3000000.0 3000000.0 3000000.0 3000000.0 3000000.0 3000000.0 3000000.0 5000000.0 5000000.0 5000000.0 6000000.0 6000000.0 6000000.0 6000000.0 6000000.0 6000000.0
54 0.0 0.0 0.0 0.0 0.0 0.0 0.0 0.0 0.0 0.0 0.0 1000000.0 1000000.0 1000000.0 1000000.0 2000000.0 2000000.0 2000000.0 2000000.0 3000000.0
55 0.0 0.0 0.0 0.0 0.0 0.0 0.0 0.0 0.0 0.0 0.0 0.0 0.0 0.0 0.0 1000000.0 1000000.0 1000000.0 2000000.0 2000000.0
56 7000000.0 9000000.0 2.9E7 4.3E7 6.2E7 6.8E7 6.9E7 6.9E7 6.9E7 6.9E7 1.42E8 1.42E8 1.42E8 1.7E8 1.87E8 1.88E8 1.88E8 1.88E8 1.99E8 1.99E8
57 0.0 0.0 0.0 0.0 0.0 0.0 0.0 0.0 0.0 0.0 0.0 0.0 0.0 0.0 0.0 0.0 0.0 0.0 0.0 0.0
58 0.0 0.0 0.0 0.0 0.0 0.0 0.0 0.0 0.0 0.0 1000000.0 1000000.0 1000000.0 1000000.0 1000000.0 1000000.0 2000000.0 2000000.0 3000000.0 3000000.0
59 0.0 0.0 1000000.0 1000000.0 2000000.0 2000000.0 2000000.0 2000000.0 2000000.0 2000000.0 2000000.0 2000000.0 3000000.0 3000000.0 3000000.0 3000000.0 4000000.0 4000000.0 4000000.0 4000000.0
60 5000000.0 5000000.0 2.9E7 4.0E7 5.7E7 6.4E7 8.2E7 9.8E7 1.17E8 1.3E8 1.34E8 1.55E8 1.56E8 1.76E8 1.85E8 1.86E8 1.93E8 1.93E8 2.07E8 2.07E8
61 1000000.0 1000000.0 1000000.0 1000000.0 1000000.0 1000000.0 1000000.0 1000000.0 1000000.0 1000000.0 1000000.0 1000000.0 1000000.0 1000000.0 1000000.0 1000000.0 1000000.0 1000000.0 1000000.0 1000000.0
62 0.0 0.0 0.0 0.0 0.0 0.0 0.0 0.0 0.0 0.0 0.0 0.0 0.0 0.0 0.0 0.0 0.0 0.0 0.0 1000000.0
63 0.0 0.0 0.0 0.0 0.0 0.0 0.0 0.0 0.0 0.0 0.0 0.0 0.0 0.0 0.0 0.0 0.0 0.0 0.0 1000000.0
64 0.0 0.0 0.0 0.0 0.0 0.0 0.0 0.0 0.0 0.0 0.0 0.0 0.0 0.0 0.0 0.0 1000000.0 2000000.0 2000000.0 3000000.0
65 0.0 0.0 0.0 0.0 1000000.0 1000000.0 1000000.0 1000000.0 1000000.0 1000000.0 1000000.0 1000000.0 1000000.0 1000000.0 1000000.0 1000000.0 1000000.0 1000000.0 2000000.0 2000000.0
66 5000000.0 7000000.0 7000000.0 7000000.0 6.3E7 6.8E7 8.1E7 9.1E7 1.17E8 1.34E8 1.46E8 1.48E8 1.5E8 1.77E8 1.83E8 1.83E8 1.84E8 1.84E8 2.24E8 2.36E8
67 0.0 1000000.0 1000000.0 1000000.0 1000000.0 1000000.0 1000000.0 1000000.0 2000000.0 2000000.0 2000000.0 2000000.0 2000000.0 2000000.0 2000000.0 2000000.0 3000000.0 3000000.0 4000000.0 4000000.0
68 4000000.0 5000000.0 5000000.0 5000000.0 5000000.0 5000000.0 5000000.0 5000000.0 5000000.0 1.7E7 1.41E8 1.41E8 1.43E8 1.76E8 1.87E8 1.88E8 1.88E8 1.88E8 1.88E8 1.89E8
69 0.0 0.0 0.0 0.0 0.0 0.0 1000000.0 1000000.0 1000000.0 1000000.0 1000000.0 1000000.0 1000000.0 1000000.0 2000000.0 2000000.0 2000000.0 2000000.0 2000000.0 2000000.0
70 7000000.0 9000000.0 9000000.0 4.1E7 4.1E7 6.8E7 8.1E7 8.9E7 1.17E8 1.34E8 1.46E8 1.56E8 1.56E8 1.75E8 1.87E8 1.87E8 1.87E8 1.87E8 1.88E8 1.88E8
71 0.0 0.0 0.0 0.0 0.0 0.0 0.0 0.0 0.0 0.0 0.0 0.0 1000000.0 1000000.0 1000000.0 1000000.0 1000000.0 1000000.0 2000000.0 2000000.0
72 0.0 0.0 0.0 0.0 0.0 0.0 0.0 2000000.0 2000000.0 4000000.0 4000000.0 4000000.0 4000000.0 4000000.0 4000000.0 4000000.0 4000000.0 4000000.0 4000000.0 4000000.0
73 0.0 0.0 0.0 0.0 0.0 0.0 1000000.0 1000000.0 1000000.0 1000000.0 1000000.0 1000000.0 1000000.0 1000000.0 1000000.0 1000000.0 1000000.0 2000000.0 2000000.0 2000000.0
74 5000000.0 9000000.0 2.8E7 4.2E7 6.2E7 6.8E7 8.0E7 8.8E7 1.16E8 1.3E8 1.39E8 1.49E8 1.49E8 1.49E8 1.87E8 1.87E8 1.87E8 1.88E8 1.88E8 1.88E8
75 0.0 1000000.0 2000000.0 2000000.0 2000000.0 2000000.0 2000000.0 2000000.0 2000000.0 2000000.0 2000000.0 2000000.0 2000000.0 3000000.0 3000000.0 3000000.0 3000000.0 3000000.0 3000000.0 3000000.0
76 7000000.0 9000000.0 2.9E7 4.3E7 6.3E7 6.9E7 6.9E7 9.8E7 1.18E8 1.35E8 1.44E8 1.44E8 1.44E8 1.77E8 1.9E8 1.91E8 1.91E8 1.91E8 2.28E8 2.37E8
77 1000000.0 1000000.0 1000000.0 1000000.0 1000000.0 1000000.0 1000000.0 1000000.0 2000000.0 2000000.0 2000000.0 2000000.0 2000000.0 2000000.0 2000000.0 2000000.0 2000000.0 2000000.0 2000000.0 2000000.0
78 7000000.0 9000000.0 2.9E7 4.3E7 6.3E7 6.9E7 8.1E7 9.8E7 1.18E8 1.34E8 1.44E8 1.52E8 1.52E8 1.75E8 1.85E8 1.85E8 1.85E8 1.85E8 1.85E8 1.85E8
79 7000000.0 9000000.0 9000000.0 4.0E7 4.9E7 6.8E7 8.1E7 9.7E7 1.17E8 1.35E8 1.35E8 1.56E8 1.56E8 1.78E8 1.88E8 1.9E8 1.94E8 1.95E8 2.29E8 2.39E8
80 0.0 0.0 0.0 0.0 0.0 0.0 0.0 0.0 0.0 0.0 0.0 0.0 1000000.0 1000000.0 1000000.0 1000000.0 1000000.0 1000000.0 1000000.0 1000000.0
81 0.0 0.0 0.0 0.0 0.0 0.0 0.0 0.0 0.0 0.0 0.0 0.0 0.0 0.0 0.0 0.0 0.0 0.0 0.0 0.0
82 0.0 1000000.0 1000000.0 1000000.0 1000000.0 1000000.0 1000000.0 2000000.0 2000000.0 2000000.0 3000000.0 3000000.0 3000000.0 3000000.0 3000000.0 3000000.0 3000000.0 3000000.0 3000000.0 3000000.0
83 6000000.0 1.0E7 2.9E7 4.3E7 6.3E7 6.9E7 8.3E7 9.8E7 1.18E8 1.34E8 1.46E8 1.57E8 1.57E8 1.68E8 1.89E8 1.89E8 1.89E8 1.89E8 1.89E8 1.89E8
84 0.0 0.0 0.0 0.0 0.0 0.0 0.0 0.0 0.0 0.0 0.0 1000000.0 1000000.0 1000000.0 1000000.0 1000000.0 1000000.0 2000000.0 2000000.0 3000000.0
85 5000000.0 1.0E7 2.9E7 3.9E7 6.3E7 6.9E7 8.3E7 9.9E7 1.18E8 1.36E8 1.45E8 1.45E8 1.45E8 1.45E8 1.46E8 1.48E8 1.48E8 1.48E8 2.26E8 2.38E8
86 0.0 0.0 1000000.0 1000000.0 1000000.0 1000000.0 2000000.0 2000000.0 2000000.0 2000000.0 2000000.0 2000000.0 2000000.0 3000000.0 4000000.0 4000000.0 4000000.0 4000000.0 4000000.0 4000000.0
87 0.0 0.0 0.0 0.0 0.0 0.0 0.0 1000000.0 1000000.0 1000000.0 1000000.0 1000000.0 1000000.0 1000000.0 1000000.0 1000000.0 1000000.0 1000000.0 1000000.0 1000000.0
88 0.0 0.0 0.0 0.0 0.0 0.0 0.0 0.0 0.0 0.0 0.0 0.0 0.0 0.0 0.0 0.0 0.0 0.0 0.0 0.0
89 6000000.0 9000000.0 2.8E7 4.3E7 6.3E7 7.0E7 8.3E7 9.9E7 1.17E8 1.33E8 1.45E8 1.55E8 1.56E8 1.77E8 1.86E8 1.87E8 1.93E8 1.97E8 2.26E8 2.33E8
90 0.0 0.0 0.0 0.0 0.0 0.0 0.0 0.0 0.0 1000000.0 1000000.0 1000000.0 1000000.0 1000000.0 1000000.0 1000000.0 1000000.0 1000000.0 1000000.0 1000000.0
91 1000000.0 1000000.0 1000000.0 1000000.0 1000000.0 2000000.0 2000000.0 2000000.0 2000000.0 3000000.0 3000000.0 4000000.0 4000000.0 4000000.0 4000000.0 4000000.0 4000000.0 4000000.0 4000000.0 4000000.0
92 0.0 0.0 0.0 0.0 0.0 0.0 0.0 0.0 0.0 0.0 0.0 0.0 0.0 1000000.0 1000000.0 1000000.0 1000000.0 1000000.0 1000000.0 1000000.0
93 2000000.0 2000000.0 2.8E7 3.7E7 4.4E7 5.0E7 8.1E7 8.6E7 1.17E8 1.17E8 1.17E8 1.17E8 1.18E8 1.18E8 1.18E8 1.18E8 1.18E8 1.18E8 1.18E8 1.18E8
94 6000000.0 6000000.0 6000000.0 4.3E7 6.3E7 6.9E7 8.1E7 9.1E7 1.18E8 1.33E8 1.33E8 1.33E8 1.33E8 1.33E8 1.33E8 1.33E8 1.34E8 1.34E8 1.34E8 1.34E8
95 0.0 0.0 0.0 0.0 0.0 0.0 0.0 0.0 0.0 0.0 0.0 1000000.0 1000000.0 1000000.0 1000000.0 1000000.0 1000000.0 1000000.0 1000000.0 1000000.0
96 1000000.0 1000000.0 1000000.0 1000000.0 1000000.0 1000000.0 2000000.0 2000000.0 2000000.0 2000000.0 2000000.0 2000000.0 2000000.0 2000000.0 2000000.0 2000000.0 2000000.0 2000000.0 2000000.0 2000000.0
97 6000000.0 9000000.0 2.9E7 4.3E7 6.3E7 6.8E7 6.8E7 6.8E7 6.8E7 6.8E7 6.8E7 6.8E7 6.9E7 7.1E7 7.1E7 7.2E7 7.2E7 7.2E7 7.2E7 7.2E7
