0 3350
1 1981
2 4464
3 3280
4 2960
5 2677
6 762
7 1053
8 1526
9 2866
10 545
11 435
12 4370
13 4085
14 2319
15 4023
16 3451
17 976
18 676
19 1394
20 1350
21 2371
22 2488
23 3024
24 3230
25 3092
26 2436
27 2930
28 1995
29 2815
30 3279
31 4083
32 2386
33 2636
34 2411
35 2737
36 2827
37 3206
38 2586
39 3486
40 2591
41 2130
42 4114
43 3608
44 2966
45 2627
46 3217
47 3968
48 3119
49 3944
50 4116
51 3640
52 4259
53 3051
54 1893
55 3722
56 3358
57 3780
58 2783
59 5382
60 3592
61 2390
62 1495
63 3545
64 2375
65 5047
66 3276
67 1992
68 1388
69 3977
70 3167
71 4675
72 3604
73 4765
74 4497
75 4972
76 5462
77 5267
78 5057
79 3919
80 4185
81 5286
82 1441
83 5447
84 2749
85 4154
86 4108
87 5653
88 5244
89 5118
90 4185
91 2013
92 5285
93 1845
94 4159
95 2371
96 657
97 3951
