0 3351
1 1983
2 4464
3 3282
4 2960
5 2676
6 763
7 1051
8 1526
9 2866
10 545
11 435
12 4371
13 4083
14 2319
15 4025
16 3453
17 976
18 675
19 1394
20 1350
21 2372
22 2487
23 3022
24 3229
25 3093
26 2436
27 2931
28 1994
29 2815
30 3281
31 4084
32 2385
33 2634
34 2412
35 2738
36 2825
37 3204
38 2585
39 3483
40 2590
41 2130
42 4115
43 3608
44 2964
45 2627
46 3217
47 3970
48 3119
49 3943
50 4116
51 3638
52 4262
53 3048
54 1893
55 3720
56 3353
57 3779
58 2781
59 5381
60 3591
61 2390
62 1496
63 3542
64 2376
65 5046
66 3277
67 1992
68 1389
69 3979
70 3166
71 4674
72 3602
73 4765
74 4496
75 4971
76 5464
77 5271
78 5062
79 3919
80 4183
81 5285
82 1441
83 5448
84 2749
85 4152
86 4108
87 5653
88 5244
89 5121
90 4188
91 2012
92 5283
93 1845
94 4156
95 2373
96 657
97 3950
