records: 20
      Record Time
Host  UsedBuffer

  49376.0 98752.0 148128.0 197504.0 246880.0 296256.0 345632.0 395008.0 444384.0 493760.0 543136.0 592512.0 641888.0 691264.0 740640.0 790016.0 839392.0 888768.0 938144.0 987520.0
0 2000000.0 6000000.0 1.0E7 1.1E7 1.4E7 1.27E8 1.8E8 1.84E8 2.44E8 2.62E8 3.2E8 3.21E8 3.72E8 3.74E8 3.76E8 3.76E8 3.76E8 3.76E8 3.77E8 3.78E8
1 6000000.0 8000000.0 3.7E7 3.7E7 8.9E7 1.44E8 1.78E8 1.96E8 2.39E8 2.39E8 3.19E8 3.27E8 3.65E8 3.66E8 3.66E8 3.66E8 3.68E8 3.68E8 3.72E8 3.73E8
2 8000000.0 9000000.0 3.7E7 6.3E7 6.7E7 1.52E8 1.76E8 1.93E8 2.35E8 2.54E8 3.25E8 3.28E8 3.68E8 3.68E8 3.95E8 4.06E8 4.31E8 4.95E8 4.96E8 5.29E8
3 2000000.0 2000000.0 1.0E7 1.1E7 1.3E7 1.27E8 1.77E8 1.8E8 2.4E8 2.59E8 3.17E8 3.27E8 3.69E8 3.7E8 3.71E8 3.72E8 3.73E8 3.73E8 3.73E8 3.73E8
4 5000000.0 8000000.0 4.2E7 4.3E7 8.6E7 1.48E8 1.48E8 2.02E8 2.36E8 2.46E8 3.22E8 3.33E8 3.68E8 3.69E8 3.71E8 3.72E8 3.72E8 4.85E8 4.87E8 4.89E8
5 5000000.0 9000000.0 3.5E7 4.4E7 9.0E7 1.41E8 1.74E8 2.02E8 2.35E8 2.4E8 2.4E8 3.31E8 3.62E8 3.64E8 4.01E8 4.01E8 4.33E8 4.84E8 4.84E8 4.85E8
6 1000000.0 3000000.0 4000000.0 5000000.0 5000000.0 6000000.0 7000000.0 8000000.0 8000000.0 1.0E7 1.3E7 1.5E7 1.6E7 1.6E7 1.6E7 1.8E7 1.8E7 1.9E7 1.9E7 1.9E7
7 2000000.0 4000000.0 4.2E7 4.2E7 9.2E7 1.46E8 1.48E8 1.97E8 1.97E8 2.0E8 3.29E8 3.29E8 3.37E8 3.38E8 3.38E8 3.39E8 3.4E8 4.98E8 5.0E8 5.13E8
8 0.0 1000000.0 2000000.0 2000000.0 2000000.0 3000000.0 4000000.0 6000000.0 6000000.0 7000000.0 7000000.0 8000000.0 9000000.0 9000000.0 9000000.0 1.0E7 1.3E7 1.4E7 1.4E7 1.5E7
9 1000000.0 2000000.0 1.5E7 1.6E7 8.4E7 1.27E8 1.76E8 1.78E8 1.81E8 1.81E8 3.18E8 3.32E8 3.66E8 3.66E8 3.66E8 3.66E8 3.66E8 3.67E8 3.67E8 3.68E8
10 3000000.0 7000000.0 3.6E7 3.6E7 6.4E7 1.49E8 1.51E8 1.88E8 2.4E8 2.46E8 3.21E8 3.26E8 3.67E8 3.68E8 3.93E8 3.93E8 3.93E8 4.87E8 4.88E8 4.89E8
11 0.0 2000000.0 2000000.0 2000000.0 2000000.0 2000000.0 3000000.0 6000000.0 9000000.0 1.2E7 1.3E7 1.5E7 1.5E7 1.5E7 1.6E7 1.7E7 1.8E7 1.8E7 1.8E7 1.8E7
12 0.0 1000000.0 1000000.0 1000000.0 1000000.0 1000000.0 2000000.0 3000000.0 4000000.0 4000000.0 4000000.0 6000000.0 8000000.0 9000000.0 9000000.0 1.2E7 1.3E7 1.3E7 1.4E7 1.5E7
13 1000000.0 1000000.0 2000000.0 3000000.0 3000000.0 3000000.0 3000000.0 4000000.0 4000000.0 4000000.0 4000000.0 4000000.0 4000000.0 4000000.0 4000000.0 5000000.0 6000000.0 7000000.0 1.2E7 1.4E7
14 1000000.0 2000000.0 5000000.0 6000000.0 8.5E7 1.5E8 1.8E8 2.08E8 2.41E8 2.51E8 3.0E8 3.31E8 3.65E8 3.66E8 3.67E8 3.69E8 4.17E8 4.8E8 4.8E8 4.81E8
15 2000000.0 2000000.0 2000000.0 2000000.0 2000000.0 4000000.0 6000000.0 7000000.0 9000000.0 9000000.0 9000000.0 1.0E7 1.1E7 1.1E7 1.1E7 1.1E7 1.1E7 1.1E7 1.1E7 1.1E7
16 1000000.0 1000000.0 1000000.0 1000000.0 1000000.0 1000000.0 3000000.0 5000000.0 6000000.0 6000000.0 7000000.0 8000000.0 1.0E7 1.1E7 1.4E7 1.6E7 1.8E7 2.0E7 2.3E7 2.4E7
17 1000000.0 3000000.0 4000000.0 5000000.0 7000000.0 8000000.0 8000000.0 1.0E7 1.1E7 1.1E7 1.1E7 1.1E7 1.2E7 1.4E7 1.6E7 1.8E7 1.8E7 1.9E7 2.1E7 2.4E7
18 0.0 1000000.0 1000000.0 2000000.0 3000000.0 5000000.0 5000000.0 5000000.0 5000000.0 8000000.0 8000000.0 8000000.0 8000000.0 8000000.0 9000000.0 1.0E7 1.1E7 1.3E7 1.3E7 1.3E7
19 1000000.0 1000000.0 3000000.0 4000000.0 5000000.0 5000000.0 5000000.0 6000000.0 6000000.0 8000000.0 9000000.0 1.1E7 1.3E7 1.3E7 1.3E7 1.3E7 1.3E7 1.3E7 1.3E7 1.4E7
20 4000000.0 5000000.0 3.0E7 6.2E7 6.7E7 1.5E8 1.81E8 2.0E8 2.41E8 2.52E8 3.24E8 3.24E8 3.72E8 3.72E8 3.97E8 4.11E8 4.41E8 4.9E8 4.91E8 5.33E8
21 1000000.0 3000000.0 3000000.0 3000000.0 3000000.0 3000000.0 5000000.0 7000000.0 8000000.0 8000000.0 1.0E7 1.0E7 1.1E7 1.1E7 1.1E7 1.2E7 1.3E7 1.4E7 1.5E7 1.5E7
22 2000000.0 2000000.0 3000000.0 3000000.0 6000000.0 1.55E8 1.55E8 1.56E8 2.39E8 2.51E8 3.2E8 3.33E8 3.73E8 3.73E8 4.01E8 4.01E8 4.01E8 4.86E8 4.92E8 5.27E8
23 6000000.0 9000000.0 1.2E7 1.5E7 1.7E7 3.2E7 1.54E8 1.82E8 1.82E8 1.82E8 1.82E8 1.83E8 1.83E8 1.83E8 1.94E8 1.94E8 1.95E8 2.54E8 2.55E8 2.57E8
24 0.0 0.0 0.0 0.0 1000000.0 1000000.0 4000000.0 4000000.0 5000000.0 7000000.0 8000000.0 8000000.0 9000000.0 1.0E7 1.2E7 1.2E7 1.2E7 1.2E7 1.4E7 1.6E7
25 7000000.0 9000000.0 1.1E7 1.4E7 2.9E7 3.1E7 1.55E8 1.84E8 2.43E8 2.43E8 2.44E8 2.44E8 2.44E8 2.45E8 2.45E8 2.45E8 2.45E8 2.56E8 2.58E8 2.58E8
26 0.0 2000000.0 2000000.0 6.1E7 6.7E7 1.47E8 1.78E8 1.96E8 2.38E8 2.45E8 3.19E8 3.32E8 3.67E8 3.67E8 4.03E8 4.05E8 4.39E8 4.84E8 4.84E8 5.28E8
27 7000000.0 7000000.0 2.9E7 6.1E7 6.5E7 1.43E8 1.79E8 1.97E8 1.99E8 2.61E8 3.21E8 3.23E8 3.69E8 3.72E8 3.94E8 4.09E8 4.32E8 4.86E8 4.89E8 5.29E8
28 6000000.0 7000000.0 1.1E7 1.8E7 1.8E7 1.24E8 1.49E8 1.95E8 1.99E8 2.47E8 3.22E8 3.3E8 3.68E8 3.7E8 3.93E8 3.96E8 3.96E8 4.98E8 5.0E8 5.02E8
29 5000000.0 1.0E7 1.4E7 1.9E7 2.9E7 1.24E8 1.24E8 1.24E8 2.32E8 2.32E8 3.01E8 3.01E8 3.43E8 3.43E8 3.49E8 3.49E8 4.36E8 4.82E8 4.9E8 5.3E8
30 2000000.0 4000000.0 4000000.0 1.1E7 1.3E7 1.5E7 1.7E7 2.2E7 2.9E7 3.0E7 3.25E8 3.27E8 3.27E8 3.27E8 3.34E8 3.35E8 3.35E8 3.64E8 3.64E8 3.64E8
31 9000000.0 9000000.0 2.9E7 6.1E7 6.7E7 1.47E8 1.78E8 1.96E8 2.36E8 2.55E8 3.21E8 3.22E8 3.63E8 3.64E8 3.88E8 4.04E8 4.32E8 4.92E8 4.92E8 5.24E8
32 3000000.0 6000000.0 3.6E7 4.0E7 9.1E7 1.51E8 1.51E8 2.06E8 2.4E8 2.5E8 3.2E8 3.36E8 3.72E8 3.76E8 3.84E8 3.85E8 4.35E8 4.9E8 4.91E8 5.32E8
33 6000000.0 7000000.0 4.3E7 6.3E7 9.1E7 1.57E8 1.79E8 1.98E8 2.4E8 2.63E8 3.21E8 3.22E8 3.7E8 3.7E8 4.07E8 4.11E8 4.43E8 4.89E8 4.9E8 5.32E8
34 7000000.0 7000000.0 3.5E7 3.7E7 3.7E7 3.7E7 3.7E7 3.7E7 3.7E7 3.7E7 3.7E7 3.8E7 3.8E7 3.8E7 3.8E7 3.9E7 3.9E7 4.1E7 4.2E7 4.2E7
35 3000000.0 3000000.0 3000000.0 4000000.0 5000000.0 5000000.0 6000000.0 8000000.0 9000000.0 1.1E7 1.1E7 1.2E7 1.2E7 1.4E7 1.5E7 1.5E7 1.6E7 1.6E7 1.7E7 1.8E7
36 1000000.0 1000000.0 9000000.0 1.1E7 1.2E7 1.3E7 1.5E7 1.25E8 1.25E8 1.26E8 1.26E8 1.28E8 1.28E8 1.29E8 1.3E8 1.3E8 1.31E8 1.49E8 1.49E8 1.49E8
37 2000000.0 4000000.0 8000000.0 1.8E7 1.9E7 2.2E7 2.2E7 2.8E7 3.0E7 2.57E8 2.59E8 2.61E8 3.36E8 3.37E8 3.43E8 3.45E8 3.47E8 4.93E8 4.93E8 4.93E8
38 0.0 3000000.0 3000000.0 4000000.0 8000000.0 9000000.0 9000000.0 1.0E7 1.1E7 1.2E7 1.3E7 1.4E7 1.9E7 2.1E7 2.3E7 2.4E7 2.4E7 2.4E7 2.5E7 2.5E7
39 3000000.0 3000000.0 3000000.0 3000000.0 6000000.0 9000000.0 1.0E7 1.0E7 1.0E7 1.1E7 1.2E7 1.2E7 1.3E7 1.4E7 1.4E7 1.4E7 1.4E7 1.5E7 1.5E7 1.7E7
40 2000000.0 3000000.0 6000000.0 8000000.0 9000000.0 9000000.0 9000000.0 9000000.0 9000000.0 9000000.0 9000000.0 1.0E7 1.1E7 1.1E7 1.2E7 1.2E7 1.3E7 1.5E7 1.6E7 1.7E7
41 2000000.0 3000000.0 4000000.0 6000000.0 6000000.0 7000000.0 9000000.0 1.1E7 1.1E7 1.2E7 1.2E7 1.2E7 1.4E7 1.4E7 1.5E7 1.7E7 1.7E7 1.8E7 1.8E7 1.8E7
42 0.0 1000000.0 1000000.0 4000000.0 4000000.0 4000000.0 4000000.0 5000000.0 6000000.0 6000000.0 8000000.0 9000000.0 9000000.0 1.0E7 1.1E7 1.1E7 1.2E7 1.4E7 1.5E7 1.6E7
43 1000000.0 1000000.0 2000000.0 2000000.0 2000000.0 2000000.0 3000000.0 5000000.0 7000000.0 7000000.0 8000000.0 8000000.0 8000000.0 9000000.0 1.0E7 1.1E7 1.4E7 1.5E7 1.5E7 1.7E7
44 0.0 0.0 0.0 0.0 0.0 1000000.0 2000000.0 2000000.0 3000000.0 3000000.0 4000000.0 5000000.0 9000000.0 1.0E7 1.2E7 1.3E7 1.4E7 1.4E7 1.4E7 1.5E7
45 1000000.0 1000000.0 2000000.0 3000000.0 3000000.0 6000000.0 6000000.0 6000000.0 6000000.0 6000000.0 6000000.0 6000000.0 7000000.0 8000000.0 8000000.0 9000000.0 9000000.0 1.0E7 1.1E7 1.3E7
46 2000000.0 2000000.0 4000000.0 4000000.0 4000000.0 5000000.0 5000000.0 5000000.0 6000000.0 7000000.0 7000000.0 7000000.0 7000000.0 9000000.0 1.1E7 1.1E7 1.2E7 1.3E7 1.3E7 1.3E7
47 0.0 0.0 2000000.0 2000000.0 2000000.0 2000000.0 4000000.0 5000000.0 7000000.0 2.34E8 2.34E8 2.35E8 2.35E8 2.36E8 2.36E8 2.37E8 2.38E8 2.38E8 2.39E8 2.39E8
48 0.0 0.0 1000000.0 2000000.0 2000000.0 3000000.0 4000000.0 4000000.0 4000000.0 5000000.0 5000000.0 5000000.0 5000000.0 6000000.0 6000000.0 6000000.0 7000000.0 8000000.0 8000000.0 9000000.0
49 0.0 1000000.0 2000000.0 2000000.0 2000000.0 2000000.0 3000000.0 3000000.0 3000000.0 4000000.0 4000000.0 5000000.0 8000000.0 1.0E7 1.1E7 1.3E7 1.4E7 1.5E7 1.5E7 1.6E7
50 0.0 3000000.0 4000000.0 7000000.0 7000000.0 8000000.0 1.1E7 1.1E7 1.2E7 1.3E7 1.4E7 1.5E7 1.6E7 1.6E7 2.1E7 2.1E7 2.1E7 2.2E7 2.3E7 2.4E7
51 1000000.0 1000000.0 1000000.0 1000000.0 2000000.0 2000000.0 2000000.0 2000000.0 2000000.0 3000000.0 4000000.0 5000000.0 5000000.0 5000000.0 6000000.0 6000000.0 7000000.0 8000000.0 9000000.0 9000000.0
