records: 20
      Record Time
Host  UsedBuffer

  49376.0 98752.0 148128.0 197504.0 246880.0 296256.0 345632.0 395008.0 444384.0 493760.0 543136.0 592512.0 641888.0 691264.0 740640.0 790016.0 839392.0 888768.0 938144.0 987520.0
0 0.0 4.0E8 4.0E8 5.0E8 7.0E8 7.0E8 9.0E8 1.0E9 1.1E9 1.1E9 1.1E9 1.1E9 1.2E9 1.4E9 1.6E9 1.6E9 1.6E9 1.6E9 1.7E9 1.8E9
1 5.0E8 7.0E8 -4.94967296E8 -4.94967296E8 -2.94967296E8 -7.84901888E8 1.515098112E9 -1.079869184E9 1.42516352E9 1.42516352E9 -6.64771072E8 -5.64771072E8 -9.59738368E8 -8.59738368E8 -8.59738368E8 -8.59738368E8 -6.59738368E8 -6.59738368E8 -2.59738368E8 -1.59738368E8
2 9.0E8 1.0E9 -7.94967296E8 1.305032704E9 -1.989934592E9 2.15098112E8 -1.679869184E9 -7.9869184E7 1.32516352E9 -1.869803776E9 -1.64771072E8 1.35228928E8 -5.59738368E8 -5.59738368E8 1.640261632E9 -1.854705664E9 -5.54705664E8 -1.744640256E9 -1.644640256E9 1.955359744E9
3 0.0 0.0 1.0E8 2.0E8 2.0E8 2.0E8 2.0E8 2.0E8 2.0E8 3.0E8 3.0E8 5.0E8 6.0E8 7.0E8 8.0E8 9.0E8 1.0E9 1.0E9 1.0E9 1.0E9
4 0.0 0.0 1.0E8 2.0E8 3.0E8 7.0E8 7.0E8 8.0E8 8.0E8 8.0E8 1.0E9 1.1E9 1.4E9 1.5E9 1.7E9 1.8E9 1.8E9 1.8E9 2.0E9 -2.094967296E9
5 1.0E8 3.0E8 4.0E8 5.0E8 6.0E8 7.0E8 7.0E8 7.0E8 8.0E8 8.0E8 8.0E8 8.0E8 1.0E9 1.2E9 1.3E9 1.3E9 1.4E9 1.7E9 1.7E9 1.8E9
6 1.0E8 3.0E8 4.0E8 5.0E8 5.0E8 6.0E8 7.0E8 8.0E8 8.0E8 1.0E9 1.3E9 1.5E9 1.6E9 1.6E9 1.6E9 1.8E9 1.8E9 1.9E9 1.9E9 1.9E9
7 1.0E8 3.0E8 4.0E8 4.0E8 5.0E8 6.0E8 8.0E8 9.0E8 9.0E8 1.2E9 1.2E9 1.2E9 1.3E9 1.4E9 1.4E9 1.5E9 1.6E9 1.6E9 1.8E9 1.8E9
8 0.0 1.0E8 2.0E8 2.0E8 2.0E8 3.0E8 4.0E8 6.0E8 6.0E8 7.0E8 7.0E8 8.0E8 9.0E8 9.0E8 9.0E8 1.0E9 1.3E9 1.4E9 1.4E9 1.5E9
9 2.0E8 3.0E8 6.0E8 7.0E8 1.3E9 -9.84901888E8 1.515098112E9 1.815098112E9 2.115098112E9 2.115098112E9 -1.864771072E9 -1.864771072E9 -7.59738368E8 -7.59738368E8 -7.59738368E8 -7.59738368E8 -7.59738368E8 -6.59738368E8 -6.59738368E8 -5.59738368E8
10 5.0E8 7.0E8 -8.94967296E8 -8.94967296E8 1.705032704E9 -2.84901888E8 -8.4901888E7 -7.79869184E8 1.62516352E9 -2.069803776E9 -5.64771072E8 -5.64771072E8 -7.59738368E8 -6.59738368E8 1.740261632E9 1.740261632E9 1.740261632E9 -2.144640256E9 -2.044640256E9 -1.944640256E9
11 0.0 2.0E8 2.0E8 2.0E8 2.0E8 2.0E8 3.0E8 6.0E8 9.0E8 1.2E9 1.3E9 1.5E9 1.5E9 1.5E9 1.6E9 1.7E9 1.8E9 1.8E9 1.8E9 1.8E9
12 0.0 1.0E8 1.0E8 1.0E8 1.0E8 1.0E8 2.0E8 3.0E8 4.0E8 4.0E8 4.0E8 6.0E8 8.0E8 9.0E8 9.0E8 1.2E9 1.3E9 1.3E9 1.4E9 1.5E9
13 3.0E8 3.0E8 7.0E8 8.0E8 8.0E8 3.15098112E8 1.715098112E9 2.015098112E9 1.62516352E9 1.62516352E9 -1.964771072E9 -1.964771072E9 -6.59738368E8 -6.59738368E8 -2.59738368E8 -1.59738368E8 5.40261632E8 3.5032704E8 -2.144640256E9 1.355359744E9
14 1.0E8 2.0E8 2.0E8 3.0E8 4.0E8 4.0E8 5.0E8 6.0E8 6.0E8 8.0E8 9.0E8 9.0E8 1.0E9 1.1E9 1.2E9 1.4E9 1.4E9 1.6E9 1.6E9 1.7E9
15 6.0E8 6.0E8 -1.594967296E9 1.505032704E9 2.005032704E9 1.5098112E7 -1.679869184E9 1.20130816E8 1.42516352E9 -1.769803776E9 -7.64771072E8 -6.64771072E8 -6.59738368E8 -6.59738368E8 1.040261632E9 1.040261632E9 1.040261632E9 1.95032704E9 1.95032704E9 1.95032704E9
16 7.0E8 7.0E8 7.0E8 7.0E8 7.0E8 1.5E9 1.7E9 1.9E9 1.72516352E9 -1.469803776E9 -1.764771072E9 -1.664771072E9 -2.59738368E8 -1.59738368E8 5.40261632E8 7.40261632E8 9.40261632E8 -1.944640256E9 -1.544640256E9 1.855359744E9
17 1.0E8 3.0E8 4.0E8 5.0E8 7.0E8 8.0E8 8.0E8 1.0E9 1.1E9 1.1E9 1.1E9 1.1E9 1.2E9 1.4E9 1.6E9 1.8E9 1.8E9 1.9E9 2.1E9 -1.894967296E9
18 0.0 1.0E8 1.0E8 2.0E8 3.0E8 5.0E8 5.0E8 5.0E8 5.0E8 8.0E8 8.0E8 8.0E8 8.0E8 8.0E8 9.0E8 1.0E9 1.1E9 1.3E9 1.3E9 1.3E9
19 3.0E8 3.0E8 8.0E8 1.3E9 2.105032704E9 -9.84901888E8 1.615098112E9 1.915098112E9 1.32516352E9 1.52516352E9 -5.64771072E8 -3.64771072E8 -7.59738368E8 -7.59738368E8 -3.59738368E8 -3.59738368E8 1.40261632E8 -2.144640256E9 -2.044640256E9 1.855359744E9
20 5.0E8 6.0E8 -1.494967296E9 1.605032704E9 2.105032704E9 -1.84901888E8 -1.279869184E9 5.20130816E8 1.82516352E9 -1.469803776E9 -3.64771072E8 -3.64771072E8 -2.59738368E8 -2.59738368E8 2.040261632E9 -1.354705664E9 4.45294336E8 -1.844640256E9 -1.744640256E9 2.055359744E9
21 5.0E8 7.0E8 -1.794967296E9 1.105032704E9 1.805032704E9 -5.84901888E8 -1.679869184E9 1.20130816E8 1.52516352E9 1.92516352E9 -8.64771072E8 -8.64771072E8 -1.059738368E9 -1.059738368E9 1.440261632E9 -2.054705664E9 -5.54705664E8 1.75032704E9 2.05032704E9 1.455359744E9
22 1.0E8 1.0E8 2.0E8 2.0E8 5.0E8 6.0E8 6.0E8 7.0E8 7.0E8 8.0E8 9.0E8 9.0E8 1.0E9 1.0E9 1.0E9 1.0E9 1.0E9 1.0E9 1.1E9 1.1E9
23 6.0E8 9.0E8 1.2E9 1.4E9 1.6E9 -1.894967296E9 -9.94967296E8 7.15098112E8 7.15098112E8 7.15098112E8 7.15098112E8 8.15098112E8 8.15098112E8 8.15098112E8 9.15098112E8 9.15098112E8 1.015098112E9 2.015098112E9 2.115098112E9 -1.979869184E9
24 5.0E8 5.0E8 1.9E9 1.505032704E9 2.105032704E9 -3.84901888E8 -1.779869184E9 -7.9869184E7 1.32516352E9 -1.669803776E9 1.630196224E9 1.630196224E9 -6.59738368E8 -5.59738368E8 1.540261632E9 1.540261632E9 -5.4705664E7 1.75032704E9 1.95032704E9 1.655359744E9
25 7.0E8 9.0E8 1.1E9 1.2E9 1.9E9 -1.994967296E9 -1.094967296E9 9.15098112E8 1.515098112E9 1.515098112E9 1.615098112E9 1.615098112E9 1.615098112E9 1.715098112E9 1.715098112E9 1.715098112E9 1.715098112E9 -2.079869184E9 -1.879869184E9 -1.879869184E9
26 0.0 2.0E8 2.0E8 4.0E8 6.0E8 7.0E8 8.0E8 9.0E8 1.1E9 1.1E9 1.4E9 1.4E9 1.5E9 1.5E9 1.6E9 1.8E9 1.9E9 1.9E9 1.9E9 2.0E9
27 8.0E8 8.0E8 -1.594967296E9 1.405032704E9 1.805032704E9 -9.84901888E8 -1.479869184E9 2.20130816E8 4.20130816E8 -1.469803776E9 -5.64771072E8 -3.64771072E8 -5.59738368E8 -2.59738368E8 1.540261632E9 -1.754705664E9 -5.54705664E8 2.05032704E9 -1.944640256E9 1.755359744E9
28 1.0E8 1.0E8 2.0E8 4.0E8 4.0E8 6.0E8 6.0E8 7.0E8 8.0E8 1.0E9 1.1E9 1.2E9 1.2E9 1.3E9 1.4E9 1.7E9 1.7E9 1.7E9 1.9E9 2.1E9
29 0.0 2.0E8 5.0E8 5.0E8 6.0E8 7.0E8 7.0E8 7.0E8 8.0E8 8.0E8 9.0E8 9.0E8 1.0E9 1.0E9 1.2E9 1.2E9 1.3E9 1.4E9 1.5E9 1.5E9
30 1.0E8 1.0E8 1.0E8 2.0E8 4.0E8 6.0E8 8.0E8 8.0E8 1.1E9 1.2E9 1.5E9 1.7E9 1.7E9 1.7E9 1.8E9 1.9E9 1.9E9 2.0E9 2.0E9 2.0E9
31 3.0E8 3.0E8 5.0E8 6.0E8 8.0E8 8.0E8 8.0E8 9.0E8 1.0E9 1.1E9 1.4E9 1.5E9 1.5E9 1.6E9 1.6E9 1.6E9 1.7E9 1.8E9 1.8E9 1.8E9
32 2.0E8 2.0E8 2.0E8 4.0E8 6.0E8 7.0E8 7.0E8 8.0E8 9.0E8 1.0E9 1.2E9 1.3E9 1.3E9 1.7E9 1.7E9 1.8E9 1.9E9 2.1E9 -2.094967296E9 -1.994967296E9
33 7.0E8 8.0E8 -2.94967296E8 1.605032704E9 -1.989934592E9 5.15098112E8 -1.379869184E9 3.20130816E8 1.72516352E9 -1.269803776E9 -5.64771072E8 -4.64771072E8 -4.59738368E8 -4.59738368E8 -1.954705664E9 -1.554705664E9 4.45294336E8 -1.944640256E9 -1.944640256E9 2.055359744E9
34 7.0E8 7.0E8 -9.94967296E8 -7.94967296E8 -7.94967296E8 -7.94967296E8 -7.94967296E8 -7.94967296E8 -7.94967296E8 -7.94967296E8 -7.94967296E8 -6.94967296E8 -6.94967296E8 -6.94967296E8 -6.94967296E8 -5.94967296E8 -5.94967296E8 -3.94967296E8 -2.94967296E8 -2.94967296E8
35 3.0E8 3.0E8 3.0E8 4.0E8 5.0E8 5.0E8 6.0E8 8.0E8 9.0E8 1.1E9 1.1E9 1.2E9 1.2E9 1.4E9 1.5E9 1.5E9 1.6E9 1.6E9 1.7E9 1.8E9
36 1.0E8 1.0E8 7.0E8 7.0E8 8.0E8 9.0E8 1.1E9 1.8E9 1.8E9 1.9E9 1.9E9 2.1E9 2.1E9 -2.094967296E9 -1.994967296E9 -1.994967296E9 -1.894967296E9 -1.194967296E9 -1.194967296E9 -1.194967296E9
37 2.0E8 3.0E8 3.0E8 7.0E8 8.0E8 1.4E9 1.4E9 -2.094967296E9 -1.894967296E9 -2.94967296E8 -9.4967296E7 1.05032704E8 8.05032704E8 9.05032704E8 1.505032704E9 1.705032704E9 1.905032704E9 -1.089934592E9 -1.089934592E9 -1.089934592E9
38 0.0 3.0E8 3.0E8 4.0E8 8.0E8 9.0E8 9.0E8 1.0E9 1.1E9 1.2E9 1.3E9 1.4E9 1.5E9 1.7E9 1.9E9 2.0E9 2.0E9 2.0E9 2.1E9 2.1E9
39 3.0E8 3.0E8 3.0E8 3.0E8 6.0E8 8.0E8 9.0E8 9.0E8 9.0E8 1.0E9 1.1E9 1.1E9 1.2E9 1.3E9 1.3E9 1.3E9 1.3E9 1.4E9 1.4E9 1.6E9
40 2.0E8 3.0E8 6.0E8 7.0E8 8.0E8 8.0E8 8.0E8 8.0E8 8.0E8 8.0E8 8.0E8 9.0E8 1.0E9 1.0E9 1.1E9 1.1E9 1.2E9 1.4E9 1.5E9 1.6E9
41 2.0E8 3.0E8 4.0E8 6.0E8 6.0E8 7.0E8 9.0E8 1.1E9 1.1E9 1.2E9 1.2E9 1.2E9 1.4E9 1.4E9 1.5E9 1.7E9 1.7E9 1.8E9 1.8E9 1.8E9
42 0.0 1.0E8 1.0E8 4.0E8 4.0E8 4.0E8 4.0E8 5.0E8 6.0E8 6.0E8 8.0E8 9.0E8 9.0E8 1.0E9 1.1E9 1.1E9 1.2E9 1.4E9 1.5E9 1.6E9
43 1.0E8 1.0E8 2.0E8 2.0E8 2.0E8 2.0E8 3.0E8 5.0E8 7.0E8 7.0E8 8.0E8 8.0E8 8.0E8 9.0E8 1.0E9 1.1E9 1.4E9 1.5E9 1.5E9 1.7E9
44 0.0 0.0 0.0 0.0 0.0 1.0E8 2.0E8 2.0E8 3.0E8 3.0E8 4.0E8 5.0E8 7.10065408E8 8.10065408E8 1.010065408E9 1.110065408E9 1.210065408E9 1.210065408E9 1.210065408E9 1.310065408E9
45 1.0E8 1.0E8 2.0E8 3.0E8 3.0E8 6.0E8 6.0E8 6.0E8 6.0E8 6.0E8 6.0E8 6.0E8 7.0E8 8.0E8 8.0E8 9.0E8 9.0E8 1.0E9 1.1E9 1.3E9
46 2.0E8 2.0E8 4.0E8 4.0E8 4.0E8 5.0E8 5.0E8 5.0E8 6.0E8 7.0E8 7.0E8 7.0E8 7.0E8 9.0E8 1.1E9 1.1E9 1.2E9 1.3E9 1.3E9 1.3E9
47 0.0 0.0 2.0E8 2.0E8 2.0E8 2.0E8 4.0E8 5.0E8 5.0E8 5.0E8 5.0E8 6.0E8 6.0E8 7.0E8 7.0E8 8.0E8 9.0E8 9.0E8 1.0E9 1.0E9
48 0.0 0.0 1.0E8 2.0E8 2.0E8 3.0E8 4.0E8 4.0E8 4.0E8 5.0E8 5.0E8 5.0E8 5.0E8 6.0E8 6.0E8 6.0E8 7.0E8 8.0E8 8.0E8 9.0E8
49 0.0 1.0E8 2.0E8 2.0E8 2.0E8 2.0E8 3.0E8 3.0E8 3.0E8 4.0E8 4.0E8 5.0E8 8.0E8 1.0E9 1.1E9 1.3E9 1.4E9 1.5E9 1.5E9 1.6E9
50 0.0 3.0E8 4.0E8 7.0E8 7.0E8 8.0E8 1.1E9 1.1E9 1.2E9 1.3E9 1.4E9 1.5E9 1.6E9 1.6E9 1.7E9 1.7E9 1.7E9 1.8E9 1.9E9 2.0E9
51 1.0E8 1.0E8 1.0E8 1.0E8 2.0E8 2.0E8 2.0E8 2.0E8 2.0E8 3.0E8 4.0E8 5.0E8 5.0E8 5.0E8 6.0E8 6.0E8 7.0E8 8.0E8 9.0E8 9.0E8
