records: 20
      Record Time
Host  UsedBuffer

  49376.0 98752.0 148128.0 197504.0 246880.0 296256.0 345632.0 395008.0 444384.0 493760.0 543136.0 592512.0 641888.0 691264.0 740640.0 790016.0 839392.0 888768.0 938144.0 987520.0
0 0.0 4000000.0 4000000.0 5000000.0 7000000.0 7000000.0 9000000.0 1.0E7 1.1E7 1.1E7 1.1E7 1.1E7 1.2E7 1.4E7 1.6E7 1.6E7 1.6E7 1.6E7 1.7E7 1.8E7
1 0.0 0.0 1000000.0 1000000.0 1000000.0 1000000.0 2000000.0 3000000.0 4000000.0 4000000.0 4000000.0 5000000.0 6000000.0 7000000.0 7000000.0 7000000.0 9000000.0 9000000.0 1.3E7 1.4E7
2 1000000.0 2000000.0 3000000.0 4000000.0 5000000.0 6000000.0 7000000.0 8000000.0 1.0E7 1.0E7 1.1E7 1.4E7 1.5E7 1.5E7 1.6E7 1.6E7 1.9E7 1.9E7 1.9E7 2.2E7
3 2000000.0 2000000.0 9000000.0 1.0E7 1.2E7 1.14E8 1.34E8 1.38E8 2.36E8 2.38E8 2.92E8 2.96E8 3.4E8 3.41E8 3.42E8 3.43E8 3.44E8 3.44E8 3.44E8 3.44E8
4 0.0 0.0 1000000.0 2000000.0 3000000.0 7000000.0 7000000.0 8000000.0 8000000.0 8000000.0 1.0E7 1.1E7 1.4E7 1.5E7 1.7E7 1.8E7 1.8E7 1.8E7 2.0E7 2.2E7
5 7000000.0 1.1E7 1.4E7 2.2E7 6.4E7 1.24E8 1.36E8 1.76E8 2.35E8 2.35E8 2.35E8 3.05E8 3.36E8 3.38E8 3.4E8 3.4E8 3.74E8 4.78E8 4.78E8 4.79E8
6 9000000.0 1.1E7 1.7E7 1.9E7 5.9E7 1.26E8 1.49E8 1.66E8 2.38E8 2.41E8 2.98E8 3.0E8 3.42E8 3.42E8 3.42E8 3.44E8 3.74E8 4.7E8 4.7E8 4.7E8
7 1000000.0 3000000.0 4000000.0 4000000.0 5000000.0 6000000.0 8000000.0 9000000.0 9000000.0 1.2E7 1.2E7 1.2E7 1.3E7 1.4E7 1.4E7 1.5E7 1.6E7 1.6E7 1.8E7 1.8E7
8 3000000.0 4000000.0 5000000.0 1.2E7 3.8E7 1.26E8 1.27E8 1.76E8 2.3E8 2.31E8 2.99E8 3.0E8 3.43E8 3.43E8 3.43E8 3.44E8 3.47E8 3.48E8 3.48E8 3.49E8
9 1000000.0 2000000.0 7000000.0 8000000.0 5.2E7 1.15E8 1.34E8 1.35E8 1.38E8 1.38E8 2.93E8 3.03E8 3.39E8 3.39E8 3.39E8 3.39E8 3.39E8 3.4E8 3.4E8 3.41E8
10 0.0 1000000.0 1000000.0 1000000.0 1000000.0 2000000.0 3000000.0 3000000.0 5000000.0 5000000.0 5000000.0 5000000.0 6000000.0 7000000.0 8000000.0 8000000.0 8000000.0 9000000.0 1.0E7 1.1E7
11 0.0 2000000.0 2000000.0 2000000.0 2000000.0 2000000.0 3000000.0 6000000.0 9000000.0 1.2E7 1.3E7 1.5E7 1.5E7 1.5E7 1.6E7 1.7E7 1.8E7 1.8E7 1.8E7 1.8E7
12 6000000.0 7000000.0 1.2E7 1.2E7 4.8E7 1.18E8 1.31E8 1.63E8 2.32E8 2.32E8 2.32E8 2.34E8 2.36E8 2.37E8 2.46E8 2.49E8 3.68E8 4.74E8 4.94E8 5.17E8
13 2000000.0 2000000.0 6000000.0 7000000.0 7000000.0 1.16E8 1.36E8 1.41E8 2.34E8 2.34E8 2.9E8 2.9E8 3.35E8 3.35E8 3.4E8 3.41E8 3.64E8 4.72E8 4.92E8 5.18E8
14 1000000.0 2000000.0 5000000.0 6000000.0 5.2E7 1.26E8 1.38E8 1.78E8 2.39E8 2.42E8 2.94E8 3.04E8 3.38E8 3.39E8 3.4E8 3.42E8 3.68E8 4.71E8 4.71E8 4.72E8
15 4000000.0 4000000.0 6000000.0 7000000.0 1.0E7 1.24E8 1.46E8 1.67E8 2.34E8 2.35E8 2.96E8 2.97E8 3.39E8 3.39E8 3.39E8 3.39E8 3.39E8 4.62E8 4.62E8 4.62E8
16 1000000.0 1000000.0 1000000.0 1000000.0 1000000.0 1000000.0 3000000.0 5000000.0 6000000.0 6000000.0 7000000.0 8000000.0 1.0E7 1.1E7 1.4E7 1.6E7 1.8E7 2.0E7 2.3E7 2.4E7
17 1000000.0 3000000.0 4000000.0 5000000.0 7000000.0 8000000.0 8000000.0 1.0E7 1.1E7 1.1E7 1.1E7 1.1E7 1.2E7 1.4E7 1.6E7 1.8E7 1.8E7 1.9E7 2.1E7 2.4E7
18 1000000.0 5000000.0 7000000.0 8000000.0 4.8E7 1.2E8 1.39E8 1.79E8 2.32E8 2.35E8 2.98E8 3.01E8 3.43E8 3.43E8 3.48E8 3.49E8 3.79E8 4.82E8 4.87E8 5.33E8
19 1000000.0 1000000.0 3000000.0 4000000.0 5000000.0 5000000.0 5000000.0 6000000.0 6000000.0 8000000.0 9000000.0 1.1E7 1.3E7 1.3E7 1.3E7 1.3E7 1.3E7 1.3E7 1.3E7 1.4E7
20 4000000.0 5000000.0 1.1E7 1.3E7 1.3E7 1.26E8 1.5E8 1.7E8 2.39E8 2.4E8 3.0E8 3.0E8 3.42E8 3.42E8 3.45E8 3.45E8 3.59E8 4.65E8 4.92E8 5.23E8
21 1000000.0 3000000.0 3000000.0 3000000.0 3000000.0 3000000.0 5000000.0 7000000.0 8000000.0 8000000.0 1.0E7 1.0E7 1.1E7 1.1E7 1.1E7 1.2E7 1.3E7 1.4E7 1.5E7 1.5E7
22 1000000.0 1000000.0 2000000.0 2000000.0 5000000.0 6000000.0 6000000.0 7000000.0 7000000.0 8000000.0 9000000.0 9000000.0 1.0E7 1.0E7 1.0E7 1.0E7 1.0E7 1.0E7 1.1E7 1.1E7
23 0.0 1000000.0 4000000.0 6000000.0 8000000.0 8000000.0 8000000.0 8000000.0 8000000.0 8000000.0 8000000.0 9000000.0 9000000.0 9000000.0 1.0E7 1.0E7 1.1E7 1.2E7 1.3E7 1.5E7
24 0.0 0.0 0.0 0.0 1000000.0 1000000.0 4000000.0 4000000.0 5000000.0 7000000.0 8000000.0 8000000.0 9000000.0 1.0E7 1.2E7 1.2E7 1.2E7 1.2E7 1.4E7 1.6E7
25 1000000.0 2000000.0 2000000.0 3000000.0 5000000.0 5000000.0 7000000.0 8000000.0 1.0E7 1.0E7 1.1E7 1.1E7 1.1E7 1.2E7 1.2E7 1.2E7 1.2E7 1.3E7 1.4E7 1.4E7
26 0.0 2000000.0 2000000.0 4000000.0 6000000.0 7000000.0 8000000.0 9000000.0 1.1E7 1.1E7 1.4E7 1.4E7 1.5E7 1.5E7 1.6E7 1.8E7 1.9E7 1.9E7 1.9E7 2.0E7
27 9000000.0 9000000.0 1.4E7 1.6E7 1.6E7 1.24E8 1.48E8 1.66E8 1.68E8 1.69E8 2.97E8 2.99E8 3.4E8 3.43E8 3.44E8 3.47E8 3.48E8 4.62E8 4.65E8 5.2E8
28 1000000.0 1000000.0 2000000.0 4000000.0 4000000.0 6000000.0 6000000.0 7000000.0 8000000.0 1.0E7 1.1E7 1.2E7 1.2E7 1.3E7 1.4E7 1.7E7 1.7E7 1.7E7 1.9E7 2.1E7
29 6000000.0 1.1E7 1.5E7 1.7E7 2.2E7 1.14E8 1.14E8 1.14E8 2.3E8 2.3E8 2.96E8 2.96E8 3.15E8 3.15E8 3.21E8 3.21E8 3.24E8 4.65E8 4.98E8 5.23E8
30 3000000.0 5000000.0 5000000.0 1.2E7 1.4E7 1.6E7 1.8E7 2.3E7 2.32E8 2.33E8 2.69E8 2.71E8 2.71E8 2.71E8 2.78E8 2.79E8 2.79E8 4.71E8 4.71E8 4.71E8
31 3000000.0 3000000.0 5000000.0 6000000.0 8000000.0 8000000.0 8000000.0 9000000.0 1.0E7 1.1E7 1.4E7 1.5E7 1.5E7 1.6E7 1.6E7 1.6E7 1.7E7 1.8E7 1.8E7 1.8E7
32 4000000.0 7000000.0 9000000.0 1.3E7 6.0E7 1.28E8 1.28E8 1.77E8 2.38E8 2.4E8 2.99E8 3.07E8 3.44E8 3.48E8 3.56E8 3.57E8 3.58E8 4.86E8 4.87E8 5.3E8
33 0.0 1000000.0 2000000.0 3000000.0 4000000.0 7000000.0 7000000.0 8000000.0 8000000.0 1.0E7 1.1E7 1.2E7 1.3E7 1.3E7 1.3E7 1.3E7 1.4E7 1.4E7 1.4E7 1.4E7
34 6000000.0 6000000.0 1.1E7 1.3E7 1.3E7 1.3E7 1.3E7 1.3E7 1.3E7 1.3E7 1.3E7 1.4E7 1.4E7 1.4E7 1.4E7 1.5E7 1.5E7 1.7E7 1.8E7 1.8E7
35 7000000.0 7000000.0 9000000.0 1.1E7 1.3E7 1.23E8 1.47E8 1.67E8 2.37E8 2.4E8 2.98E8 2.99E8 3.41E8 3.43E8 3.58E8 3.58E8 3.62E8 4.79E8 4.8E8 5.22E8
36 1000000.0 1000000.0 7000000.0 1.4E7 1.5E7 1.6E7 1.8E7 2.5E7 2.5E7 2.6E7 2.6E7 2.8E7 2.8E7 2.9E7 3.0E7 3.0E7 3.1E7 4.9E7 4.9E7 4.9E7
37 2000000.0 2000000.0 2000000.0 2000000.0 3000000.0 4000000.0 4000000.0 6000000.0 8000000.0 1.1E7 1.3E7 1.5E7 1.6E7 1.7E7 1.8E7 2.0E7 2.2E7 2.2E7 2.2E7 2.2E7
38 0.0 3000000.0 3000000.0 4000000.0 8000000.0 9000000.0 9000000.0 1.0E7 1.1E7 1.2E7 1.3E7 1.4E7 1.5E7 1.7E7 1.9E7 2.0E7 2.0E7 2.0E7 2.1E7 2.1E7
39 3000000.0 3000000.0 3000000.0 3000000.0 6000000.0 8000000.0 9000000.0 9000000.0 9000000.0 1.0E7 1.1E7 1.1E7 1.2E7 1.3E7 1.3E7 1.3E7 1.3E7 1.4E7 1.4E7 1.6E7
40 2000000.0 3000000.0 6000000.0 8000000.0 9000000.0 9000000.0 9000000.0 9000000.0 9000000.0 9000000.0 9000000.0 1.0E7 1.1E7 1.1E7 1.2E7 1.2E7 1.3E7 1.5E7 1.6E7 1.7E7
41 2000000.0 3000000.0 4000000.0 6000000.0 6000000.0 7000000.0 9000000.0 1.1E7 1.1E7 1.2E7 1.2E7 1.2E7 1.4E7 1.4E7 1.5E7 1.7E7 1.7E7 1.8E7 1.8E7 1.8E7
42 0.0 1000000.0 1000000.0 4000000.0 4000000.0 4000000.0 4000000.0 5000000.0 6000000.0 6000000.0 8000000.0 9000000.0 9000000.0 1.0E7 1.1E7 1.1E7 1.2E7 1.4E7 1.5E7 1.6E7
43 1000000.0 1000000.0 2000000.0 2000000.0 2000000.0 2000000.0 3000000.0 5000000.0 7000000.0 7000000.0 8000000.0 8000000.0 8000000.0 9000000.0 1.0E7 1.1E7 1.4E7 1.5E7 1.5E7 1.7E7
44 0.0 0.0 0.0 0.0 0.0 1000000.0 2000000.0 2000000.0 3000000.0 3000000.0 4000000.0 5000000.0 5000000.0 6000000.0 8000000.0 9000000.0 1.0E7 1.0E7 1.0E7 1.1E7
45 1000000.0 1000000.0 2000000.0 3000000.0 3000000.0 6000000.0 6000000.0 6000000.0 6000000.0 6000000.0 6000000.0 6000000.0 7000000.0 8000000.0 8000000.0 9000000.0 9000000.0 1.0E7 1.1E7 1.3E7
46 2000000.0 2000000.0 4000000.0 4000000.0 4000000.0 5000000.0 5000000.0 5000000.0 6000000.0 7000000.0 7000000.0 7000000.0 7000000.0 9000000.0 1.1E7 1.1E7 1.2E7 1.3E7 1.3E7 1.3E7
47 0.0 0.0 2000000.0 2000000.0 2000000.0 2000000.0 4000000.0 5000000.0 5000000.0 5000000.0 5000000.0 6000000.0 6000000.0 7000000.0 7000000.0 8000000.0 9000000.0 9000000.0 1.0E7 1.0E7
48 0.0 0.0 1000000.0 2000000.0 2000000.0 3000000.0 4000000.0 4000000.0 4000000.0 5000000.0 5000000.0 5000000.0 5000000.0 6000000.0 6000000.0 6000000.0 7000000.0 8000000.0 8000000.0 9000000.0
49 0.0 1000000.0 2000000.0 2000000.0 2000000.0 2000000.0 3000000.0 3000000.0 3000000.0 4000000.0 4000000.0 5000000.0 8000000.0 1.0E7 1.1E7 1.3E7 1.4E7 1.5E7 1.5E7 1.6E7
50 0.0 3000000.0 4000000.0 7000000.0 7000000.0 8000000.0 1.1E7 1.1E7 1.2E7 1.3E7 1.4E7 1.5E7 1.6E7 1.6E7 1.7E7 1.7E7 1.7E7 1.8E7 1.9E7 2.0E7
51 3000000.0 3000000.0 3000000.0 3000000.0 4000000.0 1.2E7 1.2E7 1.8E7 1.8E7 2.9E7 3.0E7 3.1E7 4.0E7 4.0E7 4.1E7 4.1E7 4.9E7 4.79E8 4.8E8 4.8E8
