0 3350
1 1982
2 4465
3 3280
4 2961
5 2676
6 762
7 1053
8 1526
9 2867
10 545
11 435
12 4368
13 4082
14 2318
15 4023
16 3451
17 975
18 676
19 1393
20 1350
21 2371
22 2488
23 3021
24 3229
25 3093
26 2433
27 2931
28 1997
29 2815
30 3281
31 4085
32 2386
33 2634
34 2410
35 2737
36 2826
37 3206
38 2585
39 3486
40 2589
41 2129
42 4115
43 3604
44 2967
45 2627
46 3217
47 3968
48 3119
49 3944
50 4116
51 3639
52 4257
53 3048
54 1892
55 3722
56 3356
57 3779
58 2782
59 5382
60 3591
61 2390
62 1495
63 3542
64 2375
65 5047
66 3276
67 1990
68 1388
69 3981
70 3168
71 4674
72 3604
73 4763
74 4496
75 4970
76 5466
77 5265
78 5060
79 3919
80 4184
81 5286
82 1441
83 5445
84 2749
85 4152
86 4107
87 5652
88 5245
89 5118
90 4187
91 2014
92 5285
93 1844
94 4157
95 2371
96 657
97 3952
