0 3350
1 1981
2 4464
3 3280
4 2960
5 2676
6 762
7 1050
8 1526
9 2867
10 545
11 435
12 4368
13 4083
14 2318
15 4023
16 3450
17 976
18 676
19 1394
20 1350
21 2371
22 2487
23 3022
24 3229
25 3093
26 2432
27 2930
28 1995
29 2813
30 3281
31 4084
32 2386
33 2635
34 2411
35 2737
36 2827
37 3204
38 2585
39 3487
40 2590
41 2129
42 4115
43 3605
44 2966
45 2628
46 3217
47 3968
48 3118
49 3943
50 4114
51 3639
52 4258
53 3048
54 1891
55 3721
56 3355
57 3779
58 2782
59 5383
60 3588
61 2390
62 1495
63 3542
64 2375
65 5048
66 3276
67 1991
68 1388
69 3980
70 3167
71 4673
72 3604
73 4762
74 4496
75 4971
76 5464
77 5267
78 5060
79 3918
80 4184
81 5287
82 1441
83 5445
84 2749
85 4151
86 4108
87 5652
88 5245
89 5117
90 4187
91 2014
92 5285
93 1845
94 4157
95 2371
96 657
97 3952
