0 3350
1 1981
2 4466
3 3279
4 2962
5 2677
6 762
7 1058
8 1527
9 2867
10 545
11 435
12 4370
13 4082
14 2319
15 4024
16 3451
17 976
18 676
19 1394
20 1349
21 2371
22 2488
23 3022
24 3229
25 3093
26 2433
27 2931
28 1996
29 2815
30 3281
31 4085
32 2386
33 2635
34 2411
35 2740
36 2827
37 3206
38 2585
39 3487
40 2589
41 2130
42 4115
43 3604
44 2966
45 2627
46 3217
47 3968
48 3119
49 3943
50 4116
51 3640
52 4257
53 3048
54 1891
55 3721
56 3355
57 3779
58 2782
59 5382
60 3591
61 2390
62 1495
63 3542
64 2375
65 5047
66 3276
67 1991
68 1388
69 3977
70 3166
71 4674
72 3604
73 4763
74 4497
75 4971
76 5465
77 5267
78 5061
79 3919
80 4184
81 5287
82 1441
83 5446
84 2749
85 4152
86 4107
87 5654
88 5247
89 5119
90 4187
91 2014
92 5284
93 1846
94 4159
95 2371
96 657
97 3953
