0 10 0 2037.18 0 1737.35
1 0 944.212 190.876
1 1 970.795 190.741
1 2 945.037 188.737
1 3 936.908 190.352
1 4 936.187 187.591
1 5 958.595 184.049
1 6 924.905 190.819
1 7 931.183 186.431
1 8 938.026 188.28
1 9 928.857 184.215
1 10 778.167 634.063
1 11 753.93 625.424
1 12 758.259 627.447
1 13 779.126 629.227
1 14 759.288 627.103
1 15 768.048 626.558
1 16 781.063 630.179
1 17 743.75 633.109
1 18 751.041 626.316
1 19 770.562 634.754
1 20 285.547 644.511
1 21 282.842 643.327
1 22 273.361 641.551
1 23 271.653 641.411
1 24 283.799 642.083
1 25 290.47 646.392
1 26 266.565 645.133
1 27 307.877 638.336
1 28 305.368 647.266
1 29 269.114 642.057
1 30 1638.2 942.987
1 31 1658.87 943.928
1 32 1643.09 948.195
1 33 1605.31 949.262
1 34 1651.77 947.202
1 35 1626.18 950.704
1 36 1631.97 944.335
1 37 1638.97 948.769
1 38 1619.95 950.579
1 39 1636.47 944.874
1 40 1000.29 1653.54
1 41 984.063 1655.2
1 42 1021.33 1656.69
1 43 1028.28 1651.37
1 44 1028.62 1654.76
1 45 1017.77 1654.73
1 46 1036.56 1651.09
1 47 1038.08 1650.11
1 48 1000.74 1653.89
1 49 1001.54 1655.97
2 0 944.154 190.832
2 1 970.715 190.716
2 2 944.975 188.693
2 3 936.861 190.294
2 4 936.127 187.528
2 5 958.496 184.025
2 6 924.913 190.731
2 7 931.151 186.365
2 8 937.987 188.233
2 9 928.837 184.154
2 10 778.135 634.006
2 11 753.94 625.375
2 12 758.181 627.41
2 13 779.081 629.165
2 14 759.367 627.002
2 15 768.022 626.482
2 16 781.012 630.106
2 17 743.78 633.045
2 18 751.066 626.229
2 19 770.539 634.686
2 20 285.606 644.502
2 21 282.898 643.34
2 22 273.471 641.558
2 23 271.71 641.414
2 24 283.879 642.07
2 25 290.523 646.358
2 26 266.653 645.126
2 27 307.819 638.358
2 28 305.299 647.232
2 29 269.206 642.06
2 30 1638.17 942.91
2 31 1658.79 943.901
2 32 1643.04 948.119
2 33 1605.36 949.238
2 34 1651.7 947.152
2 35 1626.22 950.644
2 36 1632 944.266
2 37 1638.95 948.688
2 38 1620.01 950.526
2 39 1636.46 944.8
2 40 1000.08 1653.34
2 41 984.152 1655.21
2 42 1021.4 1656.69
2 43 1028.35 1651.39
2 44 1028.7 1654.77
2 45 1017.86 1654.74
2 46 1036.61 1651.12
2 47 1038.18 1650.15
2 48 1001.03 1654.07
2 49 1001.64 1655.98
3 0 944.069 190.768
3 1 970.596 190.677
3 2 944.88 188.626
3 3 936.788 190.208
3 4 936.042 187.433
3 5 958.348 183.99
3 6 924.925 190.6
3 7 931.102 186.267
3 8 937.926 188.163
3 9 928.807 184.064
3 10 778.087 633.921
3 11 753.956 625.302
3 12 758.144 627.328
3 13 779.009 629.077
3 14 759.406 626.878
3 15 767.984 626.369
3 16 780.941 629.992
3 17 743.824 632.948
3 18 751.103 626.099
3 19 770.505 634.585
3 20 285.694 644.489
3 21 282.989 643.345
3 22 273.622 641.566
3 23 271.812 641.413
3 24 283.991 642.065
3 25 290.586 646.282
3 26 266.786 645.115
3 27 307.719 638.363
3 28 305.195 647.181
3 29 269.34 642.07
3 30 1638.13 942.793
3 31 1658.68 943.861
3 32 1642.97 948.006
3 33 1605.44 949.203
3 34 1651.59 947.077
3 35 1626.27 950.554
3 36 1632.04 944.163
3 37 1638.91 948.566
3 38 1620.09 950.446
3 39 1636.44 944.692
3 40 1000.05 1653.24
3 41 984.285 1655.21
3 42 1021.52 1656.7
3 43 1028.46 1651.42
3 44 1028.83 1654.79
3 45 1017.99 1654.76
3 46 1036.7 1651.17
3 47 1038.32 1650.22
3 48 1001.32 1654.02
3 49 1001.72 1656.14
4 0 943.961 190.769
4 1 970.458 190.687
4 2 944.762 188.619
4 3 936.679 190.198
4 4 935.926 187.42
4 5 958.181 184.014
4 6 924.853 190.574
4 7 931.013 186.252
4 8 937.841 188.156
4 9 928.736 184.047
4 10 778.022 633.929
4 11 753.944 625.31
4 12 758.092 627.342
4 13 778.919 629.092
4 14 759.387 626.879
4 15 767.92 626.378
4 16 780.857 630.006
4 17 743.814 632.963
4 18 751.074 626.112
4 19 770.446 634.591
4 20 285.703 644.428
4 21 282.963 643.317
4 22 273.793 641.575
4 23 271.936 641.411
4 24 283.999 642.026
4 25 290.577 646.186
4 26 266.941 645.103
4 27 307.612 638.34
4 28 305.075 647.122
4 29 269.496 642.083
4 30 1638.02 942.709
4 31 1658.54 943.822
4 32 1642.85 947.926
4 33 1605.43 949.166
4 34 1651.46 947.018
4 35 1626.23 950.488
4 36 1631.99 944.092
4 37 1638.81 948.482
4 38 1620.06 950.382
4 39 1636.36 944.622
4 40 1000.11 1653.2
4 41 984.44 1655.22
4 42 1021.65 1656.71
4 43 1028.47 1651.38
4 44 1028.85 1654.73
4 45 1018.14 1654.77
4 46 1036.69 1651.14
4 47 1038.32 1650.19
4 48 1001.54 1654
4 49 1001.85 1656.22
5 0 943.84 190.802
5 1 970.31 190.721
5 2 944.633 188.643
5 3 936.555 190.226
5 4 935.793 187.449
5 5 958.004 184.066
5 6 924.739 190.601
5 7 930.903 186.279
5 8 937.742 188.179
5 9 928.645 184.068
5 10 777.949 633.985
5 11 753.913 625.356
5 12 758.027 627.415
5 13 778.825 629.158
5 14 759.344 626.931
5 15 767.843 626.449
5 16 780.762 630.084
5 17 743.775 633.033
5 18 751.016 626.198
5 19 770.374 634.652
5 20 285.673 644.342
5 21 282.882 643.271
5 22 273.976 641.586
5 23 272.072 641.408
5 24 283.949 641.971
5 25 290.533 646.08
5 26 267.106 645.09
5 27 307.5 638.304
5 28 304.945 647.057
5 29 269.663 642.097
5 30 1637.89 942.644
5 31 1658.39 943.783
5 32 1642.7 947.862
5 33 1605.37 949.128
5 34 1651.3 946.966
5 35 1626.14 950.433
5 36 1631.89 944.036
5 37 1638.68 948.416
5 38 1619.97 950.326
5 39 1636.25 944.57
5 40 1000.21 1653.18
5 41 984.607 1655.23
5 42 1021.8 1656.72
5 43 1028.42 1651.3
5 44 1028.8 1654.63
5 45 1018.3 1654.79
5 46 1036.63 1651.09
5 47 1038.24 1650.1
5 48 1001.74 1654
5 49 1002.01 1656.27
6 0 943.713 190.851
6 1 970.158 190.767
6 2 944.499 188.684
6 3 936.423 190.273
6 4 935.653 187.498
6 5 957.823 184.133
6 6 924.603 190.653
6 7 930.783 186.326
6 8 937.635 188.218
6 9 928.544 184.108
6 10 777.872 634.064
6 11 753.873 625.423
6 12 757.952 627.521
6 13 778.732 629.245
6 14 759.294 627.005
6 15 767.76 626.551
6 16 780.659 630.2
6 17 743.723 633.131
6 18 750.943 626.32
6 19 770.295 634.74
6 20 285.624 644.243
6 21 282.775 643.216
6 22 274.164 641.565
6 23 272.215 641.374
6 24 283.871 641.909
6 25 290.472 645.969
6 26 267.28 645.107
6 27 307.387 638.262
6 28 304.812 646.991
6 29 269.836 642.08
6 30 1637.75 942.589
6 31 1658.24 943.745
6 32 1642.54 947.806
6 33 1605.28 949.09
6 34 1651.14 946.918
6 35 1626.03 950.385
6 36 1631.77 943.989
6 37 1638.54 948.36
6 38 1619.85 950.274
6 39 1636.12 944.526
6 40 1000.33 1653.18
6 41 984.778 1655.24
6 42 1021.94 1656.72
6 43 1028.35 1651.2
6 44 1028.73 1654.51
6 45 1018.46 1654.84
6 46 1036.55 1651.04
6 47 1038.14 1649.98
6 48 1001.92 1654.01
6 49 1002.18 1656.29
7 0 943.584 190.907
7 1 970.004 190.819
7 2 944.362 188.732
7 3 936.289 190.329
7 4 935.508 187.559
7 5 957.64 184.208
7 6 924.457 190.719
7 7 930.657 186.384
7 8 937.523 188.266
7 9 928.437 184.158
7 10 777.793 634.155
7 11 753.828 625.5
7 12 757.874 627.639
7 13 778.638 629.341
7 14 759.237 627.095
7 15 767.674 626.667
7 16 780.554 630.336
7 17 743.665 633.242
7 18 750.864 626.459
7 19 770.214 634.841
7 20 285.566 644.139
7 21 282.654 643.156
7 22 274.355 641.56
7 23 272.361 641.355
7 24 283.778 641.843
7 25 290.401 645.856
7 26 267.458 645.14
7 27 307.272 638.216
7 28 304.676 646.923
7 29 270.012 642.049
7 30 1637.6 942.539
7 31 1658.09 943.707
7 32 1642.38 947.754
7 33 1605.18 949.052
7 34 1650.98 946.872
7 35 1625.91 950.339
7 36 1631.64 943.946
7 37 1638.38 948.308
7 38 1619.72 950.224
7 39 1635.98 944.487
7 40 1000.47 1653.19
7 41 984.953 1655.25
7 42 1022.1 1656.73
7 43 1028.26 1651.09
7 44 1028.64 1654.38
7 45 1018.63 1654.87
7 46 1036.45 1650.97
7 47 1038.01 1649.85
7 48 1002.1 1654.02
7 49 1002.36 1656.31
8 0 943.453 190.968
8 1 969.849 190.874
8 2 944.224 188.785
8 3 936.153 190.39
8 4 935.36 187.624
8 5 957.455 184.286
8 6 924.305 190.792
8 7 930.53 186.447
8 8 937.41 188.317
8 9 928.328 184.212
8 10 777.713 634.251
8 11 753.781 625.581
8 12 757.795 627.763
8 13 778.544 629.442
8 14 759.177 627.193
8 15 767.587 626.792
8 16 780.447 630.48
8 17 743.602 633.361
8 18 750.78 626.608
8 19 770.131 634.95
8 20 285.502 644.032
8 21 282.526 643.094
8 22 274.546 641.563
8 23 272.511 641.353
8 24 283.678 641.775
8 25 290.326 645.742
8 26 267.638 645.181
8 27 307.157 638.168
8 28 304.54 646.855
8 29 270.184 642.031
8 30 1637.44 942.491
8 31 1657.93 943.669
8 32 1642.21 947.703
8 33 1605.08 949.014
8 34 1650.81 946.827
8 35 1625.79 950.295
8 36 1631.5 943.905
8 37 1638.22 948.259
8 38 1619.58 950.174
8 39 1635.84 944.45
8 40 1000.6 1653.2
8 41 985.129 1655.26
8 42 1022.25 1656.74
8 43 1028.17 1650.97
8 44 1028.54 1654.25
8 45 1018.8 1654.9
8 46 1036.34 1650.91
8 47 1037.88 1649.71
8 48 1002.28 1654.03
8 49 1002.54 1656.33
9 0 943.321 191.03
9 1 969.692 190.931
9 2 944.085 188.839
9 3 936.017 190.452
9 4 935.212 187.692
9 5 957.27 184.366
9 6 924.151 190.867
9 7 930.4 186.513
9 8 937.295 188.371
9 9 928.218 184.269
9 10 777.632 634.351
9 11 753.733 625.665
9 12 757.715 627.89
9 13 778.45 629.547
9 14 759.115 627.294
9 15 767.498 626.92
9 16 780.339 630.629
9 17 743.538 633.483
9 18 750.695 626.762
9 19 770.047 635.061
9 20 285.436 643.923
9 21 282.395 643.031
9 22 274.738 641.571
9 23 272.663 641.36
9 24 283.574 641.706
9 25 290.249 645.628
9 26 267.819 645.225
9 27 307.042 638.12
9 28 304.402 646.786
9 29 270.355 642.021
9 30 1637.29 942.444
9 31 1657.77 943.631
9 32 1642.04 947.654
9 33 1604.98 948.976
9 34 1650.65 946.782
9 35 1625.66 950.252
9 36 1631.37 943.865
9 37 1638.06 948.211
9 38 1619.44 950.126
9 39 1635.7 944.413
9 40 1000.74 1653.21
9 41 985.306 1655.26
9 42 1022.4 1656.75
9 43 1028.08 1650.86
9 44 1028.44 1654.11
9 45 1018.97 1654.92
9 46 1036.24 1650.84
9 47 1037.74 1649.57
9 48 1002.45 1654.04
9 49 1002.72 1656.34
10 0 943.189 191.093
10 1 969.536 190.988
10 2 943.946 188.895
10 3 935.88 190.516
10 4 935.064 187.761
10 5 957.084 184.447
10 6 923.996 190.945
10 7 930.271 186.58
10 8 937.18 188.426
10 9 928.107 184.326
10 10 777.551 634.452
10 11 753.685 625.751
10 12 757.635 628.019
10 13 778.355 629.653
10 14 759.052 627.397
10 15 767.41 627.051
10 16 780.231 630.779
10 17 743.474 633.606
10 18 750.609 626.917
10 19 769.962 635.175
10 20 285.368 643.813
10 21 282.263 642.967
10 22 274.93 641.579
10 23 272.816 641.371
10 24 283.468 641.637
10 25 290.17 645.513
10 26 268.001 645.271
10 27 306.926 638.071
10 28 304.265 646.718
10 29 270.527 642.016
10 30 1637.13 942.398
10 31 1657.61 943.593
10 32 1641.87 947.606
10 33 1604.87 948.938
10 34 1650.48 946.737
10 35 1625.52 950.209
10 36 1631.23 943.826
10 37 1637.9 948.164
10 38 1619.3 950.078
10 39 1635.55 944.377
10 40 1000.88 1653.23
10 41 985.483 1655.27
10 42 1022.55 1656.76
10 43 1027.99 1650.74
10 44 1028.33 1653.97
10 45 1019.14 1654.94
10 46 1036.13 1650.76
10 47 1037.6 1649.42
10 48 1002.62 1654.05
10 49 1002.91 1656.35
