0 10 0 2037.18 0 1737.35
1 0 1068.1 878.187 
1 1 1094.68 878.052 
1 2 1068.92 876.048 
1 3 1060.79 877.663 
1 4 1060.07 874.902 
2 0 1068.04 878.141 
2 1 1094.6 878.045 
2 2 1068.85 876.033 
2 3 1060.86 877.628 
2 4 1060.15 874.91 
3 0 1067.96 878.084 
3 1 1094.47 878.034 
3 2 1068.74 875.968 
3 3 1060.95 877.58 
3 4 1060.28 874.885 
4 0 1067.85 878.094 
4 1 1094.32 878.028 
4 2 1068.6 875.93 
4 3 1060.92 877.56 
4 4 1060.26 874.871 
5 0 1067.72 878.099 
5 1 1094.17 878.026 
5 2 1068.46 875.912 
5 3 1060.83 877.552 
5 4 1060.17 874.863 
6 0 1067.59 878.103 
6 1 1094.01 878.025 
6 2 1068.31 875.902 
6 3 1060.71 877.549 
6 4 1060.05 874.86 
7 0 1067.44 878.108 
7 1 1093.84 878.024 
7 2 1068.16 875.896 
7 3 1060.58 877.548 
7 4 1059.91 874.86 
8 0 1067.3 878.112 
8 1 1093.68 878.024 
8 2 1068.01 875.892 
8 3 1060.43 877.549 
8 4 1059.75 874.861 
9 0 1067.16 878.117 
9 1 1093.51 878.024 
9 2 1067.86 875.889 
9 3 1060.29 877.55 
9 4 1059.6 874.863 
10 0 1067.01 878.122 
10 1 1093.34 878.025 
10 2 1067.71 875.886 
10 3 1060.14 877.552 
10 4 1059.43 874.864 
