0 3351
1 1982
2 4467
3 3281
4 2962
5 2679
6 762
7 1049
8 1527
9 2871
10 547
11 435
12 4374
13 4081
14 2319
15 4025
16 3459
17 976
18 676
19 1394
20 1350
21 2371
22 2489
23 3022
24 3229
25 3092
26 2437
27 2931
28 1996
29 2818
30 3280
31 4085
32 2386
33 2639
34 2411
35 2736
36 2826
37 3205
38 2588
39 3487
40 2590
41 2131
42 4116
43 3609
44 2965
45 2629
46 3220
47 3967
48 3119
49 3947
50 4119
51 3644
52 4255
53 3050
54 1895
55 3721
56 3351
57 3780
58 2782
59 5386
60 3589
61 2391
62 1496
63 3545
64 2376
65 5045
66 3279
67 1992
68 1388
69 3977
70 3167
71 4676
72 3604
73 4764
74 4495
75 4969
76 5464
77 5274
78 5064
79 3919
80 4184
81 5284
82 1441
83 5444
84 2749
85 4153
86 4103
87 5645
88 5246
89 5120
90 4189
91 2013
92 5283
93 1846
94 4158
95 2372
96 656
97 3951
