records: 20
      Record Time
Host  UsedBuffer

  49376.0 98752.0 148128.0 197504.0 246880.0 296256.0 345632.0 395008.0 444384.0 493760.0 543136.0 592512.0 641888.0 691264.0 740640.0 790016.0 839392.0 888768.0 938144.0 987520.0
0 3.0E8 7.0E8 9.0E8 1.0E9 1.3E9 9.10065408E8 -1.679869184E9 1.20130816E8 -1.869803776E9 -1.769803776E9 -8.64771072E8 -7.64771072E8 -9.59738368E8 -7.59738368E8 -5.59738368E8 -5.59738368E8 -5.59738368E8 -5.59738368E8 -4.59738368E8 -3.59738368E8
1 0.0 0.0 1.0E8 1.0E8 1.0E8 1.0E8 2.0E8 3.0E8 4.0E8 4.0E8 4.0E8 5.0E8 6.0E8 7.0E8 7.0E8 7.0E8 9.0E8 9.0E8 1.3E9 1.4E9
2 9.0E8 1.0E9 6.05032704E8 -1.689934592E9 -1.189934592E9 5.15098112E8 1.815098112E9 1.620130816E9 1.82516352E9 -1.369803776E9 -4.64771072E8 -1.64771072E8 -9.59738368E8 -9.59738368E8 -1.954705664E9 -7.54705664E8 1.45294336E8 1.85032704E9 1.95032704E9 1.055359744E9
3 0.0 0.0 1.0E8 2.0E8 2.0E8 2.0E8 2.0E8 2.0E8 2.0E8 3.0E8 3.0E8 5.0E8 6.0E8 7.0E8 8.0E8 9.0E8 1.0E9 1.0E9 1.0E9 1.0E9
4 5.0E8 9.0E8 6.05032704E8 7.05032704E8 1.005032704E9 -8.4901888E7 9.15098112E8 1.015098112E9 1.72516352E9 -1.569803776E9 -8.64771072E8 -7.64771072E8 -1.59738368E8 -5.9738368E7 1.40261632E8 2.40261632E8 2.40261632E8 1.85032704E9 2.05032704E9 -2.044640256E9
5 1.0E8 3.0E8 4.0E8 5.0E8 6.0E8 7.0E8 7.0E8 7.0E8 8.0E8 8.0E8 8.0E8 8.0E8 1.0E9 1.2E9 1.3E9 1.3E9 1.4E9 1.7E9 1.7E9 1.8E9
6 8.0E8 1.0E9 3.05032704E8 -1.689934592E9 -1.489934592E9 5.15098112E8 2.015098112E9 2.020130816E9 -2.069803776E9 -7.69803776E8 -7.64771072E8 -5.64771072E8 -7.59738368E8 -7.59738368E8 -1.254705664E9 -1.054705664E9 -5.54705664E8 -2.044640256E9 -2.044640256E9 -2.044640256E9
7 1.0E8 3.0E8 -8.94967296E8 -8.94967296E8 -1.689934592E9 -2.84901888E8 -8.4901888E7 1.520130816E9 1.520130816E9 1.820130816E9 8.30196224E8 8.30196224E8 9.30196224E8 1.030196224E9 1.030196224E9 1.130196224E9 1.230196224E9 1.35032704E9 1.55032704E9 1.55032704E9
8 5.0E8 6.0E8 7.0E8 7.0E8 1.3E9 -2.84901888E8 1.415098112E9 -4.79869184E8 1.72516352E9 1.82516352E9 -7.64771072E8 -6.64771072E8 -5.9738368E7 -5.9738368E7 -5.9738368E7 4.0261632E7 3.40261632E8 4.40261632E8 4.40261632E8 5.40261632E8
9 0.0 1.0E8 1.0E8 2.0E8 2.0E8 3.0E8 3.0E8 3.0E8 4.0E8 4.0E8 5.0E8 5.0E8 7.0E8 7.0E8 7.0E8 7.0E8 7.0E8 8.0E8 8.0E8 9.0E8
10 5.0E8 7.0E8 5.05032704E8 5.05032704E8 -1.389934592E9 5.15098112E8 1.315098112E9 -8.79869184E8 -2.069803776E9 -1.469803776E9 -7.64771072E8 -7.64771072E8 -2.59738368E8 -1.59738368E8 2.140261632E9 2.140261632E9 7.45294336E8 -2.044640256E9 -1.944640256E9 -1.844640256E9
11 7.0E8 9.0E8 9.0E8 9.0E8 9.0E8 9.0E8 1.0E9 1.420130816E9 1.720130816E9 2.020130816E9 -1.064771072E9 -8.64771072E8 -5.9738368E7 -5.9738368E7 1.940261632E9 2.040261632E9 2.140261632E9 -2.144640256E9 -2.144640256E9 -2.144640256E9
12 3.0E8 4.0E8 1.8E9 1.8E9 -1.489934592E9 1.15098112E8 2.115098112E9 9.20130816E8 1.52516352E9 1.52516352E9 1.52516352E9 1.72516352E9 8.30196224E8 9.30196224E8 -1.559738368E9 -1.259738368E9 -6.59738368E8 1.55032704E9 -1.044640256E9 3.55359744E8
13 1.0E8 1.0E8 2.0E8 3.0E8 3.0E8 3.0E8 3.0E8 4.0E8 4.0E8 4.0E8 4.0E8 4.0E8 4.0E8 4.0E8 4.0E8 5.0E8 6.0E8 7.0E8 1.2E9 1.4E9
14 3.0E8 4.0E8 -9.94967296E8 -8.94967296E8 -5.94967296E8 6.15098112E8 -1.579869184E9 9.20130816E8 2.12516352E9 -1.169803776E9 -7.64771072E8 -7.64771072E8 -3.59738368E8 -2.59738368E8 -1.59738368E8 4.0261632E7 5.40261632E8 1.55032704E9 1.55032704E9 1.65032704E9
15 2.0E8 2.0E8 2.0E8 2.0E8 2.0E8 4.0E8 6.0E8 7.0E8 9.0E8 9.0E8 9.0E8 1.0E9 1.1E9 1.1E9 1.1E9 1.1E9 1.1E9 1.1E9 1.1E9 1.1E9
16 7.0E8 7.0E8 7.0E8 7.0E8 7.0E8 -2.089934592E9 -8.9934592E7 1.10065408E8 -1.869803776E9 -7.69803776E8 -6.64771072E8 -5.64771072E8 3.40261632E8 4.40261632E8 -8.54705664E8 -6.54705664E8 -4.54705664E8 -1.744640256E9 -6.44640256E8 1.655359744E9
17 3.0E8 9.0E8 -7.94967296E8 -6.94967296E8 -2.94967296E8 3.15098112E8 1.215098112E9 1.415098112E9 2.12516352E9 -2.069803776E9 -8.64771072E8 -8.64771072E8 3.40261632E8 5.40261632E8 -7.54705664E8 -5.54705664E8 -5.54705664E8 -1.644640256E9 -4.4640256E7 1.555359744E9
18 0.0 1.0E8 1.0E8 2.0E8 3.0E8 5.0E8 5.0E8 5.0E8 5.0E8 8.0E8 8.0E8 8.0E8 8.0E8 8.0E8 9.0E8 1.0E9 1.1E9 1.3E9 1.3E9 1.3E9
19 4.0E8 4.0E8 -8.94967296E8 -6.94967296E8 -1.389934592E9 -3.84901888E8 -1.879869184E9 -7.9869184E7 1.82516352E9 2.02516352E9 -9.64771072E8 -7.64771072E8 -2.59738368E8 -2.59738368E8 1.140261632E9 1.140261632E9 1.640261632E9 1.95032704E9 -6.44640256E8 1.055359744E9
20 5.0E8 6.0E8 2.05032704E8 -1.689934592E9 -1.289934592E9 6.15098112E8 2.115098112E9 -1.97483648E9 -1.969803776E9 -9.69803776E8 -6.64771072E8 -6.64771072E8 1.40261632E8 1.40261632E8 -1.054705664E9 -2.54705664E8 1.045294336E9 -1.944640256E9 -1.144640256E9 1.455359744E9
21 5.0E8 7.0E8 -1.94967296E8 -2.089934592E9 -1.589934592E9 2.15098112E8 1.715098112E9 1.920130816E9 2.02516352E9 -1.869803776E9 -1.064771072E9 -1.064771072E9 -1.359738368E9 -1.359738368E9 -1.754705664E9 -9.54705664E8 2.45294336E8 1.65032704E9 1.95032704E9 7.55359744E8
22 4.0E8 4.0E8 5.0E8 5.0E8 8.0E8 7.15098112E8 1.215098112E9 1.315098112E9 2.02516352E9 -1.169803776E9 -9.64771072E8 -9.64771072E8 -5.9738368E7 -5.9738368E7 -1.354705664E9 -1.354705664E9 -1.354705664E9 -2.044640256E9 -1.444640256E9 9.55359744E8
23 0.0 1.0E8 4.0E8 6.0E8 8.0E8 8.0E8 8.0E8 8.0E8 8.0E8 8.0E8 8.0E8 9.0E8 9.0E8 9.0E8 1.0E9 1.0E9 1.1E9 1.2E9 1.3E9 1.5E9
24 5.0E8 5.0E8 -9.4967296E7 -1.889934592E9 -1.389934592E9 3.15098112E8 1.715098112E9 1.520130816E9 1.82516352E9 -1.169803776E9 1.830196224E9 1.830196224E9 -1.059738368E9 -9.59738368E8 1.740261632E9 1.740261632E9 5.45294336E8 1.65032704E9 1.85032704E9 9.55359744E8
25 1.0E8 2.0E8 2.0E8 3.0E8 5.0E8 5.0E8 7.0E8 8.0E8 1.0E9 1.0E9 1.1E9 1.1E9 1.1E9 1.2E9 1.2E9 1.2E9 1.2E9 1.3E9 1.4E9 1.4E9
26 0.0 2.0E8 2.0E8 4.0E8 6.0E8 7.0E8 8.0E8 9.0E8 1.1E9 1.1E9 1.4E9 1.4E9 1.5E9 1.5E9 1.6E9 1.8E9 1.9E9 1.9E9 1.9E9 2.0E9
27 1.0E8 1.0E8 1.0E8 2.0E8 2.0E8 3.0E8 3.0E8 3.0E8 5.0E8 5.0E8 5.0E8 7.0E8 7.0E8 1.0E9 1.1E9 1.4E9 1.5E9 1.6E9 1.7E9 1.7E9
28 6.0E8 7.0E8 -9.94967296E8 -7.94967296E8 -7.94967296E8 -4.84901888E8 1.215098112E9 1.820130816E9 2.120130816E9 4.2516352E8 -8.64771072E8 -7.64771072E8 -4.59738368E8 -2.59738368E8 1.940261632E9 -2.054705664E9 -2.054705664E9 -1.544640256E9 -1.344640256E9 -1.144640256E9
29 6.0E8 1.2E9 -5.94967296E8 -5.94967296E8 -9.4967296E7 -3.84901888E8 1.315098112E9 1.315098112E9 1.72516352E9 1.72516352E9 -9.64771072E8 -9.64771072E8 -4.59738368E8 -4.59738368E8 1.440261632E9 1.440261632E9 7.45294336E8 1.75032704E9 -5.44640256E8 1.255359744E9
30 3.0E8 5.0E8 5.0E8 6.0E8 8.0E8 1.0E9 1.2E9 1.2E9 -3.89934592E8 -2.89934592E8 -1.979869184E9 -1.779869184E9 -1.779869184E9 -1.779869184E9 -1.679869184E9 -1.579869184E9 -1.579869184E9 7.2516352E8 7.2516352E8 7.2516352E8
31 1.0E9 1.0E9 1.05032704E8 -1.889934592E9 -1.389934592E9 3.15098112E8 1.815098112E9 1.920130816E9 1.62516352E9 -1.569803776E9 -9.64771072E8 -8.64771072E8 -1.559738368E9 -1.459738368E9 1.340261632E9 -1.054705664E9 1.45294336E8 1.45032704E9 1.45032704E9 5.55359744E8
32 6.0E8 1.0E9 1.05032704E8 3.05032704E8 7.05032704E8 -1.84901888E8 -1.84901888E8 1.15098112E8 2.12516352E9 -1.269803776E9 -8.64771072E8 -7.64771072E8 2.40261632E8 6.40261632E8 -1.154705664E9 -1.054705664E9 4.45294336E8 -1.744640256E9 -1.644640256E9 1.355359744E9
33 7.0E8 8.0E8 7.05032704E8 -1.689934592E9 -1.089934592E9 8.15098112E8 2.015098112E9 2.120130816E9 -2.069803776E9 -7.69803776E8 -7.64771072E8 -6.64771072E8 -7.59738368E8 -7.59738368E8 -6.54705664E8 -2.54705664E8 1.245294336E9 -1.944640256E9 -1.944640256E9 1.455359744E9
34 6.0E8 6.0E8 3.05032704E8 5.05032704E8 5.05032704E8 5.05032704E8 5.05032704E8 5.05032704E8 5.05032704E8 5.05032704E8 5.05032704E8 6.05032704E8 6.05032704E8 6.05032704E8 6.05032704E8 7.05032704E8 7.05032704E8 9.05032704E8 1.005032704E9 1.005032704E9
35 6.0E8 6.0E8 5032704.0 -1.989934592E9 -1.389934592E9 4.15098112E8 1.915098112E9 1.920130816E9 2.12516352E9 -8.69803776E8 -9.64771072E8 -8.64771072E8 -9.59738368E8 -7.59738368E8 1.940261632E9 -5.54705664E8 8.45294336E8 -2.144640256E9 -2.044640256E9 1.155359744E9
36 1.0E8 1.0E8 3.0E8 3.0E8 4.0E8 5.0E8 7.0E8 8.0E8 8.0E8 9.0E8 9.0E8 1.1E9 1.1E9 1.2E9 1.3E9 1.3E9 1.4E9 1.4E9 1.4E9 1.4E9
37 2.0E8 5.0E8 5.0E8 -1.194967296E9 -9.94967296E8 -2.94967296E8 -2.94967296E8 1.05032704E8 3.05032704E8 1.905032704E9 2.105032704E9 -1.989934592E9 -1.489934592E9 -1.389934592E9 -8.89934592E8 -6.89934592E8 -4.89934592E8 -4.89934592E8 -4.89934592E8 -4.89934592E8
38 0.0 3.0E8 3.0E8 4.0E8 8.0E8 9.0E8 9.0E8 1.0E9 1.1E9 1.2E9 1.3E9 1.4E9 1.5E9 1.7E9 1.9E9 2.0E9 2.0E9 2.0E9 2.1E9 2.1E9
39 3.0E8 3.0E8 3.0E8 3.0E8 6.0E8 8.0E8 9.0E8 9.0E8 9.0E8 1.0E9 1.1E9 1.1E9 1.2E9 1.3E9 1.3E9 1.3E9 1.3E9 1.4E9 1.4E9 1.6E9
40 2.0E8 3.0E8 6.0E8 7.0E8 8.0E8 8.0E8 8.0E8 8.0E8 8.0E8 8.0E8 8.0E8 9.0E8 1.0E9 1.0E9 1.1E9 1.1E9 1.2E9 1.4E9 1.5E9 1.6E9
41 2.0E8 3.0E8 4.0E8 6.0E8 6.0E8 7.0E8 9.0E8 1.1E9 1.1E9 1.2E9 1.2E9 1.2E9 1.4E9 1.4E9 1.5E9 1.7E9 1.7E9 1.8E9 1.8E9 1.8E9
42 0.0 1.0E8 1.0E8 4.0E8 4.0E8 4.0E8 4.0E8 5.0E8 6.0E8 6.0E8 8.0E8 9.0E8 9.0E8 1.0E9 1.1E9 1.1E9 1.2E9 1.4E9 1.5E9 1.6E9
43 1.0E8 1.0E8 2.0E8 2.0E8 2.0E8 2.0E8 3.0E8 5.0E8 7.0E8 7.0E8 8.0E8 8.0E8 8.0E8 9.0E8 1.0E9 1.1E9 1.4E9 1.5E9 1.5E9 1.7E9
44 0.0 0.0 0.0 0.0 0.0 1.0E8 2.0E8 2.0E8 3.0E8 3.0E8 4.0E8 5.0E8 9.0E8 1.0E9 1.2E9 1.3E9 1.4E9 1.4E9 1.4E9 1.5E9
45 1.0E8 1.0E8 2.0E8 3.0E8 3.0E8 6.0E8 6.0E8 6.0E8 6.0E8 6.0E8 6.0E8 6.0E8 7.0E8 8.0E8 8.0E8 9.0E8 9.0E8 1.0E9 1.1E9 1.3E9
46 2.0E8 2.0E8 4.0E8 4.0E8 4.0E8 5.0E8 5.0E8 5.0E8 6.0E8 7.0E8 7.0E8 7.0E8 7.0E8 9.0E8 1.1E9 1.1E9 1.2E9 1.3E9 1.3E9 1.3E9
47 0.0 0.0 2.0E8 2.0E8 2.0E8 2.0E8 4.0E8 5.0E8 5.0E8 1.3E9 1.3E9 1.4E9 1.4E9 1.5E9 1.5E9 1.6E9 1.7E9 1.7E9 1.8E9 1.8E9
48 0.0 0.0 1.0E8 2.0E8 2.0E8 3.0E8 4.0E8 4.0E8 4.0E8 5.0E8 5.0E8 5.0E8 5.0E8 6.0E8 6.0E8 6.0E8 7.0E8 8.0E8 8.0E8 9.0E8
49 0.0 1.0E8 2.0E8 2.0E8 2.0E8 2.0E8 3.0E8 3.0E8 3.0E8 4.0E8 4.0E8 5.0E8 8.0E8 1.0E9 1.1E9 1.3E9 1.4E9 1.5E9 1.5E9 1.6E9
50 0.0 3.0E8 4.0E8 7.0E8 7.0E8 8.0E8 1.1E9 1.1E9 1.2E9 1.3E9 1.4E9 1.5E9 1.6E9 1.6E9 1.7E9 1.7E9 1.7E9 1.8E9 1.9E9 2.0E9
51 1.0E8 1.0E8 1.0E8 1.0E8 2.0E8 2.0E8 2.0E8 2.0E8 2.0E8 3.0E8 4.0E8 5.0E8 5.0E8 5.0E8 6.0E8 6.0E8 7.0E8 8.0E8 9.0E8 9.0E8
