0 3351
1 1981
2 4470
3 3279
4 2959
5 2674
6 763
7 1055
8 1525
9 2865
10 546
11 435
12 4370
13 4082
14 2319
15 4024
16 3450
17 976
18 676
19 1393
20 1350
21 2375
22 2488
23 3026
24 3229
25 3092
26 2436
27 2932
28 1997
29 2818
30 3278
31 4085
32 2387
33 2635
34 2410
35 2739
36 2831
37 3203
38 2584
39 3486
40 2591
41 2136
42 4116
43 3606
44 2966
45 2629
46 3217
47 3970
48 3120
49 3945
50 4115
51 3640
52 4259
53 3050
54 1896
55 3722
56 3357
57 3778
58 2784
59 5384
60 3588
61 2390
62 1494
63 3542
64 2378
65 5048
66 3278
67 1992
68 1389
69 3977
70 3167
71 4680
72 3603
73 4765
74 4495
75 4973
76 5467
77 5264
78 5064
79 3919
80 4185
81 5286
82 1442
83 5444
84 2749
85 4151
86 4107
87 5650
88 5243
89 5120
90 4188
91 2012
92 5286
93 1842
94 4156
95 2373
96 657
97 3951
