0 3351
1 1982
2 4464
3 3280
4 2962
5 2678
6 762
7 1051
8 1527
9 2867
10 545
11 435
12 4370
13 4082
14 2319
15 4024
16 3452
17 976
18 676
19 1394
20 1350
21 2371
22 2483
23 3022
24 3229
25 3093
26 2433
27 2930
28 1997
29 2813
30 3281
31 4083
32 2386
33 2635
34 2410
35 2737
36 2826
37 3205
38 2585
39 3487
40 2590
41 2129
42 4114
43 3605
44 2965
45 2627
46 3218
47 3967
48 3119
49 3943
50 4117
51 3639
52 4258
53 3048
54 1891
55 3722
56 3354
57 3778
58 2783
59 5381
60 3592
61 2390
62 1495
63 3542
64 2375
65 5047
66 3276
67 1991
68 1388
69 3979
70 3167
71 4673
72 3604
73 4764
74 4498
75 4969
76 5464
77 5266
78 5061
79 3919
80 4185
81 5285
82 1441
83 5445
84 2749
85 4152
86 4107
87 5653
88 5244
89 5120
90 4187
91 2014
92 5284
93 1845
94 4159
95 2371
96 657
97 3953
