records: 20
      Record Time
Host  UsedBuffer

  16870.0 33740.0 50610.0 67480.0 84350.0 101220.0 118090.0 134960.0 151830.0 168700.0 185570.0 202440.0 219310.0 236180.0 253050.0 269920.0 286790.0 303660.0 320530.0 337400.0
0 2000000.0 4000000.0 2.6E7 4.3E7 6.1E7 6.7E7 6.8E7 7.1E7 1.2E8 1.35E8 1.37E8 1.39E8 1.48E8 1.8E8 1.86E8 1.96E8 1.96E8 2.06E8 2.27E8 2.39E8
1 0.0 1000000.0 1000000.0 2000000.0 2000000.0 3000000.0 3000000.0 3000000.0 3000000.0 3000000.0 4000000.0 4000000.0 4000000.0 4000000.0 4000000.0 4000000.0 4000000.0 4000000.0 4000000.0 4000000.0
2 2000000.0 4000000.0 3.0E7 4.2E7 5.9E7 6.6E7 6.7E7 7.0E7 1.18E8 1.32E8 1.34E8 1.36E8 1.36E8 1.76E8 1.85E8 1.88E8 1.99E8 2.03E8 2.27E8 2.36E8
3 0.0 0.0 0.0 0.0 0.0 0.0 1000000.0 1000000.0 1000000.0 1000000.0 1000000.0 1000000.0 1000000.0 1000000.0 1000000.0 2000000.0 2000000.0 2000000.0 2000000.0 2000000.0
4 1000000.0 1000000.0 1000000.0 1000000.0 1000000.0 2000000.0 2000000.0 2000000.0 2000000.0 2000000.0 3000000.0 3000000.0 3000000.0 3000000.0 4000000.0 4000000.0 4000000.0 5000000.0 6000000.0 6000000.0
5 0.0 0.0 0.0 4.2E7 6.3E7 6.6E7 6.9E7 6.9E7 1.19E8 1.29E8 1.38E8 1.4E8 1.4E8 1.8E8 1.88E8 1.91E8 1.91E8 1.93E8 2.32E8 2.32E8
6 0.0 0.0 0.0 4.1E7 5.1E7 6.4E7 6.4E7 7.9E7 1.18E8 1.33E8 1.35E8 1.36E8 1.36E8 1.79E8 1.87E8 1.87E8 1.98E8 1.98E8 2.01E8 2.01E8
7 0.0 0.0 1000000.0 1000000.0 1000000.0 1000000.0 1000000.0 1000000.0 1000000.0 1000000.0 1000000.0 1000000.0 1000000.0 1000000.0 1000000.0 1000000.0 2000000.0 2000000.0 2000000.0 3000000.0
8 0.0 0.0 0.0 0.0 0.0 0.0 0.0 0.0 0.0 0.0 0.0 0.0 0.0 0.0 0.0 0.0 0.0 1000000.0 1000000.0 1000000.0
9 0.0 1000000.0 1000000.0 1000000.0 1000000.0 1000000.0 2000000.0 2000000.0 2000000.0 2000000.0 2000000.0 2000000.0 2000000.0 3000000.0 3000000.0 4000000.0 4000000.0 4000000.0 4000000.0 5000000.0
10 0.0 0.0 0.0 0.0 0.0 0.0 0.0 0.0 1000000.0 2000000.0 3000000.0 3000000.0 3000000.0 3000000.0 3000000.0 3000000.0 3000000.0 3000000.0 3000000.0 4000000.0
11 0.0 0.0 0.0 0.0 0.0 3000000.0 3000000.0 3000000.0 3000000.0 3000000.0 3000000.0 3000000.0 3000000.0 3000000.0 3000000.0 3000000.0 3000000.0 3000000.0 3000000.0 3000000.0
12 0.0 0.0 0.0 0.0 0.0 0.0 0.0 0.0 0.0 0.0 0.0 0.0 0.0 0.0 0.0 0.0 1000000.0 1000000.0 1000000.0 2000000.0
13 2000000.0 4000000.0 3.0E7 4.4E7 5.9E7 6.5E7 6.6E7 6.9E7 1.18E8 1.33E8 1.35E8 1.37E8 1.37E8 1.76E8 1.76E8 1.76E8 1.76E8 1.77E8 1.77E8 1.77E8
14 2000000.0 4000000.0 2.9E7 4.2E7 5.6E7 6.5E7 6.6E7 6.7E7 1.18E8 1.33E8 1.35E8 1.37E8 1.46E8 1.77E8 1.78E8 1.78E8 1.78E8 1.79E8 1.79E8 1.79E8
15 0.0 0.0 0.0 0.0 0.0 0.0 0.0 0.0 0.0 0.0 0.0 0.0 0.0 0.0 0.0 0.0 0.0 0.0 0.0 0.0
16 0.0 0.0 0.0 0.0 0.0 0.0 0.0 0.0 0.0 0.0 0.0 0.0 0.0 0.0 0.0 0.0 0.0 0.0 0.0 0.0
17 1000000.0 1000000.0 3000000.0 9000000.0 1.0E7 1.0E7 1.1E7 1.4E7 9.7E7 1.3E8 1.37E8 1.38E8 1.38E8 1.38E8 1.38E8 1.38E8 2.01E8 2.01E8 2.02E8 2.02E8
18 0.0 0.0 0.0 1000000.0 1000000.0 1000000.0 1000000.0 1000000.0 1000000.0 2000000.0 2000000.0 2000000.0 2000000.0 2000000.0 3000000.0 3000000.0 3000000.0 3000000.0 3000000.0 3000000.0
19 0.0 0.0 0.0 0.0 0.0 0.0 1000000.0 3000000.0 3000000.0 3000000.0 3000000.0 3000000.0 3000000.0 3000000.0 3000000.0 3000000.0 3000000.0 3000000.0 3000000.0 3000000.0
20 0.0 0.0 0.0 0.0 0.0 0.0 0.0 0.0 0.0 0.0 0.0 0.0 0.0 1000000.0 1000000.0 1000000.0 1000000.0 1000000.0 1000000.0 2000000.0
21 0.0 0.0 0.0 0.0 0.0 0.0 0.0 2000000.0 2000000.0 2000000.0 2000000.0 2000000.0 2000000.0 2000000.0 2000000.0 2000000.0 2000000.0 2000000.0 2000000.0 2000000.0
22 4000000.0 8000000.0 3.0E7 4.2E7 5.0E7 5.0E7 5.0E7 5.6E7 1.2E8 1.32E8 1.32E8 1.32E8 1.32E8 1.32E8 1.33E8 1.33E8 1.34E8 1.34E8 1.34E8 1.34E8
23 0.0 2000000.0 3000000.0 3000000.0 3000000.0 3000000.0 3000000.0 3000000.0 3000000.0 3000000.0 3000000.0 4000000.0 4000000.0 4000000.0 4000000.0 4000000.0 4000000.0 4000000.0 4000000.0 4000000.0
24 0.0 0.0 1000000.0 2000000.0 2000000.0 2000000.0 2000000.0 2000000.0 2000000.0 2000000.0 2000000.0 2000000.0 2000000.0 2000000.0 2000000.0 2000000.0 2000000.0 3000000.0 3000000.0 3000000.0
25 4000000.0 5000000.0 5000000.0 5000000.0 5.9E7 6.4E7 6.5E7 6.6E7 1.19E8 1.34E8 1.4E8 1.4E8 1.4E8 1.77E8 1.85E8 1.93E8 1.93E8 1.93E8 2.25E8 2.31E8
26 0.0 0.0 0.0 2000000.0 3000000.0 4000000.0 4000000.0 4000000.0 4000000.0 4000000.0 4000000.0 4000000.0 4000000.0 4000000.0 4000000.0 4000000.0 4000000.0 4000000.0 4000000.0 4000000.0
27 0.0 1000000.0 1000000.0 1000000.0 1000000.0 1000000.0 1000000.0 1000000.0 2000000.0 2000000.0 2000000.0 2000000.0 2000000.0 3000000.0 3000000.0 3000000.0 3000000.0 3000000.0 3000000.0 3000000.0
28 0.0 0.0 0.0 0.0 0.0 0.0 0.0 0.0 1000000.0 1000000.0 1000000.0 1000000.0 1000000.0 1000000.0 2000000.0 2000000.0 2000000.0 2000000.0 3000000.0 3000000.0
29 0.0 0.0 0.0 0.0 0.0 0.0 0.0 0.0 0.0 0.0 0.0 0.0 0.0 0.0 0.0 0.0 0.0 0.0 1000000.0 2000000.0
30 3000000.0 3000000.0 3000000.0 4.1E7 4.1E7 4.1E7 4.4E7 7.3E7 1.13E8 1.34E8 1.4E8 1.41E8 1.41E8 1.79E8 1.87E8 1.88E8 1.99E8 1.99E8 1.99E8 2.39E8
31 0.0 0.0 0.0 0.0 1000000.0 1000000.0 1000000.0 1000000.0 1000000.0 1000000.0 1000000.0 1000000.0 1000000.0 1000000.0 1000000.0 1000000.0 1000000.0 2000000.0 3000000.0 4000000.0
32 0.0 0.0 0.0 0.0 0.0 0.0 0.0 1000000.0 1000000.0 1000000.0 1000000.0 1000000.0 2000000.0 2000000.0 3000000.0 3000000.0 3000000.0 3000000.0 4000000.0 4000000.0
33 1000000.0 1000000.0 3.0E7 4.3E7 4.6E7 4.7E7 4.7E7 5.0E7 1.2E8 1.35E8 1.41E8 1.41E8 1.42E8 1.42E8 1.43E8 1.43E8 1.44E8 1.44E8 1.44E8 1.44E8
34 0.0 0.0 0.0 0.0 0.0 0.0 1000000.0 1000000.0 3000000.0 3000000.0 3000000.0 3000000.0 3000000.0 3000000.0 3000000.0 3000000.0 3000000.0 3000000.0 3000000.0 3000000.0
35 5000000.0 7000000.0 3.0E7 4.1E7 5.6E7 5.6E7 5.8E7 7.9E7 1.21E8 1.25E8 1.42E8 1.42E8 1.49E8 1.76E8 1.89E8 1.92E8 1.92E8 1.92E8 2.35E8 2.43E8
36 0.0 1000000.0 1000000.0 1000000.0 1000000.0 2000000.0 2000000.0 2000000.0 2000000.0 3000000.0 3000000.0 3000000.0 3000000.0 3000000.0 4000000.0 4000000.0 5000000.0 5000000.0 6000000.0 6000000.0
37 0.0 0.0 1000000.0 1000000.0 1000000.0 1000000.0 1000000.0 1000000.0 1000000.0 2000000.0 2000000.0 2000000.0 2000000.0 2000000.0 2000000.0 2000000.0 2000000.0 2000000.0 2000000.0 2000000.0
38 1000000.0 2000000.0 2000000.0 3000000.0 6.2E7 6.5E7 6.5E7 7.7E7 1.17E8 1.26E8 1.37E8 1.37E8 1.39E8 1.62E8 1.82E8 1.85E8 1.86E8 1.86E8 1.86E8 1.86E8
39 0.0 0.0 0.0 1000000.0 1000000.0 1000000.0 1000000.0 2000000.0 2000000.0 2000000.0 2000000.0 2000000.0 2000000.0 2000000.0 2000000.0 2000000.0 2000000.0 2000000.0 2000000.0 2000000.0
40 0.0 0.0 0.0 0.0 0.0 0.0 0.0 0.0 0.0 0.0 0.0 0.0 0.0 0.0 0.0 1000000.0 1000000.0 1000000.0 1000000.0 1000000.0
41 0.0 1000000.0 1000000.0 1000000.0 1000000.0 1000000.0 1000000.0 1000000.0 1000000.0 1000000.0 1000000.0 1000000.0 1000000.0 1000000.0 3000000.0 3000000.0 3000000.0 4000000.0 4000000.0 4000000.0
42 0.0 0.0 0.0 0.0 0.0 0.0 0.0 0.0 0.0 0.0 1000000.0 1000000.0 1000000.0 1000000.0 1000000.0 1000000.0 3000000.0 3000000.0 3000000.0 3000000.0
43 2000000.0 3000000.0 2.9E7 3.3E7 4.3E7 4.3E7 4.5E7 7.9E7 1.2E8 1.35E8 1.41E8 1.41E8 1.41E8 1.78E8 1.89E8 1.92E8 1.94E8 1.94E8 2.33E8 2.37E8
44 0.0 0.0 1000000.0 1000000.0 1000000.0 1000000.0 1000000.0 1000000.0 1000000.0 1000000.0 1000000.0 1000000.0 1000000.0 1000000.0 1000000.0 1000000.0 1000000.0 1000000.0 1000000.0 1000000.0
45 0.0 1000000.0 1000000.0 1000000.0 1000000.0 1000000.0 1000000.0 1000000.0 1000000.0 2000000.0 3000000.0 3000000.0 4000000.0 5000000.0 5000000.0 5000000.0 5000000.0 5000000.0 5000000.0 5000000.0
46 0.0 0.0 1000000.0 1000000.0 1000000.0 1000000.0 1000000.0 1000000.0 1000000.0 1000000.0 2000000.0 2000000.0 2000000.0 2000000.0 2000000.0 2000000.0 2000000.0 2000000.0 2000000.0 2000000.0
47 5000000.0 7000000.0 2.9E7 4.0E7 5.6E7 6.5E7 6.9E7 7.1E7 1.2E8 1.35E8 1.41E8 1.42E8 1.42E8 1.77E8 1.88E8 1.9E8 1.9E8 1.9E8 2.34E8 2.4E8
48 0.0 0.0 0.0 0.0 1000000.0 1000000.0 1000000.0 1000000.0 1000000.0 1000000.0 1000000.0 1000000.0 1000000.0 2000000.0 2000000.0 2000000.0 2000000.0 2000000.0 2000000.0 2000000.0
49 1000000.0 1000000.0 3.0E7 4.3E7 6.3E7 6.4E7 6.4E7 8.1E7 1.2E8 1.34E8 1.34E8 1.35E8 1.35E8 1.8E8 1.88E8 1.99E8 1.99E8 1.99E8 2.34E8 2.4E8
50 0.0 1000000.0 1000000.0 1000000.0 2000000.0 2000000.0 3000000.0 3000000.0 3000000.0 3000000.0 3000000.0 3000000.0 4000000.0 4000000.0 4000000.0 4000000.0 4000000.0 4000000.0 4000000.0 4000000.0
51 4000000.0 7000000.0 2.9E7 4.2E7 5.9E7 6.4E7 6.6E7 6.8E7 1.18E8 1.33E8 1.33E8 1.33E8 1.35E8 1.78E8 1.86E8 1.97E8 1.99E8 1.99E8 2.33E8 2.33E8
52 6000000.0 7000000.0 2.9E7 4.2E7 6.2E7 6.5E7 6.6E7 8.0E7 1.2E8 1.35E8 1.42E8 1.43E8 1.43E8 1.79E8 1.88E8 1.99E8 1.99E8 2.0E8 2.34E8 2.38E8
53 1000000.0 1000000.0 1000000.0 1000000.0 3000000.0 3000000.0 3000000.0 3000000.0 3000000.0 3000000.0 3000000.0 5000000.0 5000000.0 5000000.0 6000000.0 6000000.0 6000000.0 6000000.0 6000000.0 6000000.0
54 0.0 0.0 3.0E7 4.2E7 5.8E7 5.9E7 6.0E7 6.9E7 1.19E8 1.24E8 1.24E8 1.25E8 1.26E8 1.79E8 1.8E8 1.81E8 1.81E8 2.04E8 2.33E8 2.34E8
55 4000000.0 5000000.0 5000000.0 4.4E7 6.0E7 6.4E7 6.8E7 6.8E7 1.19E8 1.33E8 1.36E8 1.36E8 1.36E8 1.77E8 1.86E8 1.95E8 1.98E8 2.01E8 2.31E8 2.36E8
56 0.0 0.0 0.0 0.0 0.0 0.0 1000000.0 1000000.0 1000000.0 1000000.0 1000000.0 1000000.0 1000000.0 1000000.0 1000000.0 1000000.0 1000000.0 1000000.0 1000000.0 1000000.0
57 0.0 0.0 0.0 0.0 0.0 0.0 0.0 0.0 0.0 0.0 0.0 0.0 0.0 0.0 0.0 0.0 0.0 0.0 0.0 0.0
58 0.0 0.0 0.0 0.0 0.0 0.0 0.0 0.0 0.0 0.0 1000000.0 1000000.0 1000000.0 1000000.0 1000000.0 1000000.0 2000000.0 2000000.0 3000000.0 3000000.0
59 0.0 0.0 1000000.0 1000000.0 2000000.0 2000000.0 2000000.0 2000000.0 2000000.0 2000000.0 2000000.0 2000000.0 3000000.0 3000000.0 3000000.0 3000000.0 4000000.0 4000000.0 4000000.0 4000000.0
60 0.0 0.0 0.0 1000000.0 1000000.0 2000000.0 2000000.0 2000000.0 2000000.0 2000000.0 2000000.0 2000000.0 2000000.0 3000000.0 3000000.0 3000000.0 3000000.0 3000000.0 3000000.0 3000000.0
61 3000000.0 3000000.0 4000000.0 4.2E7 5.7E7 6.6E7 7.0E7 8.2E7 1.2E8 1.34E8 1.38E8 1.38E8 1.38E8 1.75E8 1.75E8 1.75E8 1.75E8 1.75E8 1.75E8 1.75E8
62 0.0 0.0 0.0 0.0 0.0 0.0 0.0 0.0 0.0 0.0 0.0 0.0 0.0 0.0 0.0 0.0 0.0 0.0 0.0 1000000.0
63 0.0 0.0 0.0 0.0 0.0 0.0 0.0 0.0 0.0 0.0 0.0 0.0 0.0 0.0 0.0 0.0 0.0 0.0 0.0 1000000.0
64 0.0 0.0 0.0 0.0 0.0 0.0 0.0 0.0 0.0 0.0 0.0 0.0 0.0 0.0 0.0 0.0 1000000.0 2000000.0 2000000.0 3000000.0
65 6000000.0 7000000.0 3.0E7 4.3E7 6.3E7 6.6E7 6.6E7 6.8E7 1.2E8 1.34E8 1.41E8 1.42E8 1.42E8 1.8E8 1.88E8 1.94E8 1.94E8 1.94E8 1.95E8 1.96E8
66 0.0 0.0 0.0 0.0 0.0 0.0 0.0 0.0 0.0 0.0 0.0 1000000.0 2000000.0 2000000.0 2000000.0 2000000.0 2000000.0 2000000.0 2000000.0 2000000.0
67 0.0 1000000.0 1000000.0 1000000.0 1000000.0 1000000.0 1000000.0 1000000.0 2000000.0 2000000.0 2000000.0 2000000.0 2000000.0 2000000.0 2000000.0 2000000.0 3000000.0 3000000.0 4000000.0 4000000.0
68 0.0 0.0 0.0 0.0 0.0 0.0 0.0 0.0 0.0 1000000.0 1000000.0 1000000.0 1000000.0 1000000.0 1000000.0 2000000.0 2000000.0 2000000.0 2000000.0 3000000.0
69 0.0 0.0 0.0 0.0 0.0 0.0 1000000.0 1000000.0 1000000.0 1000000.0 1000000.0 1000000.0 1000000.0 1000000.0 2000000.0 2000000.0 2000000.0 2000000.0 2000000.0 2000000.0
70 0.0 0.0 0.0 0.0 0.0 0.0 0.0 0.0 0.0 0.0 1000000.0 3000000.0 3000000.0 3000000.0 3000000.0 3000000.0 3000000.0 3000000.0 4000000.0 4000000.0
71 0.0 0.0 0.0 0.0 0.0 0.0 0.0 0.0 0.0 0.0 0.0 0.0 1000000.0 1000000.0 1000000.0 1000000.0 1000000.0 1000000.0 2000000.0 2000000.0
72 0.0 0.0 0.0 0.0 0.0 0.0 0.0 2000000.0 2000000.0 4000000.0 4000000.0 4000000.0 4000000.0 4000000.0 4000000.0 4000000.0 4000000.0 4000000.0 4000000.0 4000000.0
73 0.0 0.0 0.0 0.0 0.0 0.0 1000000.0 1000000.0 1000000.0 1000000.0 1000000.0 1000000.0 1000000.0 1000000.0 1000000.0 1000000.0 1000000.0 2000000.0 2000000.0 2000000.0
74 0.0 0.0 0.0 0.0 0.0 1000000.0 1000000.0 1000000.0 2000000.0 2000000.0 2000000.0 2000000.0 2000000.0 2000000.0 2000000.0 2000000.0 2000000.0 3000000.0 3000000.0 3000000.0
75 0.0 1000000.0 2000000.0 2000000.0 2000000.0 2000000.0 2000000.0 2000000.0 2000000.0 2000000.0 2000000.0 2000000.0 2000000.0 3000000.0 3000000.0 3000000.0 3000000.0 3000000.0 3000000.0 3000000.0
76 0.0 0.0 0.0 0.0 0.0 0.0 0.0 0.0 0.0 0.0 0.0 0.0 0.0 0.0 0.0 0.0 0.0 0.0 0.0 0.0
77 1000000.0 1000000.0 1000000.0 1000000.0 1000000.0 1000000.0 1000000.0 1000000.0 2000000.0 2000000.0 2000000.0 2000000.0 2000000.0 2000000.0 2000000.0 2000000.0 2000000.0 2000000.0 2000000.0 2000000.0
78 6000000.0 7000000.0 3.0E7 4.4E7 6.3E7 6.6E7 6.7E7 6.9E7 1.21E8 1.36E8 1.42E8 1.42E8 1.42E8 1.75E8 1.85E8 1.85E8 1.85E8 1.85E8 1.85E8 1.85E8
79 6000000.0 7000000.0 7000000.0 8000000.0 8000000.0 8000000.0 6.8E7 7.6E7 1.2E8 1.35E8 1.35E8 1.36E8 1.36E8 1.8E8 1.88E8 1.96E8 1.97E8 2.05E8 2.28E8 2.42E8
80 0.0 0.0 0.0 0.0 0.0 0.0 0.0 0.0 0.0 0.0 0.0 0.0 1000000.0 1000000.0 1000000.0 1000000.0 1000000.0 1000000.0 1000000.0 1000000.0
81 0.0 0.0 0.0 0.0 0.0 0.0 0.0 0.0 0.0 0.0 0.0 0.0 0.0 0.0 0.0 0.0 0.0 0.0 0.0 0.0
82 0.0 1000000.0 1000000.0 1000000.0 1000000.0 1000000.0 1000000.0 2000000.0 2000000.0 2000000.0 3000000.0 3000000.0 3000000.0 3000000.0 3000000.0 3000000.0 3000000.0 3000000.0 3000000.0 3000000.0
83 0.0 1000000.0 1000000.0 1000000.0 2000000.0 3000000.0 3000000.0 4000000.0 4000000.0 4000000.0 5000000.0 5000000.0 5000000.0 5000000.0 5000000.0 5000000.0 5000000.0 5000000.0 5000000.0 5000000.0
84 0.0 0.0 0.0 0.0 0.0 0.0 0.0 0.0 0.0 0.0 0.0 1000000.0 1000000.0 1000000.0 1000000.0 1000000.0 1000000.0 2000000.0 2000000.0 3000000.0
85 4000000.0 4000000.0 3.0E7 3.8E7 6.3E7 6.6E7 6.9E7 7.9E7 1.21E8 1.36E8 1.43E8 1.43E8 1.43E8 1.43E8 1.44E8 1.98E8 1.98E8 1.98E8 2.35E8 2.41E8
86 4000000.0 4000000.0 5000000.0 4.3E7 6.1E7 6.4E7 6.5E7 7.5E7 1.19E8 1.34E8 1.4E8 1.4E8 1.4E8 1.41E8 1.42E8 1.42E8 1.42E8 1.42E8 1.42E8 1.42E8
87 0.0 0.0 0.0 0.0 0.0 0.0 0.0 1000000.0 1000000.0 1000000.0 1000000.0 1000000.0 1000000.0 1000000.0 1000000.0 1000000.0 1000000.0 1000000.0 1000000.0 1000000.0
88 0.0 0.0 0.0 0.0 0.0 0.0 0.0 0.0 0.0 0.0 0.0 0.0 0.0 0.0 0.0 0.0 0.0 0.0 0.0 0.0
89 2000000.0 2000000.0 2000000.0 2000000.0 2000000.0 2000000.0 2000000.0 2000000.0 2000000.0 2000000.0 2000000.0 3000000.0 4000000.0 5000000.0 5000000.0 5000000.0 5000000.0 6000000.0 6000000.0 6000000.0
90 5000000.0 5000000.0 5000000.0 4.4E7 6.3E7 6.5E7 6.5E7 8.2E7 1.2E8 1.33E8 1.4E8 1.4E8 1.4E8 1.79E8 1.87E8 1.95E8 1.95E8 1.95E8 2.34E8 2.34E8
91 1000000.0 1000000.0 1000000.0 1000000.0 1000000.0 2000000.0 2000000.0 2000000.0 2000000.0 3000000.0 3000000.0 4000000.0 4000000.0 4000000.0 4000000.0 4000000.0 4000000.0 4000000.0 4000000.0 4000000.0
92 0.0 0.0 0.0 0.0 0.0 0.0 0.0 0.0 0.0 0.0 0.0 0.0 0.0 1000000.0 1000000.0 1000000.0 1000000.0 1000000.0 1000000.0 1000000.0
93 2000000.0 2000000.0 2.9E7 4.3E7 4.3E7 4.5E7 6.7E7 6.7E7 1.19E8 1.19E8 1.19E8 1.19E8 1.2E8 1.2E8 1.2E8 1.2E8 1.2E8 1.2E8 1.2E8 1.2E8
94 5000000.0 5000000.0 5000000.0 4.3E7 6.3E7 6.6E7 6.7E7 8.2E7 1.21E8 1.33E8 1.33E8 1.33E8 1.33E8 1.33E8 1.33E8 1.33E8 1.34E8 1.34E8 1.34E8 1.34E8
95 0.0 0.0 0.0 0.0 0.0 0.0 0.0 0.0 0.0 0.0 0.0 1000000.0 1000000.0 1000000.0 1000000.0 1000000.0 1000000.0 1000000.0 1000000.0 1000000.0
96 1000000.0 1000000.0 1000000.0 1000000.0 1000000.0 1000000.0 2000000.0 2000000.0 2000000.0 2000000.0 2000000.0 2000000.0 2000000.0 2000000.0 2000000.0 2000000.0 2000000.0 2000000.0 2000000.0 2000000.0
97 5000000.0 7000000.0 3.0E7 4.3E7 6.3E7 6.5E7 6.5E7 6.5E7 6.5E7 6.5E7 6.5E7 6.5E7 6.6E7 6.8E7 6.8E7 6.9E7 6.9E7 6.9E7 6.9E7 6.9E7
