records: 20
      Record Time
Host  UsedBuffer

  49376.0 98752.0 148128.0 197504.0 246880.0 296256.0 345632.0 395008.0 444384.0 493760.0 543136.0 592512.0 641888.0 691264.0 740640.0 790016.0 839392.0 888768.0 938144.0 987520.0
0 0.0 2.0E9 2.0E9 -1.794967296E9 -7.94967296E8 -7.94967296E8 2.05032704E8 7.05032704E8 1.205032704E9 1.205032704E9 1.205032704E9 1.205032704E9 1.705032704E9 -1.589934592E9 -5.89934592E8 -5.89934592E8 -5.89934592E8 -5.89934592E8 -8.9934592E7 4.10065408E8
1 0.0 0.0 5.0E8 5.0E8 5.0E8 5.0E8 1.0E9 1.5E9 2.0E9 2.0E9 2.0E9 -1.794967296E9 -1.294967296E9 -7.94967296E8 -7.94967296E8 -7.94967296E8 2.05032704E8 2.05032704E8 -2.089934592E9 -1.589934592E9
2 5.0E8 1.0E9 1.5E9 2.0E9 -1.794967296E9 -1.294967296E9 -7.94967296E8 -2.94967296E8 7.05032704E8 7.05032704E8 1.205032704E9 -1.589934592E9 -1.089934592E9 -1.089934592E9 -5.89934592E8 -5.89934592E8 9.10065408E8 9.10065408E8 9.10065408E8 -1.884901888E9
3 0.0 0.0 5.0E8 1.0E9 1.0E9 1.0E9 1.0E9 1.0E9 1.0E9 1.5E9 1.5E9 -1.794967296E9 -1.294967296E9 -7.94967296E8 -2.94967296E8 2.05032704E8 7.05032704E8 7.05032704E8 7.05032704E8 7.05032704E8
4 0.0 0.0 5.0E8 1.0E9 1.5E9 -7.94967296E8 -7.94967296E8 -2.94967296E8 -2.94967296E8 -2.94967296E8 7.05032704E8 1.205032704E9 -1.589934592E9 -1.089934592E9 -8.9934592E7 4.10065408E8 4.10065408E8 4.10065408E8 1.410065408E9 -1.884901888E9
5 5.0E8 1.5E9 2.0E9 -1.794967296E9 -1.294967296E9 -7.94967296E8 -7.94967296E8 -7.94967296E8 -2.94967296E8 -2.94967296E8 -2.94967296E8 -2.94967296E8 7.05032704E8 1.705032704E9 -2.089934592E9 -2.089934592E9 -1.589934592E9 -8.9934592E7 -8.9934592E7 4.10065408E8
6 5.0E8 1.5E9 2.0E9 -1.794967296E9 -1.794967296E9 -1.294967296E9 -7.94967296E8 -2.94967296E8 -2.94967296E8 7.05032704E8 -2.089934592E9 -1.089934592E9 -5.89934592E8 -5.89934592E8 -5.89934592E8 4.10065408E8 4.10065408E8 9.10065408E8 9.10065408E8 9.10065408E8
7 5.0E8 1.5E9 2.0E9 2.0E9 -1.794967296E9 -1.294967296E9 -2.94967296E8 2.05032704E8 2.05032704E8 1.705032704E9 1.705032704E9 1.705032704E9 -2.089934592E9 -1.589934592E9 -1.589934592E9 -1.089934592E9 -5.89934592E8 -5.89934592E8 4.10065408E8 4.10065408E8
8 0.0 5.0E8 1.0E9 1.0E9 1.0E9 1.5E9 2.0E9 -1.294967296E9 -1.294967296E9 -7.94967296E8 -7.94967296E8 -2.94967296E8 2.05032704E8 2.05032704E8 2.05032704E8 7.05032704E8 -2.089934592E9 -1.589934592E9 -1.589934592E9 -1.089934592E9
9 0.0 5.0E8 5.0E8 1.0E9 1.0E9 1.5E9 1.5E9 1.5E9 2.0E9 2.0E9 -1.794967296E9 -1.794967296E9 -7.94967296E8 -7.94967296E8 -7.94967296E8 -7.94967296E8 -7.94967296E8 -2.94967296E8 -2.94967296E8 2.05032704E8
10 0.0 5.0E8 5.0E8 5.0E8 5.0E8 1.0E9 1.5E9 1.5E9 -1.794967296E9 -1.794967296E9 -1.794967296E9 -1.794967296E9 -1.294967296E9 -7.94967296E8 -2.94967296E8 -2.94967296E8 -2.94967296E8 2.05032704E8 7.05032704E8 1.205032704E9
11 0.0 1.0E9 1.0E9 1.0E9 1.0E9 1.0E9 1.5E9 -1.294967296E9 2.05032704E8 1.705032704E9 -2.089934592E9 -1.089934592E9 -1.089934592E9 -1.089934592E9 -5.89934592E8 -8.9934592E7 4.10065408E8 4.10065408E8 4.10065408E8 4.10065408E8
12 0.0 5.0E8 5.0E8 5.0E8 5.0E8 5.0E8 1.0E9 1.5E9 2.0E9 2.0E9 2.0E9 -1.294967296E9 -2.94967296E8 2.05032704E8 2.05032704E8 1.705032704E9 -2.089934592E9 -2.089934592E9 -1.589934592E9 -1.089934592E9
13 5.0E8 5.0E8 1.0E9 1.5E9 1.5E9 1.5E9 1.5E9 2.0E9 2.0E9 2.0E9 2.0E9 2.0E9 2.0E9 2.0E9 2.0E9 -1.794967296E9 -1.294967296E9 -7.94967296E8 1.705032704E9 -1.589934592E9
14 5.0E8 1.0E9 1.0E9 1.5E9 2.0E9 2.0E9 -1.794967296E9 -1.294967296E9 -1.294967296E9 -2.94967296E8 2.05032704E8 2.05032704E8 7.05032704E8 1.205032704E9 1.705032704E9 -1.589934592E9 -1.589934592E9 -5.89934592E8 -5.89934592E8 -8.9934592E7
15 1.0E9 1.0E9 1.0E9 1.0E9 1.0E9 2.0E9 -1.294967296E9 -7.94967296E8 2.05032704E8 2.05032704E8 2.05032704E8 7.05032704E8 1.205032704E9 1.205032704E9 1.205032704E9 1.205032704E9 1.205032704E9 1.205032704E9 1.205032704E9 1.205032704E9
16 5.0E8 5.0E8 5.0E8 5.0E8 5.0E8 5.0E8 1.5E9 -1.794967296E9 -1.294967296E9 -1.294967296E9 -7.94967296E8 -2.94967296E8 7.05032704E8 1.205032704E9 -1.589934592E9 -5.89934592E8 4.10065408E8 1.410065408E9 -1.384901888E9 -8.84901888E8
17 5.0E8 1.5E9 2.0E9 -1.794967296E9 -7.94967296E8 -2.94967296E8 -2.94967296E8 7.05032704E8 1.205032704E9 1.205032704E9 1.205032704E9 1.205032704E9 1.705032704E9 -1.589934592E9 -5.89934592E8 4.10065408E8 4.10065408E8 9.10065408E8 1.910065408E9 -8.84901888E8
18 0.0 5.0E8 5.0E8 1.0E9 1.5E9 -1.794967296E9 -1.794967296E9 -1.794967296E9 -1.794967296E9 -2.94967296E8 -2.94967296E8 -2.94967296E8 -2.94967296E8 -2.94967296E8 2.05032704E8 7.05032704E8 1.205032704E9 -2.089934592E9 -2.089934592E9 -2.089934592E9
19 5.0E8 5.0E8 1.5E9 2.0E9 -1.794967296E9 -1.794967296E9 -1.794967296E9 -1.294967296E9 -1.294967296E9 -2.94967296E8 2.05032704E8 1.205032704E9 -2.089934592E9 -2.089934592E9 -2.089934592E9 -2.089934592E9 -2.089934592E9 -2.089934592E9 -2.089934592E9 -1.589934592E9
20 0.0 5.0E8 1.0E9 1.5E9 1.5E9 1.5E9 2.0E9 2.0E9 2.0E9 2.0E9 -1.794967296E9 -1.794967296E9 -1.794967296E9 -1.794967296E9 -1.794967296E9 -1.794967296E9 -1.294967296E9 -2.94967296E8 -2.94967296E8 -2.94967296E8
21 5.0E8 1.5E9 1.5E9 1.5E9 1.5E9 1.5E9 -1.794967296E9 -7.94967296E8 -2.94967296E8 -2.94967296E8 7.05032704E8 7.05032704E8 1.205032704E9 1.205032704E9 1.205032704E9 1.705032704E9 -2.089934592E9 -1.589934592E9 -1.089934592E9 -1.089934592E9
22 5.0E8 5.0E8 1.0E9 1.0E9 -1.794967296E9 -1.294967296E9 -1.294967296E9 -7.94967296E8 -7.94967296E8 -2.94967296E8 2.05032704E8 2.05032704E8 7.05032704E8 7.05032704E8 7.05032704E8 7.05032704E8 7.05032704E8 7.05032704E8 1.205032704E9 1.205032704E9
23 0.0 5.0E8 2.0E9 -1.294967296E9 -2.94967296E8 -2.94967296E8 -2.94967296E8 -2.94967296E8 -2.94967296E8 -2.94967296E8 -2.94967296E8 2.05032704E8 2.05032704E8 2.05032704E8 7.05032704E8 7.05032704E8 1.205032704E9 1.705032704E9 -2.089934592E9 -1.089934592E9
24 0.0 0.0 0.0 0.0 5.0E8 5.0E8 2.0E9 2.0E9 -1.794967296E9 -7.94967296E8 -2.94967296E8 -2.94967296E8 2.05032704E8 7.05032704E8 1.705032704E9 1.705032704E9 1.705032704E9 1.705032704E9 -1.589934592E9 -5.89934592E8
25 5.0E8 1.0E9 1.0E9 1.5E9 -1.794967296E9 -1.794967296E9 -7.94967296E8 -2.94967296E8 7.05032704E8 7.05032704E8 1.205032704E9 1.205032704E9 1.205032704E9 1.705032704E9 1.705032704E9 1.705032704E9 1.705032704E9 -2.089934592E9 -1.589934592E9 -1.589934592E9
26 0.0 1.0E9 1.0E9 2.0E9 -1.294967296E9 -7.94967296E8 -2.94967296E8 2.05032704E8 1.205032704E9 1.205032704E9 -1.589934592E9 -1.589934592E9 -1.089934592E9 -1.089934592E9 -5.89934592E8 4.10065408E8 9.10065408E8 9.10065408E8 9.10065408E8 1.410065408E9
27 5.0E8 5.0E8 5.0E8 1.0E9 1.0E9 1.5E9 1.5E9 1.5E9 -1.794967296E9 -1.794967296E9 -1.794967296E9 -7.94967296E8 -7.94967296E8 7.05032704E8 1.205032704E9 -1.589934592E9 -1.089934592E9 -5.89934592E8 -8.9934592E7 -8.9934592E7
28 5.0E8 5.0E8 1.0E9 2.0E9 2.0E9 -1.294967296E9 -1.294967296E9 -7.94967296E8 -2.94967296E8 7.05032704E8 1.205032704E9 1.705032704E9 1.705032704E9 -2.089934592E9 -1.589934592E9 -8.9934592E7 -8.9934592E7 -8.9934592E7 9.10065408E8 1.910065408E9
29 0.0 1.0E9 -1.794967296E9 -1.794967296E9 -1.294967296E9 -7.94967296E8 -7.94967296E8 -7.94967296E8 -2.94967296E8 -2.94967296E8 2.05032704E8 2.05032704E8 7.05032704E8 7.05032704E8 1.705032704E9 1.705032704E9 -2.089934592E9 -1.589934592E9 -1.089934592E9 -1.089934592E9
30 5.0E8 5.0E8 5.0E8 1.0E9 2.0E9 -1.294967296E9 -2.94967296E8 -2.94967296E8 1.205032704E9 1.705032704E9 -1.089934592E9 -8.9934592E7 -8.9934592E7 -8.9934592E7 4.10065408E8 9.10065408E8 9.10065408E8 1.410065408E9 1.410065408E9 1.410065408E9
31 1.5E9 1.5E9 -1.794967296E9 -1.294967296E9 -2.94967296E8 -2.94967296E8 -2.94967296E8 2.05032704E8 7.05032704E8 1.205032704E9 -1.589934592E9 -1.089934592E9 -1.089934592E9 -5.89934592E8 -5.89934592E8 -5.89934592E8 -8.9934592E7 4.10065408E8 4.10065408E8 4.10065408E8
32 1.0E9 1.0E9 1.0E9 2.0E9 -1.294967296E9 -7.94967296E8 -7.94967296E8 -2.94967296E8 2.05032704E8 7.05032704E8 1.705032704E9 -2.089934592E9 -2.089934592E9 -8.9934592E7 -8.9934592E7 4.10065408E8 9.10065408E8 1.910065408E9 -1.884901888E9 -1.384901888E9
33 0.0 5.0E8 1.0E9 1.5E9 2.0E9 -7.94967296E8 -7.94967296E8 -2.94967296E8 -2.94967296E8 7.05032704E8 1.205032704E9 1.705032704E9 -2.089934592E9 -2.089934592E9 -2.089934592E9 -2.089934592E9 -1.589934592E9 -1.589934592E9 -1.589934592E9 -1.589934592E9
34 5.0E8 5.0E8 1.5E9 -1.794967296E9 -1.794967296E9 -1.794967296E9 -1.794967296E9 -1.794967296E9 -1.794967296E9 -1.794967296E9 -1.794967296E9 -1.294967296E9 -1.294967296E9 -1.294967296E9 -1.294967296E9 -7.94967296E8 -7.94967296E8 2.05032704E8 7.05032704E8 7.05032704E8
35 1.5E9 1.5E9 1.5E9 2.0E9 -1.794967296E9 -1.794967296E9 -1.294967296E9 -2.94967296E8 2.05032704E8 1.205032704E9 1.205032704E9 1.705032704E9 1.705032704E9 -1.589934592E9 -1.089934592E9 -1.089934592E9 -5.89934592E8 -5.89934592E8 -8.9934592E7 4.10065408E8
36 5.0E8 5.0E8 1.5E9 1.5E9 2.0E9 -1.794967296E9 -7.94967296E8 -2.94967296E8 -2.94967296E8 2.05032704E8 2.05032704E8 1.205032704E9 1.205032704E9 1.705032704E9 -2.089934592E9 -2.089934592E9 -1.589934592E9 -1.589934592E9 -1.589934592E9 -1.589934592E9
37 1.0E9 1.0E9 1.0E9 1.0E9 1.5E9 2.0E9 2.0E9 -1.294967296E9 -2.94967296E8 1.205032704E9 -2.089934592E9 -1.089934592E9 -5.89934592E8 -8.9934592E7 4.10065408E8 1.410065408E9 -1.884901888E9 -1.884901888E9 -1.884901888E9 -1.884901888E9
38 0.0 1.5E9 1.5E9 2.0E9 -2.94967296E8 2.05032704E8 2.05032704E8 7.05032704E8 1.205032704E9 1.705032704E9 -2.089934592E9 -1.589934592E9 -1.089934592E9 -8.9934592E7 9.10065408E8 1.410065408E9 1.410065408E9 1.410065408E9 1.910065408E9 1.910065408E9
39 1.5E9 1.5E9 1.5E9 1.5E9 -1.294967296E9 -2.94967296E8 2.05032704E8 2.05032704E8 2.05032704E8 7.05032704E8 1.205032704E9 1.205032704E9 1.705032704E9 -2.089934592E9 -2.089934592E9 -2.089934592E9 -2.089934592E9 -1.589934592E9 -1.589934592E9 -5.89934592E8
40 1.0E9 1.5E9 -1.294967296E9 -7.94967296E8 -2.94967296E8 -2.94967296E8 -2.94967296E8 -2.94967296E8 -2.94967296E8 -2.94967296E8 -2.94967296E8 2.05032704E8 7.05032704E8 7.05032704E8 1.205032704E9 1.205032704E9 1.705032704E9 -1.589934592E9 -1.089934592E9 -5.89934592E8
41 1.0E9 1.5E9 2.0E9 -1.294967296E9 -1.294967296E9 -7.94967296E8 2.05032704E8 1.205032704E9 1.205032704E9 1.705032704E9 1.705032704E9 1.705032704E9 -1.589934592E9 -1.589934592E9 -1.089934592E9 -8.9934592E7 -8.9934592E7 4.10065408E8 4.10065408E8 4.10065408E8
42 0.0 5.0E8 5.0E8 2.0E9 2.0E9 2.0E9 2.0E9 -1.794967296E9 -1.294967296E9 -1.294967296E9 -2.94967296E8 2.05032704E8 2.05032704E8 7.05032704E8 1.205032704E9 1.205032704E9 1.705032704E9 -1.589934592E9 -1.089934592E9 -5.89934592E8
43 5.0E8 5.0E8 1.0E9 1.0E9 1.0E9 1.0E9 1.5E9 -1.794967296E9 -7.94967296E8 -7.94967296E8 -2.94967296E8 -2.94967296E8 -2.94967296E8 2.05032704E8 7.05032704E8 1.205032704E9 -1.589934592E9 -1.089934592E9 -1.089934592E9 -8.9934592E7
44 0.0 0.0 0.0 0.0 0.0 5.0E8 1.0E9 1.0E9 1.5E9 1.5E9 2.0E9 -1.794967296E9 -1.794967296E9 -1.294967296E9 -2.94967296E8 2.05032704E8 7.05032704E8 7.05032704E8 7.05032704E8 1.205032704E9
45 5.0E8 5.0E8 1.0E9 1.5E9 1.5E9 -1.294967296E9 -1.294967296E9 -1.294967296E9 -1.294967296E9 -1.294967296E9 -1.294967296E9 -1.294967296E9 -7.94967296E8 -2.94967296E8 -2.94967296E8 2.05032704E8 2.05032704E8 7.05032704E8 1.205032704E9 -2.089934592E9
46 1.0E9 1.0E9 2.0E9 2.0E9 2.0E9 -1.794967296E9 -1.794967296E9 -1.794967296E9 -1.294967296E9 -7.94967296E8 -7.94967296E8 -7.94967296E8 -7.94967296E8 2.05032704E8 1.205032704E9 1.205032704E9 1.705032704E9 -2.089934592E9 -2.089934592E9 -2.089934592E9
47 0.0 0.0 1.0E9 1.0E9 1.0E9 1.0E9 2.0E9 -1.794967296E9 -1.794967296E9 -1.794967296E9 -1.794967296E9 -1.294967296E9 -1.294967296E9 -7.94967296E8 -7.94967296E8 -2.94967296E8 2.05032704E8 2.05032704E8 7.05032704E8 7.05032704E8
48 0.0 0.0 5.0E8 1.0E9 1.0E9 1.5E9 2.0E9 2.0E9 2.0E9 -1.794967296E9 -1.794967296E9 -1.794967296E9 -1.794967296E9 -1.294967296E9 -1.294967296E9 -1.294967296E9 -7.94967296E8 -2.94967296E8 -2.94967296E8 2.05032704E8
49 0.0 5.0E8 1.0E9 1.0E9 1.0E9 1.0E9 1.5E9 1.5E9 1.5E9 2.0E9 2.0E9 -1.794967296E9 -2.94967296E8 7.05032704E8 1.205032704E9 -2.089934592E9 -1.589934592E9 -1.089934592E9 -1.089934592E9 -5.89934592E8
50 0.0 1.5E9 2.0E9 -7.94967296E8 -7.94967296E8 -2.94967296E8 1.205032704E9 1.205032704E9 1.705032704E9 -2.089934592E9 -1.589934592E9 -1.089934592E9 -5.89934592E8 -5.89934592E8 -8.9934592E7 -8.9934592E7 -8.9934592E7 4.10065408E8 9.10065408E8 1.410065408E9
51 5.0E8 5.0E8 5.0E8 5.0E8 1.0E9 1.0E9 1.0E9 1.0E9 1.0E9 1.5E9 2.0E9 -1.794967296E9 -1.794967296E9 -1.794967296E9 -1.294967296E9 -1.294967296E9 -7.94967296E8 -2.94967296E8 2.05032704E8 2.05032704E8
