records: 20
      Record Time
Host  UsedBuffer

  49376.0 98752.0 148128.0 197504.0 246880.0 296256.0 345632.0 395008.0 444384.0 493760.0 543136.0 592512.0 641888.0 691264.0 740640.0 790016.0 839392.0 888768.0 938144.0 987520.0
0 0.0 4.0E8 4.0E8 5.0E8 7.0E8 7.0E8 9.0E8 1.0E9 1.1E9 1.1E9 1.1E9 1.1E9 1.2E9 1.4E9 1.6E9 1.6E9 1.6E9 1.6E9 1.7E9 1.8E9
1 0.0 0.0 1.0E8 1.0E8 1.0E8 1.0E8 2.0E8 3.0E8 4.0E8 4.0E8 4.0E8 5.0E8 6.0E8 7.0E8 7.0E8 7.0E8 9.0E8 9.0E8 1.3E9 1.4E9
2 1.0E8 2.0E8 3.0E8 4.0E8 5.0E8 6.0E8 7.0E8 8.0E8 1.0E9 1.0E9 1.1E9 1.4E9 1.5E9 1.5E9 1.6E9 1.6E9 1.9E9 1.9E9 1.9E9 -2.094967296E9
3 0.0 0.0 1.0E8 2.0E8 2.0E8 2.0E8 2.0E8 2.0E8 2.0E8 3.0E8 3.0E8 5.0E8 6.0E8 7.0E8 8.0E8 9.0E8 1.0E9 1.0E9 1.0E9 1.0E9
4 2.0E8 5.0E8 -4.94967296E8 -3.94967296E8 -1.89934592E8 -8.4901888E7 -8.4901888E7 1.15098112E8 1.22516352E9 -1.869803776E9 8.30196224E8 1.930196224E9 -1.959738368E9 -1.859738368E9 -1.659738368E9 -1.559738368E9 -1.559738368E9 -2.044640256E9 -1.844640256E9 -1.644640256E9
5 3.0E8 7.0E8 -1.094967296E9 -4.94967296E8 1.0065408E7 -1.984901888E9 1.915098112E9 -1.279869184E9 1.32516352E9 1.82516352E9 1.82516352E9 1.930196224E9 -1.564771072E9 -1.364771072E9 2.035228928E9 2.035228928E9 1.940261632E9 -1.844640256E9 -1.844640256E9 -1.744640256E9
6 1.0E8 3.0E8 4.0E8 5.0E8 5.0E8 6.0E8 7.0E8 8.0E8 8.0E8 1.0E9 1.3E9 1.5E9 1.6E9 1.6E9 1.6E9 1.8E9 1.8E9 1.9E9 1.9E9 1.9E9
7 1.0E8 3.0E8 4.0E8 4.0E8 5.0E8 6.0E8 8.0E8 9.0E8 9.0E8 1.2E9 1.2E9 1.2E9 1.3E9 1.4E9 1.4E9 1.5E9 1.6E9 1.6E9 1.8E9 1.8E9
8 0.0 1.0E8 2.0E8 2.0E8 2.0E8 3.0E8 4.0E8 6.0E8 6.0E8 7.0E8 7.0E8 8.0E8 9.0E8 9.0E8 9.0E8 1.0E9 1.3E9 1.4E9 1.4E9 1.5E9
9 0.0 1.0E8 1.0E8 2.0E8 2.0E8 3.0E8 3.0E8 3.0E8 4.0E8 4.0E8 5.0E8 5.0E8 7.0E8 7.0E8 7.0E8 7.0E8 7.0E8 8.0E8 8.0E8 9.0E8
10 0.0 1.0E8 1.0E8 1.0E8 1.0E8 2.0E8 3.0E8 3.0E8 5.0E8 5.0E8 5.0E8 5.0E8 6.0E8 7.0E8 8.0E8 8.0E8 8.0E8 9.0E8 1.0E9 1.1E9
11 0.0 2.0E8 2.0E8 2.0E8 2.0E8 2.0E8 3.0E8 6.0E8 9.0E8 1.2E9 1.3E9 1.5E9 1.5E9 1.5E9 1.6E9 1.7E9 1.8E9 1.8E9 1.8E9 1.8E9
12 3.0E8 4.0E8 7.0E8 7.0E8 -4.89934592E8 -3.84901888E8 1.715098112E9 3.20130816E8 3.2516352E8 3.2516352E8 3.2516352E8 5.2516352E8 7.2516352E8 8.2516352E8 1.22516352E9 1.52516352E9 1.340261632E9 -1.844640256E9 -7.44640256E8 4.55359744E8
13 2.0E8 2.0E8 6.0E8 7.0E8 7.0E8 6.15098112E8 -2.079869184E9 -1.679869184E9 1.32516352E9 1.32516352E9 3.0196224E7 3.0196224E7 1.830196224E9 1.830196224E9 -2.064771072E9 -1.964771072E9 -2.59738368E8 2.05032704E9 -4.4640256E7 3.55359744E8
14 1.0E8 2.0E8 2.0E8 3.0E8 4.0E8 4.0E8 5.0E8 6.0E8 6.0E8 8.0E8 9.0E8 9.0E8 1.0E9 1.1E9 1.2E9 1.4E9 1.4E9 1.6E9 1.6E9 1.7E9
15 2.0E8 2.0E8 2.0E8 2.0E8 2.0E8 4.0E8 6.0E8 7.0E8 9.0E8 9.0E8 9.0E8 1.0E9 1.1E9 1.1E9 1.1E9 1.1E9 1.1E9 1.1E9 1.1E9 1.1E9
16 1.0E8 1.0E8 1.0E8 1.0E8 1.0E8 1.0E8 3.0E8 5.0E8 6.0E8 6.0E8 7.0E8 8.0E8 1.0E9 1.1E9 1.4E9 1.6E9 1.8E9 2.0E9 -1.994967296E9 -1.894967296E9
17 1.0E8 3.0E8 4.0E8 5.0E8 7.0E8 8.0E8 8.0E8 1.0E9 1.1E9 1.1E9 1.1E9 1.1E9 1.2E9 1.4E9 1.6E9 1.8E9 1.8E9 1.9E9 2.1E9 -1.894967296E9
18 0.0 1.0E8 1.0E8 2.0E8 3.0E8 5.0E8 5.0E8 5.0E8 5.0E8 8.0E8 8.0E8 8.0E8 8.0E8 8.0E8 9.0E8 1.0E9 1.1E9 1.3E9 1.3E9 1.3E9
19 1.0E8 1.0E8 3.0E8 4.0E8 5.0E8 5.0E8 5.0E8 6.0E8 6.0E8 8.0E8 9.0E8 1.1E9 1.3E9 1.3E9 1.3E9 1.3E9 1.3E9 1.3E9 1.3E9 1.4E9
20 0.0 1.0E8 2.0E8 3.0E8 3.0E8 3.0E8 4.0E8 4.0E8 4.0E8 4.0E8 5.0E8 5.0E8 5.0E8 5.0E8 5.0E8 5.0E8 6.0E8 8.0E8 8.0E8 8.0E8
21 1.0E8 3.0E8 3.0E8 3.0E8 3.0E8 3.0E8 5.0E8 7.0E8 8.0E8 8.0E8 1.0E9 1.0E9 1.1E9 1.1E9 1.1E9 1.2E9 1.3E9 1.4E9 1.5E9 1.5E9
22 1.0E8 1.0E8 2.0E8 2.0E8 5.0E8 6.0E8 6.0E8 7.0E8 7.0E8 8.0E8 9.0E8 9.0E8 1.0E9 1.0E9 1.0E9 1.0E9 1.0E9 1.0E9 1.1E9 1.1E9
23 0.0 1.0E8 4.0E8 6.0E8 8.0E8 8.0E8 8.0E8 8.0E8 8.0E8 8.0E8 8.0E8 9.0E8 9.0E8 9.0E8 1.0E9 1.0E9 1.1E9 1.2E9 1.3E9 1.5E9
24 0.0 0.0 0.0 0.0 1.0E8 1.0E8 4.0E8 4.0E8 5.0E8 7.0E8 8.0E8 8.0E8 9.0E8 1.0E9 1.2E9 1.2E9 1.2E9 1.2E9 1.4E9 1.6E9
25 1.0E8 2.0E8 2.0E8 3.0E8 5.0E8 5.0E8 7.0E8 8.0E8 1.0E9 1.0E9 1.1E9 1.1E9 1.1E9 1.2E9 1.2E9 1.2E9 1.2E9 1.3E9 1.4E9 1.4E9
26 0.0 2.0E8 2.0E8 9.05032704E8 1.605032704E9 -8.4901888E7 1.715098112E9 5.20130816E8 1.22516352E9 -2.069803776E9 1.030196224E9 1.030196224E9 -2.059738368E9 -2.059738368E9 1.040261632E9 1.240261632E9 -5.54705664E8 2.45294336E8 2.45294336E8 1.755359744E9
27 6.0E8 6.0E8 -2.094967296E9 1.005032704E9 1.505032704E9 -9.84901888E8 1.815098112E9 6.20130816E8 8.20130816E8 -1.369803776E9 1.330196224E9 1.530196224E9 -1.759738368E9 -1.459738368E9 8.40261632E8 1.340261632E9 -1.754705664E9 -6.4967296E8 -3.4967296E8 1.755359744E9
28 1.0E8 1.0E8 2.0E8 4.0E8 4.0E8 6.0E8 6.0E8 7.0E8 8.0E8 1.0E9 1.1E9 1.2E9 1.2E9 1.3E9 1.4E9 1.7E9 1.7E9 1.7E9 1.9E9 2.1E9
29 5.0E8 1.0E9 1.4E9 1.4E9 1.9E9 2.010065408E9 2.010065408E9 2.010065408E9 7.2516352E8 7.2516352E8 5.30196224E8 5.30196224E8 1.630196224E9 1.630196224E9 -2.064771072E9 -2.064771072E9 -5.54705664E8 1.15032704E9 -2.44640256E8 2.055359744E9
30 1.0E8 1.0E8 1.0E8 2.0E8 4.0E8 6.0E8 8.0E8 8.0E8 1.1E9 1.2E9 1.5E9 1.7E9 1.7E9 1.7E9 1.8E9 1.9E9 1.9E9 2.0E9 2.0E9 2.0E9
31 3.0E8 3.0E8 5.0E8 6.0E8 8.0E8 8.0E8 8.0E8 9.0E8 1.0E9 1.1E9 1.4E9 1.5E9 1.5E9 1.6E9 1.6E9 1.6E9 1.7E9 1.8E9 1.8E9 1.8E9
32 2.0E8 2.0E8 2.0E8 4.0E8 6.0E8 7.0E8 7.0E8 8.0E8 9.0E8 1.0E9 1.2E9 1.3E9 1.3E9 1.7E9 1.7E9 1.8E9 1.9E9 2.1E9 -2.094967296E9 -1.994967296E9
33 6.0E8 7.0E8 -3.94967296E8 1.105032704E9 2.10065408E8 9.15098112E8 2.015098112E9 8.20130816E8 1.42516352E9 -1.069803776E9 1.430196224E9 1.530196224E9 -1.559738368E9 -1.559738368E9 1.240261632E9 1.640261632E9 -1.54705664E8 -4.4967296E8 -4.4967296E8 -2.139607552E9
34 1.0E8 1.0E8 3.0E8 5.0E8 5.0E8 5.0E8 5.0E8 5.0E8 5.0E8 5.0E8 5.0E8 6.0E8 6.0E8 6.0E8 6.0E8 7.0E8 7.0E8 9.0E8 1.0E9 1.0E9
35 5.0E8 5.0E8 -2.094967296E9 9.05032704E8 1.605032704E9 -8.4901888E7 1.815098112E9 5.20130816E8 1.22516352E9 -1.269803776E9 1.630196224E9 1.730196224E9 -1.659738368E9 -1.459738368E9 9.40261632E8 1.540261632E9 -4.54705664E8 -1.244640256E9 -1.144640256E9 1.955359744E9
36 1.0E8 1.0E8 3.0E8 3.0E8 4.0E8 5.0E8 7.0E8 8.0E8 8.0E8 9.0E8 9.0E8 1.1E9 1.1E9 1.2E9 1.3E9 1.3E9 1.4E9 1.4E9 1.4E9 1.4E9
37 2.0E8 2.0E8 2.0E8 2.0E8 3.0E8 4.0E8 4.0E8 6.0E8 8.0E8 1.1E9 1.3E9 1.5E9 1.6E9 1.7E9 1.8E9 2.0E9 -2.094967296E9 -2.094967296E9 -2.094967296E9 -2.094967296E9
38 0.0 3.0E8 3.0E8 4.0E8 8.0E8 9.0E8 9.0E8 1.0E9 1.1E9 1.2E9 1.3E9 1.4E9 1.5E9 1.7E9 1.9E9 2.0E9 2.0E9 2.0E9 2.1E9 2.1E9
39 3.0E8 3.0E8 3.0E8 3.0E8 6.0E8 8.0E8 9.0E8 9.0E8 9.0E8 1.0E9 1.1E9 1.1E9 1.2E9 1.3E9 1.3E9 1.3E9 1.3E9 1.4E9 1.4E9 1.6E9
40 2.0E8 3.0E8 6.0E8 7.0E8 8.0E8 8.0E8 8.0E8 8.0E8 8.0E8 8.0E8 8.0E8 9.0E8 1.0E9 1.0E9 1.1E9 1.1E9 1.2E9 1.4E9 1.5E9 1.6E9
41 2.0E8 3.0E8 4.0E8 6.0E8 6.0E8 7.0E8 9.0E8 1.1E9 1.1E9 1.2E9 1.2E9 1.2E9 1.4E9 1.4E9 1.5E9 1.7E9 1.7E9 1.8E9 1.8E9 1.8E9
42 0.0 1.0E8 1.0E8 4.0E8 4.0E8 4.0E8 4.0E8 5.0E8 6.0E8 6.0E8 8.0E8 9.0E8 9.0E8 1.0E9 1.1E9 1.1E9 1.2E9 1.4E9 1.5E9 1.6E9
43 1.0E8 1.0E8 2.0E8 2.0E8 2.0E8 2.0E8 3.0E8 5.0E8 7.0E8 7.0E8 8.0E8 8.0E8 8.0E8 9.0E8 1.0E9 1.1E9 1.4E9 1.5E9 1.5E9 1.7E9
44 0.0 0.0 0.0 0.0 0.0 1.0E8 2.0E8 2.0E8 3.0E8 3.0E8 4.0E8 5.0E8 5.0E8 6.0E8 8.0E8 9.0E8 1.0E9 1.0E9 1.0E9 1.1E9
45 1.0E8 1.0E8 2.0E8 3.0E8 3.0E8 6.0E8 6.0E8 6.0E8 6.0E8 6.0E8 6.0E8 6.0E8 7.0E8 8.0E8 8.0E8 9.0E8 9.0E8 1.0E9 1.1E9 1.3E9
46 2.0E8 2.0E8 4.0E8 4.0E8 4.0E8 5.0E8 5.0E8 5.0E8 6.0E8 7.0E8 7.0E8 7.0E8 7.0E8 9.0E8 1.1E9 1.1E9 1.2E9 1.3E9 1.3E9 1.3E9
47 0.0 0.0 2.0E8 2.0E8 2.0E8 2.0E8 4.0E8 5.0E8 5.0E8 5.0E8 5.0E8 6.0E8 6.0E8 7.0E8 7.0E8 8.0E8 9.0E8 9.0E8 1.0E9 1.0E9
48 0.0 0.0 1.0E8 2.0E8 2.0E8 3.0E8 4.0E8 4.0E8 4.0E8 5.0E8 5.0E8 5.0E8 5.0E8 6.0E8 6.0E8 6.0E8 7.0E8 8.0E8 8.0E8 9.0E8
49 0.0 1.0E8 2.0E8 2.0E8 2.0E8 2.0E8 3.0E8 3.0E8 3.0E8 4.0E8 4.0E8 5.0E8 8.0E8 1.0E9 1.1E9 1.3E9 1.4E9 1.5E9 1.5E9 1.6E9
50 0.0 3.0E8 4.0E8 7.0E8 7.0E8 8.0E8 1.1E9 1.1E9 1.2E9 1.3E9 1.4E9 1.5E9 1.6E9 1.6E9 1.7E9 1.7E9 1.7E9 1.8E9 1.9E9 2.0E9
51 1.0E8 1.0E8 1.0E8 1.0E8 2.0E8 2.0E8 2.0E8 2.0E8 2.0E8 3.0E8 4.0E8 5.0E8 5.0E8 5.0E8 6.0E8 6.0E8 7.0E8 8.0E8 9.0E8 9.0E8
