records: 20
      Record Time
Host  UsedBuffer

  49376.0 98752.0 148128.0 197504.0 246880.0 296256.0 345632.0 395008.0 444384.0 493760.0 543136.0 592512.0 641888.0 691264.0 740640.0 790016.0 839392.0 888768.0 938144.0 987520.0
0 1.0E9 -1.294967296E9 7.05032704E8 1.205032704E9 -1.589934592E9 -6.79869184E8 -9.4967296E8 4.60392448E8 1.780523264E9 9.85555968E8 2.1258176E9 3.30850304E8 -1.028888064E9 -2.8888064E7 9.71111936E8 9.71111936E8 9.71111936E8 9.71111936E8 1.471111936E9 1.971111936E9
1 -1.794967296E9 -1.794967296E9 7.05032704E8 7.05032704E8 -5.89934592E8 -1.94967296E9 1.55032704E9 4.60392448E8 -1.604378624E9 -1.604378624E9 2.15752192E8 7.15752192E8 -1.643986176E9 -1.143986176E9 -1.143986176E9 -1.143986176E9 -1.43986176E8 -1.43986176E8 1.856013824E9 -1.938953472E9
2 2.05032704E8 7.05032704E8 4.10065408E8 -3.84901888E8 -1.679869184E9 -1.859738368E9 5.5032704E8 1.870457856E9 -1.194313216E9 -6.94313216E8 5.61046528E8 2.061046528E9 7.91242752E8 7.91242752E8 1.291242752E9 1.291242752E9 -1.503724544E9 -7.7352832E8 -7.7352832E8 -1.953397504E9
3 1.0E9 1.0E9 7.05032704E8 1.205032704E9 -2.089934592E9 -3.59738368E8 1.845294336E9 7.55359744E8 1.07549056E9 -1.4444032E7 1.258176E8 -6.69149696E8 -1.32385536E9 -8.2385536E8 -3.2385536E8 1.7614464E8 6.7614464E8 6.7614464E8 6.7614464E8 6.7614464E8
4 1.5E9 -1.294967296E9 -2.94967296E8 2.05032704E8 -5.89934592E8 -6.54705664E8 -6.54705664E8 -1.54705664E8 -1.809411328E9 -8.09411328E8 2.1258176E9 -1.669149696E9 1.445948416E9 1.945948416E9 -1.34901888E9 -8.4901888E8 -8.4901888E8 4.06340864E8 1.406340864E9 -1.888626432E9
5 5.0E8 1.5E9 2.0E9 -1.794967296E9 -1.294967296E9 -7.94967296E8 -7.94967296E8 -7.94967296E8 -2.94967296E8 -2.94967296E8 -2.94967296E8 -2.94967296E8 7.05032704E8 1.705032704E9 -2.089934592E9 -2.089934592E9 -1.589934592E9 -8.9934592E7 -8.9934592E7 4.10065408E8
6 -2.94967296E8 7.05032704E8 -5.89934592E8 4.10065408E8 -8.84901888E8 2.55359744E8 1.65425152E8 -9.2450944E8 -1.39934592E9 1.0065408E8 -1.259084288E9 -2.59084288E8 -2.003724544E9 -2.003724544E9 -2.003724544E9 -1.003724544E9 1.996275456E9 1.22647168E9 1.22647168E9 1.22647168E9
7 5.0E8 1.5E9 2.0E9 2.0E9 -1.794967296E9 -1.294967296E9 -2.94967296E8 2.05032704E8 2.05032704E8 1.705032704E9 1.705032704E9 1.705032704E9 -2.089934592E9 -1.589934592E9 -1.589934592E9 -1.089934592E9 -5.89934592E8 -5.89934592E8 4.10065408E8 4.10065408E8
8 1.5E9 2.0E9 -1.794967296E9 -1.794967296E9 -1.794967296E9 8.45294336E8 1.345294336E9 -3.9607552E7 1.370457856E9 1.870457856E9 6.258176E8 1.1258176E9 5.35883008E8 5.35883008E8 5.35883008E8 1.035883008E9 -1.759084288E9 -1.259084288E9 -1.259084288E9 -7.59084288E8
9 1.0E9 1.5E9 -1.294967296E9 -7.94967296E8 -2.089934592E9 -3.59738368E8 -4.4967296E8 -1.744640256E9 -2.44640256E8 -2.44640256E8 -1.4444032E7 -1.4444032E7 -1.669149696E9 -1.669149696E9 -1.669149696E9 -1.669149696E9 -1.669149696E9 -1.169149696E9 -1.169149696E9 -6.69149696E8
10 0.0 5.0E8 5.0E8 5.0E8 5.0E8 1.0E9 1.5E9 1.5E9 -1.794967296E9 -1.794967296E9 -1.794967296E9 -1.794967296E9 -1.294967296E9 -7.94967296E8 -2.94967296E8 -2.94967296E8 -2.94967296E8 2.05032704E8 7.05032704E8 1.205032704E9
11 0.0 1.0E9 1.0E9 1.0E9 1.0E9 1.0E9 1.5E9 -1.294967296E9 2.05032704E8 1.705032704E9 -2.089934592E9 -1.089934592E9 -1.089934592E9 -1.089934592E9 -5.89934592E8 -8.9934592E7 4.10065408E8 4.10065408E8 4.10065408E8 4.10065408E8
12 1.5E9 2.0E9 -7.94967296E8 -7.94967296E8 -2.089934592E9 -6.4771072E7 -1.359738368E9 6.90588672E8 1.305686784E9 1.305686784E9 1.305686784E9 -1.989280512E9 -4.89280512E8 1.0719488E7 1.0719488E7 1.510719488E9 7.15752192E8 -1.43986176E8 -2.8888064E7 9.71111936E8
13 1.5E9 1.5E9 -7.94967296E8 -2.94967296E8 -2.94967296E8 -1.654705664E9 -9.4967296E8 -3.9607552E7 2.15752192E8 2.15752192E8 -1.964116992E9 -1.964116992E9 1.856013824E9 1.856013824E9 -4.38953472E8 6.1046528E7 -7.33920768E8 -1.478561024E9 -1.27352832E9 3.41569792E8
14 5.0E8 1.0E9 1.0E9 1.5E9 2.0E9 2.0E9 -1.794967296E9 -1.294967296E9 -1.294967296E9 -2.94967296E8 2.05032704E8 2.05032704E8 7.05032704E8 1.205032704E9 1.705032704E9 -1.589934592E9 -1.589934592E9 -5.89934592E8 -5.89934592E8 -8.9934592E7
15 -1.294967296E9 -1.294967296E9 -2.94967296E8 2.05032704E8 2.05032704E8 -1.064771072E9 -1.834574848E9 9.85555968E8 -1.39934592E9 -8.9934592E8 1.356013824E9 1.856013824E9 -2.118822656E9 -2.118822656E9 -2.118822656E9 -2.118822656E9 -2.118822656E9 -4.78561024E8 -4.78561024E8 -4.78561024E8
16 -7.94967296E8 -7.94967296E8 -7.94967296E8 -7.94967296E8 -7.94967296E8 -1.089934592E9 -8.9934592E7 9.10065408E8 -1.219476736E9 2.80523264E8 -1.194313216E9 -6.94313216E8 9.45948416E8 1.445948416E9 6.5098112E8 1.65098112E9 -1.643986176E9 1.881177344E9 -9.13789952E8 1.611373568E9
17 5.0E8 1.5E9 2.0E9 -1.794967296E9 -7.94967296E8 -2.94967296E8 -2.94967296E8 7.05032704E8 1.205032704E9 1.205032704E9 1.205032704E9 1.205032704E9 1.705032704E9 -1.589934592E9 -5.89934592E8 4.10065408E8 4.10065408E8 9.10065408E8 1.910065408E9 -8.84901888E8
18 0.0 5.0E8 5.0E8 1.0E9 1.5E9 -1.794967296E9 -1.794967296E9 -1.794967296E9 -1.794967296E9 -2.94967296E8 -2.94967296E8 -2.94967296E8 -2.94967296E8 -2.94967296E8 2.05032704E8 7.05032704E8 1.205032704E9 -2.089934592E9 -2.089934592E9 -2.089934592E9
19 5.0E8 5.0E8 1.5E9 2.0E9 -1.794967296E9 -1.794967296E9 -1.794967296E9 -1.294967296E9 -1.294967296E9 -2.94967296E8 2.05032704E8 1.205032704E9 -2.089934592E9 -2.089934592E9 -2.089934592E9 -2.089934592E9 -2.089934592E9 -2.089934592E9 -2.089934592E9 -1.589934592E9
20 -1.794967296E9 -1.294967296E9 1.705032704E9 -1.589934592E9 -1.589934592E9 2.02516352E9 -1.359738368E9 -1.809411328E9 -6.94313216E8 1.805686784E9 7.40915712E8 7.40915712E8 -1.503724544E9 -1.503724544E9 -3724544.0 -3724544.0 4.96275456E8 -1.27352832E9 -1.27352832E9 7.516352E8
21 -1.794967296E9 -7.94967296E8 2.05032704E8 7.05032704E8 7.05032704E8 1.435228928E9 -5.39607552E8 1.485555968E9 -3.9934592E8 -3.9934592E8 -5.54051584E8 -5.54051584E8 1.7614464E8 1.7614464E8 6.7614464E8 1.17614464E9 1.67614464E9 1.521438976E9 -1.27352832E9 5.46602496E8
22 1.5E9 1.5E9 2.0E9 2.0E9 -7.94967296E8 -1.884901888E9 -1.884901888E9 -1.384901888E9 -1.539607552E9 4.60392448E8 1.985555968E9 1.985555968E9 -1.528888064E9 -1.528888064E9 -2.8888064E7 -2.8888064E7 -2.8888064E7 1.70130816E9 4.06340864E8 2.1438976E7
23 -1.294967296E9 2.05032704E8 1.705032704E9 -1.589934592E9 -5.89934592E8 -8.84901888E8 -6.79869184E8 1.02516352E9 1.02516352E9 1.02516352E9 1.02516352E9 1.52516352E9 1.52516352E9 1.52516352E9 2.02516352E9 2.02516352E9 -1.769803776E9 1.230196224E9 -6.4771072E7 9.35228928E8
24 0.0 0.0 0.0 0.0 5.0E8 5.0E8 2.0E9 2.0E9 -1.794967296E9 -7.94967296E8 -2.94967296E8 -2.94967296E8 2.05032704E8 7.05032704E8 1.705032704E9 1.705032704E9 1.705032704E9 1.705032704E9 -1.589934592E9 -5.89934592E8
25 -7.94967296E8 2.05032704E8 1.205032704E9 1.705032704E9 9.10065408E8 -1.384901888E9 -1.179869184E9 1.02516352E9 2.30196224E8 2.30196224E8 7.30196224E8 7.30196224E8 7.30196224E8 1.230196224E9 1.230196224E9 1.230196224E9 1.230196224E9 1.730196224E9 4.35228928E8 4.35228928E8
26 0.0 1.0E9 1.0E9 2.0E9 -1.294967296E9 -7.94967296E8 -2.94967296E8 2.05032704E8 1.205032704E9 1.205032704E9 -1.589934592E9 -1.589934592E9 -1.089934592E9 -1.089934592E9 -5.89934592E8 4.10065408E8 9.10065408E8 9.10065408E8 9.10065408E8 1.410065408E9
27 -2.94967296E8 -2.94967296E8 7.05032704E8 1.705032704E9 1.705032704E9 -3.59738368E8 1.460392448E9 1.57549056E9 -1.719476736E9 -1.219476736E9 -1.84901888E9 -8.4901888E8 1.291242752E9 -1.503724544E9 -1.003724544E9 4.96275456E8 9.96275456E8 1.521438976E9 2.2647168E8 2.046602496E9
28 -1.294967296E9 -7.94967296E8 1.205032704E9 -1.089934592E9 -1.089934592E9 -1.269803776E9 1.730196224E9 -5.64771072E8 4.35228928E8 1.435228928E9 9.20784896E8 1.420784896E9 -2.59084288E8 7.40915712E8 -2.054051584E9 -5.54051584E8 -5.54051584E8 1.17614464E9 -2.118822656E9 -1.118822656E9
29 0.0 1.0E9 -1.794967296E9 -1.794967296E9 -1.294967296E9 -7.94967296E8 -7.94967296E8 -7.94967296E8 -2.94967296E8 -2.94967296E8 2.05032704E8 2.05032704E8 7.05032704E8 7.05032704E8 1.705032704E9 1.705032704E9 -2.089934592E9 -1.589934592E9 -1.089934592E9 -1.089934592E9
30 5.0E8 5.0E8 5.0E8 1.0E9 2.0E9 -1.294967296E9 -2.94967296E8 -2.94967296E8 1.205032704E9 1.705032704E9 -1.089934592E9 -8.9934592E7 -8.9934592E7 -8.9934592E7 4.10065408E8 9.10065408E8 9.10065408E8 1.410065408E9 1.410065408E9 1.410065408E9
31 1.5E9 1.5E9 -1.794967296E9 -1.294967296E9 -2.94967296E8 -2.94967296E8 -2.94967296E8 2.05032704E8 7.05032704E8 1.205032704E9 -1.589934592E9 -1.089934592E9 -1.089934592E9 -5.89934592E8 -5.89934592E8 -5.89934592E8 -8.9934592E7 4.10065408E8 4.10065408E8 4.10065408E8
32 2.0E9 2.0E9 2.05032704E8 1.205032704E9 9.10065408E8 1.345294336E9 1.345294336E9 -1.44967296E9 1.90588672E8 -3.9934592E8 5.35883008E8 1.035883008E9 -1.32385536E9 6.7614464E8 -2.118822656E9 -1.618822656E9 -1.118822656E9 2.111373568E9 -1.683593728E9 1.72647168E9
33 0.0 5.0E8 1.0E9 1.5E9 2.0E9 -7.94967296E8 -7.94967296E8 -2.94967296E8 -2.94967296E8 7.05032704E8 1.205032704E9 1.705032704E9 -2.089934592E9 -2.089934592E9 -2.089934592E9 -2.089934592E9 -1.589934592E9 -1.589934592E9 -1.589934592E9 -1.589934592E9
34 -7.94967296E8 -7.94967296E8 -8.9934592E7 9.10065408E8 9.10065408E8 9.10065408E8 9.10065408E8 9.10065408E8 9.10065408E8 9.10065408E8 9.10065408E8 1.410065408E9 1.410065408E9 1.410065408E9 1.410065408E9 1.910065408E9 1.910065408E9 -1.384901888E9 -8.84901888E8 -8.84901888E8
35 1.5E9 1.5E9 1.5E9 2.0E9 -1.794967296E9 -1.794967296E9 -1.294967296E9 -2.94967296E8 2.05032704E8 1.205032704E9 1.205032704E9 1.705032704E9 1.705032704E9 -1.589934592E9 -1.089934592E9 -1.089934592E9 -5.89934592E8 -5.89934592E8 -8.9934592E7 4.10065408E8
36 5.0E8 5.0E8 1.5E9 1.5E9 2.0E9 -1.794967296E9 -7.94967296E8 -2.94967296E8 -2.94967296E8 2.05032704E8 2.05032704E8 1.205032704E9 1.205032704E9 1.705032704E9 -2.089934592E9 -2.089934592E9 -1.589934592E9 -1.589934592E9 -1.589934592E9 -1.589934592E9
37 1.0E9 1.5E9 1.5E9 -1.294967296E9 -7.94967296E8 2.05032704E8 2.05032704E8 1.705032704E9 -1.589934592E9 4.10065408E8 1.410065408E9 -1.884901888E9 -8.84901888E8 -3.84901888E8 1.15098112E8 1.115098112E9 2.115098112E9 2.115098112E9 2.115098112E9 2.115098112E9
38 0.0 1.5E9 1.5E9 2.0E9 -2.94967296E8 2.05032704E8 2.05032704E8 7.05032704E8 1.205032704E9 1.705032704E9 -2.089934592E9 -1.589934592E9 -1.089934592E9 -8.9934592E7 9.10065408E8 1.410065408E9 1.410065408E9 1.410065408E9 1.910065408E9 1.910065408E9
39 1.5E9 1.5E9 1.5E9 1.5E9 -1.294967296E9 -2.94967296E8 2.05032704E8 2.05032704E8 2.05032704E8 7.05032704E8 1.205032704E9 1.205032704E9 1.705032704E9 -2.089934592E9 -2.089934592E9 -2.089934592E9 -2.089934592E9 -1.589934592E9 -1.589934592E9 -5.89934592E8
40 1.0E9 1.5E9 -1.294967296E9 -7.94967296E8 -2.94967296E8 -2.94967296E8 -2.94967296E8 -2.94967296E8 -2.94967296E8 -2.94967296E8 -2.94967296E8 2.05032704E8 7.05032704E8 7.05032704E8 1.205032704E9 1.205032704E9 1.705032704E9 -1.589934592E9 -1.089934592E9 -5.89934592E8
41 1.0E9 1.5E9 2.0E9 -1.294967296E9 -1.294967296E9 -7.94967296E8 2.05032704E8 1.205032704E9 1.205032704E9 1.705032704E9 1.705032704E9 1.705032704E9 -1.589934592E9 -1.589934592E9 -1.089934592E9 -8.9934592E7 -8.9934592E7 4.10065408E8 4.10065408E8 4.10065408E8
42 0.0 5.0E8 5.0E8 2.0E9 2.0E9 2.0E9 2.0E9 -1.794967296E9 -1.294967296E9 -1.294967296E9 -2.94967296E8 2.05032704E8 2.05032704E8 7.05032704E8 1.205032704E9 1.205032704E9 1.705032704E9 -1.589934592E9 -1.089934592E9 -5.89934592E8
43 5.0E8 5.0E8 1.0E9 1.0E9 1.0E9 1.0E9 1.5E9 -1.794967296E9 -7.94967296E8 -7.94967296E8 -2.94967296E8 -2.94967296E8 -2.94967296E8 2.05032704E8 7.05032704E8 1.205032704E9 -1.589934592E9 -1.089934592E9 -1.089934592E9 -8.9934592E7
44 0.0 0.0 0.0 0.0 0.0 5.0E8 1.0E9 1.0E9 1.5E9 1.5E9 2.0E9 -1.794967296E9 -2.94967296E8 2.05032704E8 1.205032704E9 1.705032704E9 -2.089934592E9 -2.089934592E9 -2.089934592E9 -1.589934592E9
45 5.0E8 5.0E8 1.0E9 1.5E9 1.5E9 -1.294967296E9 -1.294967296E9 -1.294967296E9 -1.294967296E9 -1.294967296E9 -1.294967296E9 -1.294967296E9 -7.94967296E8 -2.94967296E8 -2.94967296E8 2.05032704E8 2.05032704E8 7.05032704E8 1.205032704E9 -2.089934592E9
46 1.0E9 1.0E9 2.0E9 2.0E9 2.0E9 -1.794967296E9 -1.794967296E9 -1.794967296E9 -1.294967296E9 -7.94967296E8 -7.94967296E8 -7.94967296E8 -7.94967296E8 2.05032704E8 1.205032704E9 1.205032704E9 1.705032704E9 -2.089934592E9 -2.089934592E9 -2.089934592E9
47 0.0 0.0 1.0E9 1.0E9 1.0E9 1.0E9 2.0E9 -1.794967296E9 -1.794967296E9 -2.089934592E9 -2.089934592E9 -1.589934592E9 -1.589934592E9 -1.089934592E9 -1.089934592E9 -5.89934592E8 -8.9934592E7 -8.9934592E7 4.10065408E8 4.10065408E8
48 0.0 0.0 5.0E8 1.0E9 1.0E9 1.5E9 2.0E9 2.0E9 2.0E9 -1.794967296E9 -1.794967296E9 -1.794967296E9 -1.794967296E9 -1.294967296E9 -1.294967296E9 -1.294967296E9 -7.94967296E8 -2.94967296E8 -2.94967296E8 2.05032704E8
49 0.0 5.0E8 1.0E9 1.0E9 1.0E9 1.0E9 1.5E9 1.5E9 1.5E9 2.0E9 2.0E9 -1.794967296E9 -2.94967296E8 7.05032704E8 1.205032704E9 -2.089934592E9 -1.589934592E9 -1.089934592E9 -1.089934592E9 -5.89934592E8
50 0.0 1.5E9 2.0E9 -7.94967296E8 -7.94967296E8 -2.94967296E8 1.205032704E9 1.205032704E9 1.705032704E9 -2.089934592E9 -1.589934592E9 -1.089934592E9 -5.89934592E8 -5.89934592E8 -8.9934592E7 -8.9934592E7 -8.9934592E7 4.10065408E8 9.10065408E8 1.410065408E9
51 -1.294967296E9 -1.294967296E9 -1.294967296E9 -1.294967296E9 -7.94967296E8 -1.589934592E9 -1.589934592E9 -1.589934592E9 -1.589934592E9 9.10065408E8 1.410065408E9 1.910065408E9 -1.384901888E9 -1.384901888E9 -8.84901888E8 -8.84901888E8 -3.84901888E8 -1.679869184E9 -1.179869184E9 -1.179869184E9
