0 3350
1 1980
2 4467
3 3279
4 2960
5 2676
6 762
7 1052
8 1527
9 2864
10 545
11 435
12 4370
13 4082
14 2319
15 4023
16 3450
17 976
18 676
19 1394
20 1350
21 2372
22 2488
23 3023
24 3229
25 3092
26 2434
27 2930
28 1994
29 2814
30 3279
31 4082
32 2387
33 2635
34 2411
35 2738
36 2823
37 3205
38 2586
39 3485
40 2592
41 2130
42 4114
43 3606
44 2967
45 2627
46 3217
47 3968
48 3118
49 3942
50 4118
51 3638
52 4258
53 3050
54 1893
55 3721
56 3358
57 3782
58 2783
59 5382
60 3591
61 2390
62 1495
63 3547
64 2375
65 5049
66 3276
67 1991
68 1388
69 3977
70 3169
71 4674
72 3603
73 4763
74 4497
75 4975
76 5462
77 5266
78 5057
79 3920
80 4185
81 5285
82 1441
83 5446
84 2749
85 4152
86 4108
87 5657
88 5246
89 5117
90 4185
91 2013
92 5285
93 1845
94 4158
95 2371
96 657
97 3951
