records: 20
      Record Time
Host  UsedBuffer

  49376.0 98752.0 148128.0 197504.0 246880.0 296256.0 345632.0 395008.0 444384.0 493760.0 543136.0 592512.0 641888.0 691264.0 740640.0 790016.0 839392.0 888768.0 938144.0 987520.0
0 5.0E8 -1.794967296E9 1.15098112E8 6.15098112E8 2.115098112E9 -1.269803776E9 -2.129542144E9 1.280523264E9 -7.9215104E7 -1.669149696E9 1.240915712E9 1.240915712E9 9.71111936E8 1.971111936E9 -1.32385536E9 -1.32385536E9 -1.32385536E9 -1.32385536E9 -8.2385536E8 -3.2385536E8
1 0.0 0.0 5.0E8 5.0E8 5.0E8 5.0E8 1.0E9 1.5E9 2.0E9 2.0E9 2.0E9 -1.794967296E9 -1.294967296E9 -7.94967296E8 -7.94967296E8 -7.94967296E8 2.05032704E8 2.05032704E8 -2.089934592E9 -1.589934592E9
2 2.05032704E8 7.05032704E8 -8.84901888E8 2.516352E7 2.30196224E8 -1.039607552E9 -1.29542144E8 -3.09411328E8 -2.079215104E9 -6.69149696E8 -1.233920768E9 2.66079232E8 -5.03724544E8 -5.03724544E8 -1.593659136E9 9.06340864E8 1.111373568E9 1.546602496E9 1.546602496E9 -1.633266688E9
3 5.0E8 5.0E8 1.15098112E8 6.15098112E8 1.615098112E9 -8.34574848E8 -9.2450944E8 -1.219476736E9 -1.579215104E9 1.1258176E9 -2.59084288E8 -5.54051584E8 -1.028888064E9 -5.28888064E8 -2.8888064E7 4.71111936E8 9.71111936E8 9.71111936E8 9.71111936E8 9.71111936E8
4 0.0 0.0 5.0E8 1.0E9 1.5E9 -7.94967296E8 -7.94967296E8 -2.94967296E8 -2.94967296E8 -2.94967296E8 7.05032704E8 1.205032704E9 -1.589934592E9 -1.089934592E9 -8.9934592E7 4.10065408E8 4.10065408E8 4.10065408E8 1.410065408E9 -1.884901888E9
5 1.5E9 -1.794967296E9 1.115098112E9 2.516352E7 -1.154705664E9 -6.29542144E8 -1.92450944E9 -2.014444032E9 4.20784896E8 -1.3741824E9 -1.3741824E9 -7.59084288E8 -1.233920768E9 -2.33920768E8 -1.528888064E9 -1.528888064E9 -4.13789952E8 1.816406272E9 1.816406272E9 -1.978561024E9
6 5.0E8 1.5E9 2.0E9 -1.794967296E9 -1.794967296E9 -1.294967296E9 -7.94967296E8 -2.94967296E8 -2.94967296E8 7.05032704E8 -2.089934592E9 -1.089934592E9 -5.89934592E8 -5.89934592E8 -5.89934592E8 4.10065408E8 4.10065408E8 9.10065408E8 9.10065408E8 9.10065408E8
7 5.0E8 1.5E9 2.0E9 2.0E9 -1.794967296E9 -1.294967296E9 -2.94967296E8 2.05032704E8 2.05032704E8 1.705032704E9 1.705032704E9 1.705032704E9 -2.089934592E9 -1.589934592E9 -1.589934592E9 -1.089934592E9 -5.89934592E8 -5.89934592E8 4.10065408E8 4.10065408E8
8 0.0 5.0E8 1.0E9 1.0E9 1.0E9 1.5E9 2.0E9 -1.294967296E9 -1.294967296E9 -7.94967296E8 -7.94967296E8 -2.94967296E8 2.05032704E8 2.05032704E8 2.05032704E8 7.05032704E8 -2.089934592E9 -1.589934592E9 -1.589934592E9 -1.089934592E9
9 0.0 5.0E8 5.0E8 1.0E9 1.0E9 1.5E9 1.5E9 1.5E9 2.0E9 2.0E9 -1.794967296E9 -1.794967296E9 -7.94967296E8 -7.94967296E8 -7.94967296E8 -7.94967296E8 -7.94967296E8 -2.94967296E8 -2.94967296E8 2.05032704E8
10 -1.794967296E9 -7.94967296E8 -1.384901888E9 -1.384901888E9 5.2516352E8 1.05032704E9 2.05032704E9 4.60392448E8 3.70457856E8 3.70457856E8 7.15752192E8 7.15752192E8 1.740915712E9 -2.054051584E9 1.445948416E9 1.445948416E9 7.91242752E8 -1.83593728E8 3.16406272E8 8.16406272E8
11 -7.94967296E8 2.05032704E8 2.05032704E8 2.05032704E8 2.05032704E8 2.05032704E8 7.05032704E8 -1.269803776E9 2.30196224E8 1.730196224E9 1.215752192E9 -2.079215104E9 -1.3741824E9 -1.3741824E9 5.35883008E8 1.035883008E9 1.535883008E9 -1.863462912E9 -1.863462912E9 -1.863462912E9
12 1.5E9 2.0E9 -1.794967296E9 -1.794967296E9 -1.179869184E9 4.35228928E8 -3.59738368E8 1.190588672E9 1.10065408E9 1.10065408E9 1.10065408E9 2.10065408E9 1.305686784E9 1.805686784E9 1.010719488E9 -1.784247808E9 -7.9215104E7 -1.913789952E9 -1.413789952E9 -9.3659136E7
13 1.0E9 1.0E9 -1.884901888E9 -1.384901888E9 -1.384901888E9 1.165425152E9 -1.719476736E9 7.80523264E8 1.715752192E9 1.715752192E9 -2.59084288E8 -2.59084288E8 -1.028888064E9 -1.028888064E9 -6.18822656E8 -1.18822656E8 8.6210048E7 1.906340864E9 -6.83593728E8 4.56667904E8
14 5.0E8 1.0E9 1.0E9 1.5E9 2.0E9 2.0E9 -1.794967296E9 -1.294967296E9 -1.294967296E9 -2.94967296E8 2.05032704E8 2.05032704E8 7.05032704E8 1.205032704E9 1.705032704E9 -1.589934592E9 -1.589934592E9 -5.89934592E8 -5.89934592E8 -8.9934592E7
15 -1.294967296E9 -1.294967296E9 -5.89934592E8 -1.884901888E9 -5.64771072E8 -1.539607552E9 -1.629542144E9 -1.04378624E8 1.805686784E9 1.1258176E9 -2.143986176E9 -1.643986176E9 1.381177344E9 1.381177344E9 4.96275456E8 4.96275456E8 4.96275456E8 1.72647168E9 1.72647168E9 1.72647168E9
16 -7.94967296E8 -7.94967296E8 -7.94967296E8 -7.94967296E8 -7.94967296E8 -7.94967296E8 7.05032704E8 1.705032704E9 -1.244640256E9 1.755359744E9 1.190588672E9 1.690588672E9 1.535883008E9 2.035883008E9 1.15098112E9 -2.143986176E9 -1.143986176E9 -1.79869184E9 -2.9869184E8 2.111373568E9
17 1.0E9 -1.294967296E9 -8.84901888E8 -3.84901888E8 -1.269803776E9 3.70457856E8 -9.2450944E8 4.85555968E8 -1.079215104E9 -1.079215104E9 1.830850304E9 1.830850304E9 6.7614464E8 1.67614464E9 1.881177344E9 -1.413789952E9 -1.413789952E9 -3.63462912E8 1.136537088E9 1.61700608E8
18 -1.794967296E9 -1.294967296E9 9.10065408E8 1.410065408E9 -3.84901888E8 -5.39607552E8 3.70457856E8 1.485555968E9 -2.84247808E8 1.215752192E9 3.30850304E8 -4.64116992E8 -2.028888064E9 -2.028888064E9 -1.028888064E9 -5.28888064E8 1.086210048E9 -5.68495616E8 -5.68495616E8 -9.53397504E8
19 1.0E9 1.0E9 2.0E9 -6.79869184E8 4.35228928E8 -3.34574848E8 2.07549056E9 -1.014444032E9 4.20784896E8 1.420784896E9 1.740915712E9 1.445948416E9 2.66079232E8 2.66079232E8 -1.118822656E9 -1.118822656E9 -1.118822656E9 -1.683593728E9 1.931504384E9 -9.53397504E8
20 0.0 5.0E8 1.0E9 1.5E9 1.5E9 1.5E9 2.0E9 2.0E9 2.0E9 2.0E9 -1.794967296E9 -1.794967296E9 -1.794967296E9 -1.794967296E9 -1.794967296E9 -1.794967296E9 -1.294967296E9 -2.94967296E8 -2.94967296E8 -2.94967296E8
21 -1.794967296E9 -7.94967296E8 -1.089934592E9 -1.089934592E9 -1.064771072E9 1.755359744E9 -1.129542144E9 3.95621376E8 -1.989280512E9 1.215752192E9 -2.143986176E9 -2.143986176E9 -1.618822656E9 -1.618822656E9 2.0130816E8 4.06340864E8 3.16406272E8 -1.58430208E8 1.341569792E9 2.7679872E8
22 1.0E9 1.0E9 1.5E9 1.5E9 -1.294967296E9 1.02516352E9 -1.269803776E9 -7.69803776E8 -1.809411328E9 -1.309411328E9 1.510719488E9 1.740915712E9 -1.32385536E9 -1.32385536E9 -1.29869184E9 -1.29869184E9 -1.29869184E9 -7.483648E8 -2.483648E8 6.61700608E8
23 0.0 5.0E8 2.0E9 -1.294967296E9 -2.94967296E8 -2.94967296E8 -2.94967296E8 -2.94967296E8 -2.94967296E8 -2.94967296E8 -2.94967296E8 2.05032704E8 2.05032704E8 2.05032704E8 7.05032704E8 7.05032704E8 1.205032704E9 1.705032704E9 -2.089934592E9 -1.089934592E9
24 -1.794967296E9 -1.794967296E9 -8.84901888E8 1.15098112E8 -6.4771072E7 1.05032704E9 -3.34574848E8 -1.104378624E9 1.510719488E9 1.830850304E9 1.945948416E9 1.945948416E9 -1.503724544E9 -1.003724544E9 9.96275456E8 9.96275456E8 -8.88626432E8 -4.53397504E8 5.46602496E8 1.27679872E9
25 -1.294967296E9 -2.94967296E8 7.05032704E8 1.205032704E9 3.20130816E8 -1.97483648E9 -1.94967296E9 -8.34574848E8 1.665425152E9 1.665425152E9 -2.129542144E9 -2.129542144E9 -2.129542144E9 -1.629542144E9 -1.629542144E9 -1.629542144E9 -1.629542144E9 8.70457856E8 1.870457856E9 1.870457856E9
26 0.0 1.0E9 1.0E9 -5.89934592E8 -6.4771072E7 1.460392448E9 1.665425152E9 -1.04378624E8 1.305686784E9 4.20784896E8 -1.643986176E9 -1.643986176E9 3.81177344E8 3.81177344E8 -1.208757248E9 -2.08757248E8 -1.978561024E9 -1.77352832E9 -1.77352832E9 1.77679872E9
27 5.0E8 5.0E8 5.0E8 1.0E9 1.0E9 1.5E9 1.5E9 1.5E9 -1.794967296E9 -1.794967296E9 -1.794967296E9 -7.94967296E8 -7.94967296E8 7.05032704E8 1.205032704E9 -1.589934592E9 -1.089934592E9 -5.89934592E8 -8.9934592E7 -8.9934592E7
28 5.0E8 5.0E8 1.0E9 2.0E9 2.0E9 -1.294967296E9 -1.294967296E9 -7.94967296E8 -2.94967296E8 7.05032704E8 1.205032704E9 1.705032704E9 1.705032704E9 -2.089934592E9 -1.589934592E9 -8.9934592E7 -8.9934592E7 -8.9934592E7 9.10065408E8 1.910065408E9
29 -1.294967296E9 -2.94967296E8 6.15098112E8 6.15098112E8 3.20130816E8 -6.4771072E7 -1.654705664E9 -1.654705664E9 6.90588672E8 6.90588672E8 1.258176E8 1.258176E8 -2.33920768E8 -2.33920768E8 1.7614464E8 1.7614464E8 -1.503724544E9 -1.593659136E9 -1.888626432E9 -1.2483648E9
30 1.5E9 -1.794967296E9 -1.794967296E9 -1.294967296E9 -2.94967296E8 7.05032704E8 1.705032704E9 1.705032704E9 1.910065408E9 -1.884901888E9 -6.79869184E8 3.20130816E8 3.20130816E8 3.20130816E8 8.20130816E8 1.320130816E9 1.320130816E9 -7.69803776E8 -7.69803776E8 -7.69803776E8
31 1.5E9 1.5E9 -1.794967296E9 -1.294967296E9 -2.94967296E8 -2.94967296E8 -2.94967296E8 2.05032704E8 7.05032704E8 1.205032704E9 -1.589934592E9 -1.089934592E9 -1.089934592E9 -5.89934592E8 -5.89934592E8 -5.89934592E8 -8.9934592E7 4.10065408E8 4.10065408E8 4.10065408E8
32 1.0E9 1.0E9 1.0E9 2.0E9 -1.294967296E9 -7.94967296E8 -7.94967296E8 -2.94967296E8 2.05032704E8 7.05032704E8 1.705032704E9 -2.089934592E9 -2.089934592E9 -8.9934592E7 -8.9934592E7 4.10065408E8 9.10065408E8 1.910065408E9 -1.884901888E9 -1.384901888E9
33 -7.94967296E8 -2.94967296E8 -1.79869184E8 2.30196224E8 1.40261632E8 -3.9607552E7 -1.629542144E9 8.95621376E8 1.715752192E9 -9.64116992E8 -6.43986176E8 -1.43986176E8 -3724544.0 -3724544.0 4.06340864E8 -1.388626432E9 -4.78561024E8 -1.953397504E9 -1.953397504E9 -5.18168576E8
34 -1.294967296E9 -1.294967296E9 -1.884901888E9 -8.84901888E8 -8.84901888E8 -8.84901888E8 -8.84901888E8 -8.84901888E8 -8.84901888E8 -8.84901888E8 -8.84901888E8 -3.84901888E8 -3.84901888E8 -3.84901888E8 -3.84901888E8 1.15098112E8 1.15098112E8 1.115098112E9 1.615098112E9 1.615098112E9
35 -1.294967296E9 -1.294967296E9 -1.589934592E9 3.20130816E8 1.435228928E9 1.755359744E9 1.165425152E9 3.95621376E8 -1.989280512E9 -1.464116992E9 -1.143986176E9 -6.43986176E8 -1.003724544E9 -3724544.0 1.996275456E9 1.996275456E9 1.816406272E9 5.46602496E8 1.046602496E9 -1.518168576E9
36 5.0E8 5.0E8 2.0E9 2.0E9 -1.794967296E9 -1.294967296E9 -2.94967296E8 7.05032704E8 7.05032704E8 1.205032704E9 1.205032704E9 -2.089934592E9 -2.089934592E9 -1.589934592E9 -1.089934592E9 -1.089934592E9 -5.89934592E8 -5.89934592E8 -5.89934592E8 -5.89934592E8
37 1.0E9 -1.794967296E9 -1.794967296E9 2.05032704E8 7.05032704E8 1.205032704E9 1.205032704E9 -2.089934592E9 -1.089934592E9 1.410065408E9 -1.884901888E9 -8.84901888E8 -3.84901888E8 1.15098112E8 6.15098112E8 1.615098112E9 -1.679869184E9 -1.79869184E8 -1.79869184E8 -1.79869184E8
38 0.0 1.5E9 1.5E9 2.0E9 -2.94967296E8 2.05032704E8 2.05032704E8 7.05032704E8 1.205032704E9 1.705032704E9 -2.089934592E9 -1.589934592E9 -1.089934592E9 -8.9934592E7 9.10065408E8 1.410065408E9 1.410065408E9 1.410065408E9 1.910065408E9 1.910065408E9
39 1.5E9 1.5E9 1.5E9 1.5E9 -1.294967296E9 -2.94967296E8 2.05032704E8 2.05032704E8 2.05032704E8 7.05032704E8 1.205032704E9 1.205032704E9 1.705032704E9 -2.089934592E9 -2.089934592E9 -2.089934592E9 -2.089934592E9 -1.589934592E9 -1.589934592E9 -5.89934592E8
40 1.0E9 1.5E9 -1.294967296E9 -7.94967296E8 -2.94967296E8 -2.94967296E8 -2.94967296E8 -2.94967296E8 -2.94967296E8 -2.94967296E8 -2.94967296E8 2.05032704E8 7.05032704E8 7.05032704E8 1.205032704E9 1.205032704E9 1.705032704E9 -1.589934592E9 -1.089934592E9 -5.89934592E8
41 1.0E9 1.5E9 2.0E9 -1.294967296E9 -1.294967296E9 -7.94967296E8 2.05032704E8 1.205032704E9 1.205032704E9 1.705032704E9 1.705032704E9 1.705032704E9 -1.589934592E9 -1.589934592E9 -1.089934592E9 -8.9934592E7 -8.9934592E7 4.10065408E8 4.10065408E8 4.10065408E8
42 0.0 5.0E8 5.0E8 2.0E9 2.0E9 2.0E9 2.0E9 -1.794967296E9 -1.294967296E9 -1.294967296E9 -2.94967296E8 2.05032704E8 2.05032704E8 7.05032704E8 1.205032704E9 1.205032704E9 1.705032704E9 -1.589934592E9 -1.089934592E9 -5.89934592E8
43 5.0E8 5.0E8 1.0E9 1.0E9 1.0E9 1.0E9 1.5E9 -1.794967296E9 -7.94967296E8 -7.94967296E8 -2.94967296E8 -2.94967296E8 -2.94967296E8 2.05032704E8 7.05032704E8 1.205032704E9 -1.589934592E9 -1.089934592E9 -1.089934592E9 -8.9934592E7
44 0.0 0.0 0.0 0.0 0.0 5.0E8 1.0E9 1.0E9 1.5E9 1.5E9 2.0E9 -1.794967296E9 -1.794967296E9 -1.294967296E9 -2.94967296E8 2.05032704E8 7.05032704E8 7.05032704E8 7.05032704E8 1.205032704E9
45 5.0E8 5.0E8 1.0E9 1.5E9 1.5E9 -1.294967296E9 -1.294967296E9 -1.294967296E9 -1.294967296E9 -1.294967296E9 -1.294967296E9 -1.294967296E9 -7.94967296E8 -2.94967296E8 -2.94967296E8 2.05032704E8 2.05032704E8 7.05032704E8 1.205032704E9 -2.089934592E9
46 1.0E9 1.0E9 2.0E9 2.0E9 2.0E9 -1.794967296E9 -1.794967296E9 -1.794967296E9 -1.294967296E9 -7.94967296E8 -7.94967296E8 -7.94967296E8 -7.94967296E8 2.05032704E8 1.205032704E9 1.205032704E9 1.705032704E9 -2.089934592E9 -2.089934592E9 -2.089934592E9
47 0.0 0.0 1.0E9 1.0E9 1.0E9 1.0E9 2.0E9 -1.794967296E9 -1.794967296E9 -1.794967296E9 -1.794967296E9 -1.294967296E9 -1.294967296E9 -7.94967296E8 -7.94967296E8 -2.94967296E8 2.05032704E8 2.05032704E8 7.05032704E8 7.05032704E8
48 0.0 0.0 5.0E8 1.0E9 1.0E9 1.5E9 2.0E9 2.0E9 2.0E9 -1.794967296E9 -1.794967296E9 -1.794967296E9 -1.794967296E9 -1.294967296E9 -1.294967296E9 -1.294967296E9 -7.94967296E8 -2.94967296E8 -2.94967296E8 2.05032704E8
49 0.0 5.0E8 1.0E9 1.0E9 1.0E9 1.0E9 1.5E9 1.5E9 1.5E9 2.0E9 2.0E9 -1.794967296E9 -2.94967296E8 7.05032704E8 1.205032704E9 -2.089934592E9 -1.589934592E9 -1.089934592E9 -1.089934592E9 -5.89934592E8
50 0.0 1.5E9 2.0E9 -7.94967296E8 -7.94967296E8 -2.94967296E8 1.205032704E9 1.205032704E9 1.705032704E9 -2.089934592E9 -1.589934592E9 -1.089934592E9 -5.89934592E8 -5.89934592E8 -8.9934592E7 -8.9934592E7 -8.9934592E7 4.10065408E8 9.10065408E8 1.410065408E9
51 1.5E9 1.5E9 1.5E9 1.5E9 2.0E9 2.05032704E8 2.05032704E8 2.05032704E8 2.05032704E8 -1.589934592E9 -1.089934592E9 -5.89934592E8 1.410065408E9 1.410065408E9 1.910065408E9 1.910065408E9 -1.884901888E9 1.615098112E9 2.115098112E9 2.115098112E9
