0 3350
1 1982
2 4464
3 3279
4 2961
5 2678
6 762
7 1051
8 1528
9 2867
10 545
11 435
12 4370
13 4082
14 2319
15 4023
16 3452
17 976
18 676
19 1394
20 1350
21 2371
22 2489
23 3022
24 3230
25 3092
26 2433
27 2930
28 1997
29 2814
30 3280
31 4084
32 2386
33 2635
34 2410
35 2738
36 2827
37 3206
38 2585
39 3486
40 2590
41 2130
42 4114
43 3607
44 2966
45 2626
46 3218
47 3969
48 3119
49 3943
50 4117
51 3639
52 4256
53 3048
54 1892
55 3721
56 3353
57 3780
58 2783
59 5381
60 3592
61 2391
62 1495
63 3542
64 2375
65 5047
66 3276
67 1991
68 1388
69 3979
70 3167
71 4673
72 3604
73 4763
74 4498
75 4970
76 5464
77 5267
78 5058
79 3919
80 4185
81 5286
82 1441
83 5446
84 2749
85 4152
86 4108
87 5653
88 5244
89 5120
90 4186
91 2014
92 5284
93 1844
94 4159
95 2371
96 657
97 3953
