0 3351
1 1982
2 4468
3 3280
4 2960
5 2676
6 763
7 1050
8 1527
9 2867
10 545
11 435
12 4370
13 4087
14 2319
15 4023
16 3454
17 977
18 676
19 1395
20 1350
21 2372
22 2487
23 3022
24 3230
25 3095
26 2434
27 2930
28 1996
29 2815
30 3280
31 4083
32 2388
33 2638
34 2412
35 2736
36 2825
37 3205
38 2584
39 3484
40 2591
41 2131
42 4113
43 3607
44 2966
45 2626
46 3217
47 3968
48 3119
49 3944
50 4117
51 3639
52 4257
53 3050
54 1893
55 3721
56 3355
57 3782
58 2781
59 5386
60 3592
61 2390
62 1496
63 3543
64 2376
65 5046
66 3277
67 1992
68 1389
69 3977
70 3167
71 4674
72 3605
73 4760
74 4496
75 4969
76 5466
77 5269
78 5058
79 3919
80 4183
81 5284
82 1441
83 5446
84 2748
85 4152
86 4108
87 5653
88 5243
89 5118
90 4186
91 2011
92 5283
93 1844
94 4158
95 2371
96 657
97 3953
