0 3349
1 1982
2 4469
3 3281
4 2962
5 2679
6 764
7 1051
8 1526
9 2868
10 546
11 435
12 4370
13 4081
14 2319
15 4024
16 3451
17 976
18 676
19 1394
20 1350
21 2372
22 2488
23 3028
24 3231
25 3093
26 2435
27 2931
28 1998
29 2813
30 3280
31 4081
32 2388
33 2636
34 2413
35 2740
36 2826
37 3208
38 2586
39 3484
40 2592
41 2134
42 4116
43 3604
44 2966
45 2626
46 3220
47 3968
48 3121
49 3945
50 4117
51 3640
52 4259
53 3051
54 1893
55 3724
56 3355
57 3779
58 2783
59 5385
60 3588
61 2392
62 1494
63 3542
64 2376
65 5048
66 3277
67 1994
68 1388
69 3979
70 3168
71 4676
72 3604
73 4767
74 4496
75 4973
76 5461
77 5268
78 5064
79 3918
80 4185
81 5287
82 1441
83 5448
84 2749
85 4153
86 4107
87 5654
88 5245
89 5117
90 4187
91 2013
92 5284
93 1837
94 4158
95 2372
96 657
97 3953
