records: 20
      Record Time
Host  UsedBuffer

  49376.0 98752.0 148128.0 197504.0 246880.0 296256.0 345632.0 395008.0 444384.0 493760.0 543136.0 592512.0 641888.0 691264.0 740640.0 790016.0 839392.0 888768.0 938144.0 987520.0
0 3.0E8 7.0E8 9.0E8 1.0E9 1.3E9 -1.384901888E9 6.15098112E8 1.615098112E9 -3.7483648E8 -2.7483648E8 -1.669803776E9 -1.569803776E9 -1.959738368E9 -1.759738368E9 -1.559738368E9 -1.559738368E9 -1.559738368E9 -1.559738368E9 -1.459738368E9 -1.359738368E9
1 0.0 0.0 1.0E8 1.0E8 1.0E8 1.0E8 2.0E8 3.0E8 4.0E8 4.0E8 4.0E8 5.0E8 6.0E8 7.0E8 7.0E8 7.0E8 9.0E8 9.0E8 1.3E9 1.4E9
2 1.0E8 2.0E8 3.0E8 4.0E8 5.0E8 6.0E8 7.0E8 8.0E8 1.0E9 1.0E9 1.1E9 1.4E9 1.5E9 1.5E9 1.6E9 1.6E9 1.9E9 1.9E9 1.9E9 -2.094967296E9
3 0.0 0.0 1.0E8 2.0E8 2.0E8 2.0E8 2.0E8 2.0E8 2.0E8 3.0E8 3.0E8 5.0E8 6.0E8 7.0E8 8.0E8 9.0E8 1.0E9 1.0E9 1.0E9 1.0E9
4 0.0 0.0 1.0E8 2.0E8 3.0E8 7.0E8 7.0E8 8.0E8 8.0E8 8.0E8 1.0E9 1.1E9 1.4E9 1.5E9 1.7E9 1.8E9 1.8E9 1.8E9 2.0E9 -2.094967296E9
5 1.0E8 3.0E8 4.0E8 5.0E8 6.0E8 7.0E8 7.0E8 7.0E8 8.0E8 8.0E8 8.0E8 8.0E8 1.0E9 1.2E9 1.3E9 1.3E9 1.4E9 1.7E9 1.7E9 1.8E9
6 8.0E8 1.0E9 -1.194967296E9 -9.94967296E8 -7.94967296E8 -2.084901888E9 1.15098112E8 1.315098112E9 6.2516352E8 9.2516352E8 1.530196224E9 1.730196224E9 -1.859738368E9 -1.859738368E9 -1.859738368E9 -1.659738368E9 -1.159738368E9 1.15032704E9 1.15032704E9 1.15032704E9
7 1.0E8 3.0E8 6.0E8 6.0E8 1.4E9 -1.194967296E9 -9.94967296E8 -1.779869184E9 -1.779869184E9 -1.479869184E9 1.22516352E9 1.22516352E9 2.02516352E9 2.12516352E9 2.12516352E9 -2.069803776E9 -1.969803776E9 -8.54705664E8 -6.54705664E8 -6.54705664E8
8 0.0 1.0E8 2.0E8 2.0E8 2.0E8 3.0E8 4.0E8 6.0E8 6.0E8 7.0E8 7.0E8 8.0E8 9.0E8 9.0E8 9.0E8 1.0E9 1.3E9 1.4E9 1.4E9 1.5E9
9 3.0E8 4.0E8 -1.194967296E9 -1.094967296E9 -8.94967296E8 1.810065408E9 4.15098112E8 5.15098112E8 -7.79869184E8 -7.79869184E8 -1.869803776E9 -1.869803776E9 2.135228928E9 2.135228928E9 2.135228928E9 2.135228928E9 2.135228928E9 -2.059738368E9 -2.059738368E9 -1.959738368E9
10 0.0 1.0E8 1.0E8 1.0E8 1.0E8 2.0E8 3.0E8 3.0E8 5.0E8 5.0E8 5.0E8 5.0E8 6.0E8 7.0E8 8.0E8 8.0E8 8.0E8 9.0E8 1.0E9 1.1E9
11 7.0E8 9.0E8 9.0E8 9.0E8 9.0E8 9.0E8 1.0E9 2.1E9 -1.894967296E9 -1.394967296E9 1.330196224E9 1.530196224E9 -6.59738368E8 -6.59738368E8 -5.59738368E8 -4.59738368E8 -3.59738368E8 6.5032704E8 6.5032704E8 6.5032704E8
12 0.0 1.0E8 1.0E8 1.0E8 1.0E8 1.0E8 2.0E8 3.0E8 4.0E8 4.0E8 4.0E8 6.0E8 8.0E8 9.0E8 9.0E8 1.2E9 1.3E9 1.3E9 1.4E9 1.5E9
13 1.0E8 1.0E8 2.0E8 3.0E8 3.0E8 3.0E8 3.0E8 4.0E8 4.0E8 4.0E8 4.0E8 4.0E8 4.0E8 4.0E8 4.0E8 5.0E8 6.0E8 7.0E8 1.2E9 1.4E9
14 1.0E8 2.0E8 2.0E8 3.0E8 4.0E8 4.0E8 5.0E8 6.0E8 6.0E8 8.0E8 9.0E8 9.0E8 1.0E9 1.1E9 1.2E9 1.4E9 1.4E9 1.6E9 1.6E9 1.7E9
15 2.0E8 2.0E8 2.0E8 2.0E8 2.0E8 4.0E8 6.0E8 7.0E8 9.0E8 9.0E8 9.0E8 1.0E9 1.1E9 1.1E9 1.1E9 1.1E9 1.1E9 1.1E9 1.1E9 1.1E9
16 7.0E8 7.0E8 7.0E8 7.0E8 7.0E8 1.010065408E9 1.15098112E8 3.15098112E8 -3.7483648E8 -2.7483648E8 -1.469803776E9 -1.369803776E9 -3.59738368E8 -2.59738368E8 1.140261632E9 1.340261632E9 1.540261632E9 8.5032704E8 1.25032704E9 -1.344640256E9
17 4.0E8 1.5E9 -9.94967296E8 -8.94967296E8 -4.94967296E8 -1.484901888E9 2.15098112E8 4.15098112E8 -5.7483648E8 -5.7483648E8 -1.669803776E9 -1.669803776E9 -3.59738368E8 -1.59738368E8 1.240261632E9 1.440261632E9 1.440261632E9 7.5032704E8 1.55032704E9 -1.344640256E9
18 5.0E8 1.2E9 -1.494967296E9 -1.394967296E9 -1.094967296E9 -1.984901888E9 7.15098112E8 -4.79869184E8 -4.7483648E8 -1.7483648E8 -1.469803776E9 -1.469803776E9 -4.59738368E8 -4.59738368E8 1.340261632E9 1.440261632E9 2.040261632E9 9.5032704E8 1.05032704E9 3.55359744E8
19 4.0E8 4.0E8 -1.194967296E9 -9.94967296E8 -4.94967296E8 2.110065408E9 4.15098112E8 -8.79869184E8 -1.07483648E9 -8.7483648E8 -1.964771072E9 -1.764771072E9 -9.59738368E8 -9.59738368E8 5.40261632E8 5.40261632E8 1.040261632E9 3.5032704E8 9.5032704E8 -1.844640256E9
20 0.0 1.0E8 2.0E8 3.0E8 3.0E8 3.0E8 4.0E8 4.0E8 4.0E8 4.0E8 5.0E8 5.0E8 5.0E8 5.0E8 5.0E8 5.0E8 6.0E8 8.0E8 8.0E8 8.0E8
21 5.0E8 7.0E8 9.0E8 1.0E9 1.0E9 1.910065408E9 -1.84901888E8 -2.079869184E9 5.2516352E8 5.2516352E8 -1.764771072E9 -1.764771072E9 1.535228928E9 1.535228928E9 1.635228928E9 1.735228928E9 1.835228928E9 1.5032704E8 4.5032704E8 -6.44640256E8
22 4.0E8 4.0E8 5.0E8 5.0E8 8.0E8 -1.684901888E9 -1.84901888E8 -8.4901888E7 -4.7483648E8 -2.7483648E8 -1.669803776E9 -1.669803776E9 -6.59738368E8 -6.59738368E8 -5.9738368E7 -5.9738368E7 -5.9738368E7 5.5032704E8 1.15032704E9 -1.744640256E9
23 4.0E8 7.0E8 1.0E9 1.2E9 1.4E9 1.7E9 1.9E9 1.9E9 1.9E9 1.9E9 1.9E9 2.0E9 2.0E9 2.0E9 2.1E9 2.1E9 -2.094967296E9 -1.494967296E9 -1.394967296E9 -1.194967296E9
24 5.0E8 5.0E8 -1.094967296E9 -9.94967296E8 -8.94967296E8 2.010065408E9 -1.84901888E8 -1.679869184E9 2.2516352E8 5.2516352E8 9.30196224E8 9.30196224E8 2.135228928E9 -2.059738368E9 -1.859738368E9 -1.859738368E9 -1.459738368E9 5.032704E7 2.5032704E8 -4.44640256E8
25 1.0E8 2.0E8 2.0E8 3.0E8 5.0E8 5.0E8 7.0E8 8.0E8 1.0E9 1.0E9 1.1E9 1.1E9 1.1E9 1.2E9 1.2E9 1.2E9 1.2E9 1.3E9 1.4E9 1.4E9
26 0.0 2.0E8 2.0E8 4.0E8 6.0E8 7.0E8 8.0E8 9.0E8 1.1E9 1.1E9 1.4E9 1.4E9 1.5E9 1.5E9 1.6E9 1.8E9 1.9E9 1.9E9 1.9E9 2.0E9
27 8.0E8 8.0E8 1.0E9 1.2E9 1.2E9 2.010065408E9 -8.4901888E7 2.115098112E9 -1.979869184E9 -1.879869184E9 1.330196224E9 1.530196224E9 -2.059738368E9 -1.759738368E9 -1.659738368E9 -1.359738368E9 -1.259738368E9 4.5032704E8 7.5032704E8 -4.44640256E8
28 1.0E8 1.0E8 2.0E8 4.0E8 4.0E8 6.0E8 6.0E8 7.0E8 8.0E8 1.0E9 1.1E9 1.2E9 1.2E9 1.3E9 1.4E9 1.7E9 1.7E9 1.7E9 1.9E9 2.1E9
29 0.0 2.0E8 5.0E8 5.0E8 6.0E8 7.0E8 7.0E8 7.0E8 8.0E8 8.0E8 9.0E8 9.0E8 1.0E9 1.0E9 1.2E9 1.2E9 1.3E9 1.4E9 1.5E9 1.5E9
30 4.0E8 6.0E8 6.0E8 7.0E8 9.0E8 1.1E9 1.3E9 1.3E9 2.0E9 2.1E9 -7.94967296E8 -5.94967296E8 -5.94967296E8 -5.94967296E8 -4.94967296E8 -3.94967296E8 -3.94967296E8 6.05032704E8 6.05032704E8 6.05032704E8
31 8.0E8 8.0E8 1.2E9 1.4E9 1.7E9 1.910065408E9 -1.84901888E8 -2.079869184E9 3.2516352E8 4.2516352E8 -2.064771072E9 -1.964771072E9 1.635228928E9 1.735228928E9 1.735228928E9 1.735228928E9 1.835228928E9 -4.967296E7 -4.967296E7 -8.44640256E8
32 2.0E8 2.0E8 2.0E8 4.0E8 6.0E8 7.0E8 7.0E8 8.0E8 9.0E8 1.0E9 1.2E9 1.3E9 1.3E9 1.7E9 1.7E9 1.8E9 1.9E9 2.1E9 -2.094967296E9 -1.994967296E9
33 0.0 1.0E8 2.0E8 3.0E8 4.0E8 7.0E8 7.0E8 8.0E8 8.0E8 1.0E9 1.1E9 1.2E9 1.3E9 1.3E9 1.3E9 1.3E9 1.4E9 1.4E9 1.4E9 1.4E9
34 5.0E8 5.0E8 1.0E9 1.2E9 1.2E9 1.2E9 1.2E9 1.2E9 1.2E9 1.2E9 1.2E9 1.3E9 1.3E9 1.3E9 1.3E9 1.4E9 1.4E9 1.6E9 1.7E9 1.7E9
35 3.0E8 3.0E8 3.0E8 4.0E8 5.0E8 5.0E8 6.0E8 8.0E8 9.0E8 1.1E9 1.1E9 1.2E9 1.2E9 1.4E9 1.5E9 1.5E9 1.6E9 1.6E9 1.7E9 1.8E9
36 1.0E8 1.0E8 3.0E8 3.0E8 4.0E8 5.0E8 7.0E8 8.0E8 8.0E8 9.0E8 9.0E8 1.1E9 1.1E9 1.2E9 1.3E9 1.3E9 1.4E9 1.4E9 1.4E9 1.4E9
37 2.0E8 2.0E8 2.0E8 2.0E8 3.0E8 4.0E8 4.0E8 6.0E8 8.0E8 1.1E9 1.3E9 1.5E9 1.6E9 1.7E9 1.8E9 2.0E9 -2.094967296E9 -2.094967296E9 -2.094967296E9 -2.094967296E9
38 0.0 3.0E8 3.0E8 4.0E8 8.0E8 9.0E8 9.0E8 1.0E9 1.1E9 1.2E9 1.3E9 1.4E9 1.5E9 1.7E9 1.9E9 2.0E9 2.0E9 2.0E9 2.1E9 2.1E9
39 3.0E8 3.0E8 3.0E8 3.0E8 6.0E8 8.0E8 9.0E8 9.0E8 9.0E8 1.0E9 1.1E9 1.1E9 1.2E9 1.3E9 1.3E9 1.3E9 1.3E9 1.4E9 1.4E9 1.6E9
40 2.0E8 3.0E8 6.0E8 7.0E8 8.0E8 8.0E8 8.0E8 8.0E8 8.0E8 8.0E8 8.0E8 9.0E8 1.0E9 1.0E9 1.1E9 1.1E9 1.2E9 1.4E9 1.5E9 1.6E9
41 2.0E8 3.0E8 4.0E8 6.0E8 6.0E8 7.0E8 9.0E8 1.1E9 1.1E9 1.2E9 1.2E9 1.2E9 1.4E9 1.4E9 1.5E9 1.7E9 1.7E9 1.8E9 1.8E9 1.8E9
42 0.0 1.0E8 1.0E8 4.0E8 4.0E8 4.0E8 4.0E8 5.0E8 6.0E8 6.0E8 8.0E8 9.0E8 9.0E8 1.0E9 1.1E9 1.1E9 1.2E9 1.4E9 1.5E9 1.6E9
43 1.0E8 1.0E8 2.0E8 2.0E8 2.0E8 2.0E8 3.0E8 5.0E8 7.0E8 7.0E8 8.0E8 8.0E8 8.0E8 9.0E8 1.0E9 1.1E9 1.4E9 1.5E9 1.5E9 1.7E9
44 0.0 0.0 0.0 0.0 0.0 1.0E8 2.0E8 2.0E8 3.0E8 3.0E8 4.0E8 5.0E8 5.0E8 6.0E8 8.0E8 9.0E8 1.0E9 1.0E9 1.0E9 1.1E9
45 1.0E8 1.0E8 2.0E8 3.0E8 3.0E8 6.0E8 6.0E8 6.0E8 6.0E8 6.0E8 6.0E8 6.0E8 7.0E8 8.0E8 8.0E8 9.0E8 9.0E8 1.0E9 1.1E9 1.3E9
46 2.0E8 2.0E8 4.0E8 4.0E8 4.0E8 5.0E8 5.0E8 5.0E8 6.0E8 7.0E8 7.0E8 7.0E8 7.0E8 9.0E8 1.1E9 1.1E9 1.2E9 1.3E9 1.3E9 1.3E9
47 0.0 0.0 2.0E8 2.0E8 2.0E8 2.0E8 4.0E8 5.0E8 5.0E8 5.0E8 5.0E8 6.0E8 6.0E8 7.0E8 7.0E8 8.0E8 9.0E8 9.0E8 1.0E9 1.0E9
48 0.0 0.0 1.0E8 2.0E8 2.0E8 3.0E8 4.0E8 4.0E8 4.0E8 5.0E8 5.0E8 5.0E8 5.0E8 6.0E8 6.0E8 6.0E8 7.0E8 8.0E8 8.0E8 9.0E8
49 0.0 1.0E8 2.0E8 2.0E8 2.0E8 2.0E8 3.0E8 3.0E8 3.0E8 4.0E8 4.0E8 5.0E8 8.0E8 1.0E9 1.1E9 1.3E9 1.4E9 1.5E9 1.5E9 1.6E9
50 0.0 3.0E8 4.0E8 7.0E8 7.0E8 8.0E8 1.1E9 1.1E9 1.2E9 1.3E9 1.4E9 1.5E9 1.6E9 1.6E9 1.7E9 1.7E9 1.7E9 1.8E9 1.9E9 2.0E9
51 1.0E8 1.0E8 1.0E8 1.0E8 2.0E8 2.0E8 2.0E8 2.0E8 2.0E8 3.0E8 4.0E8 5.0E8 5.0E8 5.0E8 6.0E8 6.0E8 7.0E8 8.0E8 9.0E8 9.0E8
