0 3350
1 1982
2 4464
3 3280
4 2960
5 2676
6 762
7 1051
8 1527
9 2865
10 545
11 435
12 4369
13 4083
14 2319
15 4021
16 3451
17 976
18 676
19 1394
20 1350
21 2371
22 2485
23 3022
24 3229
25 3092
26 2433
27 2930
28 1996
29 2813
30 3280
31 4085
32 2386
33 2636
34 2411
35 2739
36 2826
37 3205
38 2584
39 3486
40 2588
41 2130
42 4114
43 3604
44 2965
45 2627
46 3217
47 3968
48 3119
49 3943
50 4116
51 3638
52 4257
53 3048
54 1891
55 3722
56 3354
57 3779
58 2782
59 5383
60 3591
61 2390
62 1495
63 3542
64 2374
65 5048
66 3276
67 1991
68 1388
69 3978
70 3166
71 4673
72 3604
73 4763
74 4496
75 4970
76 5464
77 5265
78 5060
79 3919
80 4185
81 5285
82 1441
83 5444
84 2749
85 4152
86 4108
87 5652
88 5245
89 5119
90 4186
91 2014
92 5282
93 1844
94 4157
95 2371
96 656
97 3953
