0 3351
1 1982
2 4465
3 3279
4 2962
5 2675
6 762
7 1050
8 1526
9 2867
10 545
11 435
12 4370
13 4081
14 2319
15 4023
16 3451
17 976
18 676
19 1394
20 1350
21 2371
22 2485
23 3022
24 3230
25 3092
26 2432
27 2930
28 1997
29 2813
30 3280
31 4082
32 2386
33 2634
34 2410
35 2738
36 2827
37 3205
38 2585
39 3487
40 2590
41 2130
42 4115
43 3607
44 2965
45 2626
46 3218
47 3968
48 3118
49 3944
50 4116
51 3639
52 4258
53 3048
54 1892
55 3722
56 3353
57 3779
58 2782
59 5381
60 3591
61 2391
62 1495
63 3542
64 2375
65 5047
66 3276
67 1991
68 1388
69 3979
70 3167
71 4672
72 3604
73 4763
74 4496
75 4969
76 5464
77 5266
78 5058
79 3919
80 4184
81 5286
82 1441
83 5446
84 2749
85 4152
86 4108
87 5653
88 5244
89 5120
90 4186
91 2014
92 5284
93 1845
94 4159
95 2371
96 657
97 3952
