records: 20
      Record Time
Host  UsedBuffer

  49376.0 98752.0 148128.0 197504.0 246880.0 296256.0 345632.0 395008.0 444384.0 493760.0 543136.0 592512.0 641888.0 691264.0 740640.0 790016.0 839392.0 888768.0 938144.0 987520.0
0 5000000.0 9000000.0 1.3E7 1.4E7 1.7E7 1.34E8 1.75E8 1.78E8 2.54E8 2.69E8 3.13E8 3.15E8 3.64E8 3.66E8 3.68E8 3.68E8 3.68E8 3.68E8 3.69E8 3.7E8
1 5000000.0 7000000.0 3.7E7 3.7E7 9.0E7 1.36E8 1.73E8 1.9E8 2.49E8 2.5E8 3.11E8 3.16E8 3.57E8 3.58E8 3.58E8 3.58E8 3.6E8 3.6E8 3.64E8 3.65E8
2 1.0E7 1.1E7 3.7E7 6.2E7 6.6E7 1.44E8 1.7E8 1.94E8 2.46E8 2.61E8 3.17E8 3.2E8 3.6E8 3.6E8 3.92E8 4.0E8 4.21E8 4.96E8 4.97E8 5.42E8
3 5000000.0 5000000.0 1.3E7 1.4E7 1.6E7 1.34E8 1.72E8 1.74E8 2.5E8 2.66E8 3.1E8 3.17E8 3.61E8 3.62E8 3.63E8 3.64E8 3.65E8 3.65E8 3.65E8 3.65E8
4 7000000.0 1.0E7 4.2E7 4.3E7 8.9E7 1.4E8 1.4E8 2.01E8 2.46E8 2.56E8 3.13E8 3.2E8 3.6E8 3.61E8 3.63E8 3.64E8 3.64E8 4.93E8 4.95E8 4.97E8
5 7000000.0 1.1E7 3.6E7 4.4E7 9.1E7 1.34E8 1.7E8 2.02E8 2.47E8 2.47E8 2.47E8 3.19E8 3.55E8 3.57E8 3.96E8 3.96E8 4.49E8 4.88E8 4.88E8 4.89E8
6 9000000.0 1.1E7 3.5E7 6.2E7 9.2E7 1.41E8 1.74E8 2.0E8 2.51E8 2.71E8 3.14E8 3.16E8 3.63E8 3.63E8 3.97E8 3.99E8 4.53E8 5.09E8 5.09E8 5.09E8
7 2000000.0 4000000.0 4.2E7 4.2E7 9.2E7 1.38E8 1.4E8 1.98E8 1.98E8 2.01E8 3.2E8 3.2E8 3.28E8 3.29E8 3.29E8 3.3E8 3.31E8 4.99E8 5.01E8 5.14E8
8 0.0 1000000.0 2000000.0 2000000.0 2000000.0 3000000.0 4000000.0 6000000.0 6000000.0 7000000.0 7000000.0 8000000.0 9000000.0 9000000.0 9000000.0 1.0E7 1.3E7 1.4E7 1.4E7 1.5E7
9 4000000.0 5000000.0 8000000.0 9000000.0 8.7E7 1.34E8 1.71E8 1.73E8 1.76E8 1.76E8 3.1E8 3.19E8 3.58E8 3.58E8 3.58E8 3.58E8 3.58E8 3.59E8 3.59E8 3.6E8
10 5000000.0 9000000.0 3.6E7 3.6E7 7.0E7 1.41E8 1.43E8 1.93E8 2.5E8 2.56E8 3.13E8 3.19E8 3.6E8 3.61E8 3.91E8 3.91E8 4.29E8 4.91E8 4.92E8 4.93E8
11 8000000.0 1.0E7 1.0E7 1.0E7 1.0E7 1.0E7 1.1E7 1.98E8 2.01E8 2.05E8 3.12E8 3.14E8 3.14E8 3.14E8 3.89E8 3.9E8 3.91E8 5.07E8 5.07E8 5.07E8
12 7000000.0 8000000.0 1.3E7 1.3E7 8.6E7 1.36E8 1.68E8 1.93E8 2.44E8 2.44E8 2.44E8 2.46E8 2.48E8 2.49E8 2.63E8 2.66E8 4.43E8 4.85E8 5.24E8 5.41E8
13 5000000.0 5000000.0 9000000.0 1.0E7 1.0E7 1.46E8 1.74E8 1.77E8 2.47E8 2.47E8 3.07E8 3.07E8 3.55E8 3.55E8 3.59E8 3.6E8 4.42E8 4.84E8 5.23E8 5.4E8
14 4000000.0 5000000.0 8000000.0 9000000.0 8.8E7 1.42E8 1.75E8 2.07E8 2.5E8 2.6E8 3.14E8 3.2E8 3.57E8 3.58E8 3.59E8 3.61E8 4.45E8 4.84E8 4.84E8 4.85E8
15 6000000.0 6000000.0 3.0E7 6.0E7 6.8E7 1.44E8 1.71E8 1.97E8 2.47E8 2.58E8 3.11E8 3.12E8 3.6E8 3.6E8 3.85E8 3.85E8 3.85E8 4.86E8 4.86E8 4.86E8
16 8000000.0 8000000.0 8000000.0 8000000.0 8000000.0 1.6E7 1.8E7 2.0E7 2.53E8 2.64E8 3.15E8 3.16E8 3.66E8 3.67E8 3.74E8 3.76E8 3.84E8 5.11E8 5.24E8 5.48E8
17 1000000.0 3000000.0 4000000.0 5000000.0 7000000.0 8000000.0 8000000.0 1.0E7 1.1E7 1.1E7 1.1E7 1.1E7 1.2E7 1.4E7 1.6E7 1.8E7 1.8E7 1.9E7 2.1E7 2.4E7
18 5000000.0 9000000.0 1.8E7 1.9E7 8.8E7 1.4E8 1.77E8 2.09E8 2.44E8 2.56E8 3.16E8 3.22E8 3.63E8 3.63E8 3.68E8 3.69E8 4.54E8 4.99E8 5.07E8 5.5E8
19 1000000.0 1000000.0 3000000.0 4000000.0 5000000.0 5000000.0 5000000.0 6000000.0 6000000.0 8000000.0 9000000.0 1.1E7 1.3E7 1.3E7 1.3E7 1.3E7 1.3E7 1.3E7 1.3E7 1.4E7
20 5000000.0 6000000.0 3.2E7 6.1E7 6.9E7 1.42E8 1.75E8 2.01E8 2.52E8 2.62E8 3.15E8 3.15E8 3.63E8 3.63E8 3.93E8 4.05E8 4.46E8 4.91E8 5.21E8 5.46E8
21 5000000.0 7000000.0 2.9E7 5.9E7 6.7E7 1.38E8 1.71E8 1.97E8 2.49E8 2.53E8 3.11E8 3.11E8 3.57E8 3.57E8 3.92E8 4.0E8 4.26E8 4.91E8 4.97E8 5.41E8
22 5000000.0 5000000.0 6000000.0 6000000.0 9000000.0 1.47E8 1.47E8 1.48E8 2.48E8 2.59E8 3.11E8 3.2E8 3.64E8 3.64E8 3.94E8 3.94E8 3.94E8 5.06E8 5.26E8 5.4E8
23 4000000.0 7000000.0 1.0E7 1.3E7 1.5E7 1.7E7 1.9E7 1.9E7 1.9E7 1.9E7 1.9E7 2.0E7 2.7E7 2.7E7 3.6E7 3.6E7 3.7E7 4.3E7 4.4E7 4.6E7
24 5000000.0 5000000.0 2.6E7 6.1E7 7.0E7 1.38E8 1.68E8 1.95E8 2.46E8 2.65E8 2.98E8 2.98E8 3.59E8 3.6E8 3.89E8 3.89E8 4.46E8 4.9E8 4.92E8 5.42E8
25 1000000.0 2000000.0 2000000.0 3000000.0 5000000.0 5000000.0 7000000.0 8000000.0 1.0E7 1.0E7 1.1E7 1.1E7 1.1E7 1.2E7 1.2E7 1.2E7 1.2E7 1.3E7 1.4E7 1.4E7
26 0.0 2000000.0 2000000.0 6.0E7 6.9E7 1.39E8 1.72E8 1.97E8 2.48E8 2.55E8 3.11E8 3.21E8 3.59E8 3.59E8 3.96E8 3.98E8 4.3E8 5.04E8 5.04E8 5.43E8
27 1000000.0 1000000.0 1000000.0 2000000.0 2000000.0 3000000.0 3000000.0 3000000.0 5000000.0 5000000.0 5000000.0 7000000.0 7000000.0 1.0E7 1.1E7 1.4E7 1.5E7 1.6E7 1.7E7 1.7E7
28 8000000.0 9000000.0 1.3E7 1.7E7 1.7E7 1.37E8 1.41E8 1.96E8 2.0E8 2.56E8 3.13E8 3.24E8 3.6E8 3.62E8 3.89E8 3.92E8 3.92E8 4.92E8 4.94E8 4.96E8
29 0.0 2000000.0 5000000.0 5000000.0 6000000.0 7000000.0 7000000.0 7000000.0 8000000.0 8000000.0 9000000.0 9000000.0 1.0E7 1.0E7 1.2E7 1.2E7 1.3E7 1.4E7 1.5E7 1.5E7
30 1000000.0 1000000.0 1000000.0 2000000.0 4000000.0 6000000.0 8000000.0 8000000.0 1.1E7 1.2E7 1.5E7 1.7E7 1.7E7 1.7E7 1.8E7 1.9E7 1.9E7 2.0E7 2.0E7 2.0E7
31 1.1E7 1.1E7 3.1E7 6.0E7 6.9E7 1.38E8 1.71E8 1.96E8 2.46E8 2.62E8 3.13E8 3.14E8 3.55E8 3.56E8 3.85E8 3.98E8 4.23E8 4.93E8 4.93E8 5.39E8
32 6000000.0 9000000.0 3.7E7 4.1E7 9.2E7 1.43E8 1.43E8 2.07E8 2.5E8 2.59E8 3.13E8 3.23E8 3.64E8 3.68E8 3.81E8 3.82E8 4.24E8 5.1E8 5.11E8 5.47E8
33 8000000.0 9000000.0 4.3E7 6.2E7 9.2E7 1.49E8 1.73E8 1.99E8 2.5E8 2.69E8 3.13E8 3.14E8 3.62E8 3.62E8 4.01E8 4.05E8 4.34E8 5.08E8 5.12E8 5.46E8
34 1000000.0 1000000.0 3000000.0 5000000.0 5000000.0 5000000.0 5000000.0 5000000.0 5000000.0 5000000.0 5000000.0 6000000.0 6000000.0 6000000.0 6000000.0 7000000.0 7000000.0 9000000.0 1.0E7 1.0E7
35 7000000.0 7000000.0 3.1E7 6.0E7 7.0E7 1.39E8 1.72E8 1.98E8 2.5E8 2.69E8 3.13E8 3.15E8 3.61E8 3.63E8 3.92E8 4.05E8 4.32E8 4.91E8 4.92E8 5.45E8
36 1000000.0 1000000.0 1.2E7 1.9E7 2.0E7 2.1E7 2.3E7 1.33E8 1.33E8 1.34E8 1.34E8 1.36E8 1.36E8 1.37E8 1.38E8 1.38E8 1.39E8 2.44E8 2.44E8 2.44E8
37 2000000.0 2000000.0 2000000.0 2000000.0 3000000.0 4000000.0 4000000.0 6000000.0 8000000.0 1.1E7 1.3E7 1.5E7 1.6E7 1.7E7 1.8E7 2.0E7 2.2E7 2.2E7 2.2E7 2.2E7
38 0.0 3000000.0 3000000.0 4000000.0 8000000.0 9000000.0 9000000.0 1.0E7 1.1E7 1.2E7 1.3E7 1.4E7 1.5E7 1.7E7 1.9E7 2.0E7 2.0E7 2.0E7 2.1E7 2.1E7
39 3000000.0 3000000.0 3000000.0 3000000.0 6000000.0 9000000.0 1.0E7 1.0E7 1.0E7 1.1E7 1.2E7 1.2E7 1.3E7 1.4E7 1.4E7 1.4E7 1.4E7 1.5E7 1.5E7 1.7E7
40 2000000.0 3000000.0 6000000.0 9000000.0 1.0E7 1.0E7 1.0E7 1.0E7 1.0E7 1.0E7 1.0E7 1.1E7 1.2E7 1.2E7 1.3E7 1.3E7 1.4E7 1.6E7 1.7E7 1.8E7
41 2000000.0 3000000.0 4000000.0 6000000.0 6000000.0 7000000.0 9000000.0 1.1E7 1.1E7 1.2E7 1.2E7 1.2E7 1.4E7 1.4E7 1.5E7 1.7E7 1.7E7 1.8E7 1.8E7 1.8E7
42 0.0 1000000.0 1000000.0 4000000.0 4000000.0 4000000.0 4000000.0 5000000.0 6000000.0 6000000.0 8000000.0 9000000.0 9000000.0 1.0E7 1.1E7 1.1E7 1.2E7 1.4E7 1.5E7 1.6E7
43 1000000.0 1000000.0 2000000.0 2000000.0 2000000.0 2000000.0 3000000.0 5000000.0 7000000.0 7000000.0 8000000.0 8000000.0 8000000.0 9000000.0 1.0E7 1.1E7 1.4E7 1.5E7 1.5E7 1.7E7
44 0.0 0.0 0.0 0.0 0.0 1000000.0 2000000.0 2000000.0 3000000.0 3000000.0 4000000.0 5000000.0 3.45E8 3.46E8 3.48E8 3.49E8 3.5E8 3.5E8 3.5E8 3.51E8
45 1000000.0 1000000.0 2000000.0 3000000.0 3000000.0 6000000.0 6000000.0 6000000.0 6000000.0 6000000.0 6000000.0 6000000.0 7000000.0 8000000.0 8000000.0 9000000.0 9000000.0 1.0E7 1.1E7 1.3E7
46 2000000.0 2000000.0 4000000.0 4000000.0 4000000.0 5000000.0 5000000.0 5000000.0 6000000.0 7000000.0 7000000.0 7000000.0 7000000.0 9000000.0 1.1E7 1.1E7 1.2E7 1.3E7 1.3E7 1.3E7
47 0.0 0.0 2000000.0 2000000.0 2000000.0 2000000.0 4000000.0 5000000.0 5000000.0 5000000.0 5000000.0 6000000.0 6000000.0 7000000.0 7000000.0 8000000.0 9000000.0 9000000.0 1.0E7 1.0E7
48 6000000.0 6000000.0 7000000.0 8000000.0 8000000.0 9000000.0 1.0E7 1.0E7 1.0E7 1.1E7 1.1E7 1.1E7 1.1E7 1.2E7 1.2E7 1.2E7 1.3E7 1.4E7 1.4E7 1.5E7
49 0.0 1000000.0 2000000.0 2000000.0 2000000.0 2000000.0 3000000.0 3000000.0 3000000.0 4000000.0 4000000.0 5000000.0 8000000.0 1.0E7 1.1E7 1.3E7 1.4E7 1.5E7 1.5E7 1.6E7
50 0.0 3000000.0 4000000.0 7000000.0 7000000.0 8000000.0 1.1E7 1.1E7 1.2E7 1.3E7 1.4E7 1.5E7 1.6E7 1.6E7 2.1E7 2.1E7 2.1E7 2.2E7 2.3E7 2.4E7
51 6000000.0 6000000.0 6000000.0 6000000.0 7000000.0 1.5E7 1.5E7 2.1E7 2.1E7 2.01E8 2.02E8 2.03E8 3.59E8 3.59E8 3.6E8 3.6E8 3.68E8 5.05E8 5.06E8 5.06E8
