0 3349
1 1983
2 4469
3 3280
4 2960
5 2677
6 762
7 1051
8 1527
9 2869
10 545
11 435
12 4370
13 4081
14 2319
15 4022
16 3451
17 976
18 676
19 1394
20 1350
21 2371
22 2488
23 3022
24 3229
25 3092
26 2433
27 2930
28 1997
29 2813
30 3280
31 4083
32 2386
33 2636
34 2411
35 2738
36 2828
37 3204
38 2584
39 3486
40 2590
41 2130
42 4115
43 3604
44 2965
45 2626
46 3217
47 3968
48 3118
49 3945
50 4117
51 3640
52 4259
53 3048
54 1893
55 3722
56 3355
57 3779
58 2784
59 5380
60 3589
61 2390
62 1494
63 3542
64 2375
65 5051
66 3276
67 1991
68 1388
69 3975
70 3167
71 4674
72 3604
73 4765
74 4495
75 4972
76 5464
77 5264
78 5057
79 3918
80 4185
81 5286
82 1441
83 5447
84 2749
85 4154
86 4109
87 5652
88 5245
89 5117
90 4185
91 2013
92 5283
93 1846
94 4156
95 2371
96 657
97 3953
