records: 20
      Record Time
Host  UsedBuffer

  16870.0 33740.0 50610.0 67480.0 84350.0 101220.0 118090.0 134960.0 151830.0 168700.0 185570.0 202440.0 219310.0 236180.0 253050.0 269920.0 286790.0 303660.0 320530.0 337400.0
0 5.0E8 5.0E8 5.0E8 1.5E9 1.5E9 1.5E9 1.5E9 1.5E9 2.0E9 2.0E9 2.0E9 2.0E9 2.0E9 2.0E9 2.0E9 2.0E9 2.0E9 2.0E9 2.0E9 2.0E9
1 0.0 5.0E8 5.0E8 1.0E9 1.0E9 1.5E9 1.5E9 1.5E9 1.5E9 1.5E9 2.0E9 2.0E9 2.0E9 2.0E9 2.0E9 2.0E9 2.0E9 2.0E9 2.0E9 2.0E9
2 5.0E8 1.0E9 1.5E9 -1.47483648E9 1.230196224E9 -1.064771072E9 1.40261632E8 6.40261632E8 2.55359744E8 -1.334574848E9 -1.129542144E9 1.870457856E9 -1.92450944E9 -2.19476736E8 -8.09411328E8 6.90588672E8 -2.104378624E9 -1.04378624E8 1.305686784E9 -1.489280512E9
3 0.0 0.0 0.0 0.0 0.0 0.0 5.0E8 5.0E8 5.0E8 5.0E8 5.0E8 5.0E8 5.0E8 5.0E8 5.0E8 1.0E9 1.0E9 1.0E9 1.0E9 1.0E9
4 5.0E8 5.0E8 5.0E8 5.0E8 5.0E8 1.0E9 1.0E9 1.0E9 1.0E9 1.0E9 1.5E9 1.5E9 1.5E9 1.5E9 2.0E9 2.0E9 2.0E9 -1.794967296E9 -1.294967296E9 -1.294967296E9
5 0.0 0.0 0.0 0.0 0.0 0.0 1.0E9 1.0E9 1.0E9 1.0E9 1.5E9 2.0E9 2.0E9 -1.794967296E9 -1.794967296E9 -1.294967296E9 -1.294967296E9 -7.94967296E8 -7.94967296E8 -7.94967296E8
6 0.0 0.0 0.0 0.0 0.0 0.0 0.0 0.0 5.0E8 1.0E9 1.0E9 1.0E9 1.0E9 1.0E9 1.0E9 1.0E9 1.0E9 1.0E9 1.0E9 1.0E9
7 0.0 0.0 5.0E8 5.0E8 5.0E8 5.0E8 5.0E8 5.0E8 5.0E8 5.0E8 5.0E8 5.0E8 5.0E8 5.0E8 5.0E8 5.0E8 1.0E9 1.0E9 1.0E9 1.5E9
8 0.0 0.0 0.0 0.0 0.0 0.0 0.0 0.0 0.0 0.0 0.0 0.0 0.0 0.0 0.0 0.0 0.0 5.0E8 5.0E8 5.0E8
9 0.0 5.0E8 5.0E8 5.0E8 5.0E8 5.0E8 1.0E9 1.0E9 1.0E9 1.0E9 1.0E9 1.0E9 1.0E9 1.5E9 1.5E9 2.0E9 2.0E9 2.0E9 2.0E9 -1.794967296E9
10 0.0 0.0 0.0 0.0 0.0 0.0 0.0 0.0 5.0E8 1.0E9 1.5E9 1.5E9 1.5E9 1.5E9 1.5E9 1.5E9 1.5E9 1.5E9 1.5E9 2.0E9
11 0.0 0.0 0.0 0.0 0.0 1.5E9 1.5E9 1.5E9 1.5E9 1.5E9 1.5E9 1.5E9 1.5E9 1.5E9 1.5E9 1.5E9 1.5E9 1.5E9 1.5E9 1.5E9
12 0.0 0.0 0.0 0.0 0.0 0.0 0.0 0.0 0.0 0.0 0.0 0.0 0.0 0.0 0.0 0.0 5.0E8 5.0E8 5.0E8 1.0E9
13 0.0 5.0E8 1.0E9 1.0E9 1.0E9 1.0E9 1.0E9 1.0E9 1.0E9 1.0E9 1.5E9 1.5E9 1.5E9 1.5E9 1.5E9 1.5E9 1.5E9 2.0E9 2.0E9 2.0E9
14 5.0E8 5.0E8 1.205032704E9 1.820130816E9 2.30196224E8 -2.064771072E9 -2.064771072E9 -5.64771072E8 5.5032704E8 -1.334574848E9 -2.129542144E9 -1.629542144E9 -1.629542144E9 -7.19476736E8 7.80523264E8 7.80523264E8 7.80523264E8 1.280523264E9 1.280523264E9 1.280523264E9
15 2.0E9 -7.94967296E8 -8.9934592E7 -1.47483648E9 1.730196224E9 9.35228928E8 6.40261632E8 1.140261632E9 2.05032704E9 -8.34574848E8 3.70457856E8 -9.2450944E8 7.549056E7 1.280523264E9 -3.09411328E8 -1.604378624E9 3.95621376E8 3.95621376E8 1.895621376E9 -1.39934592E9
16 0.0 0.0 0.0 0.0 0.0 0.0 0.0 0.0 0.0 0.0 0.0 0.0 0.0 0.0 0.0 0.0 0.0 0.0 0.0 0.0
17 5.0E8 5.0E8 5.0E8 1.0E9 1.0E9 1.0E9 1.0E9 1.0E9 1.0E9 1.0E9 1.0E9 1.5E9 1.5E9 1.5E9 1.5E9 1.5E9 1.5E9 1.5E9 2.0E9 2.0E9
18 0.0 0.0 0.0 5.0E8 5.0E8 5.0E8 5.0E8 5.0E8 5.0E8 1.0E9 1.0E9 1.0E9 1.0E9 1.0E9 1.5E9 1.5E9 1.5E9 1.5E9 1.5E9 1.5E9
19 0.0 0.0 0.0 0.0 0.0 0.0 5.0E8 1.5E9 1.5E9 1.5E9 1.5E9 1.5E9 1.5E9 1.5E9 1.5E9 1.5E9 1.5E9 1.5E9 1.5E9 1.5E9
20 0.0 0.0 0.0 0.0 0.0 0.0 0.0 0.0 0.0 0.0 0.0 0.0 0.0 5.0E8 5.0E8 5.0E8 5.0E8 5.0E8 5.0E8 1.0E9
21 0.0 0.0 0.0 0.0 0.0 0.0 0.0 1.0E9 1.0E9 1.0E9 1.0E9 1.0E9 1.0E9 1.0E9 1.0E9 1.0E9 1.0E9 1.0E9 1.0E9 1.0E9
22 2.0E9 -1.294967296E9 1.910065408E9 -1.97483648E9 2.516352E7 -1.564771072E9 -1.564771072E9 -6.4771072E7 -1.44967296E9 -1.834574848E9 -1.834574848E9 -1.834574848E9 -1.834574848E9 -1.834574848E9 -1.334574848E9 -1.334574848E9 -8.34574848E8 -8.34574848E8 -8.34574848E8 -8.34574848E8
23 0.0 1.0E9 1.5E9 1.5E9 1.5E9 1.5E9 1.5E9 1.5E9 1.5E9 1.5E9 1.5E9 2.0E9 2.0E9 2.0E9 2.0E9 2.0E9 2.0E9 2.0E9 2.0E9 2.0E9
24 0.0 0.0 5.0E8 1.0E9 1.0E9 1.0E9 1.0E9 1.0E9 1.0E9 1.0E9 1.0E9 1.0E9 1.0E9 1.0E9 1.0E9 1.0E9 1.0E9 1.5E9 1.5E9 1.5E9
25 0.0 0.0 0.0 0.0 5.0E8 5.0E8 5.0E8 5.0E8 5.0E8 1.0E9 1.0E9 1.0E9 1.0E9 1.5E9 1.5E9 2.0E9 2.0E9 2.0E9 2.0E9 2.0E9
26 0.0 0.0 0.0 1.0E9 1.5E9 2.0E9 2.0E9 2.0E9 2.0E9 2.0E9 2.0E9 2.0E9 2.0E9 2.0E9 2.0E9 2.0E9 2.0E9 2.0E9 2.0E9 2.0E9
27 0.0 5.0E8 5.0E8 5.0E8 5.0E8 5.0E8 5.0E8 5.0E8 1.0E9 1.0E9 1.0E9 1.0E9 1.0E9 1.5E9 1.5E9 1.5E9 1.5E9 1.5E9 1.5E9 1.5E9
28 0.0 0.0 0.0 0.0 0.0 0.0 0.0 0.0 5.0E8 5.0E8 5.0E8 5.0E8 5.0E8 5.0E8 1.0E9 1.0E9 1.0E9 1.0E9 1.5E9 1.5E9
29 0.0 0.0 0.0 0.0 0.0 0.0 0.0 0.0 0.0 0.0 0.0 0.0 0.0 0.0 0.0 0.0 0.0 0.0 5.0E8 1.0E9
30 0.0 0.0 0.0 0.0 0.0 0.0 5.0E8 1.0E9 2.0E9 2.0E9 2.0E9 2.0E9 2.0E9 2.0E9 2.0E9 -1.794967296E9 -1.794967296E9 -1.794967296E9 -1.794967296E9 -1.794967296E9
31 0.0 0.0 0.0 0.0 5.0E8 5.0E8 5.0E8 5.0E8 5.0E8 5.0E8 5.0E8 5.0E8 5.0E8 5.0E8 5.0E8 5.0E8 5.0E8 1.0E9 1.5E9 2.0E9
32 0.0 0.0 0.0 0.0 0.0 0.0 0.0 5.0E8 5.0E8 5.0E8 5.0E8 5.0E8 1.0E9 1.0E9 1.5E9 1.5E9 1.5E9 1.5E9 2.0E9 2.0E9
33 0.0 0.0 0.0 0.0 0.0 0.0 0.0 5.0E8 5.0E8 5.0E8 5.0E8 5.0E8 1.0E9 1.0E9 1.0E9 1.0E9 1.0E9 1.0E9 1.0E9 1.0E9
34 0.0 0.0 0.0 0.0 0.0 0.0 5.0E8 5.0E8 1.5E9 1.5E9 1.5E9 1.5E9 1.5E9 1.5E9 1.5E9 1.5E9 1.5E9 1.5E9 1.5E9 1.5E9
35 0.0 0.0 5.0E8 5.0E8 1.0E9 1.0E9 1.0E9 1.0E9 1.5E9 1.5E9 2.0E9 2.0E9 -1.794967296E9 -1.794967296E9 -1.794967296E9 -1.794967296E9 -1.794967296E9 -1.794967296E9 -1.794967296E9 -1.794967296E9
36 0.0 5.0E8 5.0E8 5.0E8 5.0E8 1.0E9 1.0E9 1.0E9 1.0E9 1.5E9 1.5E9 1.5E9 1.5E9 1.5E9 2.0E9 2.0E9 -1.794967296E9 -1.794967296E9 -1.294967296E9 -1.294967296E9
37 0.0 0.0 5.0E8 5.0E8 5.0E8 5.0E8 5.0E8 5.0E8 5.0E8 1.0E9 1.0E9 1.0E9 1.0E9 1.0E9 1.0E9 1.0E9 1.0E9 1.0E9 1.0E9 1.0E9
38 0.0 0.0 0.0 5.0E8 5.0E8 5.0E8 5.0E8 5.0E8 5.0E8 5.0E8 5.0E8 5.0E8 1.0E9 1.0E9 1.0E9 1.0E9 1.5E9 1.5E9 1.5E9 1.5E9
39 0.0 0.0 0.0 5.0E8 5.0E8 5.0E8 5.0E8 1.0E9 1.0E9 1.0E9 1.0E9 1.0E9 1.0E9 1.0E9 1.0E9 1.0E9 1.0E9 1.0E9 1.0E9 1.0E9
40 0.0 0.0 0.0 0.0 0.0 0.0 0.0 0.0 0.0 0.0 0.0 0.0 0.0 0.0 0.0 5.0E8 5.0E8 5.0E8 5.0E8 5.0E8
41 0.0 5.0E8 5.0E8 5.0E8 5.0E8 5.0E8 5.0E8 5.0E8 5.0E8 5.0E8 5.0E8 5.0E8 5.0E8 5.0E8 1.5E9 1.5E9 1.5E9 2.0E9 2.0E9 2.0E9
42 0.0 0.0 0.0 0.0 0.0 0.0 0.0 0.0 0.0 0.0 5.0E8 5.0E8 5.0E8 5.0E8 5.0E8 5.0E8 1.5E9 1.5E9 1.5E9 1.5E9
43 5.0E8 5.0E8 5.0E8 1.0E9 1.0E9 1.0E9 1.0E9 1.0E9 1.0E9 1.5E9 1.5E9 1.5E9 1.5E9 1.5E9 1.5E9 -1.794967296E9 -1.794967296E9 -1.794967296E9 -1.294967296E9 -1.294967296E9
44 0.0 0.0 5.0E8 5.0E8 5.0E8 5.0E8 5.0E8 5.0E8 5.0E8 5.0E8 5.0E8 5.0E8 5.0E8 5.0E8 5.0E8 5.0E8 5.0E8 5.0E8 5.0E8 5.0E8
45 0.0 5.0E8 5.0E8 5.0E8 5.0E8 5.0E8 5.0E8 5.0E8 5.0E8 1.0E9 1.5E9 1.5E9 2.0E9 -1.794967296E9 -1.794967296E9 -1.794967296E9 -1.794967296E9 -1.794967296E9 -1.794967296E9 -1.794967296E9
46 0.0 0.0 5.0E8 5.0E8 5.0E8 5.0E8 5.0E8 5.0E8 5.0E8 5.0E8 1.0E9 1.0E9 1.0E9 1.0E9 1.0E9 1.0E9 1.0E9 1.0E9 1.0E9 1.0E9
47 0.0 0.0 0.0 0.0 0.0 0.0 0.0 0.0 0.0 0.0 0.0 0.0 0.0 0.0 0.0 0.0 0.0 0.0 0.0 0.0
48 0.0 0.0 0.0 0.0 5.0E8 5.0E8 5.0E8 5.0E8 5.0E8 5.0E8 5.0E8 5.0E8 5.0E8 1.0E9 1.0E9 1.0E9 1.0E9 1.0E9 1.0E9 1.0E9
49 0.0 0.0 0.0 0.0 0.0 0.0 0.0 0.0 0.0 0.0 0.0 0.0 0.0 0.0 0.0 0.0 0.0 0.0 0.0 0.0
50 0.0 5.0E8 5.0E8 5.0E8 1.0E9 1.0E9 1.5E9 1.5E9 1.5E9 1.5E9 1.5E9 1.5E9 2.0E9 2.0E9 2.0E9 2.0E9 2.0E9 2.0E9 2.0E9 2.0E9
51 0.0 0.0 0.0 0.0 5.0E8 5.0E8 1.0E9 1.0E9 1.0E9 1.0E9 1.0E9 1.0E9 1.5E9 1.5E9 1.5E9 2.0E9 2.0E9 2.0E9 2.0E9 2.0E9
52 0.0 0.0 5.0E8 5.0E8 1.0E9 1.0E9 1.0E9 1.0E9 1.0E9 1.5E9 1.5E9 1.5E9 1.5E9 1.5E9 2.0E9 2.0E9 2.0E9 -1.794967296E9 -1.794967296E9 -1.294967296E9
53 5.0E8 5.0E8 5.0E8 5.0E8 1.5E9 1.5E9 1.5E9 1.5E9 1.5E9 1.5E9 1.5E9 -1.794967296E9 -1.794967296E9 -1.794967296E9 -1.294967296E9 -1.294967296E9 -1.294967296E9 -1.294967296E9 -1.294967296E9 -1.294967296E9
54 0.0 0.0 0.0 0.0 0.0 0.0 0.0 0.0 0.0 0.0 0.0 5.0E8 5.0E8 5.0E8 5.0E8 1.0E9 1.0E9 1.0E9 1.0E9 1.5E9
55 0.0 0.0 0.0 0.0 0.0 0.0 0.0 0.0 0.0 0.0 0.0 0.0 0.0 0.0 0.0 5.0E8 5.0E8 5.0E8 1.0E9 1.0E9
56 0.0 0.0 0.0 0.0 0.0 0.0 5.0E8 5.0E8 5.0E8 5.0E8 5.0E8 5.0E8 5.0E8 5.0E8 5.0E8 5.0E8 5.0E8 5.0E8 5.0E8 5.0E8
57 0.0 0.0 0.0 0.0 0.0 0.0 0.0 0.0 0.0 0.0 0.0 0.0 0.0 0.0 0.0 0.0 0.0 0.0 0.0 0.0
58 0.0 0.0 0.0 0.0 0.0 0.0 0.0 0.0 0.0 0.0 5.0E8 5.0E8 5.0E8 5.0E8 5.0E8 5.0E8 1.0E9 1.0E9 1.5E9 1.5E9
59 0.0 0.0 5.0E8 5.0E8 1.0E9 1.0E9 1.0E9 1.0E9 1.0E9 1.0E9 1.0E9 1.0E9 1.5E9 1.5E9 1.5E9 1.5E9 2.0E9 2.0E9 2.0E9 2.0E9
60 1.5E9 1.5E9 -1.884901888E9 -1.97483648E9 7.30196224E8 1.230196224E9 9.35228928E8 2.140261632E9 1.05032704E9 1.255359744E9 -1.039607552E9 -3.34574848E8 1.665425152E9 -1.42450944E9 -4.2450944E8 5.7549056E8 2.80523264E8 2.80523264E8 1.780523264E9 1.780523264E9
61 5.0E8 5.0E8 5.0E8 5.0E8 5.0E8 5.0E8 5.0E8 5.0E8 5.0E8 5.0E8 5.0E8 5.0E8 5.0E8 5.0E8 5.0E8 5.0E8 5.0E8 5.0E8 5.0E8 5.0E8
62 0.0 0.0 0.0 0.0 0.0 0.0 0.0 0.0 0.0 0.0 0.0 0.0 0.0 0.0 0.0 0.0 0.0 0.0 0.0 5.0E8
63 0.0 0.0 0.0 0.0 0.0 0.0 0.0 0.0 0.0 0.0 0.0 0.0 0.0 0.0 0.0 0.0 0.0 0.0 0.0 5.0E8
64 0.0 0.0 0.0 0.0 0.0 0.0 0.0 0.0 0.0 0.0 0.0 0.0 0.0 0.0 0.0 0.0 5.0E8 1.0E9 1.0E9 1.5E9
65 0.0 0.0 0.0 0.0 5.0E8 5.0E8 5.0E8 5.0E8 5.0E8 5.0E8 5.0E8 5.0E8 5.0E8 5.0E8 5.0E8 5.0E8 5.0E8 5.0E8 1.0E9 1.0E9
66 0.0 0.0 0.0 0.0 0.0 0.0 0.0 0.0 0.0 0.0 0.0 5.0E8 1.0E9 1.0E9 1.0E9 1.0E9 1.0E9 1.0E9 1.0E9 1.0E9
67 0.0 5.0E8 5.0E8 5.0E8 5.0E8 5.0E8 5.0E8 5.0E8 1.0E9 1.0E9 1.0E9 1.0E9 1.0E9 1.0E9 1.0E9 1.0E9 1.5E9 1.5E9 2.0E9 2.0E9
68 0.0 0.0 0.0 0.0 0.0 0.0 0.0 0.0 0.0 5.0E8 5.0E8 5.0E8 5.0E8 5.0E8 5.0E8 1.0E9 1.0E9 1.0E9 1.0E9 1.5E9
69 0.0 0.0 0.0 0.0 0.0 0.0 5.0E8 5.0E8 5.0E8 5.0E8 5.0E8 5.0E8 5.0E8 5.0E8 1.0E9 1.0E9 1.0E9 1.0E9 1.0E9 1.0E9
70 0.0 0.0 0.0 0.0 0.0 0.0 0.0 0.0 0.0 0.0 5.0E8 1.5E9 1.5E9 1.5E9 1.5E9 1.5E9 1.5E9 1.5E9 2.0E9 2.0E9
71 0.0 0.0 0.0 0.0 0.0 0.0 0.0 0.0 0.0 0.0 0.0 0.0 5.0E8 5.0E8 5.0E8 5.0E8 5.0E8 5.0E8 1.0E9 1.0E9
72 0.0 0.0 0.0 0.0 0.0 0.0 0.0 1.0E9 1.0E9 2.0E9 2.0E9 2.0E9 2.0E9 2.0E9 2.0E9 2.0E9 2.0E9 2.0E9 2.0E9 2.0E9
73 0.0 0.0 0.0 0.0 0.0 0.0 5.0E8 5.0E8 5.0E8 5.0E8 5.0E8 5.0E8 5.0E8 5.0E8 5.0E8 5.0E8 5.0E8 1.0E9 1.0E9 1.0E9
74 1.5E9 1.5E9 -1.794967296E9 -9.7483648E8 1.230196224E9 -1.564771072E9 -5.64771072E8 1.435228928E9 -2.44640256E8 4.60392448E8 4.60392448E8 9.60392448E8 9.60392448E8 9.60392448E8 -9.2450944E8 -4.2450944E8 7.549056E7 5.7549056E8 5.7549056E8 5.7549056E8
75 0.0 5.0E8 1.0E9 1.0E9 1.0E9 1.0E9 1.0E9 1.0E9 1.0E9 1.0E9 1.0E9 1.0E9 1.0E9 1.5E9 1.5E9 1.5E9 1.5E9 1.5E9 1.5E9 1.5E9
76 0.0 0.0 0.0 0.0 0.0 0.0 0.0 0.0 0.0 0.0 0.0 0.0 0.0 0.0 0.0 0.0 0.0 0.0 0.0 0.0
77 5.0E8 5.0E8 5.0E8 5.0E8 5.0E8 5.0E8 5.0E8 5.0E8 1.0E9 1.0E9 1.0E9 1.0E9 1.0E9 1.0E9 1.0E9 1.0E9 1.0E9 1.0E9 1.0E9 1.0E9
78 0.0 0.0 0.0 0.0 0.0 0.0 0.0 0.0 0.0 0.0 0.0 0.0 0.0 0.0 0.0 0.0 0.0 0.0 0.0 0.0
79 1.0E9 1.0E9 1.0E9 1.5E9 1.5E9 1.5E9 1.5E9 1.5E9 1.5E9 1.5E9 1.5E9 1.5E9 1.5E9 1.5E9 1.5E9 1.5E9 2.0E9 -1.794967296E9 -1.794967296E9 -1.794967296E9
80 0.0 0.0 0.0 0.0 0.0 0.0 0.0 0.0 0.0 0.0 0.0 0.0 5.0E8 5.0E8 5.0E8 5.0E8 5.0E8 5.0E8 5.0E8 5.0E8
81 0.0 0.0 0.0 0.0 0.0 0.0 0.0 0.0 0.0 0.0 0.0 0.0 0.0 0.0 0.0 0.0 0.0 0.0 0.0 0.0
82 0.0 5.0E8 5.0E8 5.0E8 5.0E8 5.0E8 5.0E8 1.0E9 1.0E9 1.0E9 1.5E9 1.5E9 1.5E9 1.5E9 1.5E9 1.5E9 1.5E9 1.5E9 1.5E9 1.5E9
83 0.0 5.0E8 5.0E8 5.0E8 1.0E9 1.5E9 1.5E9 2.0E9 2.0E9 2.0E9 -1.794967296E9 -1.794967296E9 -1.794967296E9 -1.794967296E9 -1.794967296E9 -1.794967296E9 -1.794967296E9 -1.794967296E9 -1.794967296E9 -1.794967296E9
84 0.0 0.0 0.0 0.0 0.0 0.0 0.0 0.0 0.0 0.0 0.0 5.0E8 5.0E8 5.0E8 5.0E8 5.0E8 5.0E8 1.0E9 1.0E9 1.5E9
85 2.0E9 -1.294967296E9 -1.089934592E9 1.320130816E9 1.730196224E9 -1.064771072E9 1.935228928E9 -1.859738368E9 -7.44640256E8 1.65425152E8 -1.92450944E9 -1.92450944E9 -1.92450944E9 -1.92450944E9 -1.42450944E9 -4.2450944E8 -4.2450944E8 -4.2450944E8 -2.014444032E9 -3.09411328E8
86 0.0 0.0 5.0E8 5.0E8 5.0E8 5.0E8 1.0E9 1.0E9 1.0E9 1.0E9 1.0E9 1.0E9 1.0E9 1.5E9 2.0E9 2.0E9 2.0E9 2.0E9 2.0E9 2.0E9
87 2.0E9 -1.794967296E9 1.910065408E9 -9.7483648E8 1.730196224E9 4.35228928E8 1.435228928E9 1.935228928E9 -1.744640256E9 -3.34574848E8 6.65425152E8 1.665425152E9 -2.129542144E9 2.07549056E9 2.07549056E9 2.07549056E9 2.07549056E9 2.07549056E9 2.07549056E9 2.07549056E9
88 0.0 0.0 0.0 0.0 0.0 0.0 0.0 0.0 0.0 0.0 0.0 0.0 0.0 0.0 0.0 0.0 0.0 0.0 0.0 0.0
89 1.0E9 1.0E9 1.0E9 1.0E9 1.0E9 1.0E9 1.0E9 1.0E9 1.0E9 1.0E9 1.0E9 1.5E9 2.0E9 -1.794967296E9 -1.794967296E9 -1.794967296E9 -1.794967296E9 -1.294967296E9 -1.294967296E9 -1.294967296E9
90 0.0 0.0 0.0 0.0 0.0 0.0 0.0 0.0 0.0 5.0E8 5.0E8 5.0E8 5.0E8 5.0E8 5.0E8 5.0E8 5.0E8 5.0E8 5.0E8 5.0E8
91 5.0E8 5.0E8 5.0E8 5.0E8 5.0E8 1.0E9 1.0E9 1.0E9 1.0E9 1.5E9 1.5E9 2.0E9 2.0E9 2.0E9 2.0E9 2.0E9 2.0E9 2.0E9 2.0E9 2.0E9
92 2.0E9 -7.94967296E8 -7.94967296E8 -9.7483648E8 1.730196224E9 -1.564771072E9 1.435228928E9 1.935228928E9 2.05032704E9 1.755359744E9 4.60392448E8 1.960392448E9 -1.834574848E9 5.7549056E8 -7.19476736E8 -2.19476736E8 -2.19476736E8 -2.19476736E8 1.690588672E9 -2.104378624E9
93 5.0E8 5.0E8 1.0E9 1.0E9 1.0E9 1.5E9 1.5E9 1.5E9 1.5E9 1.5E9 1.5E9 1.5E9 2.0E9 2.0E9 2.0E9 2.0E9 2.0E9 2.0E9 2.0E9 2.0E9
94 0.0 0.0 0.0 5.0E8 5.0E8 5.0E8 5.0E8 5.0E8 5.0E8 5.0E8 5.0E8 5.0E8 5.0E8 5.0E8 5.0E8 5.0E8 1.0E9 1.0E9 1.0E9 1.0E9
95 0.0 0.0 0.0 0.0 0.0 0.0 0.0 0.0 0.0 0.0 0.0 5.0E8 5.0E8 5.0E8 5.0E8 5.0E8 5.0E8 5.0E8 5.0E8 5.0E8
96 5.0E8 5.0E8 5.0E8 5.0E8 5.0E8 5.0E8 1.0E9 1.0E9 1.0E9 1.0E9 1.0E9 1.0E9 1.0E9 1.0E9 1.0E9 1.0E9 1.0E9 1.0E9 1.0E9 1.0E9
97 -1.794967296E9 -1.794967296E9 1.910065408E9 -9.7483648E8 -2.064771072E9 -1.564771072E9 -1.564771072E9 -1.564771072E9 -1.564771072E9 -1.564771072E9 -1.564771072E9 -1.564771072E9 -1.064771072E9 -6.4771072E7 -6.4771072E7 4.35228928E8 4.35228928E8 4.35228928E8 4.35228928E8 4.35228928E8
