records: 20
      Record Time
Host  UsedBuffer

  16870.0 33740.0 50610.0 67480.0 84350.0 101220.0 118090.0 134960.0 151830.0 168700.0 185570.0 202440.0 219310.0 236180.0 253050.0 269920.0 286790.0 303660.0 320530.0 337400.0
0 8.0E8 1.5E9 -8.94967296E8 8.05032704E8 -1.989934592E9 -1.389934592E9 5.10065408E8 1.410065408E9 -6.84901888E8 8.15098112E8 1.815098112E9 -1.579869184E9 -1.279869184E9 1.120130816E9 2.020130816E9 -1.57483648E9 -1.57483648E9 -4.7483648E8 -1.769803776E9 -1.069803776E9
1 9.0E8 1.8E9 -9.94967296E8 6.05032704E8 -2.089934592E9 -1.289934592E9 -8.9934592E7 1.310065408E9 -6.84901888E8 8.15098112E8 1.915098112E9 -1.579869184E9 -1.279869184E9 1.120130816E9 2.020130816E9 -1.77483648E9 -1.57483648E9 1.2516352E8 -2.069803776E9 -1.369803776E9
2 0.0 0.0 0.0 0.0 0.0 2.0E8 2.0E8 3.0E8 3.0E8 3.0E8 3.0E8 4.0E8 4.0E8 4.0E8 4.0E8 5.0E8 6.0E8 6.0E8 6.0E8 6.0E8
3 8.0E8 1.5E9 -8.94967296E8 6.05032704E8 -1.989934592E9 -1.389934592E9 5.10065408E8 1.410065408E9 -6.84901888E8 8.15098112E8 1.815098112E9 -1.579869184E9 -8.79869184E8 1.120130816E9 1.920130816E9 -1.67483648E9 -1.37483648E9 -7.7483648E8 -1.869803776E9 -1.169803776E9
4 7.0E8 1.4E9 -9.94967296E8 7.05032704E8 -2.089934592E9 -1.389934592E9 5.10065408E8 1.410065408E9 -6.84901888E8 8.15098112E8 1.815098112E9 -1.579869184E9 -9.79869184E8 1.120130816E9 2.020130816E9 -1.77483648E9 -1.27483648E9 -5.7483648E8 -1.669803776E9 -9.69803776E8
5 0.0 0.0 0.0 7.05032704E8 -1.989934592E9 -1.189934592E9 1.0065408E7 1.310065408E9 -6.84901888E8 8.15098112E8 1.815098112E9 -1.679869184E9 -1.479869184E9 1.020130816E9 1.920130816E9 -1.87483648E9 -1.67483648E9 2.516352E7 -2.069803776E9 -1.569803776E9
6 0.0 0.0 0.0 5.05032704E8 1.805032704E9 -1.589934592E9 -1.589934592E9 7.10065408E8 -7.84901888E8 7.15098112E8 8.15098112E8 1.915098112E9 -1.379869184E9 1.020130816E9 1.920130816E9 2.020130816E9 -1.17483648E9 -1.17483648E9 2.12516352E9 2.12516352E9
7 5.0E8 1.7E9 -1.994967296E9 6.05032704E8 1.205032704E9 -1.589934592E9 -1.589934592E9 5.10065408E8 -7.84901888E8 -1.84901888E8 -1.84901888E8 -1.84901888E8 -1.84901888E8 4.20130816E8 1.220130816E9 1.220130816E9 1.320130816E9 1.320130816E9 -1.869803776E9 -1.469803776E9
8 0.0 0.0 1.7E9 4.05032704E8 -2.089934592E9 -1.389934592E9 -1.89934592E8 1.010065408E9 -8.84901888E8 6.15098112E8 1.615098112E9 -1.879869184E9 -1.679869184E9 5.20130816E8 1.720130816E9 -2.07483648E9 -1.87483648E9 -1.67483648E9 2.12516352E9 -1.669803776E9
9 0.0 1.0E8 1.0E8 1.0E8 1.0E8 1.0E8 2.0E8 2.0E8 2.0E8 2.0E8 2.0E8 2.0E8 2.0E8 3.0E8 3.0E8 4.0E8 4.0E8 4.0E8 4.0E8 5.0E8
10 0.0 0.0 -8.94967296E8 6.05032704E8 1.305032704E9 1.305032704E9 -1.689934592E9 -1.089934592E9 -5.84901888E8 9.15098112E8 1.015098112E9 -1.679869184E9 -1.179869184E9 1.120130816E9 2.020130816E9 2.120130816E9 -1.07483648E9 -8.7483648E8 -1.769803776E9 -1.369803776E9
11 0.0 0.0 0.0 4.05032704E8 1.905032704E9 -1.489934592E9 1.10065408E8 1.110065408E9 -1.184901888E9 5.15098112E8 8.15098112E8 8.15098112E8 -1.379869184E9 8.20130816E8 1.720130816E9 1.820130816E9 1.820130816E9 -1.7483648E8 -1.969803776E9 -1.969803776E9
12 9.0E8 1.8E9 -8.94967296E8 7.05032704E8 -2.089934592E9 -1.289934592E9 -8.9934592E7 1.210065408E9 -6.84901888E8 8.15098112E8 1.915098112E9 -1.679869184E9 -1.379869184E9 1.020130816E9 1.920130816E9 -1.87483648E9 -1.57483648E9 1.2516352E8 -2.069803776E9 -1.769803776E9
13 9.0E8 1.7E9 -8.94967296E8 5.05032704E8 2.005032704E9 -1.489934592E9 -2.89934592E8 1.410065408E9 -8.84901888E8 6.15098112E8 1.715098112E9 -1.779869184E9 -1.479869184E9 8.20130816E8 8.20130816E8 8.20130816E8 8.20130816E8 9.20130816E8 9.20130816E8 9.20130816E8
14 7.0E8 1.4E9 -8.94967296E8 6.05032704E8 2.005032704E9 -1.489934592E9 3.10065408E8 1.110065408E9 -7.84901888E8 6.15098112E8 1.615098112E9 -1.779869184E9 -1.479869184E9 8.20130816E8 1.020130816E9 1.020130816E9 1.020130816E9 1.120130816E9 1.120130816E9 1.120130816E9
15 9.0E8 1.8E9 -8.94967296E8 7.05032704E8 -1.989934592E9 -1.189934592E9 1.0065408E7 1.710065408E9 -5.84901888E8 9.15098112E8 2.015098112E9 -1.479869184E9 -1.179869184E9 1.220130816E9 2.120130816E9 -1.87483648E9 -1.37483648E9 -1.07483648E9 -1.569803776E9 -8.69803776E8
16 0.0 0.0 0.0 0.0 0.0 0.0 0.0 0.0 0.0 0.0 0.0 0.0 0.0 0.0 0.0 0.0 0.0 0.0 0.0 0.0
17 9.0E8 1.4E9 -2.094967296E9 -2.94967296E8 1.505032704E9 -1.689934592E9 -8.9934592E7 9.10065408E8 -6.84901888E8 2.15098112E8 1.615098112E9 -1.779869184E9 -1.279869184E9 6.20130816E8 1.320130816E9 -1.87483648E9 -1.57483648E9 -1.57483648E9 -1.47483648E9 -1.47483648E9
18 9.0E8 1.3E9 1.8E9 -9.94967296E8 1.805032704E9 1.805032704E9 1.0065408E7 8.10065408E8 2.110065408E9 -2.84901888E8 1.015098112E9 -1.579869184E9 -1.379869184E9 -2.79869184E8 1.020130816E9 -1.77483648E9 -1.37483648E9 -1.37483648E9 -1.37483648E9 -1.37483648E9
19 9.0E8 1.4E9 -2.094967296E9 1.05032704E8 1.005032704E9 -1.389934592E9 -2.89934592E8 9.10065408E8 -6.84901888E8 2.15098112E8 1.315098112E9 -1.679869184E9 -1.279869184E9 7.20130816E8 2.020130816E9 -1.77483648E9 -1.47483648E9 -1.47483648E9 -1.47483648E9 -1.47483648E9
20 8.0E8 8.0E8 8.0E8 8.0E8 1.9E9 1.9E9 1.9E9 1.9E9 -3.89934592E8 1.910065408E9 1.910065408E9 1.715098112E9 -1.879869184E9 -2.79869184E8 1.920130816E9 2.020130816E9 2.020130816E9 2.020130816E9 1.72516352E9 -1.569803776E9
21 1.0E9 1.3E9 -8.94967296E8 -6.94967296E8 5032704.0 -1.489934592E9 -6.89934592E8 -4.89934592E8 -6.84901888E8 4.15098112E8 9.15098112E8 -1.979869184E9 -1.979869184E9 1.120130816E9 1.920130816E9 -2.07483648E9 -2.07483648E9 -1.97483648E9 -1.869803776E9 -1.369803776E9
22 1.0E9 1.4E9 -7.94967296E8 6.05032704E8 1.305032704E9 -1.489934592E9 -1.489934592E9 4.10065408E8 -6.84901888E8 5.15098112E8 5.15098112E8 5.15098112E8 5.15098112E8 5.15098112E8 6.15098112E8 6.15098112E8 7.15098112E8 7.15098112E8 7.15098112E8 7.15098112E8
23 4.0E8 1.3E9 -9.94967296E8 5.05032704E8 2.105032704E9 -1.789934592E9 1.0065408E7 1.110065408E9 -8.84901888E8 -3.84901888E8 1.415098112E9 1.515098112E9 1.515098112E9 9.20130816E8 1.720130816E9 2.120130816E9 2.120130816E9 -7.483648E7 -1.869803776E9 -1.569803776E9
24 0.0 0.0 1.0E8 2.0E8 2.0E8 2.0E8 2.0E8 2.0E8 2.0E8 2.0E8 2.0E8 2.0E8 2.0E8 2.0E8 2.0E8 2.0E8 2.0E8 3.0E8 3.0E8 3.0E8
25 1.0E9 1.5E9 1.5E9 1.5E9 2.105032704E9 -1.389934592E9 -7.89934592E8 1.110065408E9 -7.84901888E8 7.15098112E8 1.415098112E9 1.715098112E9 1.715098112E9 8.20130816E8 1.720130816E9 1.920130816E9 1.920130816E9 1.920130816E9 1.22516352E9 -1.269803776E9
26 1.0E9 1.4E9 -7.94967296E8 7.05032704E8 -1.989934592E9 -1.389934592E9 3.10065408E8 5.10065408E8 -5.84901888E8 8.15098112E8 8.15098112E8 8.15098112E8 -1.479869184E9 1.120130816E9 1.720130816E9 1.720130816E9 1.720130816E9 1.720130816E9 1.720130816E9 1.720130816E9
27 0.0 1.0E8 1.0E8 1.0E8 1.0E8 1.0E8 1.0E8 1.0E8 2.0E8 2.0E8 2.0E8 2.0E8 2.0E8 3.0E8 3.0E8 3.0E8 3.0E8 3.0E8 3.0E8 3.0E8
28 9.0E8 1.2E9 -9.94967296E8 6.05032704E8 1.905032704E9 -1.689934592E9 -1.689934592E9 -9.89934592E8 -7.84901888E8 7.15098112E8 1.015098112E9 1.015098112E9 1.015098112E9 1.015098112E9 1.115098112E9 1.115098112E9 1.115098112E9 1.115098112E9 -1.869803776E9 -1.169803776E9
29 8.0E8 1.3E9 -7.94967296E8 7.05032704E8 -2.089934592E9 -1.589934592E9 -1.589934592E9 -1.589934592E9 -1.589934592E9 -1.589934592E9 -1.584901888E9 -1.584901888E9 -8.84901888E8 9.20130816E8 1.720130816E9 1.920130816E9 2.020130816E9 -7.7483648E8 -1.969803776E9 -1.269803776E9
30 6.0E8 1.1E9 -9.94967296E8 5.05032704E8 5.05032704E8 1.105032704E9 4.10065408E8 7.10065408E8 -7.84901888E8 7.15098112E8 1.715098112E9 -1.679869184E9 -1.679869184E9 1.020130816E9 1.920130816E9 2.120130816E9 -1.37483648E9 -1.37483648E9 -1.37483648E9 -1.269803776E9
31 1.0E9 1.7E9 -8.94967296E8 6.05032704E8 1.505032704E9 1.505032704E9 1.905032704E9 2.005032704E9 -9.84901888E8 4.15098112E8 1.115098112E9 1.815098112E9 -1.979869184E9 6.20130816E8 1.420130816E9 1.420130816E9 1.420130816E9 1.520130816E9 2.02516352E9 -1.869803776E9
32 6.0E8 1.5E9 -8.94967296E8 1.05032704E8 1.05032704E8 -1.489934592E9 -2.89934592E8 -1.89934592E8 -6.84901888E8 8.15098112E8 1.615098112E9 2.115098112E9 -1.179869184E9 9.20130816E8 1.720130816E9 2.020130816E9 2.020130816E9 -1.87483648E9 -1.869803776E9 -1.169803776E9
33 1.0E8 1.3E9 -7.94967296E8 7.05032704E8 1.205032704E9 1.305032704E9 1.305032704E9 8.10065408E8 -6.84901888E8 8.15098112E8 1.515098112E9 1.515098112E9 1.615098112E9 1.615098112E9 1.715098112E9 1.715098112E9 1.815098112E9 1.815098112E9 1.815098112E9 1.815098112E9
34 9.0E8 1.3E9 -8.94967296E8 7.05032704E8 1.805032704E9 1.805032704E9 3.10065408E8 5.10065408E8 -6.84901888E8 6.15098112E8 1.415098112E9 1.515098112E9 -1.679869184E9 8.20130816E8 1.420130816E9 1.420130816E9 1.420130816E9 1.420130816E9 -1.969803776E9 -1.469803776E9
35 1.0E9 1.3E9 -7.94967296E8 5.05032704E8 1.705032704E9 1.705032704E9 -8.89934592E8 1.410065408E9 -5.84901888E8 -8.4901888E7 1.915098112E9 -1.679869184E9 -8.79869184E8 1.120130816E9 2.120130816E9 -2.07483648E9 -2.07483648E9 -2.07483648E9 -1.569803776E9 -1.069803776E9
36 6.0E8 1.2E9 -7.94967296E8 7.05032704E8 1.205032704E9 1.305032704E9 1.305032704E9 7.10065408E8 -6.84901888E8 8.15098112E8 1.515098112E9 1.515098112E9 1.615098112E9 1.615098112E9 1.715098112E9 1.715098112E9 1.815098112E9 1.815098112E9 1.915098112E9 1.915098112E9
37 6.0E8 1.7E9 -7.94967296E8 7.05032704E8 -1.989934592E9 -1.489934592E9 -8.9934592E7 1.510065408E9 -4.84901888E8 9.15098112E8 1.615098112E9 1.715098112E9 -1.179869184E9 1.020130816E9 1.920130816E9 -1.47483648E9 -1.17483648E9 -5.7483648E8 -1.769803776E9 -1.269803776E9
38 8.0E8 9.0E8 9.0E8 1.0E9 -2.089934592E9 -1.489934592E9 -6.89934592E8 1.010065408E9 -9.84901888E8 3.15098112E8 1.315098112E9 -2.079869184E9 -1.379869184E9 2.20130816E8 1.320130816E9 1.720130816E9 1.820130816E9 -1.87483648E9 2.516352E7 2.516352E7
39 9.0E8 1.4E9 -8.94967296E8 7.05032704E8 -2.089934592E9 -1.589934592E9 -9.89934592E8 9.10065408E8 -6.84901888E8 8.15098112E8 1.815098112E9 1.815098112E9 1.815098112E9 1.915098112E9 1.420130816E9 -1.77483648E9 -1.17483648E9 -5.7483648E8 -1.769803776E9 -1.269803776E9
40 1.0E8 1.0E8 -7.94967296E8 -2.94967296E8 1.305032704E9 1.905032704E9 4.10065408E8 1.410065408E9 -5.84901888E8 9.15098112E8 2.015098112E9 -1.679869184E9 -9.79869184E8 1.120130816E9 2.020130816E9 -1.97483648E9 -1.47483648E9 -5.7483648E8 -1.669803776E9 -1.169803776E9
41 9.0E8 1.2E9 -9.94967296E8 -8.94967296E8 -8.94967296E8 -8.94967296E8 -8.94967296E8 5.05032704E8 -6.84901888E8 7.15098112E8 8.15098112E8 2.115098112E9 -1.379869184E9 1.020130816E9 1.320130816E9 1.320130816E9 1.320130816E9 -4.7483648E8 -1.769803776E9 -1.069803776E9
42 1.0E9 1.5E9 -7.94967296E8 2.05032704E8 1.605032704E9 -1.389934592E9 -2.89934592E8 1.410065408E9 -7.84901888E8 7.15098112E8 1.515098112E9 1.515098112E9 1.515098112E9 1.020130816E9 1.920130816E9 2.020130816E9 -2.07483648E9 2.516352E7 -1.769803776E9 -1.069803776E9
43 8.0E8 1.3E9 -8.94967296E8 -3.94967296E8 1.205032704E9 1.805032704E9 3.10065408E8 1.610065408E9 -6.84901888E8 8.15098112E8 1.615098112E9 -1.779869184E9 -1.079869184E9 1.120130816E9 2.020130816E9 -1.87483648E9 -1.67483648E9 -7.7483648E8 -1.869803776E9 -1.569803776E9
44 1.0E9 1.4E9 1.5E9 -2.94967296E8 1.205032704E9 -1.389934592E9 1.10065408E8 1.310065408E9 -7.84901888E8 7.15098112E8 1.715098112E9 -2.079869184E9 -1.579869184E9 8.20130816E8 1.720130816E9 -1.97483648E9 -1.97483648E9 -1.87483648E9 -1.969803776E9 -1.369803776E9
45 8.0E8 9.0E8 9.0E8 1.0E9 -1.989934592E9 -1.389934592E9 -5.89934592E8 1.310065408E9 -6.84901888E8 8.15098112E8 1.815098112E9 -1.579869184E9 -8.79869184E8 1.120130816E9 1.720130816E9 2.120130816E9 -2.07483648E9 -8.7483648E8 -1.869803776E9 -1.569803776E9
46 1.0E9 1.3E9 -1.894967296E9 7.05032704E8 -1.989934592E9 -1.489934592E9 -1.489934592E9 6.10065408E8 -5.84901888E8 9.15098112E8 1.715098112E9 1.715098112E9 -1.179869184E9 1.220130816E9 1.820130816E9 -1.27483648E9 -1.27483648E9 -1.27483648E9 -1.669803776E9 -1.369803776E9
47 1.0E9 1.3E9 -8.94967296E8 4.05032704E8 2.005032704E9 -1.589934592E9 2.10065408E8 1.310065408E9 -6.84901888E8 8.15098112E8 1.615098112E9 -1.679869184E9 -1.479869184E9 1.120130816E9 2.020130816E9 2.120130816E9 2.120130816E9 2.120130816E9 -1.769803776E9 -1.069803776E9
48 0.0 0.0 0.0 0.0 1.0E8 1.0E8 1.0E8 1.0E8 1.0E8 1.0E8 1.0E8 1.0E8 1.0E8 2.0E8 2.0E8 2.0E8 2.0E8 2.0E8 2.0E8 2.0E8
49 9.0E8 1.7E9 -7.94967296E8 6.05032704E8 -2.089934592E9 -1.589934592E9 -7.89934592E8 8.10065408E8 -6.84901888E8 8.15098112E8 1.515098112E9 -1.679869184E9 -1.679869184E9 1.120130816E9 2.020130816E9 -1.37483648E9 -1.37483648E9 -1.37483648E9 -1.769803776E9 -1.069803776E9
50 1.0E9 1.5E9 -7.94967296E8 2.05032704E8 3.05032704E8 -1.489934592E9 -7.89934592E8 -4.89934592E8 -6.84901888E8 8.15098112E8 1.615098112E9 -1.679869184E9 -9.79869184E8 1.120130816E9 2.020130816E9 2.120130816E9 -1.27483648E9 -5.7483648E8 -1.669803776E9 -9.69803776E8
51 1.0E9 1.7E9 -8.94967296E8 6.05032704E8 2.105032704E9 -1.689934592E9 -4.89934592E8 1.210065408E9 -7.84901888E8 7.15098112E8 7.15098112E8 -1.879869184E9 -1.379869184E9 9.20130816E8 1.820130816E9 -1.57483648E9 -1.37483648E9 -8.7483648E8 -1.869803776E9 -1.769803776E9
52 9.0E8 1.4E9 -8.94967296E8 5.05032704E8 -2.089934592E9 -1.489934592E9 -4.89934592E8 1.0065408E7 -6.84901888E8 8.15098112E8 1.615098112E9 -1.579869184E9 -1.479869184E9 1.120130816E9 2.020130816E9 -1.37483648E9 -1.27483648E9 -1.17483648E9 -1.769803776E9 -1.369803776E9
53 7.0E8 1.3E9 2.0E9 2.0E9 -2.094967296E9 -1.589934592E9 6.10065408E8 9.10065408E8 -5.84901888E8 9.15098112E8 1.615098112E9 1.815098112E9 1.815098112E9 1.220130816E9 2.120130816E9 2.120130816E9 2.120130816E9 2.120130816E9 -1.569803776E9 -1.269803776E9
54 4.0E8 6.0E8 -7.94967296E8 6.05032704E8 -1.989934592E9 -1.589934592E9 -5.89934592E8 1.510065408E9 -5.84901888E8 -1.84901888E8 -1.84901888E8 1.715098112E9 -1.179869184E9 1.020130816E9 1.220130816E9 1.320130816E9 -1.27483648E9 -6.7483648E8 -1.869803776E9 -1.769803776E9
55 1.0E9 1.5E9 1.5E9 8.05032704E8 2.105032704E9 -1.589934592E9 3.10065408E8 1.110065408E9 -7.84901888E8 7.15098112E8 1.815098112E9 2.015098112E9 -9.79869184E8 8.20130816E8 1.720130816E9 -1.77483648E9 -1.47483648E9 -1.27483648E9 2.12516352E9 -1.669803776E9
56 1.0E9 1.8E9 -7.94967296E8 7.05032704E8 -2.089934592E9 -1.589934592E9 -6.89934592E8 -6.89934592E8 -1.584901888E9 -1.584901888E9 1.615098112E9 1.915098112E9 1.915098112E9 6.20130816E8 1.820130816E9 -1.77483648E9 -1.57483648E9 -1.57483648E9 2.02516352E9 2.02516352E9
57 6.0E8 1.5E9 -7.94967296E8 2.05032704E8 2.05032704E8 -1.289934592E9 -3.89934592E8 7.10065408E8 -6.84901888E8 8.15098112E8 1.815098112E9 -1.579869184E9 -8.79869184E8 1.120130816E9 2.020130816E9 2.120130816E9 -1.07483648E9 2.2516352E8 -1.769803776E9 -1.569803776E9
58 1.0E9 1.3E9 -7.94967296E8 5.05032704E8 1.605032704E9 2.005032704E9 2.005032704E9 2.005032704E9 2.005032704E9 7.15098112E8 1.815098112E9 1.815098112E9 -1.279869184E9 3.20130816E8 1.920130816E9 2.020130816E9 2.120130816E9 -1.67483648E9 1.22516352E9 1.22516352E9
59 1.0E9 1.7E9 -7.94967296E8 7.05032704E8 -1.989934592E9 -1.489934592E9 -2.89934592E8 1.310065408E9 -5.84901888E8 8.15098112E8 1.915098112E9 2.015098112E9 -1.779869184E9 1.220130816E9 2.020130816E9 -2.07483648E9 -1.07483648E9 -3.7483648E8 -1.569803776E9 -1.069803776E9
60 1.0E9 1.1E9 -7.94967296E8 6.05032704E8 -1.989934592E9 -1.589934592E9 5.10065408E8 1.410065408E9 -6.84901888E8 7.15098112E8 8.15098112E8 -1.579869184E9 -9.79869184E8 1.020130816E9 1.720130816E9 2.020130816E9 -1.17483648E9 -6.7483648E8 2.12516352E9 2.12516352E9
61 6.0E8 6.0E8 -8.94967296E8 7.05032704E8 2.105032704E9 -1.489934592E9 4.10065408E8 1.010065408E9 -6.84901888E8 8.15098112E8 1.315098112E9 1.315098112E9 1.315098112E9 1.120130816E9 1.120130816E9 1.120130816E9 1.120130816E9 1.120130816E9 1.120130816E9 1.120130816E9
62 1.0E9 1.3E9 -8.94967296E8 8.05032704E8 1.705032704E9 1.705032704E9 -6.89934592E8 1.510065408E9 -5.84901888E8 8.15098112E8 1.615098112E9 1.715098112E9 -1.179869184E9 1.120130816E9 2.020130816E9 2.120130816E9 2.120130816E9 2.120130816E9 -1.869803776E9 -1.469803776E9
63 1.0E9 1.4E9 1.5E9 -2.94967296E8 1.005032704E9 -1.289934592E9 3.10065408E8 1.410065408E9 -6.84901888E8 8.15098112E8 1.815098112E9 -1.779869184E9 -1.279869184E9 1.120130816E9 2.020130816E9 -1.67483648E9 -1.67483648E9 -1.57483648E9 -1.669803776E9 -1.069803776E9
64 0.0 0.0 0.0 0.0 0.0 0.0 0.0 0.0 0.0 0.0 0.0 0.0 0.0 0.0 0.0 0.0 1.0E8 2.0E8 2.0E8 3.0E8
65 1.0E9 1.6E9 -7.94967296E8 7.05032704E8 -1.989934592E9 -1.489934592E9 6.10065408E8 1.710065408E9 -5.84901888E8 8.15098112E8 1.815098112E9 -1.579869184E9 -1.279869184E9 1.120130816E9 2.020130816E9 2.020130816E9 2.020130816E9 2.020130816E9 2.120130816E9 2.120130816E9
66 9.0E8 1.4E9 1.4E9 5032704.0 -1.989934592E9 -1.589934592E9 -8.9934592E7 7.10065408E8 -6.84901888E8 8.15098112E8 1.815098112E9 2.015098112E9 -2.079869184E9 9.20130816E8 1.820130816E9 1.920130816E9 -1.47483648E9 -1.47483648E9 -2.069803776E9 -1.369803776E9
67 6.0E8 7.0E8 7.0E8 -9.4967296E7 2.005032704E9 2.005032704E9 2.005032704E9 1.510065408E9 1.610065408E9 9.15098112E8 1.615098112E9 -1.979869184E9 -7.79869184E8 1.120130816E9 1.820130816E9 1.820130816E9 1.920130816E9 1.920130816E9 2.020130816E9 2.020130816E9
68 6.0E8 7.0E8 7.0E8 -1.94967296E8 1.905032704E9 1.905032704E9 1.905032704E9 1.905032704E9 1.905032704E9 -1.884901888E9 1.515098112E9 -2.079869184E9 -8.79869184E8 1.120130816E9 1.820130816E9 1.920130816E9 1.920130816E9 1.920130816E9 1.920130816E9 2.020130816E9
69 1.0E9 1.6E9 -9.94967296E8 5.05032704E8 2.005032704E9 -1.489934592E9 -1.189934592E9 -1.189934592E9 -7.84901888E8 1.5098112E7 1.615098112E9 1.915098112E9 -1.679869184E9 6.20130816E8 1.420130816E9 -1.87483648E9 -1.87483648E9 -1.87483648E9 1.92516352E9 -2.069803776E9
70 1.0E9 1.5E9 1.5E9 6.05032704E8 6.05032704E8 1.805032704E9 -2.89934592E8 1.310065408E9 -6.84901888E8 8.15098112E8 1.815098112E9 -1.479869184E9 -1.479869184E9 1.120130816E9 1.820130816E9 1.820130816E9 1.820130816E9 -8.7483648E8 -7.7483648E8 -7.7483648E8
71 9.0E8 1.7E9 -1.894967296E9 7.05032704E8 -1.989934592E9 -1.489934592E9 -1.89934592E8 1.410065408E9 -6.84901888E8 8.15098112E8 1.815098112E9 1.915098112E9 2.015098112E9 8.20130816E8 1.520130816E9 -2.07483648E9 -2.07483648E9 -2.07483648E9 2.02516352E9 2.02516352E9
72 1.0E9 1.5E9 -8.94967296E8 7.05032704E8 -2.089934592E9 -1.589934592E9 -2.89934592E8 1.510065408E9 -8.84901888E8 6.15098112E8 1.715098112E9 -1.879869184E9 -1.079869184E9 9.20130816E8 1.020130816E9 1.020130816E9 -1.97483648E9 -6.7483648E8 1.42516352E9 1.42516352E9
73 1.0E9 1.7E9 -7.94967296E8 7.05032704E8 -1.989934592E9 -1.289934592E9 4.10065408E8 1.510065408E9 -6.84901888E8 8.15098112E8 1.815098112E9 -1.679869184E9 -1.279869184E9 1.120130816E9 1.920130816E9 -1.67483648E9 -1.67483648E9 -1.57483648E9 1.52516352E9 -1.069803776E9
74 1.0E9 1.8E9 -8.94967296E8 7.05032704E8 -2.089934592E9 -1.589934592E9 -4.89934592E8 5.10065408E8 -7.84901888E8 7.15098112E8 1.215098112E9 1.315098112E9 1.315098112E9 9.20130816E8 1.820130816E9 2.020130816E9 -1.37483648E9 -1.27483648E9 -1.27483648E9 -1.27483648E9
75 8.0E8 1.4E9 -7.94967296E8 7.05032704E8 -1.989934592E9 -1.489934592E9 6.10065408E8 1.710065408E9 -6.84901888E8 8.15098112E8 1.815098112E9 -1.879869184E9 -1.379869184E9 1.120130816E9 1.220130816E9 1.220130816E9 1.220130816E9 1.220130816E9 -1.669803776E9 -1.669803776E9
76 1.0E9 1.8E9 -7.94967296E8 7.05032704E8 -1.989934592E9 -1.389934592E9 6.10065408E8 1.310065408E9 -5.84901888E8 9.15098112E8 1.715098112E9 -1.879869184E9 -1.379869184E9 1.220130816E9 2.120130816E9 -1.47483648E9 -1.47483648E9 -1.47483648E9 -1.769803776E9 -1.269803776E9
77 2.0E8 1.7E9 -7.94967296E8 5.05032704E8 2.105032704E9 -1.689934592E9 4.10065408E8 1.510065408E9 -7.84901888E8 7.15098112E8 1.615098112E9 -1.779869184E9 -1.479869184E9 9.20130816E8 1.820130816E9 1.920130816E9 -1.77483648E9 -1.77483648E9 -7.7483648E8 -1.169803776E9
78 1.0E9 1.7E9 -7.94967296E8 7.05032704E8 -1.989934592E9 -1.489934592E9 -1.089934592E9 1.410065408E9 -5.84901888E8 9.15098112E8 1.615098112E9 -1.679869184E9 -1.079869184E9 9.20130816E8 1.520130816E9 1.520130816E9 1.520130816E9 1.520130816E9 3.2516352E8 3.2516352E8
79 1.0E9 1.3E9 1.3E9 2.05032704E8 1.005032704E9 -1.589934592E9 2.10065408E8 1.310065408E9 -6.84901888E8 8.15098112E8 9.15098112E8 -1.479869184E9 -1.479869184E9 1.120130816E9 2.020130816E9 -1.57483648E9 -1.07483648E9 1.2516352E8 -1.669803776E9 -1.169803776E9
80 9.0E8 1.4E9 -2.094967296E9 6.05032704E8 -2.089934592E9 -1.689934592E9 -1.89934592E8 7.10065408E8 -6.84901888E8 8.15098112E8 1.815098112E9 2.015098112E9 -2.079869184E9 1.120130816E9 2.020130816E9 2.120130816E9 -1.07483648E9 -1.07483648E9 -1.669803776E9 -1.169803776E9
81 8.0E8 1.7E9 -7.94967296E8 6.05032704E8 -2.089934592E9 -1.589934592E9 4.10065408E8 1.010065408E9 -8.84901888E8 6.15098112E8 1.415098112E9 2.115098112E9 -1.679869184E9 9.20130816E8 1.820130816E9 -1.77483648E9 -1.77483648E9 -1.77483648E9 -1.869803776E9 -1.369803776E9
82 1.0E9 1.4E9 -7.94967296E8 8.05032704E8 1.305032704E9 1.305032704E9 1.305032704E9 9.10065408E8 9.10065408E8 7.15098112E8 8.15098112E8 8.15098112E8 8.15098112E8 1.815098112E9 1.220130816E9 1.220130816E9 1.220130816E9 1.220130816E9 -1.969803776E9 -1.869803776E9
83 1.0E9 1.8E9 -7.94967296E8 7.05032704E8 -1.989934592E9 -1.389934592E9 6.10065408E8 1.710065408E9 -5.84901888E8 9.15098112E8 1.815098112E9 -1.479869184E9 -1.379869184E9 -1.379869184E9 2.120130816E9 2.120130816E9 2.120130816E9 2.120130816E9 -1.47483648E9 -1.47483648E9
84 9.0E8 1.8E9 -8.94967296E8 7.05032704E8 1.305032704E9 1.305032704E9 6.10065408E8 1.310065408E9 -6.84901888E8 8.15098112E8 1.115098112E9 -1.979869184E9 -1.979869184E9 -1.979869184E9 1.920130816E9 -1.47483648E9 -1.47483648E9 -7.7483648E8 -1.969803776E9 -1.069803776E9
85 9.0E8 1.5E9 -7.94967296E8 7.05032704E8 -1.989934592E9 -1.389934592E9 5.10065408E8 1.510065408E9 -5.84901888E8 9.15098112E8 1.815098112E9 1.815098112E9 1.815098112E9 1.815098112E9 1.915098112E9 -1.47483648E9 -1.47483648E9 -1.47483648E9 -1.669803776E9 -9.69803776E8
86 9.0E8 1.7E9 -1.894967296E9 6.05032704E8 2.105032704E9 -1.689934592E9 -2.89934592E8 1.110065408E9 -7.84901888E8 7.15098112E8 1.415098112E9 1.415098112E9 1.415098112E9 1.515098112E9 1.615098112E9 1.615098112E9 1.615098112E9 1.615098112E9 1.615098112E9 1.615098112E9
87 0.0 0.0 0.0 0.0 0.0 0.0 0.0 1.0E8 1.0E8 1.0E8 1.0E8 1.0E8 1.0E8 1.0E8 1.0E8 1.0E8 1.0E8 1.0E8 1.0E8 1.0E8
88 1.0E9 1.7E9 -8.94967296E8 6.05032704E8 -2.089934592E9 -1.489934592E9 4.10065408E8 1.610065408E9 -6.84901888E8 8.15098112E8 1.815098112E9 -1.779869184E9 -1.079869184E9 1.020130816E9 1.920130816E9 -2.07483648E9 -1.17483648E9 -1.17483648E9 -1.769803776E9 -1.269803776E9
89 1.0E9 1.7E9 -1.494967296E9 7.05032704E8 -1.989934592E9 -1.489934592E9 6.10065408E8 1.510065408E9 -6.84901888E8 7.15098112E8 1.715098112E9 2.015098112E9 -1.479869184E9 1.020130816E9 1.920130816E9 -1.47483648E9 -1.17483648E9 -5.7483648E8 -1.769803776E9 -1.569803776E9
90 1.0E9 1.7E9 1.7E9 7.05032704E8 -1.989934592E9 -1.489934592E9 6.10065408E8 1.710065408E9 -6.84901888E8 7.15098112E8 1.715098112E9 -2.079869184E9 -2.079869184E9 1.020130816E9 1.920130816E9 -1.67483648E9 -1.67483648E9 -7.7483648E8 -1.769803776E9 -1.569803776E9
91 1.0E9 1.5E9 1.5E9 5032704.0 1.405032704E9 -1.589934592E9 -3.89934592E8 1.010065408E9 -9.84901888E8 -8.4901888E7 -8.4901888E7 1.5098112E7 1.5098112E7 1.5098112E7 1.5098112E7 1.5098112E7 1.5098112E7 1.5098112E7 1.5098112E7 1.5098112E7
92 9.0E8 1.4E9 -2.094967296E9 7.05032704E8 -1.989934592E9 -1.589934592E9 -8.9934592E7 1.610065408E9 -7.84901888E8 7.15098112E8 1.615098112E9 1.715098112E9 1.815098112E9 8.20130816E8 1.720130816E9 1.820130816E9 -1.57483648E9 -1.17483648E9 -2.069803776E9 -1.569803776E9
93 6.0E8 6.0E8 -8.94967296E8 6.05032704E8 7.05032704E8 8.05032704E8 3.10065408E8 5.10065408E8 -7.84901888E8 -5.84901888E8 -5.84901888E8 -5.84901888E8 -4.84901888E8 -4.84901888E8 -4.84901888E8 -4.84901888E8 -4.84901888E8 -4.84901888E8 -4.84901888E8 -4.84901888E8
94 1.0E9 1.8E9 2.0E9 7.05032704E8 -1.989934592E9 -1.489934592E9 -3.89934592E8 9.10065408E8 -5.84901888E8 7.15098112E8 7.15098112E8 7.15098112E8 7.15098112E8 7.15098112E8 7.15098112E8 7.15098112E8 8.15098112E8 8.15098112E8 8.15098112E8 8.15098112E8
95 9.0E8 1.4E9 1.4E9 7.05032704E8 -1.989934592E9 -1.489934592E9 6.10065408E8 1.510065408E9 -1.084901888E9 -1.084901888E9 -1.084901888E9 -9.84901888E8 -9.84901888E8 -9.84901888E8 -9.84901888E8 -9.84901888E8 -9.84901888E8 -9.84901888E8 -9.84901888E8 -9.84901888E8
96 1.0E9 1.5E9 -8.94967296E8 7.05032704E8 2.005032704E9 -1.289934592E9 -1.089934592E9 1.210065408E9 -8.84901888E8 1.5098112E7 9.15098112E8 1.815098112E9 1.815098112E9 9.20130816E8 1.820130816E9 2.020130816E9 2.020130816E9 2.020130816E9 1.82516352E9 -1.169803776E9
97 0.0 0.0 1.0E8 1.0E8 1.0E8 1.0E8 1.0E8 1.0E8 1.0E8 1.0E8 1.0E8 1.0E8 2.0E8 4.0E8 4.0E8 5.0E8 5.0E8 5.0E8 5.0E8 5.0E8
