Selfish Battery Level: [35, 84, 62, 49, 58, 23, 87, 27, 77, 59, 45, 41, 82, 38, 71, 82, 1, 69, 46, 36, 24, 14, 10, 0, 91, 78, 15, 66, 14, 52, 35, 78, 44, 82, 41, 45, 84, 33, 98, 58, 43, 9, 55, 84, 78, 92, 70, 88, 49, 51, 4, 13, 77, 3, 58, 4, 59, 61, 67, 75, 99, 61, 53, 66, 56, 98, 42, 36, 21, 74, 27, 52, 90, 98, 64, 15, 17, 77, 64, 79, 63, 86, 85, 83, 87, 89, 52, 2, 69, 33, 67, 6, 73, 43, 31, 45, 33, 44, 33, 38, 33, 62, 24, 22, 61, 62, 81, 79, 99, 97, 67, 43, 91, 72, 27, 54, 5, 30, 81, 37, 39, 2, 57, 11, 40, 51, 64, 50, 53, 3, 94, 79, 51, 31, 45, 64, 26, 13, 81, 58, 88, 85, 52, 63, 33, 30, 80, 38, 72, 57, 12, 46, 32, 52, 76, 14, 1, 92, 81, 42, 90, 97, 9, 75, 43, 31, 19, 89, 71, 94, 56, 82, 73, 68, 87, 63, 9, 72, 46, 11, 31, 23, 54, 8, 87, 58, 16, 47, 99, 2, 50, 20, 98, 68, 38, 39, 93, 25, 26, 53, 93, 15, 82, 10, 30, 3, 55, 9, 31, 53, 24, 86, 98, 30, 87, 72, 17, 93, 77, 14, 15, 42, 11, 17, 94, 37, 62, 49, 54, 94, 26, 25, 93, 14, 19, 57, 65, 52, 89, 90, 30, 63, 14, 21, 70, 5, 26, 22, 66, 25, 55, 55, 16, 14, 55, 56, 82, 51, 36, 42, 42, 92, 70, 21, 25, 75, 40, 33, 72, 85, 8, 0, 96, 96, 33, 17, 50, 44, 56, 33, 42, 9, 31, 86, 6, 12, 67, 74, 66, 32, 28, 82, 52, 53, 99, 16, 86, 36, 39, 60, 47, 33, 57, 35, 19, 25, 79, 50, 38, 96, 85, 49, 37, 87, 83, 92, 38, 72, 14, 11, 74, 18, 26, 38, 36, 69, 84, 23, 16, 71, 54, 24, 21, 5, 76, 6, 93, 41, 74, 69, 7, 16, 36, 19, 99, 49, 9, 91, 15, 72, 1, 74, 46, 30, 6, 44, 39, 34, 50, 61, 47, 69, 40, 92, 30, 7, 16, 14, 76, 10, 93, 0, 97, 92, 42, 50, 24, 20, 16, 16, 70, 74, 64, 3, 13, 0, 36, 21, 32, 34, 73, 75, 98, 26, 41, 16, 67, 37, 7, 34, 93, 34, 68, 68, 70, 29, 43, 4, 0, 84, 24, 55, 18, 69, 94, 79, 69, 96, 89, 26, 39, 12, 93, 0, 31, 78, 73, 7, 35, 19, 46, 23, 28, 30, 39, 10, 17, 49, 70, 82, 43, 84, 42, 57, 95, 70, 41, 22, 84, 89, 36, 65, 77, 44, 93, 33, 97, 68, 49, 47, 31, 55, 16, 32, 41, 74, 78, 52, 51, 70, 4, 86, 0, 90, 36, 88, 78, 80, 94, 75, 72, 92, 9, 84, 5, 19, 14, 38, 39, 38, 11, 7, 42, 51, 59, 26, 56, 97, 62, 16, 6, 28, 5, 88, 65, 48, 4, 45, 14, 55, 8, 99, 91, 21, 76, 25, 96, 80, 67, 22, 95, 2, 25, 11, 4, 26, 64, 89, 60, 60, 97, 40, 85, 89, 56, 7, 68, 15, 13, 77, 12, 7, 29, 89, 50, 80, 1, 46, 41, 95, 33, 33, 3, 64, 50, 71, 30, 97, 50, 68, 55, 76, 73, 50, 41, 11, 58, 88, 10, 19, 50, 58, 27, 96, 89, 46, 1, 88, 64, 37, 1, 17, 32, 36, 52, 46, 2, 43, 59, 74, 26, 83, 60, 50, 57, 64, 37, 69, 22, 22, 83, 67, 2, 70, 59, 51, 58, 37, 32, 43, 14, 20, 78, 57, 3, 58, 94, 62, 77, 67, 12, 15, 8, 35, 34]
Hosts: 625
Hosts Average Energy Consume/s: 0.5506564009319118
Hosts Average normal Energy Consume/s: 0.5978544860622734
Hosts Average  Selfish Period Consume/s: 0.3035262919447035

Hosts Average Energy Consume: 13890.679621019175
Hosts Average Normal Energy Consume: 9826.789495503604
Hosts Average Selfish Energy Consume: 4063.890125518234

Description:
host number
average energy consumption of all periods  - average energy consumption of Normal periods  -  average energy consumption of all selfish periods
energy consumption of all periods  -  energy consumption of Normal periods  -  energy consumption of selfish periods
Active total time  -  Normal Active Time  -  Selfish Active Time
Normal proportion of time  -  Selfish proportion of time
Number of Recharges 


HOST: 0
0.7041690250278413 0.7041690250278413 0.0
12913.755749985581 12913.755749985581 0.0
18339.0 18339.0 0.0
0


HOST: 1
0.5565292819232593 0.5498620512445201 0.5589618553520185
14787.539549982923 3905.6701499898263 10881.869399993097
26571.0 7103.0 19468.0
0


HOST: 2
0.520032511026336 0.5233486799040168 0.5062500000003638
11436.034949980154 9276.878699978603 2159.1562500015516
21991.0 17726.0 4265.0
0


HOST: 3
0.5473132340631287 0.5495862673250121 0.5062500000003638
13085.164799981281 12450.327299980825 634.8375000004562
23908.0 22654.0 1254.0
0


HOST: 4
0.5337924032101881 0.5353592105252487 0.5274962442303217
12767.246699981277 10253.199599979564 2514.0471000017133
23918.0 19152.0 4766.0
0


HOST: 5
0.52300233165877 0.52300233165877 0.0
10104.928049979095 10104.928049979095 0.0
19321.0 19321.0 0.0
0


HOST: 6
0.532843039019058 0.5287586970995348 0.5349649311856796
9354.059549979564 3173.609699991408 6180.449849988156
17555.0 6002.0 11553.0
0


HOST: 7
0.5318369892370434 0.5318369892370434 0.0
12156.729899980337 12156.729899980337 0.0
22858.0 22858.0 0.0
0


HOST: 8
0.506249999998887 0.5062499999985448 0.5062499999993364
9888.581249978259 5614.8187499838605 4273.762499994398
19533.0 11091.0 8442.0
0


HOST: 9
0.5258224797481016 0.5259294388093051 0.5062500000003638
10061.613149979923 10008.963149979885 52.650000000037835
19135.0 19031.0 104.0
0


HOST: 10
0.5534686963424009 0.5534686963424009 0.0
10443.954299981106 10443.954299981106 0.0
18870.0 18870.0 0.0
0


HOST: 11
0.5413434983855513 0.5435897365733189 0.5062500000003638
15262.097249983848 14403.497249983231 858.600000000617
28193.0 26497.0 1696.0
0


HOST: 12
0.5187572632179402 0.5171378427665938 0.5200760494528541
9820.593749978827 4394.120249987747 5426.47349999108
18931.0 8497.0 10434.0
0


HOST: 13
0.530996043873478 0.530996043873478 0.0
8617.0037999788 8617.0037999788 0.0
16228.0 16228.0 0.0
0


HOST: 14
0.5520892562609054 0.571303566815886 0.5186993058475945
10778.438549981656 7079.59379998246 3698.844749999196
19523.0 12392.0 7131.0
0


HOST: 15
0.5285567577905703 0.5189239017463131 0.5381477072300496
8971.19384997935 4394.247599987779 4576.946249991572
16973.0 8468.0 8505.0
0


HOST: 16
0.54105239259586 0.54105239259586 0.0
14382.25469998315 14382.25469998315 0.0
26582.0 26582.0 0.0
0


HOST: 17
0.5368134664939335 0.5195846652920808 0.5718459234958857
11663.882999980186 7567.750649979156 4096.132350001029
21728.0 14565.0 7163.0
0


HOST: 18
0.5228337246137821 0.5228337246137821 0.0
10890.103649980467 10890.103649980467 0.0
20829.0 20829.0 0.0
0


HOST: 19
0.5062499999985448 0.5062499999985448 0.0
4001.9062499884967 4001.9062499884967 0.0
7905.0 7905.0 0.0
0


HOST: 20
0.5436715578796903 0.5436715578796903 0.0
9820.339349980846 9820.339349980846 0.0
18063.0 18063.0 0.0
0


HOST: 21
0.5743281311962747 0.5743281311962747 0.0
14481.109499982871 14481.109499982871 0.0
25214.0 25214.0 0.0
0


HOST: 22
0.529214282831352 0.529214282831352 0.0
10493.260799980048 10493.260799980048 0.0
19828.0 19828.0 0.0
0


HOST: 23
0.5676549355013476 0.5676549355013476 0.0
15181.931249983541 15181.931249983541 0.0
26745.0 26745.0 0.0
0


HOST: 24
0.5273610437887264 0.5062499999985448 0.5326127880309245
11489.087699981194 2197.1249999936845 9291.962699987509
21786.0 4340.0 17446.0
0


HOST: 25
0.5157729751085285 0.5220568241455436 0.5062499999989567
8806.823549978124 5370.398549985206 3436.424999992918
17075.0 10287.0 6788.0
0


HOST: 26
0.6109953199531482 0.6109953199531482 0.0
11142.721649985562 11142.721649985562 0.0
18237.0 18237.0 0.0
0


HOST: 27
0.5498874905375658 0.5667926795943979 0.5182100000003617
12349.92314998319 8300.111999980363 4049.8111500028263
22459.0 14644.0 7815.0
0


HOST: 28
0.5871783009101363 0.5871783009101363 0.0
9085.40984998254 9085.40984998254 0.0
15473.0 15473.0 0.0
0


HOST: 29
0.6102407776020011 0.6218633736657408 0.5062500000003638
12783.934049984322 11717.771549983556 1066.1625000007662
20949.0 18843.0 2106.0
0


HOST: 30
0.5645935472299687 0.5645935472299687 0.0
12599.469599983982 12599.469599983982 0.0
22316.0 22316.0 0.0
0


HOST: 31
0.5827125044798404 0.5794105782703801 0.5868101820853412
9753.441899983567 5370.556649988153 4382.885249995414
16738.0 9269.0 7469.0
0


HOST: 32
0.6122440503425484 0.6122440503425484 0.0
11772.22859998652 11772.22859998652 0.0
19228.0 19228.0 0.0
0


HOST: 33
0.5652072025400406 0.5140244501623418 0.6142279495792081
9875.86544998213 4393.880999987698 5481.984449994432
17473.0 8548.0 8925.0
0


HOST: 34
0.6340178533004629 0.6340178533004629 0.0
12377.930549984938 12377.930549984938 0.0
19523.0 19523.0 0.0
0


HOST: 35
0.5193422155675247 0.5193422155675247 0.0
8846.475299977215 8846.475299977215 0.0
17034.0 17034.0 0.0
0


HOST: 36
0.7168389710160352 0.7896698139899943 0.6493312218876243
7370.538299986874 3905.7068999945113 3464.831399992363
10282.0 4946.0 5336.0
0


HOST: 37
0.5348444174411832 0.5348444174411832 0.0
11554.24394998188 11554.24394998188 0.0
21603.0 21603.0 0.0
0


HOST: 38
0.5062499999988367 0.5062499999985448 0.5062499999988523
9563.062499978025 488.0249999985972 9075.037499979428
18890.0 964.0 17926.0
0


HOST: 39
0.5791199607226827 0.5931922736466687 0.5062500000003638
11943.190949983884 10253.32844998267 1689.8625000012144
20623.0 17285.0 3338.0
0


HOST: 40
0.5597113360317002 0.5597113360317002 0.0
12718.880399984355 12718.880399984355 0.0
22724.0 22724.0 0.0
0


HOST: 41
0.5845857147535258 0.5845857147535258 0.0
8902.655849981445 8902.655849981445 0.0
15229.0 15229.0 0.0
0


HOST: 42
0.5881813567674552 0.5911618011076883 0.5062500000003638
11327.78474998442 10985.559749984173 342.2250000002459
19259.0 18583.0 676.0
0


HOST: 43
0.5675684078164159 0.6004895756444215 0.5526710811933485
11849.125649983316 3905.5841999913173 7943.541449991999
20877.0 6504.0 14373.0
0


HOST: 44
0.5862296145324284 0.6361947050448222 0.5443880021819048
10858.73114998417 5370.755699988389 5487.975449995782
18523.0 8442.0 10081.0
0


HOST: 45
0.5062499999990285 0.5062499999985448 0.5062499999991337
10937.024999979012 1952.6062499943873 8984.418749984625
21604.0 3857.0 17747.0
0


HOST: 46
0.6251239354606164 0.6850235665499155 0.5276525570777096
10790.2642499857 7323.586949985147 3466.6773000005523
17261.0 10691.0 6570.0
0


HOST: 47
0.5267313565185378 0.5206290970479974 0.5296699263876862
9117.19304997937 2929.0592999920336 6188.133749987337
17309.0 5626.0 11683.0
0


HOST: 48
0.6091405910727927 0.6091405910727927 0.0
11109.506099985594 11109.506099985594 0.0
18238.0 18238.0 0.0
0


HOST: 49
0.5444757658907422 0.5444757658907422 0.0
10912.383299982255 10912.383299982255 0.0
20042.0 20042.0 0.0
0


HOST: 50
0.5649143721536072 0.5649143721536072 0.0
5088.18374998754 5088.18374998754 0.0
9007.0 9007.0 0.0
0


HOST: 51
0.5610107948834583 0.5610107948834583 0.0
8949.244199980927 8949.244199980927 0.0
15952.0 15952.0 0.0
0


HOST: 52
0.560169182724039 0.5791630273322494 0.5433660689840444
11569.734299982301 5614.985549986159 5954.748749996143
20654.0 9695.0 10959.0
0


HOST: 53
0.57831948102142 0.57831948102142 0.0
10452.546299981144 10452.546299981144 0.0
18074.0 18074.0 0.0
0


HOST: 54
0.552402186736305 0.5543859610696013 0.5210164670662342
10862.436599982702 10253.368349982275 609.0682500004277
19664.0 18495.0 1169.0
0


HOST: 55
0.5424122516238302 0.5424122516238302 0.0
11601.655649982105 11601.655649982105 0.0
21389.0 21389.0 0.0
0


HOST: 56
0.5952785319028856 0.5986277511951514 0.5062500000003638
10327.487249983162 10009.055999982933 318.43125000022883
17349.0 16720.0 629.0
0


HOST: 57
0.5742545174527599 0.5708542211285254 0.6406598360658567
10067.830199981787 9520.706699981545 547.1235000002416
17532.0 16678.0 854.0
0


HOST: 58
0.5408158883144049 0.5529185518174093 0.5138655891796386
11418.24584998203 8056.0232999796535 3362.222550002376
21113.0 14570.0 6543.0
0


HOST: 59
0.562254636138303 0.5928761511546109 0.5329538482987534
11836.584599983553 6103.067099985565 5733.517499997988
21052.0 10294.0 10758.0
0


HOST: 60
0.5062499999990427 0.5062499999985448 0.506249999999054
11054.474999979097 244.0124999992986 10810.462499979798
21836.0 482.0 21354.0
0


HOST: 61
0.5578843959645883 0.5555774085301394 0.5667170241290547
12057.555449982647 9520.930049980998 2536.625400001649
21613.0 17137.0 4476.0
0


HOST: 62
0.5747695789688659 0.5747695789688659 0.0
10811.990549983337 10811.990549983337 0.0
18811.0 18811.0 0.0
0


HOST: 63
0.6898575538332419 0.7427530335558393 0.5971930318235183
12109.759499988728 8300.265149986504 3809.4943500022237
17554.0 11175.0 6379.0
0


HOST: 64
0.536676238659265 0.5367522586439214 0.5062500000003638
10766.798699982173 10741.486199982155 25.31250000001819
20062.0 20012.0 50.0
0


HOST: 65
0.5062499999987279 0.5062499999985448 0.5062499999987385
8927.212499977568 488.0249999985972 8439.18749997897
17634.0 964.0 16670.0
0


HOST: 66
0.6170449116829393 0.6170449116829393 0.0
11423.352449986256 11423.352449986256 0.0
18513.0 18513.0 0.0
0


HOST: 67
0.5996332709104185 0.5996332709104185 0.0
10086.431249984149 10086.431249984149 0.0
16821.0 16821.0 0.0
0


HOST: 68
0.5871208540678619 0.5871208540678619 0.0
13095.730649983658 13095.730649983658 0.0
22305.0 22305.0 0.0
0


HOST: 69
0.5776856865245409 0.5956495495481383 0.5578921879846324
11742.616949984342 6347.241599984962 5395.37534999938
20327.0 10656.0 9671.0
0


HOST: 70
0.6762747885518966 0.6762747885518966 0.0
12713.289749987103 12713.289749987103 0.0
18799.0 18799.0 0.0
0


HOST: 71
0.5459717867129527 0.5459717867129527 0.0
8580.492599980764 8580.492599980764 0.0
15716.0 15716.0 0.0
0


HOST: 72
0.5508189514515685 0.5111572056960738 0.5631702348329599
11073.664199982331 2440.2644999930562 8633.399699989275
20104.0 4774.0 15330.0
0


HOST: 73
0.5062499999988276 0.5062499999985448 0.5062499999988429
9506.362499977984 488.0249999985972 9018.337499979387
18778.0 964.0 17814.0
0


HOST: 74
0.5593882319787059 0.5834119357395813 0.5085534134011209
12408.909149983632 8788.517399981052 3620.39175000258
22183.0 15064.0 7119.0
0


HOST: 75
0.5865315979891829 0.5865315979891829 0.0
11671.97879998474 11671.97879998474 0.0
19900.0 19900.0 0.0
0


HOST: 76
0.5339104851890304 0.5339104851890304 0.0
11752.437599980936 11752.437599980936 0.0
22012.0 22012.0 0.0
0


HOST: 77
0.5202731236159635 0.5123053467138814 0.533371493924471
9170.854349978588 5614.86659998414 3555.9877499944487
17627.0 10960.0 6667.0
0


HOST: 78
0.544007950352982 0.5480984844692574 0.5277250248265773
10913.887499981525 8788.211099980072 2125.6764000014537
20062.0 16034.0 4028.0
0


HOST: 79
0.5062499999985827 0.5062499999985448 0.5062499999986458
8199.224999977045 5126.287499985265 3072.93749999178
16196.0 10126.0 6070.0
0


HOST: 80
0.5452591089096644 0.5449432850666382 0.6034233333336386
9086.743049979557 9032.43494997953 54.30810000002748
16665.0 16575.0 90.0
0


HOST: 81
0.5062499999992234 0.5062499999985448 0.5062499999994704
12805.593749980355 3417.693749990176 9387.899999990179
25295.0 6751.0 18544.0
0


HOST: 82
0.5238651136882676 0.5247433791903138 0.5233680306585589
10114.263749979382 3661.6592999900095 6452.604449989372
19307.0 6978.0 12329.0
0


HOST: 83
0.5340344550420724 0.5072522002185695 0.558927164279868
9069.507149979516 4149.830249988117 4919.676899991398
16983.0 8181.0 8802.0
0


HOST: 84
0.5449678589283529 0.5326178751244364 0.5510828097721768
9804.516749979995 3173.337299991392 6631.179449988604
17991.0 5958.0 12033.0
0


HOST: 85
0.5062499999990699 0.5062499999985448 0.5062499999992339
11287.349999979264 2685.1499999922817 8602.199999986982
22296.0 5304.0 16992.0
0


HOST: 86
0.5279501514786301 0.5279501514786301 0.0
9061.736399979207 9061.736399979207 0.0
17164.0 17164.0 0.0
0


HOST: 87
0.5501612659586067 0.5501612659586067 0.0
12237.787199983248 12237.787199983248 0.0
22244.0 22244.0 0.0
0


HOST: 88
0.5641640400100639 0.5702406261759364 0.5550240224415164
12464.640299982351 7567.663349980852 4896.976950001499
22094.0 13271.0 8823.0
0


HOST: 89
0.5714693245404259 0.5714693245404259 0.0
8883.49064998092 8883.49064998092 0.0
15545.0 15545.0 0.0
0


HOST: 90
0.5722786388750856 0.5902758939024864 0.5062500000003638
9939.335399982487 8056.085399981133 1883.2500000013533
17368.0 13648.0 3720.0
0


HOST: 91
0.5727092070358412 0.5727092070358412 0.0
8854.65704998114 8854.65704998114 0.0
15461.0 15461.0 0.0
0


HOST: 92
0.5626044949145016 0.5765970737454366 0.547647587432136
12447.624449983348 6591.081149984086 5856.543299999263
22125.0 11431.0 10694.0
0


HOST: 93
0.6795844669712877 0.6795844669712877 0.0
11429.931149990089 11429.931149990089 0.0
16819.0 16819.0 0.0
0


HOST: 94
0.5757128048772973 0.5757128048772973 0.0
13029.53219998299 13029.53219998299 0.0
22632.0 22632.0 0.0
0


HOST: 95
0.5608778398143687 0.5608778398143687 0.0
11652.797999983324 11652.797999983324 0.0
20776.0 20776.0 0.0
0


HOST: 96
0.5856645823567258 0.5856645823567258 0.0
11253.544949984487 11253.544949984487 0.0
19215.0 19215.0 0.0
0


HOST: 97
0.5334720098684751 0.5384401299717068 0.5237020021690556
20432.511449972466 13670.994899981635 6761.516550004677
38301.0 25390.0 12911.0
0


HOST: 98
0.5254968912695517 0.5256937680781458 0.5243159340663004
19076.062649975996 16356.43589998343 2719.6267500019003
36301.0 31114.0 5187.0
0


HOST: 99
0.5158520180423946 0.5166776985041946 0.5062500000003638
16410.800249982698 15135.556499981878 1275.2437500009164
31813.0 29294.0 2519.0
0


HOST: 100
0.5271200387840286 0.5314258658776578 0.5062500000003638
19570.912799973412 16356.225299982554 3214.68750000231
37128.0 30778.0 6350.0
0


HOST: 101
0.5307588916500156 0.5250838257757068 0.5364115605799361
18790.98779997715 9276.655949979411 9514.331850006327
35404.0 17667.0 17737.0
0


HOST: 102
0.5327466775770354 0.5342191390721833 0.5062500000003638
19530.493199974117 18553.430699976925 977.0625000007021
36660.0 34730.0 1930.0
0


HOST: 103
0.5341465541878446 0.5370758694112762 0.5062500000002166
20926.79369997138 19042.024949976796 1884.7687500008064
39178.0 35455.0 3723.0
0


HOST: 104
0.5138564204280869 0.5194851612363446 0.5067752883034936
16903.306949981918 9520.604549978487 7382.702400005295
32895.0 18327.0 14568.0
0


HOST: 105
0.5204198352339194 0.5299033188609059 0.5097994498468331
17245.67249998162 9276.487499979019 7969.185000005695
33138.0 17506.0 15632.0
0


HOST: 106
0.52998055012172 0.5176901830547046 0.5346145890323677
17340.96359998268 4637.986349987099 12702.97724999809
32720.0 8959.0 23761.0
0


HOST: 107
0.5334359145084393 0.5213465931034185 0.5370252226818137
22912.139399966487 5126.401049985914 17785.73834999899
42952.0 9833.0 33119.0
0


HOST: 108
1.0610449278625473 25.829888485475728 0.5367905598849771
49348.138549959214 24900.0124999986 24448.126049961284
46509.0 964.0 45545.0
2


HOST: 109
0.53296601882088 0.5467668035833153 0.5324766966761653
20841.103199971694 732.1207499980592 20108.98244997538
39104.0 1339.0 37765.0
0


HOST: 110
0.5276465007533964 0.5093256401325924 0.5397393544217677
20989.777799970107 8056.003649977214 12933.77415000882
39780.0 15817.0 23963.0
0


HOST: 111
0.5252542447870114 0.5348039720966027 0.5074844990349059
21011.22029997003 13915.064549981505 7096.155750005089
40002.0 26019.0 13983.0
0


HOST: 112
0.5062499999993589 0.5062499999985448 0.5062499999997102
18666.956249976363 2197.1249999936845 16469.831249990573
36873.0 4340.0 32533.0
0


HOST: 113
0.5720725634403181 0.5916317867022239 0.5310730811101537
9761.274149982148 6834.530399984091 2926.743749998057
17063.0 11552.0 5511.0
0


HOST: 114
0.5701536871194619 0.5701536871194619 0.0
12478.953749983662 12478.953749983662 0.0
21887.0 21887.0 0.0
0


HOST: 115
0.6072599877442302 0.6144951217500699 0.5062500000003638
11892.579599983004 11229.898349982528 662.6812500004762
19584.0 18275.0 1309.0
0


HOST: 116
0.5989781186040045 0.5989781186040045 0.0
13170.929849983455 13170.929849983455 0.0
21989.0 21989.0 0.0
0


HOST: 117
0.5166455122547257 0.5166455122547257 0.0
9969.70844997944 9969.70844997944 0.0
19297.0 19297.0 0.0
0


HOST: 118
0.5148832955026944 0.5172787052511414 0.5062499999985448
5897.988149983365 4638.438149986985 1259.5499999963795
11455.0 8967.0 2488.0
0


HOST: 119
0.5393022317460209 0.5393022317460209 0.0
10946.756699980731 10946.756699980731 0.0
20298.0 20298.0 0.0
0


HOST: 120
0.5406481333581573 0.5406481333581573 0.0
11237.912099982657 11237.912099982657 0.0
20786.0 20786.0 0.0
0


HOST: 121
0.5339673443297183 0.5339673443297183 0.0
9192.78179998043 9192.78179998043 0.0
17216.0 17216.0 0.0
0


HOST: 122
0.5707118103958856 0.5707118103958856 0.0
10396.657049981848 10396.657049981848 0.0
18217.0 18217.0 0.0
0


HOST: 123
0.5466695205035027 0.5466695205035027 0.0
8664.711899980517 8664.711899980517 0.0
15850.0 15850.0 0.0
0


HOST: 124
0.5916776461762019 0.5916776461762019 0.0
11839.4696999858 11839.4696999858 0.0
20010.0 20010.0 0.0
0


HOST: 125
0.5741840299676773 0.5741840299676773 0.0
11649.045599984236 11649.045599984236 0.0
20288.0 20288.0 0.0
0


HOST: 126
0.5871741297646479 0.5987910369955463 0.510198352144831
9918.545399984432 8788.456049983632 1130.0893500008006
16892.0 14677.0 2215.0
0


HOST: 127
0.5349326875036416 0.5349326875036416 0.0
6640.119449982703 6640.119449982703 0.0
12413.0 12413.0 0.0
0


HOST: 128
0.5582657747300964 0.5582657747300964 0.0
11360.150249982731 11360.150249982731 0.0
20349.0 20349.0 0.0
0


HOST: 129
0.5478369028923085 0.5478369028923085 0.0
12214.023749984017 12214.023749984017 0.0
22295.0 22295.0 0.0
0


HOST: 130
0.5062499999987986 0.5062499999985448 0.5062499999988459
9330.693749977858 1464.5812499957901 7866.112499982068
18431.0 2893.0 15538.0
0


HOST: 131
0.5177320690510151 0.5249110075758672 0.5062499999986559
8217.443399977712 5126.280899985919 3091.162499991793
15872.0 9766.0 6106.0
0


HOST: 132
0.5117620411013295 0.5117620411013295 0.0
10956.825299979464 10956.825299979464 0.0
21410.0 21410.0 0.0
0


HOST: 133
0.53083933356831 0.53083933356831 0.0
12003.869849980196 12003.869849980196 0.0
22613.0 22613.0 0.0
0


HOST: 134
0.5172994635846478 0.5172994635846478 0.0
10029.401999979153 10029.401999979153 0.0
19388.0 19388.0 0.0
0


HOST: 135
0.6003731705874351 0.6139652158712743 0.5829163257069618
15284.90054998551 8788.29809998142 6496.602450004089
25459.0 14314.0 11145.0
0


HOST: 136
0.5173324420922708 0.5173324420922708 0.0
10854.669299980025 10854.669299980025 0.0
20982.0 20982.0 0.0
0


HOST: 137
0.5336531968123941 0.5336531968123941 0.0
10449.9968999803 10449.9968999803 0.0
19582.0 19582.0 0.0
0


HOST: 138
0.5062499999990898 0.5062499999985448 0.5062499999994602
11463.01874997939 4638.2624999866675 6824.756249992723
22643.0 9162.0 13481.0
0


HOST: 139
0.543010181606057 0.5359097637455753 0.5610771046685301
14471.764349983025 10253.025599980347 4218.738750002678
26651.0 19132.0 7519.0
0


HOST: 140
0.5062499999985828 0.5062499999985448 0.5062499999986039
8199.731249977045 2929.1624999915803 5270.568749985465
16197.0 5786.0 10411.0
0


HOST: 141
0.506249999998869 0.5062499999985448 0.5062499999990633
9769.612499978173 3661.7062499894746 6107.906249988699
19298.0 7233.0 12065.0
0


HOST: 142
0.5353179672365468 0.5353179672365468 0.0
10783.980449980234 10783.980449980234 0.0
20145.0 20145.0 0.0
0


HOST: 143
0.5466507974078434 0.5432222395946321 0.5516241952372141
15355.967549983729 9032.699399979543 6323.268150004185
28091.0 16628.0 11463.0
0


HOST: 144
0.5170564687276208 0.5170564687276208 0.0
9160.17239997853 9160.17239997853 0.0
17716.0 17716.0 0.0
0


HOST: 145
0.5147005222342274 0.5147005222342274 0.0
9560.047499978538 9560.047499978538 0.0
18574.0 18574.0 0.0
0


HOST: 146
0.529499205812069 0.5114944211614669 0.5395574798077377
14101.093349981209 4882.214249986202 9218.879099995007
26631.0 9545.0 17086.0
0


HOST: 147
0.5329898966539853 0.5329898966539853 0.0
11758.823099980224 11758.823099980224 0.0
22062.0 22062.0 0.0
0


HOST: 148
0.5345370716201082 0.5177396682306513 0.5638160945337087
11105.542199979369 6835.199099981059 4270.34309999831
20776.0 13202.0 7574.0
0


HOST: 149
0.5159188402933541 0.5159188402933541 0.0
9177.680249978477 9177.680249978477 0.0
17789.0 17789.0 0.0
0


HOST: 150
0.5602541803807667 0.5602541803807667 0.0
10212.313199980616 10212.313199980616 0.0
18228.0 18228.0 0.0
0


HOST: 151
0.5409444599253188 0.5409444599253188 0.0
9705.62549998007 9705.62549998007 0.0
17942.0 17942.0 0.0
0


HOST: 152
0.5580947573052685 0.5580947573052685 0.0
10980.514349981157 10980.514349981157 0.0
19675.0 19675.0 0.0
0


HOST: 153
0.5062499999985448 0.5062499999985448 0.0
7585.143749978197 7585.143749978197 0.0
14983.0 14983.0 0.0
0


HOST: 154
0.5536156104368728 0.5726268178249888 0.5255702422138043
9504.472799980233 5859.117599985286 3645.355199994947
17168.0 10232.0 6936.0
0


HOST: 155
0.5452312098285431 0.5452312098285431 0.0
8652.819299978979 8652.819299978979 0.0
15870.0 15870.0 0.0
0


HOST: 156
0.5113684108910167 0.5113684108910167 0.0
10065.775799978772 10065.775799978772 0.0
19684.0 19684.0 0.0
0


HOST: 157
0.5886628293234227 0.5331099508585689 0.6004327520382564
12333.663599984353 1952.7817499949379 10380.881849989415
20952.0 3663.0 17289.0
0


HOST: 158
0.5062499999989877 0.5062499999985448 0.5062499999993314
10612.012499978779 4638.2624999866675 5973.749999992111
20962.0 9162.0 11800.0
0


HOST: 159
0.5417623091466203 0.5417623091466203 0.0
12028.74854998241 12028.74854998241 0.0
22203.0 22203.0 0.0
0


HOST: 160
0.5066889857720022 0.5062499999985448 0.5068568517037716
8832.602399977543 2441.137499992983 6391.464899984559
17432.0 4822.0 12610.0
0


HOST: 161
0.5062499999988334 0.5062499999985448 0.5062499999988573
9542.30624997801 732.0374999978958 8810.268749980114
18849.0 1446.0 17403.0
0


HOST: 162
0.5192130826169905 0.5192130826169905 0.0
9257.050049978323 9257.050049978323 0.0
17829.0 17829.0 0.0
0


HOST: 163
0.6128096303351878 0.6246440634581721 0.6019845754141544
12532.569749984925 6102.772499986342 6429.797249998583
20451.0 9770.0 10681.0
0


HOST: 164
0.5173725780473943 0.5173725780473943 0.0
8998.66124997833 8998.66124997833 0.0
17393.0 17393.0 0.0
0


HOST: 165
0.5161530295858897 0.5161530295858897 0.0
8740.019249977871 8740.019249977871 0.0
16933.0 16933.0 0.0
0


HOST: 166
0.5209948528607934 0.5209948528607934 0.0
9666.53849997916 9666.53849997916 0.0
18554.0 18554.0 0.0
0


HOST: 167
0.5221945144770398 0.5243079964836089 0.5215172215261237
11018.826449980017 2684.981249992561 8333.845199987456
21101.0 5121.0 15980.0
0


HOST: 168
0.5573491436184994 0.5747887350802053 0.5336192001768475
11909.993849983714 7079.67284998289 4830.321000000824
21369.0 12317.0 9052.0
0


HOST: 169
0.5626366261387146 0.700344258371778 0.5430431241054174
9440.479949981493 1463.719499997016 7976.7604499844765
16779.0 2090.0 14689.0
0


HOST: 170
0.5535322683022287 0.5585380765421848 0.5062500000003638
11771.970749983497 10741.245749982756 1030.7250000007407
21267.0 19231.0 2036.0
0


HOST: 171
0.5237619010804918 0.5237619010804918 0.0
4066.4873999889387 4066.4873999889387 0.0
7764.0 7764.0 0.0
0


HOST: 172
0.5366726871256352 0.536409082029877 0.5369924481736784
12031.12829998249 6591.394799983129 5439.733499999362
22418.0 12288.0 10130.0
0


HOST: 173
0.547940173876815 0.5577814958929755 0.5062500000001278
9485.392349981545 7811.729849981122 1673.6625000004224
17311.0 14005.0 3306.0
0


HOST: 174
0.5667635533474062 0.6600749999987255 0.5345289337541066
10613.214299983529 3173.6405999938725 7439.573699989656
18726.0 4808.0 13918.0
0


HOST: 175
0.5490817678087144 0.5490817678087144 0.0
8324.07959998011 8324.07959998011 0.0
15160.0 15160.0 0.0
0


HOST: 176
0.6237145198157357 0.6237145198157357 0.0
6546.507599985962 6546.507599985962 0.0
10496.0 10496.0 0.0
0


HOST: 177
0.548568681217082 0.5231246727884623 0.5865906382249646
11963.185799982126 6834.623849981261 5128.561950000865
21808.0 13065.0 8743.0
0


HOST: 178
0.5769952275242274 0.5769952275242274 0.0
12476.944799983892 12476.944799983892 0.0
21624.0 21624.0 0.0
0


HOST: 179
0.5599042027186908 0.5599042027186908 0.0
12682.949999983783 12682.949999983783 0.0
22652.0 22652.0 0.0
0


HOST: 180
0.5546109581410031 0.5546109581410031 0.0
11461.03544998383 11461.03544998383 0.0
20665.0 20665.0 0.0
0


HOST: 181
0.589462648762705 0.589462648762705 0.0
7726.6763999815375 7726.6763999815375 0.0
13108.0 13108.0 0.0
0


HOST: 182
0.6077136566866929 0.6218617067219225 0.5062500000003638
12504.316199985393 11229.578699984477 1274.737500000916
20576.0 18058.0 2518.0
0


HOST: 183
0.5580889974770283 0.5580889974770283 0.0
10621.549799982804 10621.549799982804 0.0
19032.0 19032.0 0.0
0


HOST: 184
0.5349168791251567 0.5281273839226716 0.5361337151035099
21149.00864997132 3173.5174499913337 17975.49119999048
39537.0 6009.0 33528.0
0


HOST: 185
0.549277303994398 0.5368791548842188 0.5651483309876875
18684.766049977436 10253.31809997881 8431.44795000531
34017.0 19098.0 14919.0
0


HOST: 186
0.5505492926834626 0.5524839628734632 0.506249999999909
21327.178499971975 20506.547249974334 820.6312499998526
38738.0 37117.0 1621.0
0


HOST: 187
0.5402519101696349 0.5459563842348334 0.5312637889771594
20929.358999971657 12938.620349981316 7990.7386500054545
38740.0 23699.0 15041.0
0


HOST: 188
0.5062499999992813 0.5062499999985448 0.506249999999312
20634.749999970707 244.0124999992986 20390.73749997229
40760.0 482.0 40278.0
0


HOST: 189
0.5446075661478413 0.5446075661478413 0.0
20953.231499972047 20953.231499972047 0.0
38474.0 38474.0 0.0
0


HOST: 190
0.5407668712743215 0.5304977552253953 0.5553046237621295
21231.588899972412 12206.22284998112 9025.36605000589
39262.0 23009.0 16253.0
0


HOST: 191
0.5451531378226244 0.5486207632229714 0.5209389368380266
22186.097249967344 19530.35054997456 2655.74670000026
40697.0 35599.0 5098.0
0


HOST: 192
0.5415342536977935 0.5154850580767115 0.5421507372228446
22182.326099969017 488.1643499986458 21694.161749972125
40962.0 947.0 40015.0
0


HOST: 193
0.5347146927893882 0.5382467755256668 0.5330039893886609
23784.644249964775 7812.113699979527 15972.530550010002
44481.0 14514.0 29967.0
0


HOST: 194
0.5354061572044259 0.5398684477094831 0.5278783410557789
23908.561949963638 15135.751799983067 8772.81015000599
44655.0 28036.0 16619.0
0


HOST: 195
0.5731914406773396 0.5800978438698564 0.5377962966663646
17585.51339998078 14891.691749983083 2693.8216500018207
30680.0 25671.0 5009.0
0


HOST: 196
0.5062499999993234 0.5062499999985448 0.5062499999995727
19518.974999973914 1708.5937499950887 17810.381249984966
38556.0 3375.0 35181.0
0


HOST: 197
0.5311777341566347 0.5307288660534847 0.5342854003614959
20971.95929997225 18309.615149979167 2662.3441500013337
39482.0 34499.0 4983.0
0


HOST: 198
0.5555573223277944 0.5555573223277944 0.0
15986.161949982285 15986.161949982285 0.0
28775.0 28775.0 0.0
0


HOST: 199
0.528961821329598 0.5377580989866787 0.5184957617670348
20771.272799970655 11473.606799979776 9297.66600000647
39268.0 21336.0 17932.0
0


HOST: 200
0.5441664721275581 0.5142855207691724 0.5471432765544048
19953.4961999733 1708.4564999951908 18245.03969998318
36668.0 3322.0 33346.0
0


HOST: 201
0.5367116475637008 0.5391858139527792 0.5086650220912203
22477.48379996779 20750.56604997271 1726.9177499996931
41880.0 38485.0 3395.0
0


HOST: 202
0.524078701259869 0.5234341572349975 0.5242450026123023
21451.589399968958 4394.229749987804 17057.35964999648
40932.0 8395.0 32537.0
0


HOST: 203
0.5224945216578321 0.5224945216578321 0.0
20300.47964997175 20300.47964997175 0.0
38853.0 38853.0 0.0
0


HOST: 204
0.5542744344588849 0.5555514955452748 0.5492027953521073
21341.228549970445 17087.652899981564 4253.575650002071
38503.0 30758.0 7745.0
0


HOST: 205
0.5471733047454197 0.5471733047454197 0.0
20544.168899971526 20544.168899971526 0.0
37546.0 37546.0 0.0
0


HOST: 206
0.5236906209565596 0.5302296678885339 0.5164493264557001
20645.45534997045 10984.237799978868 9661.21755000678
39423.0 20716.0 18707.0
0


HOST: 207
0.5282065202735434 0.5282065202735434 0.0
21949.6219499671 21949.6219499671 0.0
41555.0 41555.0 0.0
0


HOST: 208
0.5294284160647631 0.5335211430647051 0.5062500000003638
19667.20679997382 16844.863049981934 2822.343750002028
37148.0 31573.0 5575.0
0


HOST: 209
0.5391333352626783 0.5412117452821202 0.5371282252563335
23277.081749966135 11473.688999980948 11803.392750007928
43175.0 21200.0 21975.0
0


HOST: 210
0.5390971083417908 0.5398318441030637 0.5191821766565075
19211.8036499764 18553.4806499782 658.3230000004514
35637.0 34369.0 1268.0
0


HOST: 211
0.5062499999992985 0.5062499999985448 0.5062499999998237
20163.93749997206 3417.693749990176 16746.243749994166
39830.0 6751.0 33079.0
0


HOST: 212
0.5062499999992695 0.5062499999985448 0.50624999999933
20974.44374996973 488.0249999985972 20486.418749972887
41431.0 964.0 40467.0
0


HOST: 213
0.5438786369769701 0.5420849448033475 0.5512172939652463
21335.815049969562 17088.685799980725 4247.129250002223
39229.0 31524.0 7705.0
0


HOST: 214
0.5203622493413543 0.5165326171860656 0.5209824196095012
22939.649399964263 3173.576399991187 19766.072999984477
44084.0 6144.0 37940.0
0


HOST: 215
0.5258600558116274 0.5245856408274369 0.5264383065781925
21953.079749968012 6835.350899981502 15117.728850005953
41747.0 13030.0 28717.0
0


HOST: 216
0.5465037176352956 0.5482310551940587 0.5062499999999397
21065.532299970102 20262.61979997241 802.9124999999044
38546.0 36960.0 1586.0
0


HOST: 217
0.5062499999993234 0.5062499999985448 0.5062499999995727
19518.974999973914 1708.5937499950887 17810.381249984966
38556.0 3375.0 35181.0
0


HOST: 218
0.5439102726613246 0.5327294686892876 0.5482605873233258
20466.799649972985 5614.968599985092 14851.831050001574
37629.0 10540.0 27089.0
0


HOST: 219
0.5473373785184455 0.5473373785184455 0.0
17458.967699981375 17458.967699981375 0.0
31898.0 31898.0 0.0
0


HOST: 220
0.5386675782377361 0.5386675782377361 0.0
16713.23894998224 16713.23894998224 0.0
31027.0 31027.0 0.0
0


HOST: 221
0.5212651546120088 0.5212651546120088 0.0
12238.263299980743 12238.263299980743 0.0
23478.0 23478.0 0.0
0


HOST: 222
0.5508376425524878 0.5508376425524878 0.0
19417.026899975193 19417.026899975193 0.0
35250.0 35250.0 0.0
0


HOST: 223
0.5464308248380317 0.5470592497090462 0.5300044107268356
21013.543799971347 20262.52754997336 751.016249999926
38456.0 37039.0 1417.0
0


HOST: 224
0.5062499999994703 0.5062499999985448 0.5062499999995655
16421.23124998282 1464.5812499957901 14956.649999987163
32437.0 2893.0 29544.0
0


HOST: 225
0.5462699282789871 0.5654363602935081 0.5158523455281072
24221.062349962012 15379.86899998342 8841.19335000623
44339.0 27200.0 17139.0
0


HOST: 226
0.5385170863515497 0.5331772371963801 0.5422791545193092
22668.876749968484 9276.750749979818 13392.12600000886
42095.0 17399.0 24696.0
0


HOST: 227
0.5459111986544694 0.553348826665887 0.5245496170542312
16559.670299984675 12450.348599982459 4109.321700002847
30334.0 22500.0 7834.0
0


HOST: 228
0.5744827444576212 0.57509609002827 0.5728039108498191
15316.284449984638 11229.901349982028 4086.3831000026094
26661.0 19527.0 7134.0
0


HOST: 229
0.5062499999993147 0.5062499999985448 0.5062499999994052
13920.862499981156 1464.5812499957901 12456.281249985366
27498.0 2893.0 24605.0
0


HOST: 230
0.531643832053792 0.531643832053792 0.0
14618.610449983118 14618.610449983118 0.0
27497.0 27497.0 0.0
0


HOST: 231
0.5095355519409244 0.5095355519409244 0.0
13002.837749980448 13002.837749980448 0.0
25519.0 25519.0 0.0
0


HOST: 232
0.5062499999993479 0.5062499999985448 0.5062499999994563
14376.487499981484 1708.5937499950887 12667.893749986395
28398.0 3375.0 25023.0
0


HOST: 233
0.5676303278681958 0.5676303278681958 0.0
19528.753799977407 19528.753799977407 0.0
34404.0 34404.0 0.0
0


HOST: 234
0.5812274406648037 0.5812274406648037 0.0
14252.859299982316 14252.859299982316 0.0
24522.0 24522.0 0.0
0


HOST: 235
0.6045896852688022 0.6075092545421679 0.5961541806023785
14061.5468999818 10496.544899979577 3565.002000002223
23258.0 17278.0 5980.0
0


HOST: 236
0.5481912077993691 0.5493667106011808 0.5472473464123417
19144.48154997737 8544.300449980165 10600.18110000706
34923.0 15553.0 19370.0
0


HOST: 237
0.5713752272722181 0.5875831996180441 0.5320378057688947
16089.926399985661 11718.171749982654 4371.754650003008
28160.0 19943.0 8217.0
0


HOST: 238
0.9040791071157005 2.8075308729246387 0.5062499999993264
55477.00624994073 29782.287499984566 25694.71874996581
61363.0 10608.0 50755.0
2


HOST: 239
0.5590381183835476 0.547451390444839 0.5612540832078537
15526.724699984648 2441.0857499935373 13085.638949991111
27774.0 4459.0 23315.0
0


HOST: 240
0.539926423710599 0.5416515975650434 0.5311805158287312
20393.560949973034 17088.02459998199 3305.536350002194
37771.0 31548.0 6223.0
0


HOST: 241
0.5367107097043138 0.5401195891381877 0.5339574916682364
20085.86159997424 9031.339649979636 11054.521950007496
37424.0 16721.0 20703.0
0


HOST: 242
0.5471280131045115 0.5496423449478551 0.5094652941175568
22293.825149969533 20994.68864997322 1299.13649999977
40747.0 38197.0 2550.0
0


HOST: 243
0.5306071217176143 0.5320638876621102 0.521264437367379
22232.438399968036 19286.25179997617 2946.1866000004266
41900.0 36248.0 5652.0
0


HOST: 244
0.5438969417960531 0.5698227803269619 0.5309087556528602
20941.66394997343 7322.792549981787 13618.87140000717
38503.0 12851.0 25652.0
0


HOST: 245
0.5513925880960678 0.5513925880960678 0.0
22485.23834996955 22485.23834996955 0.0
40779.0 40779.0 0.0
0


HOST: 246
0.5444513191040564 0.546161056020222 0.5368141863607271
22040.47829997041 18065.369249980882 3975.109050001184
40482.0 33077.0 7405.0
0


HOST: 247
0.5359375590014963 0.5359375590014963 0.0
15895.90799998438 15895.90799998438 0.0
29660.0 29660.0 0.0
0


HOST: 248
0.5365493735369251 0.5532053985590336 0.5264492644387858
21326.227949972163 8300.29379997974 13025.934150008878
39747.0 15004.0 24743.0
0


HOST: 249
0.5416353893889411 0.5462243556079789 0.5271593732356439
23911.03589996419 18309.440399979452 5601.595500001952
44146.0 33520.0 10626.0
0


HOST: 250
0.5396258344243685 0.5388537474852032 0.5402645512095808
24299.890949963738 10985.611349980838 13314.279600008911
45031.0 20387.0 24644.0
0


HOST: 251
0.5351790016569549 0.5219934925150713 0.5475740988077074
23243.89439996486 10985.353049979676 12258.541350008145
43432.0 21045.0 22387.0
0


HOST: 252
0.5411742789974753 0.5411742789974753 0.0
19684.132049975167 19684.132049975167 0.0
36373.0 36373.0 0.0
0


HOST: 253
0.5391636579596625 0.5391636579596625 0.0
20539.439549973344 20539.439549973344 0.0
38095.0 38095.0 0.0
0


HOST: 254
0.5584830222409275 0.5365427472517688 0.5907550862072644
19209.0235499767 10985.712749979966 8223.31080000512
34395.0 20475.0 13920.0
0


HOST: 255
0.5417034333004128 0.5517297411126345 0.5323841608979497
21891.860849969584 10741.074599980768 11150.786250007557
40413.0 19468.0 20945.0
0


HOST: 256
0.5370668836047109 0.514625966266993 0.5431814696026119
21414.467849970635 4393.876499987586 17020.591349997845
39873.0 8538.0 31335.0
0


HOST: 257
0.541123040489788 0.5419420762914392 0.5402117300134642
22679.007749967503 11962.287449980939 10716.720300007104
41911.0 22073.0 19838.0
0


HOST: 258
0.542604786828322 0.548905354130995 0.5293869693399813
22806.76439996803 15624.04199998464 7182.722400004866
42032.0 28464.0 13568.0
0


HOST: 259
1.1134223716982181 1.572078917171044 0.5284012677802029
49162.05139996312 38908.95319998334 10253.098200007056
44154.0 24750.0 19404.0
2


HOST: 260
0.5348771023935572 0.5382956888679582 0.5276815755784992
20753.766449972412 14159.329799982772 6594.4366500045035
38801.0 26304.0 12497.0
0


HOST: 261
0.5434527685747039 0.5247585729628154 0.545257722047259
22966.313999966987 1952.626649994636 21013.687349979315
42260.0 3721.0 38539.0
0


HOST: 262
0.5302888712288194 0.5190272785244348 0.535653707080217
23189.00204996504 7323.474899979774 15865.527150008946
43729.0 14110.0 29619.0
0


HOST: 263
0.5336059008956805 0.534938680552931 0.5230476268953027
21666.53399996821 19286.144249974823 2380.389750000523
40604.0 36053.0 4551.0
0


HOST: 264
0.560639144309621 0.5570189808329928 0.5770794280189054
22486.11479997028 18309.213899980474 4176.900900000837
40108.0 32870.0 7238.0
0


HOST: 265
0.5454599724398337 0.5257794624382833 0.5537431979696513
21375.485399972204 6103.247999983592 15272.237400002985
39188.0 11608.0 27580.0
0


HOST: 266
0.5388458778262055 0.5455174090344025 0.5276770216351235
23111.099699965955 14647.687949982741 8463.411750005745
42890.0 26851.0 16039.0
0


HOST: 267
0.5627442479615709 0.5656945943136518 0.5062500000003638
17120.930999982833 16356.493499984927 764.4375000005493
30424.0 28914.0 1510.0
0


HOST: 268
0.5334832429850829 0.5275047152323977 0.5362505143777815
21847.7392499681 6835.40609998141 15012.333150005992
40953.0 12958.0 27995.0
0


HOST: 269
0.5299598871384679 0.5177930429849745 0.5322655202440223
23525.449349963725 3661.83239998974 19863.616949986666
44391.0 7072.0 37319.0
0


HOST: 270
0.5441220377482998 0.5441220377482998 0.0
21794.2640999704 21794.2640999704 0.0
40054.0 40054.0 0.0
0


HOST: 271
0.5472793493254784 0.5472793493254784 0.0
21809.62934996964 21809.62934996964 0.0
39851.0 39851.0 0.0
0


HOST: 272
0.5062499999991432 0.5062499999985448 0.5062499999991964
11964.71249997975 976.0499999971944 10988.662499982556
23634.0 1928.0 21706.0
0


HOST: 273
0.506249999999437 0.5062499999985448 0.5062499999995649
17033.793749981058 976.0499999971944 16057.743749986199
33647.0 1928.0 31719.0
0


HOST: 274
0.5421976083109334 0.5456079424906765 0.5062500000003638
17796.009899981458 16356.234899985498 1439.7750000010346
32822.0 29978.0 2844.0
0


HOST: 275
0.5443407234739506 0.5443407234739506 0.0
18448.795799979132 18448.795799979132 0.0
33892.0 33892.0 0.0
0


HOST: 276
0.5926484790617589 0.6286660692203317 0.5288421350368465
18002.290199979987 12206.180399981962 5796.109800003838
30376.0 19416.0 10960.0
0


HOST: 277
0.599362081053454 0.6124183375883288 0.51918193947766
15558.240899985558 13671.014549984264 1887.2263500012941
25958.0 22323.0 3635.0
0


HOST: 278
0.5444975134570684 0.5538056609600492 0.5236377989604979
15273.699749984225 10741.614599981116 4532.085150003109
28051.0 19396.0 8655.0
0


HOST: 279
0.5607609870087065 0.5607609870087065 0.0
9237.97649998143 9237.97649998143 0.0
16474.0 16474.0 0.0
0


HOST: 280
0.5593996298039721 0.5593996298039721 0.0
9444.34394998046 9444.34394998046 0.0
16883.0 16883.0 0.0
0


HOST: 281
0.5767948689129394 0.5767948689129394 0.0
11550.317249981612 11550.317249981612 0.0
20025.0 20025.0 0.0
0


HOST: 282
0.5830415031950017 0.5830415031950017 0.0
10581.037199982891 10581.037199982891 0.0
18148.0 18148.0 0.0
0


HOST: 283
0.5350066904244418 0.617005948725819 0.5162422247466344
15913.238999984596 3417.595949992312 12495.643049992284
29744.0 5539.0 24205.0
0


HOST: 284
0.5432360117017843 0.5432360117017843 0.0
15968.96579998565 15968.96579998565 0.0
29396.0 29396.0 0.0
0


HOST: 285
0.5463517677509346 0.5463517677509346 0.0
14773.351799985274 14773.351799985274 0.0
27040.0 27040.0 0.0
0


HOST: 286
0.5565020886948209 0.5912796220169491 0.5280958845396582
16865.352299985243 8056.184849980931 8809.167450006038
30306.0 13625.0 16681.0
0


HOST: 287
0.5343660677086897 0.5585900862434042 0.5160692369050497
14111.004749983369 6347.259149983802 7763.745599999567
26407.0 11363.0 15044.0
0


HOST: 288
0.5479604724284465 0.5848159268640517 0.5200206441623098
18036.118949982316 8300.292449981485 9735.826500006762
32915.0 14193.0 18722.0
0


HOST: 289
0.5384313881855486 0.5384313881855486 0.0
14684.639249984466 14684.639249984466 0.0
27273.0 27273.0 0.0
0


HOST: 290
0.5640286036436559 0.5640286036436559 0.0
15632.052749983923 15632.052749983923 0.0
27715.0 27715.0 0.0
0


HOST: 291
0.5300128550148467 0.5639739892168875 0.517050323338965
14947.952549983724 4393.92134998877 10554.031199994954
28203.0 7791.0 20412.0
0


HOST: 292
0.5289618003132704 0.5339458534576684 0.5062500000003638
14156.075699983743 11717.975699981991 2438.100000001752
26762.0 21946.0 4816.0
0


HOST: 293
0.5323968616189664 0.544556710962602 0.5079004445935373
16785.94064998439 11473.809899982025 5312.130750003807
31529.0 21070.0 10459.0
0


HOST: 294
0.506249999998789 0.5062499999985448 0.5062499999987955
9272.981249977816 244.0124999992986 9028.968749978518
18317.0 482.0 17835.0
0


HOST: 295
0.6524693954652017 0.6524693954652017 0.0
20204.367299975434 20204.367299975434 0.0
30966.0 30966.0 0.0
0


HOST: 296
0.5707958017515264 0.6143411378738288 0.5610726459016133
17396.14364998127 3417.57974999211 13978.563899992794
30477.0 5563.0 24914.0
0


HOST: 297
0.5618915836665899 0.5627975307080197 0.5062500000003638
15852.6472499855 15623.822249985336 228.82500000016444
28213.0 27761.0 452.0
0


HOST: 298
0.5480637611789032 0.5528758474098696 0.5319866658401021
19180.587449978077 14891.710949984837 4288.876500002903
34997.0 26935.0 8062.0
0


HOST: 299
0.5350478798579626 0.5394400894917994 0.5228515646575158
13173.413849982899 9764.944499980553 3408.469350002346
24621.0 18102.0 6519.0
0


HOST: 300
0.6190155906889345 0.6220847646286977 0.6092362724072883
16913.981999984448 12937.496849983025 3976.4851500023706
27324.0 20797.0 6527.0
0


HOST: 301
0.580932592293646 0.580932592293646 0.0
13705.94264998399 13705.94264998399 0.0
23593.0 23593.0 0.0
0


HOST: 302
0.5661370653212597 0.5743237538972594 0.5395128469754328
13528.977449982143 10496.915249980211 3032.062200001932
23897.0 18277.0 5620.0
0


HOST: 303
0.6312092316731898 0.6335140530175225 0.5062500000003638
16102.147499983072 15868.259999982904 233.88750000016807
25510.0 25048.0 462.0
0


HOST: 304
0.5693004244336795 0.5732117184097119 0.5062500000001369
20857.459649976714 19774.084649979828 1083.3750000002929
36637.0 34497.0 2140.0
0


HOST: 305
0.5746194573388842 0.5746194573388842 0.0
14358.590999984039 14358.590999984039 0.0
24988.0 24988.0 0.0
0


HOST: 306
0.554259580938773 0.5638550159484613 0.5482769940329999
13120.432799982635 5126.005949987462 7994.426849995172
23672.0 9091.0 14581.0
0


HOST: 307
0.566893557168289 0.5846767567171723 0.5062500000003638
15305.559149986635 12206.296649984408 3099.262500002227
26999.0 20877.0 6122.0
0


HOST: 308
0.5489466082813284 0.5524247946999243 0.5062500000003638
16265.83694998404 15135.886949983227 1129.950000000812
29631.0 27399.0 2232.0
0


HOST: 309
0.5551430579689328 0.5062499999985448 0.558581533831304
16289.562749982395 976.0499999971944 15313.5127499852
29343.0 1928.0 27415.0
0


HOST: 310
0.541014710883793 0.5284900057714101 0.5450900187834737
15269.599199984174 3661.9072499901013 11607.691949994072
28224.0 6929.0 21295.0
0


HOST: 311
0.5923623205658799 0.5964135736519239 0.5840670868076171
18404.69729998189 12450.133349983913 5954.563950003656
31070.0 20875.0 10195.0
0


HOST: 312
0.5742531626694033 0.5742531626694033 0.0
13291.08944998334 13291.08944998334 0.0
23145.0 23145.0 0.0
0


HOST: 313
0.5372884644592577 0.5409005880333698 0.5364648536782082
16977.240899983626 3173.463749991781 13803.777149993975
31598.0 5867.0 25731.0
0


HOST: 314
0.5062499999994224 0.5062499999985448 0.5062499999997429
15513.0187499823 4149.731249988072 11363.287499994229
30643.0 8197.0 22446.0
0


HOST: 315
0.5808863422455105 0.6562318548372758 0.5719436826988449
16293.861899986568 1952.9459999957326 14340.915899990836
28050.0 2976.0 25074.0
0


HOST: 316
0.5549313150255072 0.5549313150255072 0.0
14347.74914998449 14347.74914998449 0.0
25855.0 25855.0 0.0
0


HOST: 317
0.569414076398379 0.5620172915624667 0.5729735943499105
21316.01594997332 6835.25429998272 14480.761650005288
37435.0 12162.0 25273.0
0


HOST: 318
0.5541900258501263 0.5577132965858005 0.5220986813451806
23152.950899966578 20995.11704997246 2157.833849999631
41778.0 37645.0 4133.0
0


HOST: 319
0.5598535500669375 0.5598535500669375 0.0
17410.325699981622 17410.325699981622 0.0
31098.0 31098.0 0.0
0


HOST: 320
0.531561975738611 0.5318496983394467 0.5313987857041693
17528.256149980698 6347.094299982957 11181.161850001427
32975.0 11934.0 21041.0
0


HOST: 321
0.5424365818266923 0.5436851276473197 0.5238246558704656
21312.33329997074 20018.48639997431 1293.84690000005
39290.0 36820.0 2470.0
0


HOST: 322
0.5401051401861264 0.5430515391083721 0.5282245454547081
22423.004999967226 18065.152499979107 4357.8525000013415
41516.0 33266.0 8250.0
0


HOST: 323
0.5335192261967852 0.5361359126486184 0.5281793624407266
22442.48624996777 15135.652949983147 7306.833300005012
42065.0 28231.0 13834.0
0


HOST: 324
0.5376340927996579 0.5450551909989064 0.518277788899364
21319.879949970433 15624.007049983651 5695.872900004011
39655.0 28665.0 10990.0
0


HOST: 325
0.5385425855638768 0.5320945897475551 0.5417645446883349
22988.76734996521 7567.981349979476 15420.786000008766
42687.0 14223.0 28464.0
0


HOST: 326
0.524404350718734 0.5084973636230732 0.5282058929681004
20882.30564997071 3905.768249988825 16976.537399994748
39821.0 7681.0 32140.0
0


HOST: 327
0.5346369086972919 0.5346369086972919 0.0
16817.538599982014 16817.538599982014 0.0
31456.0 31456.0 0.0
0


HOST: 328
0.5398099748851757 0.5398099748851757 0.0
10317.388049980364 10317.388049980364 0.0
19113.0 19113.0 0.0
0


HOST: 329
0.5258873402468702 0.5263811221819555 0.5234728363628369
8517.797249978557 7078.246949980756 1439.5502999978016
16197.0 13447.0 2750.0
0


HOST: 330
0.5446929846508779 0.5453870179690204 0.52026538461574
11533.873949982339 11229.51869998213 304.3552500002079
21175.0 20590.0 585.0
0


HOST: 331
0.5439364813232417 0.5439364813232417 0.0
10252.11479998046 10252.11479998046 0.0
18848.0 18848.0 0.0
0


HOST: 332
0.5582328522782526 0.5582328522782526 0.0
14428.086299983717 14428.086299983717 0.0
25846.0 25846.0 0.0
0


HOST: 333
0.5551781813963838 0.5551781813963838 0.0
9597.920399980683 9597.920399980683 0.0
17288.0 17288.0 0.0
0


HOST: 334
0.5528327474052446 0.5214991321747876 0.5769561741930321
14278.564199982657 5859.042749983739 8419.521449998918
25828.0 11235.0 14593.0
0


HOST: 335
0.5414984609529062 0.5414984609529062 0.0
11399.625599980582 11399.625599980582 0.0
21052.0 21052.0 0.0
0


HOST: 336
0.5062499999989875 0.5062499999985448 0.5062499999990725
10610.999999978778 1708.5937499950887 8902.40624998369
20960.0 3375.0 17585.0
0


HOST: 337
0.5418374032518964 0.5418374032518964 0.0
9660.960899981314 9660.960899981314 0.0
17830.0 17830.0 0.0
0


HOST: 338
0.5510507571466915 0.5785208777673632 0.5062499999994655
9752.496299982146 6346.952549985741 3405.5437499964046
17698.0 10971.0 6727.0
0


HOST: 339
0.5809794690011888 0.5743744080132012 0.5913325838688696
12538.698899983656 7567.957199981938 4970.741700001718
21582.0 13176.0 8406.0
0


HOST: 340
0.5619959680479176 0.5619959680479176 0.0
11819.899199983804 11819.899199983804 0.0
21032.0 21032.0 0.0
0


HOST: 341
0.571112039578844 0.571112039578844 0.0
12063.028499984344 12063.028499984344 0.0
21122.0 21122.0 0.0
0


HOST: 342
0.5598735242795252 0.5598735242795252 0.0
11552.430299983722 11552.430299983722 0.0
20634.0 20634.0 0.0
0


HOST: 343
0.5688098010726713 0.5688098010726713 0.0
11551.958249984882 11551.958249984882 0.0
20309.0 20309.0 0.0
0


HOST: 344
0.5062499999985448 0.5062499999985448 0.5062499999985448
7900.031249977292 244.0124999992986 7656.018749977993
15605.0 482.0 15123.0
0


HOST: 345
0.5559370502945559 0.5559370502945559 0.0
12424.081199982735 12424.081199982735 0.0
22348.0 22348.0 0.0
0


HOST: 346
0.5669389986366208 0.5669389986366208 0.0
9987.197399982711 9987.197399982711 0.0
17616.0 17616.0 0.0
0


HOST: 347
0.5906659439425362 0.841150880887158 0.5464756621612925
10284.084749983498 2196.2449499963695 8087.839799987129
17411.0 2611.0 14800.0
0


HOST: 348
0.5319603534254175 0.5316005226473847 0.5841719330854219
20906.57384997233 20749.43159997272 157.1422499999785
39301.0 39032.0 269.0
0


HOST: 349
0.5251164224993686 0.5103720488300352 0.5316944170555308
22796.879249965088 6835.412849980661 15961.466400007035
43413.0 13393.0 30020.0
0


HOST: 350
0.5352627730365702 0.5352627730365702 0.0
22520.110649967617 22520.110649967617 0.0
42073.0 42073.0 0.0
0


HOST: 351
0.54461762822635 0.514164167677778 0.5566556676273487
23731.7131499632 6347.356649982168 17384.3565000021
43575.0 12345.0 31230.0
0


HOST: 352
0.5289733772292801 0.5331016742147047 0.515165108887145
16991.153849981703 13182.538199981218 3808.6156500026627
32121.0 24728.0 7393.0
0


HOST: 353
0.5453078130039165 0.5529138754968835 0.5201385867240503
21947.003549968627 17088.90914998218 4858.09440000263
40247.0 30907.0 9340.0
0


HOST: 354
0.5530076071250445 0.5530076071250445 0.0
18377.54879997948 18377.54879997948 0.0
33232.0 33232.0 0.0
0


HOST: 355
0.531058075220447 0.5427692949015859 0.5130669675534261
22083.51899996707 13671.272999981145 8412.246000005975
41584.0 25188.0 16396.0
0


HOST: 356
0.5411982778116818 0.5499369751461796 0.512629500181457
19137.853499976693 14891.743349983397 4246.110150003009
35362.0 27079.0 8283.0
0


HOST: 357
0.5320355785262676 0.533246227163845 0.5281231764709501
21050.519699970304 16112.56799998274 4937.951700003383
39566.0 30216.0 9350.0
0


HOST: 358
0.513416114026163 0.5160872399788942 0.5070242209635362
17217.922799981403 12206.495399980804 5011.427400003591
33536.0 23652.0 9884.0
0


HOST: 359
0.5327831433434048 0.5339912675254861 0.5314540352937532
18134.33984997947 9521.064299979416 8613.27555000586
34037.0 17830.0 16207.0
0


HOST: 360
0.5320127220214144 0.5393582791388137 0.521881909389195
22015.218449968146 12938.126399981864 9077.09205000627
41381.0 23988.0 17393.0
0


HOST: 361
0.5127101056107407 0.5143582987819463 0.5114824507672516
17671.06649997979 7567.753649978775 10103.31285000552
34466.0 14713.0 19753.0
0


HOST: 362
0.5359554396623796 0.5359554396623796 0.0
9429.064049980243 9429.064049980243 0.0
17593.0 17593.0 0.0
0


HOST: 363
0.508118669975346 0.5156920385514905 0.5062499999989414
9722.850749978246 1952.9257499944943 7769.924999983752
19135.0 3787.0 15348.0
0


HOST: 364
0.5469556919202713 0.5469556919202713 0.0
11319.794999981934 11319.794999981934 0.0
20696.0 20696.0 0.0
0


HOST: 365
0.5062499999986662 0.5062499999986662 0.0
8602.706249977335 8602.706249977335 0.0
16993.0 16993.0 0.0
0


HOST: 366
0.5073478979810859 0.5073478979810859 0.0
10861.303799979089 10861.303799979089 0.0
21408.0 21408.0 0.0
0


HOST: 367
0.5919466277239034 0.5919466277239034 0.0
9829.86569998314 9829.86569998314 0.0
16606.0 16606.0 0.0
0


HOST: 368
0.5338667300766795 0.5499869754985017 0.5137438129828582
10243.30094998125 5859.011249985539 4384.289699995712
19187.0 10653.0 8534.0
0


HOST: 369
0.5153503982747987 0.5153503982747987 0.0
9445.857449978785 9445.857449978785 0.0
18329.0 18329.0 0.0
0


HOST: 370
0.5062499999986382 0.5062499999985448 0.5062499999986618
8462.981249977234 1708.5937499950887 6754.3874999821455
16717.0 3375.0 13342.0
0


HOST: 371
0.5072002890161204 0.5072002890161204 0.0
9213.293249977825 9213.293249977825 0.0
18165.0 18165.0 0.0
0


HOST: 372
0.5062499999990072 0.5062499999985448 0.506249999999041
10765.406249978889 732.0374999978958 10033.368749980993
21265.0 1446.0 19819.0
0


HOST: 373
0.5062499999991494 0.5062499999985448 0.5062499999992667
12025.968749979795 1952.6062499943873 10073.362499985407
23755.0 3857.0 19898.0
0


HOST: 374
0.5067474215844932 0.5067474215844932 0.0
8352.7177499772 8352.7177499772 0.0
16483.0 16483.0 0.0
0


HOST: 375
0.5062499999985448 0.5062499999985448 0.0
7864.087499977395 7864.087499977395 0.0
15534.0 15534.0 0.0
0


HOST: 376
0.5134087098027246 0.5134087098027246 0.0
10489.453349979465 10489.453349979465 0.0
20431.0 20431.0 0.0
0


HOST: 377
0.6140313856614964 0.6140313856614964 0.0
7666.181849983783 7666.181849983783 0.0
12485.0 12485.0 0.0
0


HOST: 378
0.5609826423787371 0.5609826423787371 0.0
10825.282049982488 10825.282049982488 0.0
19297.0 19297.0 0.0
0


HOST: 379
0.5828241031484901 0.5828241031484901 0.0
12769.676099983417 12769.676099983417 0.0
21910.0 21910.0 0.0
0


HOST: 380
0.5606969413696316 0.6011511573490409 0.506250000000084
11906.399549984126 7323.824549983365 4582.575000000761
21235.0 12183.0 9052.0
0


HOST: 381
0.5718765299469875 0.6024836782140679 0.5310450360893588
10540.828199982872 6347.165549985206 4193.662649997666
18432.0 10535.0 7897.0
0


HOST: 382
0.5482681203088211 0.5489189943773094 0.5062500000003638
8913.743099980813 8788.193099980723 125.55000000009022
16258.0 16010.0 248.0
0


HOST: 383
0.565507516247119 0.565507516247119 0.0
8091.847049980026 8091.847049980026 0.0
14309.0 14309.0 0.0
0


HOST: 384
0.5597131918479645 0.5597131918479645 0.0
10931.758349982596 10931.758349982596 0.0
19531.0 19531.0 0.0
0


HOST: 385
0.5379040594426638 0.5379040594426638 0.0
11329.335299981387 11329.335299981387 0.0
21062.0 21062.0 0.0
0


HOST: 386
0.5237499128413253 0.5295104466730548 0.507789718310222
21032.225249969102 15624.264749981827 5407.960500003865
40157.0 29507.0 10650.0
0


HOST: 387
0.5294475604574692 0.5303048394185557 0.5062500000003638
19966.526399972077 19286.126399974033 680.400000000489
37712.0 36368.0 1344.0
0


HOST: 388
0.5352165172201075 0.5414220743634611 0.5112147029144188
20652.39974997229 16600.000799983718 4052.398950002598
38587.0 30660.0 7927.0
0


HOST: 389
0.53543154170988 0.5440705240759249 0.5157534535808519
22817.41514996654 16112.104499984442 6705.310650004656
42615.0 29614.0 13001.0
0


HOST: 390
0.5311788798912844 0.516202979871691 0.5381976821436846
21254.591699969853 6591.395849981622 14663.195850004688
40014.0 12769.0 27245.0
0


HOST: 391
0.5397655933304597 0.5346731995780484 0.5420635526212797
19813.715399974513 6102.759899983845 13710.955500002648
36708.0 11414.0 25294.0
0


HOST: 392
0.506249999999327 0.5062499999985448 0.506249999999394
19430.887499974167 488.0249999985972 18942.862499977324
38382.0 964.0 37418.0
0


HOST: 393
0.5566949866599922 0.5600725391405534 0.5274799275948946
20032.112399973157 18065.139749978553 1966.9726500013621
35984.0 32255.0 3729.0
0


HOST: 394
0.5492610392017754 0.5648362588228497 0.5224778373460982
22151.1484499684 14403.324599982667 7747.82385000529
40329.0 25500.0 14829.0
0


HOST: 395
0.541631617800601 0.541631617800601 0.0
18085.62134997987 18085.62134997987 0.0
33391.0 33391.0 0.0
0


HOST: 396
0.5638192466902916 0.5576014534869548 0.5678531342617033
20702.315099974126 8056.225799979522 12646.089300008132
36718.0 14448.0 22270.0
0


HOST: 397
0.5328173412480868 0.5407995903506926 0.5155767259060365
22168.3982999679 15379.799549983347 6788.598750004783
41606.0 28439.0 13167.0
0


HOST: 398
0.5588260112192469 0.5588260112192469 0.0
17532.048449981434 17532.048449981434 0.0
31373.0 31373.0 0.0
0


HOST: 399
0.5420097953458038 0.5430317330047465 0.5393438983650547
22246.79204996852 16112.294549983833 6134.497500004132
41045.0 29671.0 11374.0
0


HOST: 400
0.529586637331489 0.5117890835564971 0.5316325655852057
17150.663249980273 1708.8637499951437 15441.799499987885
32385.0 3339.0 29046.0
0


HOST: 401
0.5362208560430695 0.536078619908968 0.5399907407410842
16724.728499983335 16112.378999983943 612.3495000003895
31190.0 30056.0 1134.0
0


HOST: 402
0.5234216888073682 0.5242083277398143 0.5229950595046453
22182.087749967453 7811.752499978713 14370.335250009139
42379.0 14902.0 27477.0
0


HOST: 403
0.5411486831679883 0.5473120138728669 0.5367122415013847
18451.546649978896 7810.689749979683 10640.856900006454
34097.0 14271.0 19826.0
0


HOST: 404
0.5399091989980469 0.5470342694936564 0.5360880788337845
20706.597599973094 7323.694799981073 13382.902800006597
38352.0 13388.0 24964.0
0


HOST: 405
0.5372899097058104 0.5413204309800751 0.5208494904461073
21421.74869997066 17333.080199982003 4088.668500001942
39870.0 32020.0 7850.0
0


HOST: 406
0.5531663403674009 0.556716085216321 0.5433883072518472
18845.82404997698 13915.118549981942 4930.7055000032615
34069.0 24995.0 9074.0
0


HOST: 407
0.5573725712527099 0.5573725712527099 0.0
21824.480399971108 21824.480399971108 0.0
39156.0 39156.0 0.0
0


HOST: 408
0.543262115534817 0.543262115534817 0.0
21460.483349971873 21460.483349971873 0.0
39503.0 39503.0 0.0
0


HOST: 409
0.5298851210661982 0.5062499999985448 0.5357862524270439
20461.513949971246 3905.718749988773 16555.795199995657
38615.0 7715.0 30900.0
0


HOST: 410
0.5457782685144813 0.5492221246922349 0.5244685015572422
21415.247699971216 18552.174149979 2863.0735500009855
39238.0 33779.0 5459.0
0


HOST: 411
0.539077416897581 0.5361538067340549 0.5436879589012992
18049.929149981705 10985.791499980784 7064.137650004581
33483.0 20490.0 12993.0
0


HOST: 412
0.5464830928388484 0.5461413079057013 0.5481710185933137
24086.788799965085 20018.263499975576 4068.5252999995746
44076.0 36654.0 7422.0
0


HOST: 413
0.5414029019063008 0.5617358372907322 0.5305220556110235
20923.597949972806 7567.7051999807445 13355.892750007517
38647.0 13472.0 25175.0
0


HOST: 414
0.5062499999993286 0.5062499999985448 0.5062499999995415
19388.86874997429 1464.5812499957901 17924.287499983766
38299.0 2893.0 35406.0
0


HOST: 415
0.5295030497480686 0.525860257460873 0.5307420108847319
20339.80064997256 5126.611649986051 15213.188999999955
38413.0 9749.0 28664.0
0


HOST: 416
0.5471714032784556 0.5600635435154416 0.5385026499131932
18388.78934997906 7567.578599980647 10821.210750005617
33607.0 13512.0 20095.0
0


HOST: 417
0.506249999999292 0.5062499999985448 0.5062499999993497
13626.224999980945 976.0499999971944 12650.17499998375
26916.0 1928.0 24988.0
0


HOST: 418
0.5478804913925349 0.6887175557821049 0.5264888391114702
16200.278249985866 2685.309749994427 13514.968499991439
29569.0 3899.0 25670.0
0


HOST: 419
0.5835706627196896 0.5835706627196896 0.0
16660.35884998442 16660.35884998442 0.0
28549.0 28549.0 0.0
0


HOST: 420
0.5493183484886657 0.5559038748687611 0.5251587921121103
18726.262499978613 14891.552999984373 3834.7095000026293
34090.0 26788.0 7302.0
0


HOST: 421
0.5627434360028225 0.5627434360028225 0.0
17977.96454998217 17977.96454998217 0.0
31947.0 31947.0 0.0
0


HOST: 422
0.5810425574114066 0.7266159574453845 0.5570928591420249
9665.061899981338 1707.5474999966536 7957.514399984684
16634.0 2350.0 14284.0
0


HOST: 423
0.5564086432815462 0.5564086432815462 0.0
13927.464749980381 13927.464749980381 0.0
25031.0 25031.0 0.0
0


HOST: 424
0.5698846876853642 0.5800485950407761 0.522499895649747
20099.26304997511 16844.611199984138 3254.651850002274
35269.0 29040.0 6229.0
0


HOST: 425
0.5450390592750817 0.5777232573136072 0.5253340002591835
13470.640349983643 5370.515399987293 8100.124949996351
24715.0 9296.0 15419.0
0


HOST: 426
0.5264076297991312 0.5279423668387688 0.5241194530687904
10980.336749980079 6591.3604499820285 4388.97629999805
20859.0 12485.0 8374.0
0


HOST: 427
0.5447474430816129 0.5447474430816129 0.0
13997.285549982045 13997.285549982045 0.0
25695.0 25695.0 0.0
0


HOST: 428
0.5148496599531738 0.5148496599531738 0.0
9689.985449978683 9689.985449978683 0.0
18821.0 18821.0 0.0
0


HOST: 429
0.5390964475979446 0.5390964475979446 0.0
13862.865149981146 13862.865149981146 0.0
25715.0 25715.0 0.0
0


HOST: 430
0.5183459206955934 0.5183459206955934 0.0
8627.86784997815 8627.86784997815 0.0
16645.0 16645.0 0.0
0


HOST: 431
0.511452370663199 0.511452370663199 0.0
8759.133299977946 8759.133299977946 0.0
17126.0 17126.0 0.0
0


HOST: 432
0.5120935309763448 0.5120935309763448 0.0
10389.86564997906 10389.86564997906 0.0
20289.0 20289.0 0.0
0


HOST: 433
0.5090369305328546 0.5090369305328546 0.0
10134.416249978602 10134.416249978602 0.0
19909.0 19909.0 0.0
0


HOST: 434
0.5219091438829764 0.5219091438829764 0.0
9583.295699979213 9583.295699979213 0.0
18362.0 18362.0 0.0
0


HOST: 435
0.5752703619900494 0.5752703619900494 0.0
11442.127499982083 11442.127499982083 0.0
19890.0 19890.0 0.0
0


HOST: 436
0.5305780697976079 0.5305780697976079 0.0
12344.959949980943 12344.959949980943 0.0
23267.0 23267.0 0.0
0


HOST: 437
0.5342430073106045 0.5317826357144114 0.5420676039123263
16441.328549983853 12450.626849981514 3990.701700002546
30775.0 23413.0 7362.0
0


HOST: 438
0.5472950158720061 0.5594892513354732 0.5198212564543154
10343.875799980917 7323.714299981344 3020.1614999995727
18900.0 13090.0 5810.0
0


HOST: 439
0.5569001029159759 0.6103219999987232 0.5266589157946785
11092.893149983323 4394.318399990807 6698.574749992516
19919.0 7200.0 12719.0
0


HOST: 440
0.568378916374827 0.568378916374827 0.0
8638.791149980994 8638.791149980994 0.0
15199.0 15199.0 0.0
0


HOST: 441
0.5608392462692613 0.6482801792814752 0.5248102325575256
11577.96539998263 3905.2397999916066 7672.725599991023
20644.0 6024.0 14620.0
0


HOST: 442
0.6673321358010588 0.6673321358010588 0.0
11823.123449987359 11823.123449987359 0.0
17717.0 17717.0 0.0
0


HOST: 443
0.592616329438491 0.591032658633186 0.8089823076924894
10602.49874998404 10497.331049984017 105.16770000002361
17891.0 17761.0 130.0
0


HOST: 444
0.5062499999985448 0.5062499999985448 0.5062499999985448
6243.074999982055 1220.5687499964915 5022.506249985563
12332.0 2411.0 9921.0
0


HOST: 445
0.5577486828760495 0.5577486828760495 0.0
4954.481549987948 4954.481549987948 0.0
8883.0 8883.0 0.0
0


HOST: 446
0.5637877103978499 0.5637877103978499 0.0
9780.5891999819 9780.5891999819 0.0
17348.0 17348.0 0.0
0


HOST: 447
0.5532309867273856 0.5532309867273856 0.0
11504.99159998271 11504.99159998271 0.0
20796.0 20796.0 0.0
0


HOST: 448
0.5677272585202665 0.5909627723956512 0.546256097047949
7811.359349980346 3905.0819999904634 3906.277349989883
13759.0 6608.0 7151.0
0


HOST: 449
0.5062499999990391 0.5062499999985448 0.5062499999991983
11024.606249979075 2685.1499999922817 8339.456249986793
21777.0 5304.0 16473.0
0


HOST: 450
0.5263330921690439 0.5263330921690439 0.0
7966.051349978479 7966.051349978479 0.0
15135.0 15135.0 0.0
0


HOST: 451
0.5446904271921472 0.540908584450429 0.5495126735554167
15351.554999983478 8544.191999978977 6807.363000004501
28184.0 15796.0 12388.0
0


HOST: 452
0.5328460944261741 0.5162859724123565 0.5534562256804963
10450.710449980554 5614.609949984377 4836.100499996177
19613.0 10875.0 8738.0
0


HOST: 453
0.5185083622474242 0.5185083622474242 0.0
10460.387699979538 10460.387699979538 0.0
20174.0 20174.0 0.0
0


HOST: 454
0.5198795733666705 0.536941829036896 0.5163499869967149
9651.044399978871 1708.5488999954032 7942.495499983468
18564.0 3182.0 15382.0
0


HOST: 455
0.5322586126106991 0.5322586126106991 0.0
14881.418549982534 14881.418549982534 0.0
27959.0 27959.0 0.0
0


HOST: 456
0.5062499999986487 0.5062499999985448 0.5062499999986585
8515.124999977272 732.0374999978958 7783.087499979376
16820.0 1446.0 15374.0
0


HOST: 457
0.5162014260806509 0.5176005466095813 0.5062499999999969
8886.407549978405 7812.145049978411 1074.2624999999935
17215.0 15093.0 2122.0
0


HOST: 458
0.7780439332868889 1.0025698369443403 0.5062499999999936
69882.34999996179 49312.39999994432 20569.949999999742
89818.0 49186.0 40632.0
2


HOST: 459
0.5251181802766806 0.5251181802766806 0.0
9297.742499978905 9297.742499978905 0.0
17706.0 17706.0 0.0
0


HOST: 460
0.5412785859864739 0.5412785859864739 0.0
12747.110699981462 12747.110699981462 0.0
23550.0 23550.0 0.0
0


HOST: 461
0.5062499999985784 0.5062499999985784 0.0
8179.987499977031 8179.987499977031 0.0
16158.0 16158.0 0.0
0


HOST: 462
0.5090763429464165 0.5090763429464165 0.0
7695.197999978031 7695.197999978031 0.0
15116.0 15116.0 0.0
0


HOST: 463
0.6117283300187775 0.6117283300187775 0.0
9846.379199982242 9846.379199982242 0.0
16096.0 16096.0 0.0
0


HOST: 464
0.5062499999988538 0.5062499999988538 0.0
9671.399999978103 9671.399999978103 0.0
19104.0 19104.0 0.0
0


HOST: 465
0.551228631706464 0.5435773490349646 0.5636942645825115
10385.698649981488 6346.265549983211 4039.4330999982776
18841.0 11675.0 7166.0
0


HOST: 466
0.5220343826134187 0.5161634948082369 0.530467451331507
9212.340749979001 5370.164999984896 3842.175749994105
17647.0 10404.0 7243.0
0


HOST: 467
0.5340347151627785 0.5396066402643271 0.5080132258068143
14080.359299981816 11718.097799980129 2362.2615000016867
26366.0 21716.0 4650.0
0


HOST: 468
0.5296637364347235 0.5296637364347235 0.0
8444.428949978797 8444.428949978797 0.0
15943.0 15943.0 0.0
0


HOST: 469
0.5288615345447923 0.5168586944233947 0.5416207426858429
14543.69219998179 7323.887699979503 7219.804500002287
27500.0 14170.0 13330.0
0


HOST: 470
0.537509867357367 0.537509867357367 0.0
12643.307099979987 12643.307099979987 0.0
23522.0 23522.0 0.0
0


HOST: 471
0.5062499999987978 0.5062499999985448 0.5062499999989442
9325.631249977854 3417.693749990176 5907.937499987678
18421.0 6751.0 11670.0
0


HOST: 472
0.5497951321049346 0.5497951321049346 0.0
13733.882399981267 13733.882399981267 0.0
24980.0 24980.0 0.0
0


HOST: 473
0.5062499999990342 0.5062499999985448 0.5062499999991741
10983.599999979046 2441.137499992983 8542.462499986063
21696.0 4822.0 16874.0
0


HOST: 474
0.5062499999985448 0.5062499999985448 0.0
4384.631249987397 4384.631249987397 0.0
8661.0 8661.0 0.0
0


HOST: 475
0.5275046524446009 0.5062499999985448 0.5367882199733153
10039.996049978088 2929.1624999915803 7110.833549986508
19033.0 5786.0 13247.0
0


HOST: 476
0.52994399348951 0.5301194699422972 0.5297687937316322
10746.204299980285 5370.640349985413 5375.563949994872
20278.0 10131.0 10147.0
0


HOST: 477
0.5309226088758022 0.5222409081170738 0.5391652432206131
10191.5903999799 4882.4302499865225 5309.160149993377
19196.0 9349.0 9847.0
0


HOST: 478
0.50624999999871 0.5062499999985448 0.5062499999987429
8830.518749977498 1464.5812499957901 7365.937499981708
17443.0 2893.0 14550.0
0


HOST: 479
0.5191861769844114 0.5182287042526277 0.5207806561080279
9786.14024997917 6103.179449983196 3682.9607999959735
18849.0 11777.0 7072.0
0


HOST: 480
0.5256448273081342 0.5338548734755985 0.5077396269797042
9816.417149979407 6835.477799981563 2980.9393499978432
18675.0 12804.0 5871.0
0


HOST: 481
0.5139250908438557 0.5426357738246183 0.5062499999987422
8768.589899977867 1952.946149994801 6815.643749983066
17062.0 3599.0 13463.0
0


HOST: 482
0.5248808471103648 0.5248808471103648 0.0
11301.734399980374 11301.734399980374 0.0
21532.0 21532.0 0.0
0


HOST: 483
0.506249999999452 0.5062499999985448 0.5062499999997445
16016.231249982662 3905.718749988773 12110.512499993889
31637.0 7715.0 23922.0
0


HOST: 484
0.554763625376851 0.554763625376851 0.0
22035.211199968522 22035.211199968522 0.0
39720.0 39720.0 0.0
0


HOST: 485
0.5404001804488685 0.541612744452911 0.5210002191061534
20963.203799972507 19774.28129997578 1188.922500000242
38792.0 36510.0 2282.0
0


HOST: 486
0.54242144163981 0.5420088847287712 0.5683636363635597
21344.82614996816 20994.714149968953 350.1119999999528
39351.0 38735.0 616.0
0


HOST: 487
0.5428095907921169 0.5447106326693169 0.5366500466421545
19738.185149973746 15135.874349982309 4602.310800003117
36363.0 27787.0 8576.0
0


HOST: 488
0.5530511267452817 0.5644146376585054 0.5290448114344258
21498.756449969333 14891.515799982006 6607.240650004544
38873.0 26384.0 12489.0
0


HOST: 489
0.5331442999553535 0.5415938150779107 0.5112227812851733
20642.81414997133 15135.922349982371 5506.891800003887
38719.0 27947.0 10772.0
0


HOST: 490
0.5487133073791822 0.5487133073791822 0.0
10007.433299981525 10007.433299981525 0.0
18238.0 18238.0 0.0
0


HOST: 491
0.7641046301265438 0.7641046301265438 0.0
12797.988449989483 12797.988449989483 0.0
16749.0 16749.0 0.0
0


HOST: 492
0.5585368458670471 0.5585368458670471 0.0
11719.220099982382 11719.220099982382 0.0
20982.0 20982.0 0.0
0


HOST: 493
0.5672323574949194 0.5672323574949194 0.0
9523.264049982203 9523.264049982203 0.0
16789.0 16789.0 0.0
0


HOST: 494
0.5548907642622527 0.5569640392844889 0.5062500000003638
10396.988249981829 10009.20074998155 387.78750000027867
18737.0 17971.0 766.0
0


HOST: 495
0.5489060770269159 0.5489060770269159 0.0
10888.64984998293 10888.64984998293 0.0
19837.0 19837.0 0.0
0


HOST: 496
0.511994905915027 0.511994905915027 0.0
9060.773849978234 9060.773849978234 0.0
17697.0 17697.0 0.0
0


HOST: 497
0.5062499999989889 0.5062499999985448 0.5062499999990218
10622.137499978786 732.0374999978958 9890.09999998089
20982.0 1446.0 19536.0
0


HOST: 498
0.5562485532952723 0.5742880238953297 0.5062500000003638
12226.89944998338 9276.47444998126 2950.42500000212
21981.0 16153.0 5828.0
0


HOST: 499
0.5412273019261439 0.5412273019261439 0.0
9604.61969998135 9604.61969998135 0.0
17746.0 17746.0 0.0
0


HOST: 500
0.5884984002381933 0.5884984002381933 0.0
10833.6670499849 10833.6670499849 0.0
18409.0 18409.0 0.0
0


HOST: 501
0.5544615978223955 0.5544615978223955 0.0
12429.920099982462 12429.920099982462 0.0
22418.0 22418.0 0.0
0


HOST: 502
0.5260223307008196 0.5260223307008196 0.0
8862.95024997811 8862.95024997811 0.0
16849.0 16849.0 0.0
0


HOST: 503
0.5957575435542222 0.647671843907567 0.5592966149054366
6531.289949984937 2929.4197499939255 3601.8701999910118
10963.0 4523.0 6440.0
0


HOST: 504
0.5556967582564806 0.5719812491619313 0.5171822355925123
11810.778899983237 8544.25589998093 3266.5230000023075
21254.0 14938.0 6316.0
0


HOST: 505
0.5490730646324014 0.5490730646324014 0.0
11341.10414998225 11341.10414998225 0.0
20655.0 20655.0 0.0
0


HOST: 506
0.5062499999985448 0.5062499999985448 0.0
7807.893749977557 7807.893749977557 0.0
15423.0 15423.0 0.0
0


HOST: 507
0.5422363167569758 0.5422363167569758 0.0
11198.806649981821 11198.806649981821 0.0
20653.0 20653.0 0.0
0


HOST: 508
0.5085894100623307 0.5085894100623307 0.0
8793.510899977699 8793.510899977699 0.0
17290.0 17290.0 0.0
0


HOST: 509
0.5120035529113843 0.5120035529113843 0.0
10073.157899978576 10073.157899978576 0.0
19674.0 19674.0 0.0
0


HOST: 510
0.5577564884962777 0.5577564884962777 0.0
12146.26304998344 12146.26304998344 0.0
21777.0 21777.0 0.0
0


HOST: 511
0.5062499999991195 0.5062499999985448 0.5062499999991317
11736.393749979587 244.0124999992986 11492.381249980288
23183.0 482.0 22701.0
0


HOST: 512
0.5151277729102555 0.5242482820315216 0.512412031970488
9409.323899978726 2197.124549994107 7212.199349984619
18266.0 4191.0 14075.0
0


HOST: 513
0.6015456966208189 0.6015456966208189 0.0
12356.951699984862 12356.951699984862 0.0
20542.0 20542.0 0.0
0


HOST: 514
0.581951810483128 0.6119347294742579 0.547684594723181
10446.616949982632 5858.663099986545 4587.953849996087
17951.0 9574.0 8377.0
0


HOST: 515
0.5533153537936097 0.5533153537936097 0.0
10564.450049981391 10564.450049981391 0.0
19093.0 19093.0 0.0
0


HOST: 516
0.5446441470629946 0.5968007955921929 0.5387920586405054
8821.601249979323 975.1724999976432 7846.42874998168
16197.0 1634.0 14563.0
0


HOST: 517
0.5512152668552095 0.5814284208631856 0.5246052548765043
9883.840949980762 4882.25444998817 5001.5864999925925
17931.0 8397.0 9534.0
0


HOST: 518
0.5413709387287883 0.5525161316858533 0.5173613475180895
11557.186799982172 8055.685199979742 3501.5016000024298
21348.0 14580.0 6768.0
0


HOST: 519
0.5845357945931995 0.5845357945931995 0.0
5406.9560999870955 5406.9560999870955 0.0
9250.0 9250.0 0.0
0


HOST: 520
0.6122735416452577 0.5119463460716241 0.6256839190472013
12364.251899984334 1218.944249996537 11145.307649987797
20194.0 2381.0 17813.0
0


HOST: 521
0.5714105489408129 0.5714105489408129 0.0
10367.67299998211 10367.67299998211 0.0
18144.0 18144.0 0.0
0


HOST: 522
0.6634007398724872 0.6634007398724872 0.0
11611.503149988142 11611.503149988142 0.0
17503.0 17503.0 0.0
0


HOST: 523
0.5486220760687417 0.5486220760687417 0.0
10385.41589998128 10385.41589998128 0.0
18930.0 18930.0 0.0
0


HOST: 524
0.57312196291137 0.57312196291137 0.0
10879.001099983625 10879.001099983625 0.0
18982.0 18982.0 0.0
0


HOST: 525
0.5115578406914272 0.5115578406914272 0.0
7796.653049978042 7796.653049978042 0.0
15241.0 15241.0 0.0
0


HOST: 526
0.5553176226402707 0.5555688697123886 0.5062500000003638
8829.550199980305 8788.543949980276 41.00625000002947
15900.0 15819.0 81.0
0


HOST: 527
0.5062499999987364 0.5062499999985448 0.5062499999988184
8974.293749977602 2685.1499999922817 6289.14374998532
17727.0 5304.0 12423.0
0


HOST: 528
0.5119778443099376 0.5119778443099376 0.0
5472.019199984614 5472.019199984614 0.0
10688.0 10688.0 0.0
0


HOST: 529
0.5159800460659931 0.5159800460659931 0.0
9072.477149978356 9072.477149978356 0.0
17583.0 17583.0 0.0
0


HOST: 530
0.5062499999986813 0.5062499999985448 0.5062499999986938
8679.65624997739 732.0374999978958 7947.618749979494
17145.0 1446.0 15699.0
0


HOST: 531
0.5523300204965953 0.5523300204965953 0.0
9700.572149981703 9700.572149981703 0.0
17563.0 17563.0 0.0
0


HOST: 532
0.5819478362911603 0.6785115897706878 0.5422740712539336
10785.239249984073 3661.9270499924023 7123.312199991671
18533.0 5397.0 13136.0
0


HOST: 533
0.5062499999985659 0.5062499999985448 0.5062499999985763
8122.78124997699 2685.1499999922817 5437.631249984708
16045.0 5304.0 10741.0
0


HOST: 534
0.5722527949026812 0.5783599073865381 0.5381411278199172
12530.61944998401 10741.300199982785 1789.3192500012246
21897.0 18572.0 3325.0
0


HOST: 535
0.541546556081201 0.541546556081201 0.0
10283.969099982007 10283.969099982007 0.0
18990.0 18990.0 0.0
0


HOST: 536
0.5603833127535197 0.5702584239711936 0.5062500000000523
9077.088899981512 7811.970149981382 1265.1187500001306
16198.0 13699.0 2499.0
0


HOST: 537
0.5777645904012219 0.5777645904012219 0.0
9535.426799981766 9535.426799981766 0.0
16504.0 16504.0 0.0
0


HOST: 538
0.5636172251301298 0.5636172251301298 0.0
11841.597899984028 11841.597899984028 0.0
21010.0 21010.0 0.0
0


HOST: 539
0.5644942383749403 0.5953008269705697 0.5159773334435699
8705.065649979953 5614.877399986413 3090.18824999354
15421.0 9432.0 5989.0
0


HOST: 540
0.5952693580981686 0.5952693580981686 0.0
7066.44254998336 7066.44254998336 0.0
11871.0 11871.0 0.0
0


HOST: 541
0.6892204086419585 0.6892204086419585 0.0
11738.801999989839 11738.801999989839 0.0
17032.0 17032.0 0.0
0


HOST: 542
0.5373759085783671 0.5373759085783671 0.0
11932.432049982643 11932.432049982643 0.0
22205.0 22205.0 0.0
0


HOST: 543
0.5062499999990485 0.5062499999985448 0.5062499999992092
11103.074999979131 2685.1499999922817 8417.92499998685
21932.0 5304.0 16628.0
0


HOST: 544
0.5207223457272258 0.5207223457272258 0.0
10446.731699979602 10446.731699979602 0.0
20062.0 20062.0 0.0
0


HOST: 545
0.5183829309247873 0.5314085328675188 0.5062499999992177
9876.231599979046 4882.581599986763 4993.6499999922835
19052.0 9188.0 9864.0
0


HOST: 546
0.522730880206611 0.522730880206611 0.0
8242.943249978049 8242.943249978049 0.0
15769.0 15769.0 0.0
0


HOST: 547
0.5214653659266947 0.5214653659266947 0.0
10303.112699979634 10303.112699979634 0.0
19758.0 19758.0 0.0
0


HOST: 548
0.5673262394286411 0.5673262394286411 0.0
10264.633649982405 10264.633649982405 0.0
18093.0 18093.0 0.0
0


HOST: 549
0.5062499999990926 0.5062499999985448 0.5062499999991578
11488.331249979408 1220.5687499964915 10267.762499982917
22693.0 2411.0 20282.0
0


HOST: 550
0.5823663531439064 0.5823663531439064 0.0
10092.408899983899 10092.408899983899 0.0
17330.0 17330.0 0.0
0


HOST: 551
0.5636962874649506 0.5636962874649506 0.0
9930.073799982569 9930.073799982569 0.0
17616.0 17616.0 0.0
0


HOST: 552
0.5589115599787858 0.5589115599787858 0.0
11988.094049984978 11988.094049984978 0.0
21449.0 21449.0 0.0
0


HOST: 553
0.596365066129056 0.6154091625224535 0.5088871823741158
10370.788499984284 8788.658249983158 1582.1302500011261
17390.0 14281.0 3109.0
0


HOST: 554
0.6871501969236338 0.7402244936316253 0.5062500000003638
14655.539399987261 12206.301899985501 2449.23750000176
21328.0 16490.0 4838.0
0


HOST: 555
0.5599670612322477 0.5889800166375548 0.5085083444000518
10525.70084998256 7079.5397999834095 3446.161049999151
18797.0 12020.0 6777.0
0


HOST: 556
0.591376163135722 0.591376163135722 0.0
12926.89154998375 12926.89154998375 0.0
21859.0 21859.0 0.0
0


HOST: 557
0.5062499999989111 0.5062499999985448 0.5062499999989399
10053.112499978377 732.0374999978958 9321.074999980481
19858.0 1446.0 18412.0
0


HOST: 558
0.6759731930828268 0.6759731930828268 0.0
11728.134899987044 11728.134899987044 0.0
17350.0 17350.0 0.0
0


HOST: 559
0.5158417521610973 0.5158417521610973 0.0
7692.748049978443 7692.748049978443 0.0
14913.0 14913.0 0.0
0


HOST: 560
0.5353655808819296 0.5353655808819296 0.0
8267.115299978757 8267.115299978757 0.0
15442.0 15442.0 0.0
0


HOST: 561
0.5722756798060208 0.5850290713915229 0.5574755388177468
10670.080049983257 5859.066149986102 4811.013899997155
18645.0 10015.0 8630.0
0


HOST: 562
0.5511334041801049 0.5511334041801049 0.0
6352.914749984069 6352.914749984069 0.0
11527.0 11527.0 0.0
0


HOST: 563
0.5550385919532131 0.5550385919532131 0.0
11589.20579998309 11589.20579998309 0.0
20880.0 20880.0 0.0
0


HOST: 564
0.5184722081408331 0.5184722081408331 0.0
9819.345149979237 9819.345149979237 0.0
18939.0 18939.0 0.0
0


HOST: 565
0.5353132781749967 0.5353132781749967 0.0
9931.667249980714 9931.667249980714 0.0
18553.0 18553.0 0.0
0


HOST: 566
0.5436308782093587 0.5436308782093587 0.0
9842.43704998044 9842.43704998044 0.0
18105.0 18105.0 0.0
0


HOST: 567
0.5062499999986734 0.5062499999985448 0.5062499999987393
8639.15624997736 2929.1624999915803 5709.993749985781
17065.0 5786.0 11279.0
0


HOST: 568
0.5341874844194402 0.5341874844194402 0.0
10286.314199980741 10286.314199980741 0.0
19256.0 19256.0 0.0
0


HOST: 569
0.5351093701331789 0.5351093701331789 0.0
10653.492449981459 10653.492449981459 0.0
19909.0 19909.0 0.0
0


HOST: 570
0.5611631765680694 0.5611631765680694 0.0
12099.239249984144 12099.239249984144 0.0
21561.0 21561.0 0.0
0


HOST: 571
0.5183242789020343 0.5183242789020343 0.0
6523.111049982101 6523.111049982101 0.0
12585.0 12585.0 0.0
0


HOST: 572
0.5490334084117096 0.5490334084117096 0.0
9384.628049981351 9384.628049981351 0.0
17093.0 17093.0 0.0
0


HOST: 573
0.5062499999988704 0.5062499999985448 0.5062499999989065
9779.23124997818 976.0499999971944 8803.181249980986
19317.0 1928.0 17389.0
0


HOST: 574
0.5240993339553093 0.5712381301837388 0.5062499999988174
8970.484199979073 2685.390449993756 6285.093749985317
17116.0 4701.0 12415.0
0


HOST: 575
0.5625234874298713 0.5625234874298713 0.0
10561.940999983264 10561.940999983264 0.0
18776.0 18776.0 0.0
0


HOST: 576
0.5062499999990279 0.5062499999990279 0.0
10931.456249979008 10931.456249979008 0.0
21593.0 21593.0 0.0
0


HOST: 577
0.5062499999985448 0.5062499999985448 0.5062499999985448
7658.043749977987 2929.1624999915803 4728.881249986407
15127.0 5786.0 9341.0
0


HOST: 578
0.534978588833684 0.538005335168679 0.5062500000003638
9659.573399980998 8788.317149980372 871.2562500006261
18056.0 16335.0 1721.0
0


HOST: 579
0.5608304788388373 0.5608304788388373 0.0
11290.639199983472 11290.639199983472 0.0
20132.0 20132.0 0.0
0


HOST: 580
0.6218009265045282 0.6218009265045282 0.0
12919.157849984584 12919.157849984584 0.0
20777.0 20777.0 0.0
0


HOST: 581
0.5473048847405924 0.5473048847405924 0.0
4487.352749988117 4487.352749988117 0.0
8199.0 8199.0 0.0
0


HOST: 582
0.6459561667826849 0.6459561667826849 0.0
11061.353399986696 11061.353399986696 0.0
17124.0 17124.0 0.0
0


HOST: 583
0.6882064375821855 0.6882064375821855 0.0
11946.575549989158 11946.575549989158 0.0
17359.0 17359.0 0.0
0


HOST: 584
0.5383584995944335 0.5383584995944335 0.0
11306.066849982697 11306.066849982697 0.0
21001.0 21001.0 0.0
0


HOST: 585
0.6578639898900399 0.6578639898900399 0.0
12104.039549986845 12104.039549986845 0.0
18399.0 18399.0 0.0
0


HOST: 586
0.6177014336379969 0.6177014336379969 0.0
12538.103699984062 12538.103699984062 0.0
20298.0 20298.0 0.0
0


HOST: 587
0.5201792313188544 0.5201792313188544 0.0
8716.123199978723 8716.123199978723 0.0
16756.0 16756.0 0.0
0


HOST: 588
0.5602705206046846 0.569047475693979 0.5281619800336365
12548.37884998312 10008.976049981396 2539.4028000017242
22397.0 17589.0 4808.0
0


HOST: 589
0.5729739200069623 0.6111601588815974 0.5341597778210874
11804.408699983438 6346.898249985388 5457.51044999805
20602.0 10385.0 10217.0
0


HOST: 590
0.5424733543990671 0.5424733543990671 0.0
16738.015349983216 16738.015349983216 0.0
30855.0 30855.0 0.0
0


HOST: 591
0.5398206382606914 0.5310027063325393 0.5423627711375821
18852.156149978124 4149.786149988795 14702.369999997576
34923.0 7815.0 27108.0
0


HOST: 592
0.5492857186033647 0.5259024881505572 0.5683429026031835
22713.513749967737 9764.957399979547 12948.55635000833
41351.0 18568.0 22783.0
0


HOST: 593
0.5325012014231717 0.5441745954251397 0.5179711586486043
21540.738599970144 12206.38034998131 9334.358250006499
40452.0 22431.0 18021.0
0


HOST: 594
0.5341581384164628 0.5368011531567092 0.5312702715542491
20005.290599973363 10497.146549979449 9508.144050006396
37452.0 19555.0 17897.0
0


HOST: 595
0.5343659234559612 0.5319314671334658 0.5365850731038039
18514.176149978688 8788.571699979122 9725.604450006445
34647.0 16522.0 18125.0
0


HOST: 596
0.560524695638047 0.5624744084403617 0.5559253515662369
21823.46849997172 15379.737749984808 6443.730750004252
38934.0 27343.0 11591.0
0


HOST: 597
0.5415476077258359 0.5445763006389986 0.5399582958882282
21867.69239996925 7567.976849980165 14299.715550007948
40380.0 13897.0 26483.0
0


HOST: 598
0.6022629577455917 0.6022629577455917 0.0
10903.970849983938 10903.970849983938 0.0
18105.0 18105.0 0.0
0


HOST: 599
0.5184564784865642 0.5184564784865642 0.0
8338.853999977899 8338.853999977899 0.0
16084.0 16084.0 0.0
0


HOST: 600
0.5156923534534182 0.5170263049692805 0.5062499999985448
4724.257649986765 4150.170149988415 574.0874999983498
9161.0 8027.0 1134.0
0


HOST: 601
0.5062499999986213 0.506249999998551 0.5062500000003638
8380.968749977175 8055.956249976942 325.01250000023356
16555.0 15913.0 642.0
0


HOST: 602
0.524311797277688 0.524311797277688 0.0
9942.00029997952 9942.00029997952 0.0
18962.0 18962.0 0.0
0


HOST: 603
0.5459392591944577 0.5213465261944468 0.5838373189996524
12646.13699998042 7323.8759999795875 5322.261000000832
23164.0 14048.0 9116.0
0


HOST: 604
0.5494494409798211 0.519038052270257 0.6174676757136683
15332.936099982886 10009.129799979637 5323.806300003249
27906.0 19284.0 8622.0
0


HOST: 605
0.5198682029326517 0.5198682029326517 0.0
8505.04379997818 8505.04379997818 0.0
16360.0 16360.0 0.0
0


HOST: 606
0.5594593148464652 0.5724593685434414 0.5062500000003638
12468.66974998317 10253.319749981578 2215.350000001592
22287.0 17911.0 4376.0
0


HOST: 607
0.6070621008394758 0.6070621008394758 0.0
10836.058499984641 10836.058499984641 0.0
17850.0 17850.0 0.0
0


HOST: 608
0.5273747836485873 0.5273747836485873 0.0
11456.68979998191 11456.68979998191 0.0
21724.0 21724.0 0.0
0


HOST: 609
0.7359456187147881 0.7464059298389928 0.5062500000003638
14345.051999988651 13915.245749988342 429.80625000030886
19492.0 18643.0 849.0
0


HOST: 610
0.5454008164456732 0.5454008164456732 0.0
8316.81704998007 8316.81704998007 0.0
15249.0 15249.0 0.0
0


HOST: 611
0.5361924182500053 0.5361924182500053 0.0
10576.395449981355 10576.395449981355 0.0
19725.0 19725.0 0.0
0


HOST: 612
0.5214325453767292 0.5221389169731167 0.5205941264706088
9882.189599979773 5370.720899985477 4511.468699994295
18952.0 10286.0 8666.0
0


HOST: 613
0.5315389989710395 0.5337648217817499 0.5062500000003638
11373.871499982304 10497.552749981674 876.3187500006297
21398.0 19667.0 1731.0
0


HOST: 614
0.5115890444298512 0.5115890444298512 0.0
10086.489599978946 10086.489599978946 0.0
19716.0 19716.0 0.0
0


HOST: 615
0.5395032339082303 0.5212529893228071 0.6012902065408079
13746.542399981709 10253.046299979615 3493.496100002094
25480.0 19670.0 5810.0
0


HOST: 616
0.5226450819662656 0.5062499999985448 0.5251326768754079
11477.285999979193 1464.5812499957901 10012.704749983403
21960.0 2893.0 19067.0
0


HOST: 617
0.5273673122921919 0.5299489203073026 0.5062500000003638
10360.13084998011 9276.755849979332 1083.3750000007785
19645.0 17505.0 2140.0
0


HOST: 618
0.5414214231376795 0.5154155039456879 0.5598180779219365
14236.134899982146 5614.936499984324 8621.198399997822
26294.0 10894.0 15400.0
0


HOST: 619
0.5281965221616605 0.5171036106282623 0.5496857622485556
12476.530049980582 8055.957149977698 4420.572900002884
23621.0 15579.0 8042.0
0


HOST: 620
0.648462682979386 0.648462682979386 0.0
11872.0547999866 11872.0547999866 0.0
18308.0 18308.0 0.0
0


HOST: 621
0.5967581677914112 0.5967581677914112 0.0
12106.432949984359 12106.432949984359 0.0
20287.0 20287.0 0.0
0


HOST: 622
0.7376740397201735 0.7376740397201735 0.0
13520.089799991341 13520.089799991341 0.0
18328.0 18328.0 0.0
0


HOST: 623
0.5607027585372623 0.5607027585372623 0.0
9390.649799982068 9390.649799982068 0.0
16748.0 16748.0 0.0
0


HOST: 624
0.5072813963851073 0.5072813963851073 0.0
9096.569999977744 9096.569999977744 0.0
17932.0 17932.0 0.0
0


