records: 20
      Record Time
Host  UsedBuffer

  49376.0 98752.0 148128.0 197504.0 246880.0 296256.0 345632.0 395008.0 444384.0 493760.0 543136.0 592512.0 641888.0 691264.0 740640.0 790016.0 839392.0 888768.0 938144.0 987520.0
0 2.5E8 1.25E9 1.75E9 2.0E9 -1.544967296E9 4.55032704E8 1.115098112E9 -2.019803776E9 8.45294336E8 1.095294336E9 -1.744640256E9 -1.494640256E9 5.7549056E8 1.07549056E9 1.57549056E9 1.57549056E9 1.57549056E9 1.57549056E9 1.82549056E9 2.07549056E9
1 0.0 0.0 2.5E8 2.5E8 2.5E8 2.5E8 5.0E8 7.5E8 1.0E9 1.0E9 1.0E9 1.25E9 1.5E9 1.75E9 1.75E9 1.75E9 -2.044967296E9 -2.044967296E9 -1.044967296E9 -7.94967296E8
2 2.5E8 5.0E8 7.5E8 1.0E9 1.25E9 1.5E9 1.75E9 2.0E9 -1.794967296E9 -1.794967296E9 -1.544967296E9 -7.94967296E8 -5.44967296E8 -5.44967296E8 -2.94967296E8 -2.94967296E8 4.55032704E8 4.55032704E8 4.55032704E8 1.205032704E9
3 0.0 0.0 2.5E8 5.0E8 5.0E8 5.0E8 5.0E8 5.0E8 5.0E8 7.5E8 7.5E8 1.25E9 1.5E9 1.75E9 2.0E9 -2.044967296E9 -1.794967296E9 -1.794967296E9 -1.794967296E9 -1.794967296E9
4 0.0 0.0 2.5E8 5.0E8 7.5E8 1.75E9 1.75E9 2.0E9 2.0E9 2.0E9 -1.794967296E9 -1.544967296E9 -7.94967296E8 -5.44967296E8 -4.4967296E7 2.05032704E8 2.05032704E8 2.05032704E8 7.05032704E8 1.205032704E9
5 5.0E8 1.5E9 -2.044967296E9 -4.4967296E7 -6.34901888E8 5.70130816E8 2.070130816E9 2.30196224E8 1.095294336E9 1.095294336E9 1.095294336E9 -1.834574848E9 -1.219476736E9 -7.19476736E8 2.80523264E8 2.80523264E8 -1.559411328E9 1.555686784E9 1.555686784E9 1.805686784E9
6 1.75E9 -2.044967296E9 -5.44967296E8 -4.4967296E7 -8.39934592E8 2.7516352E8 1.730196224E9 -5.64771072E8 3.45294336E8 1.095294336E9 -1.129542144E9 -6.29542144E8 -1.104378624E9 -1.104378624E9 -1.104378624E9 -6.04378624E8 -1.64934592E9 6.258176E8 6.258176E8 6.258176E8
7 2.5E8 7.5E8 1.0E9 1.0E9 1.25E9 1.5E9 2.0E9 -2.044967296E9 -2.044967296E9 -1.294967296E9 -1.294967296E9 -1.294967296E9 -1.044967296E9 -7.94967296E8 -7.94967296E8 -5.44967296E8 -2.94967296E8 -2.94967296E8 2.05032704E8 2.05032704E8
8 2.5E8 5.0E8 7.5E8 7.5E8 7.5E8 1.615098112E9 1.865098112E9 4.80196224E8 -1.904705664E9 -1.654705664E9 1.665425152E9 1.915425152E9 -1.379542144E9 -1.379542144E9 -1.379542144E9 -1.129542144E9 -3.79542144E8 -1.29542144E8 -1.29542144E8 1.20457856E8
9 2.5E8 5.0E8 1.25E9 1.5E9 1.910065408E9 7.0130816E7 5.70130816E8 7.7516352E8 1.52516352E9 1.52516352E9 -4.4967296E8 -2.084574848E9 5.7549056E8 5.7549056E8 5.7549056E8 5.7549056E8 5.7549056E8 8.2549056E8 8.2549056E8 1.07549056E9
10 7.5E8 1.25E9 -1.794967296E9 -1.794967296E9 -5.44967296E8 -1.22483648E9 -7.2483648E8 -1.564771072E9 -4.04705664E8 -4.04705664E8 -6.29542144E8 -6.29542144E8 1.485555968E9 1.735555968E9 -2.059411328E9 -2.059411328E9 3.95621376E8 1.965752192E9 -2.079215104E9 -1.829215104E9
11 0.0 5.0E8 5.0E8 5.0E8 5.0E8 5.0E8 7.5E8 1.5E9 -2.044967296E9 -1.294967296E9 -1.044967296E9 -5.44967296E8 -5.44967296E8 -5.44967296E8 -2.94967296E8 -4.4967296E7 2.05032704E8 2.05032704E8 2.05032704E8 2.05032704E8
12 0.0 2.5E8 2.5E8 2.5E8 2.5E8 2.5E8 5.0E8 7.5E8 1.0E9 1.0E9 1.0E9 1.5E9 2.0E9 -2.044967296E9 -2.044967296E9 -1.294967296E9 -1.044967296E9 -1.044967296E9 -7.94967296E8 -5.44967296E8
13 2.5E8 2.5E8 5.0E8 7.5E8 7.5E8 7.5E8 7.5E8 1.0E9 1.0E9 1.0E9 1.0E9 1.0E9 1.0E9 1.0E9 1.0E9 1.25E9 1.5E9 1.75E9 -1.294967296E9 -7.94967296E8
14 2.5E8 5.0E8 5.0E8 7.5E8 1.0E9 1.0E9 1.25E9 1.5E9 1.5E9 2.0E9 -2.044967296E9 -2.044967296E9 -1.794967296E9 -1.544967296E9 -1.294967296E9 -7.94967296E8 -7.94967296E8 -2.94967296E8 -2.94967296E8 -4.4967296E7
15 1.0E9 1.0E9 1.5E9 1.75E9 1.75E9 1.070130816E9 9.80196224E8 1.435228928E9 9.5294336E7 3.45294336E8 -6.7450944E8 -4.2450944E8 1.235555968E9 1.235555968E9 1.235555968E9 1.235555968E9 1.235555968E9 -2.84247808E8 -2.84247808E8 -2.84247808E8
16 2.5E8 2.5E8 2.5E8 2.5E8 2.5E8 2.5E8 7.5E8 1.25E9 1.5E9 1.5E9 1.75E9 2.0E9 -1.794967296E9 -1.544967296E9 -7.94967296E8 -2.94967296E8 2.05032704E8 7.05032704E8 1.455032704E9 1.705032704E9
17 2.5E8 7.5E8 1.0E9 1.25E9 1.75E9 2.0E9 2.0E9 -1.794967296E9 -1.544967296E9 -1.544967296E9 -1.544967296E9 -1.544967296E9 -1.294967296E9 -7.94967296E8 -2.94967296E8 2.05032704E8 2.05032704E8 4.55032704E8 9.55032704E8 1.705032704E9
18 2.5E8 1.25E9 1.25E9 1.5E9 -2.94967296E8 1.320130816E9 1.820130816E9 7.30196224E8 9.5294336E7 8.45294336E8 -1.584574848E9 -1.584574848E9 8.2549056E8 8.2549056E8 2.07549056E9 -1.969476736E9 1.985555968E9 7.60719488E8 1.010719488E9 1.920784896E9
19 2.5E8 2.5E8 7.5E8 1.0E9 1.25E9 1.25E9 1.25E9 1.5E9 1.5E9 2.0E9 -2.044967296E9 -1.544967296E9 -1.044967296E9 -1.044967296E9 -1.044967296E9 -1.044967296E9 -1.044967296E9 -1.044967296E9 -1.044967296E9 -7.94967296E8
20 7.5E8 1.0E9 -1.794967296E9 -1.294967296E9 -1.294967296E9 -1.22483648E9 1.730196224E9 -2.109738368E9 5.95294336E8 8.45294336E8 -1.469476736E9 -1.469476736E9 -8.54378624E8 -8.54378624E8 -1.04378624E8 -1.04378624E8 1.45621376E8 -1.829215104E9 -1.579215104E9 -2.009084288E9
21 7.5E8 1.25E9 1.75E9 2.0E9 2.0E9 -1.97483648E9 7.30196224E8 1.435228928E9 5.95294336E8 5.95294336E8 1.32549056E9 1.32549056E9 2.35555968E8 2.35555968E8 4.85555968E8 7.35555968E8 9.85555968E8 9.65752192E8 1.715752192E9 5.35883008E8
22 5.0E8 5.0E8 7.5E8 7.5E8 1.5E9 9.55032704E8 9.55032704E8 1.205032704E9 1.435228928E9 -1.859738368E9 -1.789607552E9 -1.834574848E9 1.280523264E9 1.280523264E9 2.030523264E9 2.030523264E9 2.030523264E9 -1.989280512E9 -4.89280512E8 -2.034247808E9
23 2.5E8 1.0E9 1.75E9 -2.044967296E9 -1.544967296E9 -7.94967296E8 -2.94967296E8 -2.94967296E8 -2.94967296E8 -2.94967296E8 -2.94967296E8 -4.4967296E7 -4.4967296E7 -4.4967296E7 2.05032704E8 2.05032704E8 4.55032704E8 1.955032704E9 -2.089934592E9 -1.589934592E9
24 0.0 0.0 0.0 0.0 2.5E8 2.5E8 1.0E9 1.0E9 1.25E9 1.75E9 2.0E9 2.0E9 -2.044967296E9 -1.794967296E9 -1.294967296E9 -1.294967296E9 -1.294967296E9 -1.294967296E9 -7.94967296E8 -2.94967296E8
25 2.5E8 5.0E8 5.0E8 7.5E8 1.25E9 1.25E9 1.75E9 2.0E9 -1.794967296E9 -1.794967296E9 -1.544967296E9 -1.544967296E9 -1.544967296E9 -1.294967296E9 -1.294967296E9 -1.294967296E9 -1.294967296E9 -1.044967296E9 -7.94967296E8 -7.94967296E8
26 0.0 5.0E8 5.0E8 1.0E9 1.5E9 1.75E9 2.0E9 -2.044967296E9 -1.544967296E9 -1.544967296E9 -7.94967296E8 -7.94967296E8 -5.44967296E8 -5.44967296E8 -2.94967296E8 2.05032704E8 4.55032704E8 4.55032704E8 4.55032704E8 7.05032704E8
27 1.75E9 1.75E9 -2.044967296E9 -1.544967296E9 -1.544967296E9 -7.2483648E8 1.230196224E9 9.35228928E8 1.435228928E9 1.685228928E9 1.82549056E9 -1.969476736E9 -1.604378624E9 -8.54378624E8 -6.04378624E8 1.45621376E8 3.95621376E8 1.965752192E9 -1.579215104E9 5.35883008E8
28 1.0E9 1.25E9 1.5E9 -1.794967296E9 -1.794967296E9 1.570130816E9 -1.22483648E9 2.516352E7 -8.14771072E8 -3.14771072E8 2.07549056E9 -1.969476736E9 9.85555968E8 1.485555968E9 1.985555968E9 -1.559411328E9 -1.559411328E9 7.15752192E8 1.215752192E9 1.715752192E9
29 1.25E9 1.75E9 -7.94967296E8 -7.94967296E8 4.55032704E8 1.865098112E9 1.865098112E9 1.865098112E9 2.140261632E9 2.140261632E9 -2.89607552E8 -2.89607552E8 1.870457856E9 1.870457856E9 -9.2450944E8 -9.2450944E8 7.549056E7 7.35555968E8 1.90588672E8 -3.741824E8
30 2.5E8 2.5E8 2.5E8 5.0E8 1.0E9 1.5E9 2.0E9 2.0E9 -1.544967296E9 -1.294967296E9 -5.44967296E8 -4.4967296E7 -4.4967296E7 -4.4967296E7 2.05032704E8 4.55032704E8 4.55032704E8 7.05032704E8 7.05032704E8 7.05032704E8
31 7.5E8 7.5E8 1.25E9 1.5E9 2.0E9 2.0E9 2.0E9 -2.044967296E9 -1.794967296E9 -1.544967296E9 -7.94967296E8 -5.44967296E8 -5.44967296E8 -2.94967296E8 -2.94967296E8 -2.94967296E8 -4.4967296E7 2.05032704E8 2.05032704E8 2.05032704E8
32 5.0E8 5.0E8 5.0E8 1.0E9 1.5E9 1.75E9 1.75E9 2.0E9 -2.044967296E9 -1.794967296E9 -1.294967296E9 -1.044967296E9 -1.044967296E9 -4.4967296E7 -4.4967296E7 2.05032704E8 4.55032704E8 9.55032704E8 1.205032704E9 1.455032704E9
33 0.0 2.5E8 5.0E8 7.5E8 1.0E9 1.75E9 1.75E9 2.0E9 2.0E9 -1.794967296E9 -1.544967296E9 -1.294967296E9 -1.044967296E9 -1.044967296E9 -1.044967296E9 -1.044967296E9 -7.94967296E8 -7.94967296E8 -7.94967296E8 -7.94967296E8
34 2.5E8 2.5E8 7.5E8 1.25E9 1.25E9 1.25E9 1.25E9 1.25E9 1.25E9 1.25E9 1.25E9 1.5E9 1.5E9 1.5E9 1.5E9 1.75E9 1.75E9 -2.044967296E9 -1.794967296E9 -1.794967296E9
35 1.25E9 1.25E9 1.75E9 -2.044967296E9 -2.94967296E8 2.070130816E9 1.230196224E9 1.685228928E9 3.45294336E8 1.095294336E9 -3.79542144E8 -1.29542144E8 -1.354378624E9 -8.54378624E8 -1.04378624E8 -1.04378624E8 8.95621376E8 1.965752192E9 -2.079215104E9 1.785883008E9
36 2.5E8 2.5E8 7.5E8 7.5E8 1.0E9 1.25E9 1.75E9 2.0E9 2.0E9 -2.044967296E9 -2.044967296E9 -1.544967296E9 -1.544967296E9 -1.294967296E9 -1.044967296E9 -1.044967296E9 -7.94967296E8 -7.94967296E8 -7.94967296E8 -7.94967296E8
37 5.0E8 5.0E8 5.0E8 5.0E8 7.5E8 1.0E9 1.0E9 1.5E9 2.0E9 -1.544967296E9 -1.044967296E9 -5.44967296E8 -2.94967296E8 -4.4967296E7 2.05032704E8 7.05032704E8 1.205032704E9 1.205032704E9 1.205032704E9 1.205032704E9
38 0.0 7.5E8 7.5E8 1.0E9 2.0E9 -2.044967296E9 -2.044967296E9 -1.794967296E9 -1.544967296E9 -1.294967296E9 -1.044967296E9 -7.94967296E8 -5.44967296E8 -4.4967296E7 4.55032704E8 7.05032704E8 7.05032704E8 7.05032704E8 9.55032704E8 9.55032704E8
39 7.5E8 7.5E8 7.5E8 7.5E8 1.5E9 2.0E9 -2.044967296E9 -2.044967296E9 -2.044967296E9 -1.794967296E9 -1.544967296E9 -1.544967296E9 -1.294967296E9 -1.044967296E9 -1.044967296E9 -1.044967296E9 -1.044967296E9 -7.94967296E8 -7.94967296E8 -2.94967296E8
40 5.0E8 7.5E8 1.5E9 1.75E9 2.0E9 2.0E9 2.0E9 2.0E9 2.0E9 2.0E9 2.0E9 -2.044967296E9 -1.794967296E9 -1.794967296E9 -1.544967296E9 -1.544967296E9 -1.294967296E9 -7.94967296E8 -5.44967296E8 -2.94967296E8
41 5.0E8 7.5E8 1.0E9 1.5E9 1.5E9 1.75E9 -2.044967296E9 -1.544967296E9 -1.544967296E9 -1.294967296E9 -1.294967296E9 -1.294967296E9 -7.94967296E8 -7.94967296E8 -5.44967296E8 -4.4967296E7 -4.4967296E7 2.05032704E8 2.05032704E8 2.05032704E8
42 0.0 2.5E8 2.5E8 1.0E9 1.0E9 1.0E9 1.0E9 1.25E9 1.5E9 1.5E9 2.0E9 -2.044967296E9 -2.044967296E9 -1.794967296E9 -1.544967296E9 -1.544967296E9 -1.294967296E9 -7.94967296E8 -5.44967296E8 -2.94967296E8
43 2.5E8 2.5E8 5.0E8 5.0E8 5.0E8 5.0E8 7.5E8 1.25E9 1.75E9 1.75E9 2.0E9 2.0E9 2.0E9 -2.044967296E9 -1.794967296E9 -1.544967296E9 -7.94967296E8 -5.44967296E8 -5.44967296E8 -4.4967296E7
44 0.0 0.0 0.0 0.0 0.0 2.5E8 5.0E8 5.0E8 7.5E8 7.5E8 1.0E9 1.25E9 -2.044967296E9 -1.794967296E9 -1.294967296E9 -1.044967296E9 -7.94967296E8 -7.94967296E8 -7.94967296E8 -5.44967296E8
45 2.5E8 2.5E8 5.0E8 7.5E8 7.5E8 1.5E9 1.5E9 1.5E9 1.5E9 1.5E9 1.5E9 1.5E9 1.75E9 2.0E9 2.0E9 -2.044967296E9 -2.044967296E9 -1.794967296E9 -1.544967296E9 -1.044967296E9
46 5.0E8 5.0E8 1.0E9 1.0E9 1.0E9 1.25E9 1.25E9 1.25E9 1.5E9 1.75E9 1.75E9 1.75E9 1.75E9 -2.044967296E9 -1.544967296E9 -1.544967296E9 -1.294967296E9 -1.044967296E9 -1.044967296E9 -1.044967296E9
47 0.0 0.0 5.0E8 5.0E8 5.0E8 5.0E8 1.0E9 1.25E9 1.25E9 -1.589934592E9 -1.589934592E9 -1.339934592E9 -1.339934592E9 -1.089934592E9 -1.089934592E9 -8.39934592E8 -5.89934592E8 -5.89934592E8 -3.39934592E8 -3.39934592E8
48 0.0 0.0 2.5E8 5.0E8 5.0E8 7.5E8 1.0E9 1.0E9 1.0E9 1.25E9 1.25E9 1.25E9 1.25E9 1.5E9 1.5E9 1.5E9 1.75E9 2.0E9 2.0E9 -2.044967296E9
49 0.0 2.5E8 5.0E8 5.0E8 5.0E8 5.0E8 7.5E8 7.5E8 7.5E8 1.0E9 1.0E9 1.25E9 2.0E9 -1.794967296E9 -1.544967296E9 -1.044967296E9 -7.94967296E8 -5.44967296E8 -5.44967296E8 -2.94967296E8
50 0.0 7.5E8 1.0E9 1.75E9 1.75E9 2.0E9 -1.544967296E9 -1.544967296E9 -1.294967296E9 -1.044967296E9 -7.94967296E8 -5.44967296E8 -2.94967296E8 -2.94967296E8 -4.4967296E7 -4.4967296E7 -4.4967296E7 2.05032704E8 4.55032704E8 7.05032704E8
51 2.5E8 2.5E8 2.5E8 2.5E8 5.0E8 5.0E8 5.0E8 5.0E8 5.0E8 7.5E8 1.0E9 1.25E9 1.25E9 1.25E9 1.5E9 1.5E9 1.75E9 2.0E9 -2.044967296E9 -2.044967296E9
