records: 20
      Record Time
Host  UsedBuffer

  49376.0 98752.0 148128.0 197504.0 246880.0 296256.0 345632.0 395008.0 444384.0 493760.0 543136.0 592512.0 641888.0 691264.0 740640.0 790016.0 839392.0 888768.0 938144.0 987520.0
0 1.0E9 2.0E9 1.455032704E9 1.705032704E9 -1.839934592E9 -1.97483648E9 -1.404705664E9 -1.69967296E9 -1.879542144E9 1.120457856E9 -1.764444032E9 -1.514444032E9 3.95621376E8 8.95621376E8 1.395621376E9 1.395621376E9 1.395621376E9 1.395621376E9 1.645621376E9 1.895621376E9
1 1.25E9 1.25E9 -8.9934592E7 -8.9934592E7 -1.79869184E8 -3.59738368E8 -1.904705664E9 -1.19967296E9 1.415425152E9 1.415425152E9 -1.764444032E9 -1.514444032E9 -1.104378624E9 -8.54378624E8 -8.54378624E8 -8.54378624E8 -3.54378624E8 -3.54378624E8 6.45621376E8 8.95621376E8
2 -2.044967296E9 -1.794967296E9 1.455032704E9 -1.634901888E9 -1.679869184E9 -1.09738368E8 9.5294336E7 -9.94640256E8 1.415425152E9 1.20457856E8 -1.264444032E9 -5.14444032E8 -3.54378624E8 -3.54378624E8 1.85065408E9 -1.194313216E9 -1.739280512E9 1.6258176E9 1.6258176E9 1.285883008E9
3 1.0E9 1.0E9 1.455032704E9 1.705032704E9 -2.089934592E9 -1.109738368E9 2.140261632E9 8.45294336E8 1.415425152E9 3.70457856E8 1.780523264E9 -2.014444032E9 -3.54378624E8 -1.04378624E8 1.45621376E8 3.95621376E8 6.45621376E8 6.45621376E8 6.45621376E8 6.45621376E8
4 1.25E9 1.25E9 1.160065408E9 1.410065408E9 1.570130816E9 -6.09738368E8 6.40261632E8 3.0032704E8 1.415425152E9 -3.79542144E8 -1.514444032E9 2.35555968E8 8.95621376E8 1.145621376E9 1.645621376E9 1.895621376E9 1.895621376E9 1.3758176E9 1.8758176E9 -1.919149696E9
5 1.25E9 1.75E9 1.455032704E9 -1.884901888E9 2.516352E7 -1.859738368E9 1.890261632E9 3.0032704E8 1.415425152E9 1.415425152E9 1.415425152E9 -1.4444032E7 -1.604378624E9 -1.104378624E9 1.895621376E9 1.895621376E9 2.010719488E9 1.6258176E9 1.6258176E9 1.8758176E9
6 2.0E9 -1.794967296E9 -1.339934592E9 -1.089934592E9 1.410065408E9 1.40261632E8 9.5294336E7 -2.44640256E8 -2.129542144E9 1.620457856E9 -1.514444032E9 -1.014444032E9 -1.04378624E8 -1.04378624E8 -1.944313216E9 -1.444313216E9 8.05686784E8 -1.919149696E9 -1.919149696E9 -1.919149696E9
7 2.5E8 7.5E8 -7.94967296E8 -7.94967296E8 -1.839934592E9 1.15098112E8 6.15098112E8 5359744.0 5359744.0 7.55359744E8 -3.9607552E7 -3.9607552E7 9.60392448E8 1.210392448E9 1.210392448E9 1.460392448E9 1.710392448E9 1.780523264E9 -2.014444032E9 -2.014444032E9
8 0.0 2.5E8 5.0E8 5.0E8 5.0E8 7.5E8 1.0E9 1.5E9 1.5E9 1.75E9 1.75E9 2.0E9 -2.044967296E9 -2.044967296E9 -2.044967296E9 -1.794967296E9 -1.044967296E9 -7.94967296E8 -7.94967296E8 -5.44967296E8
9 1.0E9 1.25E9 1.205032704E9 1.455032704E9 1.15098112E8 1.935228928E9 2.140261632E9 -1.154705664E9 -1.94967296E9 -1.94967296E9 -2.014444032E9 4.85555968E8 -3.54378624E8 -3.54378624E8 -3.54378624E8 -3.54378624E8 -3.54378624E8 -1.04378624E8 -1.04378624E8 1.45621376E8
10 1.25E9 1.75E9 1.205032704E9 1.205032704E9 -4.29869184E8 3.90261632E8 8.90261632E8 -1.19967296E9 9.15425152E8 -1.379542144E9 -1.514444032E9 -1.514444032E9 1.45621376E8 3.95621376E8 8.95621376E8 8.95621376E8 2.60719488E8 2.1258176E9 -1.919149696E9 -1.669149696E9
11 1.75E9 -2.044967296E9 -2.044967296E9 -2.044967296E9 -2.044967296E9 -2.044967296E9 -1.794967296E9 1.02516352E9 1.77516352E9 -1.769803776E9 -1.764444032E9 -1.264444032E9 1.395621376E9 1.395621376E9 1.35065408E9 1.60065408E9 1.85065408E9 -1.919149696E9 -1.919149696E9 -1.919149696E9
12 1.25E9 1.5E9 -1.544967296E9 -1.544967296E9 -1.179869184E9 -6.09738368E8 1.890261632E9 -1.494640256E9 9.15425152E8 9.15425152E8 9.15425152E8 1.415425152E9 8.70457856E8 1.120457856E9 -4.69476736E8 2.80523264E8 6.0065408E8 8.758176E8 -1.69149696E8 -1.214116992E9
13 2.5E8 2.5E8 5.0E8 7.5E8 7.5E8 7.5E8 7.5E8 1.0E9 1.0E9 1.0E9 1.0E9 1.0E9 1.0E9 1.0E9 1.0E9 1.25E9 1.5E9 1.75E9 -1.294967296E9 -7.94967296E8
14 1.0E9 1.25E9 9.55032704E8 1.205032704E9 1.660065408E9 1.40261632E8 -1.154705664E9 1.80032704E9 -1.879542144E9 6.20457856E8 -1.264444032E9 2.35555968E8 3.95621376E8 6.45621376E8 8.95621376E8 1.395621376E9 5.5686784E7 3.758176E8 3.758176E8 6.258176E8
15 5.0E8 5.0E8 5.0E8 5.0E8 5.0E8 1.0E9 1.5E9 1.75E9 -2.044967296E9 -2.044967296E9 -2.044967296E9 -1.794967296E9 -1.544967296E9 -1.544967296E9 -1.544967296E9 -1.544967296E9 -1.544967296E9 -1.544967296E9 -1.544967296E9 -1.544967296E9
16 1.75E9 1.75E9 1.75E9 1.75E9 1.75E9 7.05032704E8 1.205032704E9 1.705032704E9 -1.629542144E9 1.120457856E9 -1.764444032E9 -1.514444032E9 1.645621376E9 1.895621376E9 2.10065408E9 -1.694313216E9 -1.194313216E9 -1.669149696E9 -1.69149696E8 2.035883008E9
17 1.0E9 2.0E9 1.455032704E9 1.705032704E9 -9.29869184E8 1.40261632E8 1.640261632E9 1.80032704E9 -1.879542144E9 -1.879542144E9 1.280523264E9 1.280523264E9 2.145621376E9 -1.64934592E9 -1.444313216E9 -9.44313216E8 -9.44313216E8 -1.669149696E9 5.80850304E8 -2.009084288E9
18 1.25E9 -2.044967296E9 4.55032704E8 7.05032704E8 -5.89934592E8 6.85228928E8 2.140261632E9 1.845294336E9 1.65425152E8 9.15425152E8 -1.014444032E9 -1.014444032E9 1.645621376E9 1.645621376E9 -1.694313216E9 -1.444313216E9 -1.534247808E9 -1.419149696E9 -9.19149696E8 -1.759084288E9
19 1.25E9 1.25E9 1.705032704E9 -1.384901888E9 1.070130816E9 -1.359738368E9 1.890261632E9 -1.19967296E9 1.665425152E9 -2.129542144E9 -1.514444032E9 7.35555968E8 8.95621376E8 8.95621376E8 1.0065408E8 1.0065408E8 -1.489280512E9 1.8758176E9 8.0850304E7 1.285883008E9
20 1.25E9 1.5E9 -5.89934592E8 -3.39934592E8 3.20130816E8 6.40261632E8 1.095294336E9 5.05359744E8 -1.629542144E9 1.120457856E9 -1.014444032E9 -1.014444032E9 1.645621376E9 1.645621376E9 8.05686784E8 -1.739280512E9 7.60719488E8 -1.669149696E9 -1.419149696E9 2.035883008E9
21 1.25E9 1.75E9 -7.94967296E8 -2.089934592E9 -1.79869184E8 -3.59738368E8 9.5294336E7 -4.94640256E8 1.915425152E9 -1.129542144E9 -2.014444032E9 -2.014444032E9 -1.354378624E9 -1.354378624E9 1.35065408E9 -9.44313216E8 -1.239280512E9 8.758176E8 1.6258176E9 2.85883008E8
22 1.25E9 1.25E9 1.5E9 1.5E9 -2.044967296E9 2.7516352E8 -1.269803776E9 -1.019803776E9 -2.129542144E9 8.70457856E8 -1.764444032E9 7.35555968E8 1.395621376E9 1.395621376E9 -1.944313216E9 -1.944313216E9 -1.944313216E9 1.8758176E9 -9.19149696E8 1.035883008E9
23 1.5E9 -2.044967296E9 -1.294967296E9 -7.94967296E8 -2.94967296E8 9.10065408E8 4.35228928E8 -1.69967296E9 -1.69967296E9 -1.69967296E9 -1.69967296E9 -1.44967296E9 -1.44967296E9 -1.44967296E9 -1.19967296E9 -1.19967296E9 -9.4967296E8 -1.994640256E9 5359744.0 5.05359744E8
24 1.25E9 1.25E9 -1.339934592E9 9.10065408E8 3.20130816E8 -1.609738368E9 -1.54705664E8 -4.94640256E8 1.415425152E9 6.20457856E8 1.82549056E9 1.82549056E9 -6.04378624E8 -3.54378624E8 1.60065408E9 1.60065408E9 1.760719488E9 8.758176E8 1.3758176E9 7.85883008E8
25 1.75E9 -2.044967296E9 -1.544967296E9 -1.294967296E9 -8.9934592E7 9.10065408E8 4.35228928E8 -6.9967296E8 -1.494640256E9 -1.494640256E9 -1.244640256E9 -1.244640256E9 -1.244640256E9 -9.94640256E8 -9.94640256E8 -9.94640256E8 -9.94640256E8 -7.44640256E8 7.55359744E8 7.55359744E8
26 0.0 5.0E8 5.0E8 -1.884901888E9 7.0130816E7 -1.47483648E9 -1.314771072E9 -4.94640256E8 1.915425152E9 -8.79542144E8 -2.014444032E9 -2.014444032E9 -8.54378624E8 -8.54378624E8 1.85065408E9 -1.944313216E9 2.60719488E8 1.6258176E9 1.6258176E9 1.035883008E9
27 2.0E9 2.0E9 -4.4967296E7 4.10065408E8 -9.29869184E8 -1.609738368E9 -1.54705664E8 -2.44640256E8 2.55359744E8 1.120457856E9 -1.764444032E9 -1.264444032E9 -3.54378624E8 3.95621376E8 1.85065408E9 -6.94313216E8 -9.89280512E8 1.6258176E9 -1.919149696E9 1.035883008E9
28 1.5E9 1.75E9 1.205032704E9 1.705032704E9 1.705032704E9 1.730196224E9 3.90261632E8 -9.4967296E8 -9.94640256E8 -4.94640256E8 -1.514444032E9 -1.264444032E9 1.45621376E8 6.45621376E8 2.10065408E9 -1.444313216E9 -1.444313216E9 1.3758176E9 1.8758176E9 -1.919149696E9
29 1.5E9 2.0E9 -2.089934592E9 -2.089934592E9 -8.9934592E7 -1.9803776E7 1.640261632E9 1.640261632E9 -3.34574848E8 -3.34574848E8 1.030523264E9 1.030523264E9 1.45621376E8 1.45621376E8 8.5065408E8 8.5065408E8 1.0719488E7 -3.741824E8 1.580850304E9 1.785883008E9
30 1.0E9 1.5E9 1.5E9 1.75E9 -2.044967296E9 -1.544967296E9 -1.044967296E9 -1.044967296E9 -1.339934592E9 -1.089934592E9 1.615098112E9 2.115098112E9 2.115098112E9 2.115098112E9 -1.929869184E9 -1.679869184E9 -1.679869184E9 7.7516352E8 7.7516352E8 7.7516352E8
31 -1.794967296E9 -1.794967296E9 4.55032704E8 -1.384901888E9 3.20130816E8 -3.59738368E8 -1.154705664E9 -4.94640256E8 1.415425152E9 -1.29542144E8 2.030523264E9 -2.014444032E9 -1.604378624E9 -1.354378624E9 8.5065408E8 2.10065408E9 -1.239280512E9 6.258176E8 6.258176E8 3.5883008E7
32 1.5E9 1.5E9 -8.9934592E7 4.10065408E8 1.570130816E9 -6.09738368E8 -6.09738368E8 1.595294336E9 -1.879542144E9 6.20457856E8 -1.264444032E9 1.235555968E9 2.145621376E9 -1.14934592E9 -1.944313216E9 -1.694313216E9 -1.239280512E9 -1.669149696E9 -1.419149696E9 -2.009084288E9
33 1.75E9 2.0E9 1.410065408E9 -1.384901888E9 5.2516352E8 8.90261632E8 8.45294336E8 5359744.0 -1.879542144E9 1.620457856E9 -1.264444032E9 -1.014444032E9 1.45621376E8 1.45621376E8 -4.44313216E8 3.05686784E8 1.010719488E9 -1.419149696E9 -1.419149696E9 2.035883008E9
34 1.75E9 1.75E9 1.205032704E9 1.705032704E9 1.705032704E9 1.705032704E9 1.705032704E9 1.705032704E9 1.705032704E9 1.705032704E9 1.705032704E9 1.955032704E9 1.955032704E9 1.955032704E9 1.955032704E9 -2.089934592E9 -2.089934592E9 -1.589934592E9 -1.339934592E9 -1.339934592E9
35 1.5E9 1.5E9 -1.339934592E9 -1.634901888E9 5.70130816E8 -1.09738368E8 3.45294336E8 -4.94640256E8 -2.129542144E9 1.370457856E9 -1.764444032E9 -1.514444032E9 -1.04378624E8 3.95621376E8 -1.944313216E9 -6.94313216E8 1.010719488E9 -1.919149696E9 -1.669149696E9 1.535883008E9
36 2.5E8 2.5E8 1.25E9 1.25E9 1.5E9 1.75E9 -2.044967296E9 -1.794967296E9 -1.794967296E9 -1.544967296E9 -1.544967296E9 -1.044967296E9 -1.044967296E9 -7.94967296E8 -5.44967296E8 -5.44967296E8 -2.94967296E8 -2.94967296E8 -2.94967296E8 -2.94967296E8
37 5.0E8 1.5E9 1.5E9 -2.94967296E8 -4.4967296E7 7.05032704E8 7.05032704E8 1.205032704E9 1.705032704E9 -5.89934592E8 -8.9934592E7 4.10065408E8 6.60065408E8 9.10065408E8 1.160065408E9 1.660065408E9 -2.134901888E9 -2.134901888E9 -2.134901888E9 -2.134901888E9
38 0.0 7.5E8 7.5E8 1.0E9 2.0E9 -2.044967296E9 -2.044967296E9 -1.794967296E9 -1.544967296E9 -1.294967296E9 -1.044967296E9 -7.94967296E8 -5.44967296E8 -4.4967296E7 4.55032704E8 7.05032704E8 7.05032704E8 7.05032704E8 9.55032704E8 9.55032704E8
39 7.5E8 7.5E8 7.5E8 7.5E8 1.5E9 2.0E9 -2.044967296E9 -2.044967296E9 -2.044967296E9 -1.794967296E9 -1.544967296E9 -1.544967296E9 -1.294967296E9 -1.044967296E9 -1.044967296E9 -1.044967296E9 -1.044967296E9 -7.94967296E8 -7.94967296E8 -2.94967296E8
40 5.0E8 7.5E8 1.5E9 1.75E9 2.0E9 2.0E9 2.0E9 2.0E9 2.0E9 2.0E9 2.0E9 -2.044967296E9 -1.794967296E9 -1.794967296E9 -1.544967296E9 -1.544967296E9 -1.294967296E9 -7.94967296E8 -5.44967296E8 -2.94967296E8
41 5.0E8 7.5E8 1.0E9 1.5E9 1.5E9 1.75E9 -2.044967296E9 -1.544967296E9 -1.544967296E9 -1.294967296E9 -1.294967296E9 -1.294967296E9 -7.94967296E8 -7.94967296E8 -5.44967296E8 -4.4967296E7 -4.4967296E7 2.05032704E8 2.05032704E8 2.05032704E8
42 0.0 2.5E8 2.5E8 1.0E9 1.0E9 1.0E9 1.0E9 1.25E9 1.5E9 1.5E9 2.0E9 -2.044967296E9 -2.044967296E9 -1.794967296E9 -1.544967296E9 -1.544967296E9 -1.294967296E9 -7.94967296E8 -5.44967296E8 -2.94967296E8
43 2.5E8 2.5E8 5.0E8 5.0E8 5.0E8 5.0E8 7.5E8 1.25E9 1.75E9 1.75E9 2.0E9 2.0E9 2.0E9 -2.044967296E9 -1.794967296E9 -1.544967296E9 -7.94967296E8 -5.44967296E8 -5.44967296E8 -4.4967296E7
44 0.0 0.0 0.0 0.0 0.0 2.5E8 5.0E8 5.0E8 7.5E8 7.5E8 1.0E9 1.25E9 -2.044967296E9 -1.794967296E9 -1.294967296E9 -1.044967296E9 -7.94967296E8 -7.94967296E8 -7.94967296E8 -5.44967296E8
45 2.5E8 2.5E8 5.0E8 7.5E8 7.5E8 1.5E9 1.5E9 1.5E9 1.5E9 1.5E9 1.5E9 1.5E9 1.75E9 2.0E9 2.0E9 -2.044967296E9 -2.044967296E9 -1.794967296E9 -1.544967296E9 -1.044967296E9
46 5.0E8 5.0E8 1.0E9 1.0E9 1.0E9 1.25E9 1.25E9 1.25E9 1.5E9 1.75E9 1.75E9 1.75E9 1.75E9 -2.044967296E9 -1.544967296E9 -1.544967296E9 -1.294967296E9 -1.044967296E9 -1.044967296E9 -1.044967296E9
47 0.0 0.0 5.0E8 5.0E8 5.0E8 5.0E8 1.0E9 1.25E9 1.25E9 -1.839934592E9 -1.839934592E9 -1.589934592E9 -1.589934592E9 -1.339934592E9 -1.339934592E9 -1.089934592E9 -8.39934592E8 -8.39934592E8 -5.89934592E8 -5.89934592E8
48 0.0 0.0 2.5E8 5.0E8 5.0E8 7.5E8 1.0E9 1.0E9 1.0E9 1.25E9 1.25E9 1.25E9 1.25E9 1.5E9 1.5E9 1.5E9 1.75E9 2.0E9 2.0E9 -2.044967296E9
49 0.0 2.5E8 5.0E8 5.0E8 5.0E8 5.0E8 7.5E8 7.5E8 7.5E8 1.0E9 1.0E9 1.25E9 2.0E9 -1.794967296E9 -1.544967296E9 -1.044967296E9 -7.94967296E8 -5.44967296E8 -5.44967296E8 -2.94967296E8
50 0.0 7.5E8 1.0E9 1.75E9 1.75E9 2.0E9 -1.544967296E9 -1.544967296E9 -1.294967296E9 -1.044967296E9 -7.94967296E8 -5.44967296E8 -2.94967296E8 -2.94967296E8 -4.4967296E7 -4.4967296E7 -4.4967296E7 2.05032704E8 4.55032704E8 7.05032704E8
51 1.5E9 1.5E9 1.5E9 1.5E9 1.75E9 7.05032704E8 7.05032704E8 7.05032704E8 7.05032704E8 -1.339934592E9 -1.089934592E9 -8.39934592E8 -1.884901888E9 -1.884901888E9 -1.634901888E9 -1.634901888E9 -1.384901888E9 1.865098112E9 2.115098112E9 2.115098112E9
