0 3348
1 1980
2 4464
3 3278
4 2959
5 2677
6 763
7 1050
8 1528
9 2866
10 545
11 435
12 4369
13 4081
14 2319
15 4024
16 3453
17 976
18 676
19 1394
20 1350
21 2371
22 2487
23 3022
24 3229
25 3092
26 2434
27 2931
28 1995
29 2816
30 3280
31 4086
32 2385
33 2636
34 2411
35 2739
36 2824
37 3204
38 2584
39 3483
40 2591
41 2131
42 4115
43 3608
44 2966
45 2626
46 3218
47 3967
48 3119
49 3942
50 4117
51 3638
52 4260
53 3048
54 1893
55 3720
56 3355
57 3780
58 2783
59 5381
60 3589
61 2390
62 1495
63 3542
64 2375
65 5049
66 3278
67 1991
68 1388
69 3978
70 3168
71 4675
72 3604
73 4767
74 4497
75 4968
76 5465
77 5272
78 5061
79 3919
80 4185
81 5282
82 1441
83 5450
84 2749
85 4154
86 4105
87 5653
88 5243
89 5117
90 4187
91 2013
92 5284
93 1847
94 4156
95 2371
96 657
97 3953
