0 3349
1 1984
2 4468
3 3280
4 2958
5 2676
6 762
7 1053
8 1526
9 2867
10 545
11 435
12 4370
13 4080
14 2319
15 4022
16 3452
17 976
18 676
19 1394
20 1350
21 2371
22 2488
23 3021
24 3229
25 3092
26 2433
27 2936
28 1995
29 2815
30 3280
31 4084
32 2385
33 2637
34 2410
35 2741
36 2827
37 3205
38 2584
39 3485
40 2591
41 2130
42 4114
43 3607
44 2966
45 2627
46 3217
47 3967
48 3120
49 3942
50 4118
51 3639
52 4257
53 3048
54 1892
55 3722
56 3354
57 3783
58 2783
59 5384
60 3590
61 2390
62 1495
63 3542
64 2375
65 5047
66 3277
67 1993
68 1390
69 3978
70 3168
71 4675
72 3604
73 4769
74 4495
75 4969
76 5461
77 5266
78 5060
79 3919
80 4184
81 5287
82 1441
83 5442
84 2749
85 4153
86 4110
87 5652
88 5245
89 5118
90 4186
91 2012
92 5284
93 1847
94 4156
95 2373
96 657
97 3952
