records: 20
      Record Time
Host  UsedBuffer

  16870.0 33740.0 50610.0 67480.0 84350.0 101220.0 118090.0 134960.0 151830.0 168700.0 185570.0 202440.0 219310.0 236180.0 253050.0 269920.0 286790.0 303660.0 320530.0 337400.0
0 1.0E8 1.0E8 1.0E8 3.0E8 3.0E8 3.0E8 3.0E8 3.0E8 4.0E8 4.0E8 4.0E8 4.0E8 4.0E8 4.0E8 4.0E8 4.0E8 4.0E8 4.0E8 4.0E8 4.0E8
1 7.0E8 1.4E9 1.4E9 5.05032704E8 -2.089934592E9 -1.289934592E9 3.10065408E8 1.010065408E9 -5.84901888E8 9.15098112E8 1.915098112E9 -1.679869184E9 -1.479869184E9 1.020130816E9 1.920130816E9 -1.97483648E9 -1.77483648E9 -1.37483648E9 1.42516352E9 1.42516352E9
2 9.0E8 1.6E9 -9.94967296E8 5.05032704E8 2.105032704E9 -1.389934592E9 3.10065408E8 1.210065408E9 -7.84901888E8 6.15098112E8 1.715098112E9 -1.979869184E9 -1.779869184E9 7.20130816E8 1.620130816E9 1.920130816E9 -1.87483648E9 -7.7483648E8 1.92516352E9 -1.969803776E9
3 8.0E8 1.1E9 -1.094967296E9 6.05032704E8 -2.089934592E9 -1.289934592E9 3.10065408E8 1.310065408E9 -5.84901888E8 9.15098112E8 1.915098112E9 -1.779869184E9 -8.79869184E8 1.020130816E9 1.820130816E9 2.020130816E9 -1.97483648E9 -8.7483648E8 2.12516352E9 -1.769803776E9
4 8.0E8 1.1E9 -1.194967296E9 5.05032704E8 2.105032704E9 -1.289934592E9 3.10065408E8 1.210065408E9 -5.84901888E8 9.15098112E8 2.015098112E9 -1.679869184E9 -1.179869184E9 1.020130816E9 1.920130816E9 -2.07483648E9 -1.87483648E9 -4.7483648E8 -2.069803776E9 -1.669803776E9
5 0.0 0.0 0.0 6.05032704E8 -1.989934592E9 -1.189934592E9 4.10065408E8 1.110065408E9 -5.84901888E8 9.15098112E8 2.015098112E9 -1.679869184E9 -1.479869184E9 1.020130816E9 1.920130816E9 -1.97483648E9 -1.77483648E9 -1.37483648E9 1.92516352E9 -1.969803776E9
6 0.0 0.0 0.0 0.0 0.0 0.0 0.0 0.0 1.0E8 2.0E8 2.0E8 2.0E8 2.0E8 2.0E8 2.0E8 2.0E8 2.0E8 2.0E8 2.0E8 2.0E8
7 0.0 0.0 1.0E8 1.0E8 1.0E8 1.0E8 1.0E8 1.0E8 1.0E8 1.0E8 1.0E8 1.0E8 1.0E8 1.0E8 1.0E8 1.0E8 2.0E8 2.0E8 2.0E8 3.0E8
8 0.0 0.0 1.7E9 4.05032704E8 -2.089934592E9 -1.389934592E9 2.10065408E8 8.10065408E8 -8.84901888E8 7.15098112E8 1.715098112E9 -1.879869184E9 -1.679869184E9 4.20130816E8 1.620130816E9 2.020130816E9 -2.07483648E9 -1.87483648E9 1.32516352E9 2.02516352E9
9 0.0 1.0E8 1.0E8 1.0E8 1.0E8 1.0E8 2.0E8 2.0E8 2.0E8 2.0E8 2.0E8 2.0E8 2.0E8 3.0E8 3.0E8 4.0E8 4.0E8 4.0E8 4.0E8 5.0E8
10 0.0 0.0 -1.094967296E9 6.05032704E8 1.305032704E9 1.305032704E9 -1.589934592E9 -9.89934592E8 -4.84901888E8 1.015098112E9 1.115098112E9 -1.779869184E9 -1.379869184E9 1.020130816E9 1.920130816E9 2.020130816E9 -1.67483648E9 -1.17483648E9 2.12516352E9 -1.869803776E9
11 0.0 0.0 0.0 4.05032704E8 1.905032704E9 -1.489934592E9 -8.9934592E7 9.10065408E8 -1.284901888E9 6.15098112E8 7.15098112E8 7.15098112E8 -1.579869184E9 7.20130816E8 1.620130816E9 1.720130816E9 1.720130816E9 -1.17483648E9 7.2516352E8 7.2516352E8
12 0.0 0.0 0.0 0.0 0.0 0.0 0.0 0.0 0.0 0.0 0.0 0.0 0.0 0.0 0.0 0.0 1.0E8 1.0E8 1.0E8 2.0E8
13 9.0E8 1.6E9 -9.94967296E8 6.05032704E8 2.005032704E9 -1.489934592E9 2.10065408E8 1.110065408E9 -7.84901888E8 7.15098112E8 1.815098112E9 -1.879869184E9 -1.679869184E9 7.20130816E8 7.20130816E8 7.20130816E8 7.20130816E8 8.20130816E8 8.20130816E8 8.20130816E8
14 1.0E8 1.0E8 -1.094967296E9 5.05032704E8 2.005032704E9 -1.489934592E9 -8.9934592E7 1.110065408E9 -7.84901888E8 7.15098112E8 1.715098112E9 -2.079869184E9 -1.679869184E9 7.20130816E8 9.20130816E8 9.20130816E8 9.20130816E8 1.020130816E9 1.020130816E9 1.020130816E9
15 9.0E8 1.6E9 -9.94967296E8 6.05032704E8 -2.089934592E9 -1.189934592E9 5.10065408E8 1.410065408E9 -4.84901888E8 1.015098112E9 2.115098112E9 -1.579869184E9 -1.379869184E9 1.120130816E9 2.020130816E9 -1.97483648E9 -1.57483648E9 -1.27483648E9 -1.969803776E9 -1.369803776E9
16 9.0E8 1.6E9 -9.94967296E8 6.05032704E8 -1.989934592E9 -1.289934592E9 4.10065408E8 1.310065408E9 -5.84901888E8 9.15098112E8 2.015098112E9 -1.679869184E9 -1.479869184E9 9.20130816E8 1.820130816E9 -2.07483648E9 -1.87483648E9 -1.47483648E9 1.92516352E9 -2.069803776E9
17 1.0E8 7.0E8 1.4E9 -1.594967296E9 -1.494967296E9 -8.94967296E8 6.05032704E8 1.405032704E9 -1.889934592E9 -4.89934592E8 2.10065408E8 3.10065408E8 9.10065408E8 9.10065408E8 1.510065408E9 -1.484901888E9 1.315098112E9 1.315098112E9 1.415098112E9 1.415098112E9
18 0.0 1.2E9 1.2E9 1.6E9 3.05032704E8 3.05032704E8 1.505032704E9 1.505032704E9 -1.889934592E9 -1.289934592E9 -5.89934592E8 -5.89934592E8 -5.89934592E8 -5.89934592E8 8.10065408E8 1.110065408E9 1.015098112E9 -1.979869184E9 -1.279869184E9 -1.279869184E9
19 0.0 1.2E9 1.4E9 -1.594967296E9 -8.94967296E8 -2.94967296E8 6.05032704E8 1.405032704E9 -1.889934592E9 -4.89934592E8 2.10065408E8 3.10065408E8 9.10065408E8 9.10065408E8 2.110065408E9 -1.484901888E9 -8.4901888E7 1.315098112E9 1.315098112E9 1.315098112E9
20 8.0E8 8.0E8 8.0E8 8.0E8 2.0E9 2.0E9 2.0E9 2.0E9 -3.94967296E8 1.505032704E9 1.505032704E9 1.815098112E9 -2.079869184E9 -5.79869184E8 1.820130816E9 1.920130816E9 1.920130816E9 1.920130816E9 1.62516352E9 -2.069803776E9
21 9.0E8 1.2E9 -1.094967296E9 -6.94967296E8 5032704.0 -1.389934592E9 -7.89934592E8 -5.89934592E8 -5.84901888E8 5.15098112E8 1.015098112E9 -1.979869184E9 -1.979869184E9 1.020130816E9 1.920130816E9 2.120130816E9 2.120130816E9 -2.07483648E9 1.62516352E9 -1.869803776E9
22 9.0E8 1.3E9 -9.94967296E8 6.05032704E8 1.305032704E9 -1.589934592E9 -1.589934592E9 3.10065408E8 -5.84901888E8 6.15098112E8 6.15098112E8 6.15098112E8 6.15098112E8 6.15098112E8 7.15098112E8 7.15098112E8 8.15098112E8 8.15098112E8 8.15098112E8 8.15098112E8
23 0.0 2.0E8 3.0E8 3.0E8 3.0E8 3.0E8 3.0E8 3.0E8 3.0E8 3.0E8 3.0E8 4.0E8 4.0E8 4.0E8 4.0E8 4.0E8 4.0E8 4.0E8 4.0E8 4.0E8
24 0.0 0.0 1.0E8 2.0E8 2.0E8 2.0E8 2.0E8 2.0E8 2.0E8 2.0E8 2.0E8 2.0E8 2.0E8 2.0E8 2.0E8 2.0E8 2.0E8 3.0E8 3.0E8 3.0E8
25 9.0E8 1.4E9 1.4E9 1.4E9 2.105032704E9 -1.389934592E9 -7.89934592E8 1.010065408E9 -6.84901888E8 8.15098112E8 1.415098112E9 1.715098112E9 1.715098112E9 7.20130816E8 1.620130816E9 1.820130816E9 1.820130816E9 1.820130816E9 4.2516352E8 -1.969803776E9
26 9.0E8 1.3E9 -9.94967296E8 6.05032704E8 -1.989934592E9 -1.289934592E9 -7.89934592E8 4.10065408E8 -5.84901888E8 9.15098112E8 9.15098112E8 9.15098112E8 -1.579869184E9 1.020130816E9 1.620130816E9 1.620130816E9 1.620130816E9 1.620130816E9 1.620130816E9 1.620130816E9
27 9.0E8 1.3E9 2.1E9 -4.94967296E8 -1.989934592E9 -1.389934592E9 -8.9934592E7 9.10065408E8 -1.184901888E9 5.15098112E8 1.815098112E9 -1.979869184E9 -1.879869184E9 7.20130816E8 1.320130816E9 1.320130816E9 1.320130816E9 1.320130816E9 1.320130816E9 1.320130816E9
28 0.0 0.0 0.0 0.0 0.0 0.0 0.0 0.0 1.0E8 1.0E8 1.0E8 1.0E8 1.0E8 1.0E8 2.0E8 2.0E8 2.0E8 2.0E8 3.0E8 3.0E8
29 8.0E8 1.3E9 -9.94967296E8 6.05032704E8 -2.089934592E9 -1.589934592E9 -1.589934592E9 -1.589934592E9 -1.589934592E9 -1.589934592E9 -1.584901888E9 -1.584901888E9 -8.84901888E8 8.20130816E8 1.620130816E9 1.820130816E9 1.920130816E9 2.120130816E9 1.92516352E9 -1.969803776E9
30 6.0E8 1.2E9 -2.094967296E9 4.05032704E8 1.305032704E9 1.905032704E9 2.10065408E8 5.10065408E8 -6.84901888E8 8.15098112E8 1.815098112E9 -1.779869184E9 -1.779869184E9 9.20130816E8 1.820130816E9 2.020130816E9 2.120130816E9 2.120130816E9 2.120130816E9 -1.769803776E9
31 9.0E8 1.6E9 -1.094967296E9 5.05032704E8 1.605032704E9 1.605032704E9 2.005032704E9 9.10065408E8 -8.84901888E8 5.15098112E8 1.215098112E9 2.115098112E9 -2.079869184E9 5.20130816E8 1.320130816E9 1.320130816E9 1.320130816E9 1.420130816E9 1.62516352E9 1.92516352E9
32 6.0E8 1.4E9 -1.094967296E9 5032704.0 5032704.0 -1.389934592E9 -3.89934592E8 -2.89934592E8 -5.84901888E8 9.15098112E8 1.715098112E9 1.715098112E9 -1.379869184E9 8.20130816E8 1.720130816E9 1.920130816E9 1.920130816E9 -1.37483648E9 2.02516352E9 -1.669803776E9
33 2.0E8 1.4E9 -9.94967296E8 6.05032704E8 1.105032704E9 1.205032704E9 1.205032704E9 6.10065408E8 -5.84901888E8 9.15098112E8 1.615098112E9 1.615098112E9 1.715098112E9 1.715098112E9 1.815098112E9 1.815098112E9 1.915098112E9 1.915098112E9 1.915098112E9 1.915098112E9
34 9.0E8 1.2E9 -1.094967296E9 6.05032704E8 1.905032704E9 1.905032704E9 3.10065408E8 4.10065408E8 -6.84901888E8 7.15098112E8 1.515098112E9 1.815098112E9 -1.779869184E9 7.20130816E8 1.320130816E9 1.320130816E9 1.320130816E9 1.320130816E9 1.92516352E9 -1.769803776E9
35 0.0 0.0 1.0E8 1.0E8 2.0E8 2.0E8 2.0E8 2.0E8 3.0E8 3.0E8 4.0E8 4.0E8 5.0E8 5.0E8 5.0E8 5.0E8 5.0E8 5.0E8 5.0E8 5.0E8
36 6.0E8 1.2E9 -9.94967296E8 6.05032704E8 1.105032704E9 1.205032704E9 1.205032704E9 5.10065408E8 -5.84901888E8 9.15098112E8 1.615098112E9 1.615098112E9 1.715098112E9 1.715098112E9 1.815098112E9 1.815098112E9 1.915098112E9 1.915098112E9 2.015098112E9 2.015098112E9
37 6.0E8 1.6E9 -9.94967296E8 6.05032704E8 -1.989934592E9 -1.389934592E9 -4.89934592E8 1.410065408E9 -4.84901888E8 1.015098112E9 1.715098112E9 2.015098112E9 -1.279869184E9 9.20130816E8 1.820130816E9 -2.07483648E9 -1.67483648E9 -1.27483648E9 2.12516352E9 -1.569803776E9
38 3.0E8 4.0E8 4.0E8 5.0E8 -2.089934592E9 -1.589934592E9 -1.589934592E9 1.010065408E9 -8.84901888E8 -8.4901888E7 1.115098112E9 1.815098112E9 -1.479869184E9 2.0130816E7 1.320130816E9 1.620130816E9 1.720130816E9 1.720130816E9 -1.17483648E9 -1.17483648E9
39 8.0E8 1.3E9 -1.094967296E9 6.05032704E8 -2.089934592E9 -1.489934592E9 -1.089934592E9 8.10065408E8 -5.84901888E8 9.15098112E8 1.915098112E9 1.915098112E9 1.915098112E9 2.015098112E9 1.320130816E9 1.420130816E9 -1.67483648E9 -1.37483648E9 2.12516352E9 -1.669803776E9
40 0.0 0.0 0.0 0.0 0.0 0.0 0.0 0.0 0.0 0.0 0.0 0.0 0.0 0.0 0.0 1.0E8 1.0E8 1.0E8 1.0E8 1.0E8
41 0.0 1.0E8 1.0E8 1.0E8 1.0E8 1.0E8 1.0E8 1.0E8 1.0E8 1.0E8 1.0E8 1.0E8 1.0E8 1.0E8 3.0E8 3.0E8 3.0E8 4.0E8 4.0E8 4.0E8
42 9.0E8 1.4E9 -9.94967296E8 1.05032704E8 1.705032704E9 -1.289934592E9 -1.89934592E8 1.310065408E9 -6.84901888E8 8.15098112E8 1.715098112E9 1.715098112E9 1.715098112E9 9.20130816E8 1.820130816E9 1.920130816E9 2.120130816E9 -9.7483648E8 2.12516352E9 -1.569803776E9
43 8.0E8 1.2E9 -1.094967296E9 -5.94967296E8 1.205032704E9 1.805032704E9 3.10065408E8 1.310065408E9 -5.84901888E8 9.15098112E8 1.715098112E9 -1.979869184E9 -1.279869184E9 1.020130816E9 1.920130816E9 -1.97483648E9 -1.77483648E9 -1.77483648E9 2.02516352E9 2.12516352E9
44 1.0E9 1.3E9 1.4E9 -3.94967296E8 1.305032704E9 -1.289934592E9 2.10065408E8 1.210065408E9 -6.84901888E8 8.15098112E8 1.815098112E9 -2.079869184E9 -1.779869184E9 7.20130816E8 1.620130816E9 1.920130816E9 1.920130816E9 2.020130816E9 1.92516352E9 -2.069803776E9
45 0.0 1.0E8 1.0E8 1.0E8 1.0E8 1.0E8 1.0E8 1.0E8 1.0E8 2.0E8 3.0E8 3.0E8 4.0E8 5.0E8 5.0E8 5.0E8 5.0E8 5.0E8 5.0E8 5.0E8
46 0.0 0.0 1.0E8 1.0E8 1.0E8 1.0E8 1.0E8 1.0E8 1.0E8 1.0E8 2.0E8 2.0E8 2.0E8 2.0E8 2.0E8 2.0E8 2.0E8 2.0E8 2.0E8 2.0E8
47 9.0E8 1.2E9 -1.094967296E9 4.05032704E8 2.005032704E9 -1.489934592E9 1.10065408E8 1.110065408E9 -5.84901888E8 9.15098112E8 1.715098112E9 -1.779869184E9 -1.579869184E9 1.020130816E9 1.920130816E9 2.020130816E9 2.020130816E9 2.020130816E9 2.12516352E9 -1.569803776E9
48 7.0E8 7.0E8 -1.094967296E9 6.05032704E8 2.005032704E9 -1.389934592E9 -3.89934592E8 1.410065408E9 -4.84901888E8 8.15098112E8 2.015098112E9 2.115098112E9 -1.379869184E9 1.120130816E9 2.020130816E9 -1.87483648E9 -1.47483648E9 -1.07483648E9 -1.969803776E9 -1.469803776E9
49 9.0E8 1.6E9 -9.94967296E8 5.05032704E8 -2.089934592E9 -1.489934592E9 -8.89934592E8 7.10065408E8 -5.84901888E8 9.15098112E8 1.715098112E9 -1.779869184E9 -1.779869184E9 1.020130816E9 1.920130816E9 2.120130816E9 2.120130816E9 2.120130816E9 2.12516352E9 -1.769803776E9
50 9.0E8 1.4E9 -9.94967296E8 1.05032704E8 2.05032704E8 -1.389934592E9 -8.89934592E8 -2.89934592E8 -5.84901888E8 9.15098112E8 1.715098112E9 -1.879869184E9 -9.79869184E8 1.020130816E9 1.920130816E9 2.020130816E9 -1.87483648E9 -1.87483648E9 -2.069803776E9 -1.469803776E9
51 0.0 0.0 0.0 0.0 1.0E8 1.0E8 2.0E8 2.0E8 2.0E8 2.0E8 2.0E8 2.0E8 3.0E8 3.0E8 3.0E8 4.0E8 4.0E8 4.0E8 4.0E8 4.0E8
52 8.0E8 1.3E9 -1.094967296E9 5.05032704E8 -2.089934592E9 -1.589934592E9 -5.89934592E8 -1.89934592E8 -5.84901888E8 9.15098112E8 1.615098112E9 -1.679869184E9 -1.579869184E9 1.020130816E9 1.920130816E9 -1.97483648E9 -1.97483648E9 -1.87483648E9 2.12516352E9 -1.869803776E9
53 7.0E8 1.2E9 1.9E9 1.9E9 2.1E9 -1.589934592E9 4.10065408E8 1.010065408E9 -4.84901888E8 1.015098112E9 1.815098112E9 2.015098112E9 2.015098112E9 1.120130816E9 2.020130816E9 2.020130816E9 2.020130816E9 2.020130816E9 -1.969803776E9 -1.869803776E9
54 4.0E8 7.0E8 -9.94967296E8 6.05032704E8 -1.989934592E9 -1.589934592E9 -4.89934592E8 1.410065408E9 -5.84901888E8 -8.4901888E7 -8.4901888E7 2.015098112E9 -1.279869184E9 9.20130816E8 1.120130816E9 1.220130816E9 -1.77483648E9 -1.37483648E9 2.02516352E9 2.12516352E9
55 9.0E8 1.4E9 1.4E9 7.05032704E8 2.105032704E9 -1.489934592E9 -8.9934592E7 1.010065408E9 -6.84901888E8 8.15098112E8 1.815098112E9 2.015098112E9 -9.79869184E8 7.20130816E8 1.620130816E9 2.020130816E9 -1.87483648E9 -1.87483648E9 1.82516352E9 -1.969803776E9
56 1.0E9 1.7E9 -9.94967296E8 6.05032704E8 -2.089934592E9 -1.489934592E9 -7.89934592E8 -7.89934592E8 -1.584901888E9 -1.584901888E9 1.515098112E9 1.915098112E9 1.915098112E9 5.20130816E8 1.720130816E9 2.120130816E9 2.120130816E9 2.120130816E9 8.2516352E8 8.2516352E8
57 6.0E8 1.5E9 -9.94967296E8 1.05032704E8 1.05032704E8 -1.289934592E9 1.0065408E7 7.10065408E8 -5.84901888E8 9.15098112E8 1.915098112E9 -1.679869184E9 -9.79869184E8 1.020130816E9 1.920130816E9 -2.07483648E9 -1.67483648E9 -3.7483648E8 2.12516352E9 -2.069803776E9
58 9.0E8 1.2E9 -9.94967296E8 5.05032704E8 1.805032704E9 -1.789934592E9 -1.789934592E9 -1.789934592E9 -1.789934592E9 8.15098112E8 1.915098112E9 1.915098112E9 -1.379869184E9 2.20130816E8 1.820130816E9 2.020130816E9 2.120130816E9 -1.27483648E9 6.2516352E8 6.2516352E8
59 0.0 0.0 1.0E8 1.0E8 2.0E8 2.0E8 2.0E8 2.0E8 2.0E8 2.0E8 2.0E8 2.0E8 3.0E8 3.0E8 3.0E8 3.0E8 4.0E8 4.0E8 4.0E8 4.0E8
60 9.0E8 1.0E9 -9.94967296E8 6.05032704E8 -1.989934592E9 -1.589934592E9 3.10065408E8 1.310065408E9 -5.84901888E8 8.15098112E8 9.15098112E8 -1.779869184E9 -9.79869184E8 9.20130816E8 1.720130816E9 1.920130816E9 -1.67483648E9 -1.27483648E9 1.52516352E9 1.52516352E9
61 6.0E8 6.0E8 -1.094967296E9 6.05032704E8 2.105032704E9 -1.489934592E9 2.10065408E8 1.210065408E9 -5.84901888E8 9.15098112E8 1.215098112E9 1.215098112E9 1.215098112E9 1.020130816E9 1.020130816E9 1.020130816E9 1.020130816E9 1.020130816E9 1.020130816E9 1.020130816E9
62 9.0E8 1.2E9 -1.094967296E9 7.05032704E8 1.805032704E9 1.805032704E9 -7.89934592E8 1.310065408E9 -5.84901888E8 9.15098112E8 1.715098112E9 2.015098112E9 -1.279869184E9 1.020130816E9 1.920130816E9 2.120130816E9 2.120130816E9 2.120130816E9 2.02516352E9 -1.969803776E9
63 1.0E9 1.3E9 1.4E9 -3.94967296E8 9.05032704E8 -1.189934592E9 4.10065408E8 1.410065408E9 -5.84901888E8 9.15098112E8 1.915098112E9 -1.879869184E9 -1.479869184E9 1.020130816E9 1.920130816E9 -2.07483648E9 -2.07483648E9 -1.97483648E9 -2.069803776E9 -1.569803776E9
64 6.0E8 6.0E8 6.0E8 1.4E9 1.505032704E9 1.505032704E9 1.505032704E9 1.010065408E9 -4.84901888E8 1.015098112E9 1.115098112E9 -1.879869184E9 -1.879869184E9 1.120130816E9 2.020130816E9 -1.97483648E9 -1.87483648E9 -4.7483648E8 2.02516352E9 -1.869803776E9
65 1.0E9 1.5E9 -9.94967296E8 6.05032704E8 -1.989934592E9 -1.489934592E9 1.10065408E8 1.310065408E9 -4.84901888E8 9.15098112E8 1.915098112E9 -1.679869184E9 -1.679869184E9 1.020130816E9 1.920130816E9 1.920130816E9 1.920130816E9 1.920130816E9 2.020130816E9 2.020130816E9
66 9.0E8 1.2E9 1.2E9 5032704.0 -1.989934592E9 -1.389934592E9 1.0065408E7 5.10065408E8 -5.84901888E8 9.15098112E8 1.915098112E9 2.115098112E9 -1.979869184E9 8.20130816E8 1.720130816E9 1.820130816E9 1.920130816E9 1.920130816E9 2.02516352E9 -1.869803776E9
67 6.0E8 7.0E8 7.0E8 -9.4967296E7 2.005032704E9 2.005032704E9 2.005032704E9 1.410065408E9 1.510065408E9 1.015098112E9 1.615098112E9 -1.979869184E9 -8.79869184E8 1.020130816E9 1.720130816E9 1.720130816E9 1.820130816E9 1.820130816E9 1.920130816E9 1.920130816E9
68 6.0E8 7.0E8 7.0E8 -1.94967296E8 1.905032704E9 1.905032704E9 1.905032704E9 1.905032704E9 1.905032704E9 -1.884901888E9 1.515098112E9 -2.079869184E9 -9.79869184E8 1.020130816E9 1.720130816E9 1.820130816E9 1.820130816E9 1.820130816E9 1.820130816E9 1.920130816E9
69 1.0E9 1.5E9 -1.194967296E9 4.05032704E8 2.105032704E9 -1.389934592E9 -1.089934592E9 -1.089934592E9 -6.84901888E8 1.15098112E8 1.715098112E9 1.915098112E9 -1.679869184E9 5.20130816E8 1.320130816E9 1.420130816E9 1.420130816E9 1.420130816E9 1.52516352E9 1.62516352E9
70 1.0E9 1.2E9 1.2E9 6.05032704E8 6.05032704E8 1.805032704E9 -2.89934592E8 7.10065408E8 -5.84901888E8 9.15098112E8 1.915098112E9 -1.679869184E9 -1.679869184E9 1.020130816E9 1.820130816E9 1.820130816E9 1.820130816E9 -1.57483648E9 -1.47483648E9 -1.47483648E9
71 9.0E8 1.6E9 2.1E9 6.05032704E8 -1.989934592E9 -1.489934592E9 -1.89934592E8 1.310065408E9 -5.84901888E8 9.15098112E8 1.915098112E9 -1.879869184E9 -1.779869184E9 7.20130816E8 1.420130816E9 1.520130816E9 1.520130816E9 2.120130816E9 1.32516352E9 1.32516352E9
72 9.0E8 1.4E9 -1.094967296E9 6.05032704E8 -2.089934592E9 -1.489934592E9 -2.89934592E8 1.310065408E9 -7.84901888E8 7.15098112E8 1.715098112E9 -2.079869184E9 -1.079869184E9 8.20130816E8 9.20130816E8 9.20130816E8 -2.07483648E9 -1.37483648E9 8.2516352E8 8.2516352E8
73 1.0E9 1.6E9 -9.94967296E8 6.05032704E8 -1.989934592E9 -1.189934592E9 4.10065408E8 1.310065408E9 -5.84901888E8 9.15098112E8 1.915098112E9 -1.779869184E9 -1.479869184E9 1.020130816E9 1.920130816E9 -2.07483648E9 -2.07483648E9 -1.97483648E9 1.32516352E9 -1.769803776E9
74 9.0E8 1.7E9 -9.94967296E8 6.05032704E8 -2.089934592E9 -1.589934592E9 -3.89934592E8 3.10065408E8 -6.84901888E8 8.15098112E8 1.115098112E9 1.315098112E9 1.315098112E9 1.315098112E9 1.820130816E9 1.920130816E9 -2.07483648E9 -1.97483648E9 -1.97483648E9 -1.97483648E9
75 8.0E8 1.3E9 -9.94967296E8 6.05032704E8 -1.989934592E9 -1.489934592E9 1.10065408E8 1.310065408E9 -5.84901888E8 9.15098112E8 1.915098112E9 -1.679869184E9 -1.679869184E9 1.020130816E9 1.120130816E9 1.120130816E9 1.120130816E9 1.120130816E9 -2.069803776E9 -2.069803776E9
76 1.0E9 1.7E9 -9.94967296E8 6.05032704E8 -1.989934592E9 -1.389934592E9 4.10065408E8 1.210065408E9 -4.84901888E8 1.015098112E9 1.815098112E9 -1.879869184E9 -1.479869184E9 1.120130816E9 2.020130816E9 -2.07483648E9 -2.07483648E9 -2.07483648E9 2.12516352E9 -1.769803776E9
77 1.0E8 1.0E8 1.0E8 1.0E8 1.0E8 1.0E8 1.0E8 1.0E8 2.0E8 2.0E8 2.0E8 2.0E8 2.0E8 2.0E8 2.0E8 2.0E8 2.0E8 2.0E8 2.0E8 2.0E8
78 0.0 0.0 0.0 0.0 0.0 0.0 0.0 0.0 0.0 0.0 0.0 0.0 0.0 0.0 0.0 0.0 0.0 0.0 0.0 0.0
79 1.0E9 1.3E9 1.3E9 2.05032704E8 1.005032704E9 -1.589934592E9 1.10065408E8 1.210065408E9 -5.84901888E8 9.15098112E8 9.15098112E8 -1.679869184E9 -1.579869184E9 1.020130816E9 1.920130816E9 2.120130816E9 -1.67483648E9 -8.7483648E8 -2.069803776E9 -1.669803776E9
80 0.0 0.0 0.0 0.0 0.0 0.0 0.0 0.0 0.0 0.0 0.0 0.0 1.0E8 1.0E8 1.0E8 1.0E8 1.0E8 1.0E8 1.0E8 1.0E8
81 8.0E8 1.6E9 -9.94967296E8 5.05032704E8 -2.089934592E9 -1.589934592E9 2.10065408E8 9.10065408E8 -7.84901888E8 7.15098112E8 1.515098112E9 2.115098112E9 -1.579869184E9 8.20130816E8 1.720130816E9 2.020130816E9 2.020130816E9 2.020130816E9 2.02516352E9 -1.869803776E9
82 9.0E8 1.3E9 -9.94967296E8 7.05032704E8 1.305032704E9 1.305032704E9 1.305032704E9 1.010065408E9 1.010065408E9 8.15098112E8 9.15098112E8 9.15098112E8 9.15098112E8 1.915098112E9 1.120130816E9 1.120130816E9 1.120130816E9 1.120130816E9 1.32516352E9 2.02516352E9
83 9.0E8 1.7E9 -9.94967296E8 6.05032704E8 -1.989934592E9 -1.389934592E9 4.10065408E8 1.410065408E9 -4.84901888E8 1.015098112E9 1.915098112E9 -1.579869184E9 -1.479869184E9 -1.479869184E9 2.020130816E9 2.020130816E9 2.020130816E9 2.020130816E9 -2.07483648E9 -2.07483648E9
84 9.0E8 1.7E9 -1.094967296E9 6.05032704E8 1.305032704E9 1.305032704E9 4.10065408E8 1.210065408E9 -5.84901888E8 9.15098112E8 1.115098112E9 -1.879869184E9 -1.879869184E9 -1.879869184E9 1.820130816E9 1.920130816E9 1.920130816E9 2.020130816E9 2.02516352E9 -1.569803776E9
85 9.0E8 1.4E9 -9.94967296E8 7.05032704E8 -1.989934592E9 -1.489934592E9 4.10065408E8 1.310065408E9 -4.84901888E8 1.015098112E9 1.915098112E9 1.915098112E9 1.915098112E9 1.915098112E9 2.015098112E9 -2.079869184E9 -2.079869184E9 -2.079869184E9 -2.069803776E9 -1.669803776E9
86 9.0E8 1.6E9 2.1E9 6.05032704E8 2.105032704E9 -1.689934592E9 -2.89934592E8 1.210065408E9 -6.84901888E8 8.15098112E8 1.415098112E9 1.415098112E9 1.415098112E9 1.515098112E9 1.615098112E9 1.615098112E9 1.615098112E9 1.615098112E9 1.615098112E9 1.615098112E9
87 9.0E8 1.6E9 -9.94967296E8 7.05032704E8 -2.089934592E9 -1.289934592E9 2.10065408E8 1.210065408E9 -5.84901888E8 9.15098112E8 1.715098112E9 -1.879869184E9 -1.279869184E9 5.20130816E8 5.20130816E8 5.20130816E8 5.20130816E8 5.20130816E8 5.20130816E8 5.20130816E8
88 9.0E8 1.6E9 -1.094967296E9 5.05032704E8 -2.089934592E9 -1.589934592E9 3.10065408E8 1.210065408E9 -5.84901888E8 9.15098112E8 1.915098112E9 -1.879869184E9 -1.279869184E9 9.20130816E8 1.820130816E9 2.120130816E9 -1.67483648E9 -1.67483648E9 2.12516352E9 -1.569803776E9
89 1.0E9 1.6E9 -1.594967296E9 6.05032704E8 -1.989934592E9 -1.389934592E9 4.10065408E8 1.310065408E9 -4.84901888E8 8.15098112E8 1.815098112E9 -1.779869184E9 -1.579869184E9 9.20130816E8 1.820130816E9 2.120130816E9 -1.77483648E9 -1.27483648E9 2.12516352E9 -2.069803776E9
90 1.0E9 1.6E9 1.6E9 6.05032704E8 -1.989934592E9 -1.389934592E9 4.10065408E8 1.310065408E9 -6.84901888E8 8.15098112E8 1.815098112E9 -2.079869184E9 -2.079869184E9 9.20130816E8 1.720130816E9 2.120130816E9 2.120130816E9 -1.47483648E9 2.12516352E9 2.12516352E9
91 1.0E8 1.0E8 1.0E8 1.0E8 1.0E8 2.0E8 2.0E8 2.0E8 2.0E8 3.0E8 3.0E8 4.0E8 4.0E8 4.0E8 4.0E8 4.0E8 4.0E8 4.0E8 4.0E8 4.0E8
92 9.0E8 1.3E9 2.1E9 6.05032704E8 -1.989934592E9 -1.389934592E9 -8.9934592E7 1.010065408E9 -6.84901888E8 4.15098112E8 1.715098112E9 -2.079869184E9 -1.979869184E9 7.20130816E8 1.620130816E9 1.820130816E9 1.820130816E9 1.820130816E9 1.82516352E9 2.12516352E9
93 6.0E8 6.0E8 -1.094967296E9 5.05032704E8 6.05032704E8 7.05032704E8 -1.89934592E8 3.10065408E8 -6.84901888E8 -4.84901888E8 -4.84901888E8 -4.84901888E8 -3.84901888E8 -3.84901888E8 -3.84901888E8 -3.84901888E8 -3.84901888E8 -3.84901888E8 -3.84901888E8 -3.84901888E8
94 9.0E8 1.7E9 1.9E9 6.05032704E8 -1.989934592E9 -1.489934592E9 -3.89934592E8 8.10065408E8 -4.84901888E8 8.15098112E8 8.15098112E8 8.15098112E8 8.15098112E8 8.15098112E8 8.15098112E8 8.15098112E8 9.15098112E8 9.15098112E8 9.15098112E8 9.15098112E8
95 9.0E8 1.3E9 1.3E9 6.05032704E8 -1.989934592E9 -1.489934592E9 4.10065408E8 1.310065408E9 -1.184901888E9 -1.184901888E9 -1.184901888E9 -1.084901888E9 -1.084901888E9 -1.084901888E9 -1.084901888E9 -1.084901888E9 -1.084901888E9 -1.084901888E9 -1.084901888E9 -1.084901888E9
96 1.0E9 1.4E9 -1.094967296E9 6.05032704E8 2.005032704E9 -1.289934592E9 -9.89934592E8 1.110065408E9 -2.084901888E9 1.15098112E8 9.15098112E8 1.915098112E9 1.915098112E9 9.20130816E8 1.720130816E9 1.920130816E9 1.920130816E9 1.920130816E9 1.72516352E9 -1.869803776E9
97 9.0E8 1.6E9 -9.94967296E8 6.05032704E8 -1.989934592E9 -1.489934592E9 -1.489934592E9 -1.489934592E9 -1.489934592E9 -1.489934592E9 -1.489934592E9 -1.489934592E9 -1.389934592E9 -1.189934592E9 -1.189934592E9 -1.089934592E9 -1.089934592E9 -1.089934592E9 -1.089934592E9 -1.089934592E9
