0 3349
1 1982
2 4464
3 3281
4 2959
5 2675
6 762
7 1050
8 1526
9 2865
10 545
11 435
12 4370
13 4081
14 2319
15 4024
16 3449
17 976
18 676
19 1394
20 1350
21 2370
22 2487
23 3022
24 3229
25 3093
26 2433
27 2930
28 1996
29 2813
30 3281
31 4085
32 2386
33 2636
34 2411
35 2738
36 2827
37 3204
38 2585
39 3486
40 2589
41 2130
42 4114
43 3604
44 2966
45 2628
46 3217
47 3968
48 3118
49 3944
50 4116
51 3638
52 4258
53 3048
54 1891
55 3722
56 3355
57 3779
58 2783
59 5383
60 3592
61 2391
62 1495
63 3542
64 2375
65 5048
66 3276
67 1991
68 1388
69 3982
70 3167
71 4674
72 3604
73 4763
74 4496
75 4970
76 5465
77 5266
78 5060
79 3919
80 4184
81 5287
82 1441
83 5445
84 2749
85 4152
86 4108
87 5652
88 5245
89 5119
90 4187
91 2014
92 5285
93 1844
94 4158
95 2371
96 657
97 3953
