0 3351
1 1984
2 4465
3 3282
4 2960
5 2678
6 763
7 1050
8 1526
9 2869
10 545
11 435
12 4372
13 4082
14 2318
15 4024
16 3451
17 975
18 676
19 1394
20 1351
21 2372
22 2487
23 3023
24 3230
25 3092
26 2434
27 2931
28 1996
29 2818
30 3279
31 4083
32 2387
33 2637
34 2410
35 2739
36 2826
37 3204
38 2584
39 3489
40 2591
41 2131
42 4115
43 3602
44 2966
45 2626
46 3218
47 3970
48 3120
49 3945
50 4121
51 3641
52 4259
53 3051
54 1892
55 3721
56 3354
57 3782
58 2783
59 5383
60 3589
61 2391
62 1495
63 3544
64 2375
65 5045
66 3277
67 1991
68 1388
69 3983
70 3167
71 4673
72 3602
73 4773
74 4496
75 4969
76 5464
77 5266
78 5062
79 3921
80 4174
81 5281
82 1440
83 5440
84 2749
85 4155
86 4106
87 5653
88 5250
89 5118
90 4186
91 2012
92 5284
93 1843
94 4155
95 2371
96 657
97 3952
