records: 20
      Record Time
Host  UsedBuffer

  49376.0 98752.0 148128.0 197504.0 246880.0 296256.0 345632.0 395008.0 444384.0 493760.0 543136.0 592512.0 641888.0 691264.0 740640.0 790016.0 839392.0 888768.0 938144.0 987520.0
0 0.0 4000000.0 4000000.0 5000000.0 7000000.0 7000000.0 9000000.0 1.0E7 1.1E7 1.1E7 1.1E7 1.1E7 1.2E7 1.4E7 1.6E7 1.6E7 1.6E7 1.6E7 1.7E7 1.8E7
1 5000000.0 1.6E7 4.8E7 4.8E7 9.7E7 1.44E8 1.81E8 1.96E8 2.49E8 2.5E8 3.02E8 3.12E8 3.53E8 3.54E8 3.54E8 3.54E8 3.56E8 3.56E8 3.6E8 3.61E8
2 1000000.0 2000000.0 3000000.0 4000000.0 5000000.0 6000000.0 7000000.0 8000000.0 1.0E7 1.0E7 1.1E7 1.4E7 1.5E7 1.5E7 1.6E7 1.6E7 1.9E7 1.9E7 1.9E7 2.2E7
3 2000000.0 2000000.0 3.6E7 3.7E7 3.9E7 1.43E8 1.8E8 1.8E8 2.47E8 2.59E8 2.99E8 3.12E8 3.6E8 3.61E8 3.62E8 3.63E8 3.64E8 3.64E8 3.64E8 3.64E8
4 0.0 0.0 1000000.0 2000000.0 3000000.0 7000000.0 7000000.0 8000000.0 8000000.0 8000000.0 1.0E7 1.1E7 1.4E7 1.5E7 1.7E7 1.8E7 1.8E7 1.8E7 2.0E7 2.2E7
5 6000000.0 1.6E7 4.8E7 5.2E7 9.8E7 1.42E8 1.78E8 2.11E8 2.46E8 2.51E8 2.51E8 3.16E8 3.49E8 3.51E8 4.01E8 4.01E8 4.38E8 4.83E8 4.83E8 4.84E8
6 1000000.0 3000000.0 4000000.0 5000000.0 5000000.0 6000000.0 7000000.0 8000000.0 8000000.0 1.0E7 1.3E7 1.5E7 1.6E7 1.6E7 1.6E7 1.8E7 1.8E7 1.9E7 1.9E7 1.9E7
7 3000000.0 5000000.0 5.4E7 5.4E7 9.9E7 1.4E8 1.42E8 2.09E8 2.09E8 2.12E8 3.06E8 3.06E8 3.2E8 3.21E8 3.21E8 3.22E8 3.23E8 4.92E8 4.94E8 5.07E8
8 0.0 1000000.0 2000000.0 2000000.0 2000000.0 3000000.0 4000000.0 6000000.0 6000000.0 7000000.0 7000000.0 8000000.0 9000000.0 9000000.0 9000000.0 1.0E7 1.3E7 1.4E7 1.4E7 1.5E7
9 0.0 1000000.0 1000000.0 2000000.0 2000000.0 3000000.0 3000000.0 3000000.0 4000000.0 4000000.0 5000000.0 5000000.0 7000000.0 7000000.0 7000000.0 7000000.0 7000000.0 8000000.0 8000000.0 9000000.0
10 3000000.0 5000000.0 2.0E7 2.0E7 7.9E7 1.5E8 1.52E8 1.89E8 2.5E8 2.56E8 3.03E8 3.08E8 3.66E8 3.67E8 4.0E8 4.0E8 4.27E8 4.83E8 4.84E8 4.85E8
11 0.0 2000000.0 2000000.0 2000000.0 2000000.0 2000000.0 3000000.0 6000000.0 9000000.0 1.2E7 1.3E7 1.5E7 1.5E7 1.5E7 1.6E7 1.7E7 1.8E7 1.8E7 1.8E7 1.8E7
12 6000000.0 7000000.0 2.2E7 2.2E7 9.3E7 1.46E8 1.77E8 2.04E8 2.44E8 2.44E8 2.44E8 2.46E8 3.63E8 3.64E8 3.91E8 3.94E8 4.37E8 4.8E8 4.99E8 5.29E8
13 2000000.0 2000000.0 4.0E7 4.1E7 4.1E7 1.5E8 1.82E8 1.83E8 2.47E8 2.47E8 2.98E8 2.98E8 3.66E8 3.66E8 4.0E8 4.01E8 4.36E8 4.8E8 4.98E8 5.29E8
14 1000000.0 2000000.0 3.8E7 3.9E7 9.6E7 1.51E8 1.83E8 2.16E8 2.51E8 2.61E8 3.05E8 3.16E8 3.66E8 3.67E8 3.68E8 3.7E8 4.36E8 4.79E8 4.79E8 4.8E8
15 4000000.0 4000000.0 4.7E7 6.7E7 7.7E7 1.48E8 1.79E8 2.08E8 2.47E8 2.58E8 3.01E8 3.02E8 3.53E8 3.53E8 3.85E8 3.85E8 3.85E8 4.73E8 4.73E8 4.73E8
16 1000000.0 1000000.0 1000000.0 1000000.0 1000000.0 1000000.0 3000000.0 5000000.0 6000000.0 6000000.0 7000000.0 8000000.0 1.0E7 1.1E7 1.4E7 1.6E7 1.8E7 2.0E7 2.3E7 2.4E7
17 2000000.0 1.7E7 4.1E7 4.2E7 9.5E7 1.51E8 1.65E8 2.14E8 2.49E8 2.5E8 3.02E8 3.02E8 3.72E8 3.74E8 4.06E8 4.08E8 4.24E8 4.88E8 5.05E8 5.37E8
18 1000000.0 1.7E7 4.7E7 4.8E7 9.6E7 1.42E8 1.85E8 2.18E8 2.49E8 2.56E8 3.06E8 3.17E8 3.72E8 3.72E8 4.06E8 4.07E8 4.44E8 4.89E8 4.93E8 5.39E8
19 1000000.0 1000000.0 3000000.0 4000000.0 5000000.0 5000000.0 5000000.0 6000000.0 6000000.0 8000000.0 9000000.0 1.1E7 1.3E7 1.3E7 1.3E7 1.3E7 1.3E7 1.3E7 1.3E7 1.4E7
20 4000000.0 5000000.0 5.0E7 6.9E7 7.8E7 1.51E8 1.83E8 2.12E8 2.52E8 2.62E8 3.05E8 3.05E8 3.69E8 3.69E8 4.02E8 4.1E8 4.44E8 4.84E8 4.97E8 5.35E8
21 3000000.0 5000000.0 4.6E7 6.6E7 7.6E7 1.47E8 1.79E8 2.08E8 2.49E8 2.53E8 3.01E8 3.01E8 3.47E8 3.47E8 3.97E8 4.05E8 4.25E8 4.8E8 4.87E8 5.3E8
22 2000000.0 2000000.0 3000000.0 3000000.0 6000000.0 1.52E8 1.62E8 1.63E8 2.49E8 2.6E8 3.02E8 3.15E8 3.67E8 3.67E8 3.99E8 3.99E8 3.99E8 4.83E8 5.0E8 5.31E8
23 1000000.0 4000000.0 7000000.0 1.0E7 1.2E7 5.6E7 1.54E8 1.82E8 1.82E8 1.82E8 1.82E8 1.83E8 1.9E8 1.9E8 2.02E8 2.02E8 2.03E8 2.11E8 2.12E8 2.14E8
24 0.0 0.0 0.0 0.0 1000000.0 1000000.0 4000000.0 4000000.0 5000000.0 7000000.0 8000000.0 8000000.0 9000000.0 1.0E7 1.2E7 1.2E7 1.2E7 1.2E7 1.4E7 1.6E7
25 2000000.0 4000000.0 6000000.0 9000000.0 5.4E7 5.6E7 1.63E8 1.84E8 1.88E8 1.88E8 1.89E8 1.89E8 1.89E8 1.9E8 1.9E8 1.9E8 1.9E8 2.13E8 2.15E8 2.15E8
26 0.0 2000000.0 2000000.0 4000000.0 6000000.0 7000000.0 8000000.0 9000000.0 1.1E7 1.1E7 1.4E7 1.4E7 1.5E7 1.5E7 1.6E7 1.8E7 1.9E7 1.9E7 1.9E7 2.0E7
27 7000000.0 7000000.0 4.9E7 6.8E7 7.7E7 1.37E8 1.8E8 2.09E8 2.11E8 2.6E8 3.02E8 3.04E8 3.6E8 3.63E8 4.0E8 4.08E8 4.22E8 4.81E8 4.89E8 5.32E8
28 1000000.0 1000000.0 2000000.0 4000000.0 4000000.0 6000000.0 6000000.0 7000000.0 8000000.0 1.0E7 1.1E7 1.2E7 1.2E7 1.3E7 1.4E7 1.7E7 1.7E7 1.7E7 1.9E7 2.1E7
29 6000000.0 1.7E7 4.2E7 4.4E7 5.4E7 1.39E8 1.64E8 1.64E8 2.47E8 2.47E8 3.02E8 3.02E8 3.65E8 3.65E8 3.99E8 3.99E8 4.28E8 4.76E8 5.03E8 5.35E8
30 3000000.0 5000000.0 5000000.0 1.2E7 1.4E7 1.6E7 1.8E7 2.5E7 2.44E8 2.45E8 2.77E8 2.79E8 2.91E8 2.91E8 2.99E8 3.0E8 3.0E8 4.89E8 4.89E8 4.89E8
31 6000000.0 6000000.0 4.9E7 6.7E7 7.8E7 1.47E8 1.79E8 2.07E8 2.45E8 2.55E8 3.03E8 3.04E8 3.54E8 3.55E8 3.95E8 4.04E8 4.23E8 4.94E8 4.94E8 5.28E8
32 3000000.0 1.7E7 4.9E7 5.3E7 9.9E7 1.52E8 1.52E8 2.16E8 2.51E8 2.6E8 3.04E8 3.19E8 3.72E8 3.76E8 4.07E8 4.08E8 4.26E8 4.88E8 4.89E8 5.36E8
33 7000000.0 8000000.0 5.5E7 6.9E7 1.0E8 1.53E8 1.81E8 2.1E8 2.5E8 2.62E8 3.03E8 3.04E8 3.61E8 3.61E8 4.07E8 4.11E8 4.33E8 4.86E8 4.91E8 5.36E8
34 1000000.0 1000000.0 3000000.0 5000000.0 5000000.0 5000000.0 5000000.0 5000000.0 5000000.0 5000000.0 5000000.0 6000000.0 6000000.0 6000000.0 6000000.0 7000000.0 7000000.0 9000000.0 1.0E7 1.0E7
35 6000000.0 6000000.0 4.8E7 6.6E7 7.8E7 1.48E8 1.8E8 2.09E8 2.5E8 2.62E8 3.03E8 3.04E8 3.6E8 3.62E8 4.0E8 4.09E8 4.3E8 4.85E8 4.86E8 5.34E8
36 1000000.0 1000000.0 7000000.0 1.3E7 1.4E7 1.5E7 1.7E7 2.4E7 2.4E7 2.5E7 2.5E7 2.7E7 2.7E7 2.8E7 2.9E7 2.9E7 3.0E7 4.8E7 4.8E7 4.8E7
37 2000000.0 5000000.0 1.5E7 2.2E7 2.3E7 8.5E7 8.5E7 9.0E7 9.2E7 1.01E8 1.03E8 1.05E8 2.21E8 2.22E8 3.33E8 3.35E8 3.37E8 3.43E8 3.43E8 3.43E8
38 0.0 3000000.0 3000000.0 4000000.0 8000000.0 9000000.0 9000000.0 1.0E7 1.1E7 1.2E7 1.3E7 1.4E7 1.5E7 1.7E7 1.9E7 2.0E7 2.0E7 2.0E7 2.1E7 2.1E7
39 3000000.0 3000000.0 3000000.0 3000000.0 6000000.0 8000000.0 9000000.0 9000000.0 9000000.0 1.0E7 1.1E7 1.1E7 1.2E7 1.3E7 1.3E7 1.3E7 1.3E7 1.4E7 1.4E7 1.6E7
40 2000000.0 3000000.0 6000000.0 8000000.0 9000000.0 9000000.0 9000000.0 9000000.0 9000000.0 9000000.0 9000000.0 1.0E7 1.1E7 1.1E7 1.2E7 1.2E7 1.3E7 1.5E7 1.6E7 1.7E7
41 2000000.0 3000000.0 4000000.0 6000000.0 6000000.0 7000000.0 9000000.0 1.1E7 1.1E7 1.2E7 1.2E7 1.2E7 1.4E7 1.4E7 1.5E7 1.7E7 1.7E7 1.8E7 1.8E7 1.8E7
42 0.0 1000000.0 1000000.0 4000000.0 4000000.0 4000000.0 4000000.0 5000000.0 6000000.0 6000000.0 8000000.0 9000000.0 9000000.0 1.0E7 1.1E7 1.1E7 1.2E7 1.4E7 1.5E7 1.6E7
43 1000000.0 1000000.0 2000000.0 2000000.0 2000000.0 2000000.0 3000000.0 5000000.0 7000000.0 7000000.0 8000000.0 8000000.0 8000000.0 9000000.0 1.0E7 1.1E7 1.4E7 1.5E7 1.5E7 1.7E7
44 0.0 0.0 0.0 0.0 0.0 1000000.0 2000000.0 2000000.0 3000000.0 3000000.0 4000000.0 5000000.0 3.56E8 3.57E8 3.59E8 3.6E8 3.61E8 3.61E8 3.61E8 3.62E8
45 1000000.0 1000000.0 2000000.0 3000000.0 3000000.0 6000000.0 6000000.0 6000000.0 6000000.0 6000000.0 6000000.0 6000000.0 7000000.0 8000000.0 8000000.0 9000000.0 9000000.0 1.0E7 1.1E7 1.3E7
46 2000000.0 2000000.0 4000000.0 4000000.0 4000000.0 5000000.0 5000000.0 5000000.0 6000000.0 7000000.0 7000000.0 7000000.0 7000000.0 9000000.0 1.1E7 1.1E7 1.2E7 1.3E7 1.3E7 1.3E7
47 0.0 0.0 2000000.0 2000000.0 2000000.0 2000000.0 4000000.0 5000000.0 6000000.0 2.45E8 2.45E8 2.46E8 2.46E8 2.47E8 2.47E8 2.48E8 2.49E8 2.49E8 2.5E8 2.5E8
48 4000000.0 4000000.0 5000000.0 6000000.0 6000000.0 7000000.0 8000000.0 8000000.0 8000000.0 9000000.0 9000000.0 9000000.0 9000000.0 1.0E7 1.0E7 1.0E7 1.1E7 1.2E7 1.2E7 1.3E7
49 0.0 1000000.0 2000000.0 2000000.0 2000000.0 2000000.0 3000000.0 3000000.0 3000000.0 4000000.0 4000000.0 5000000.0 8000000.0 1.0E7 1.1E7 1.3E7 1.4E7 1.5E7 1.5E7 1.6E7
50 0.0 3000000.0 4000000.0 7000000.0 7000000.0 8000000.0 1.1E7 1.1E7 1.2E7 1.3E7 1.4E7 1.5E7 1.6E7 1.6E7 1.7E7 1.7E7 1.7E7 1.8E7 1.9E7 2.0E7
51 1000000.0 1000000.0 1000000.0 1000000.0 2000000.0 2000000.0 2000000.0 2000000.0 2000000.0 3000000.0 4000000.0 5000000.0 5000000.0 5000000.0 6000000.0 6000000.0 7000000.0 8000000.0 9000000.0 9000000.0
