0 3350
1 1982
2 4470
3 3279
4 2961
5 2678
6 763
7 1055
8 1525
9 2868
10 546
11 435
12 4369
13 4081
14 2319
15 4023
16 3453
17 976
18 676
19 1394
20 1350
21 2371
22 2489
23 3022
24 3229
25 3094
26 2434
27 2931
28 1995
29 2817
30 3282
31 4082
32 2387
33 2636
34 2410
35 2739
36 2826
37 3205
38 2585
39 3485
40 2591
41 2130
42 4114
43 3605
44 2967
45 2626
46 3217
47 3967
48 3120
49 3944
50 4117
51 3640
52 4260
53 3049
54 1893
55 3720
56 3357
57 3783
58 2784
59 5383
60 3589
61 2389
62 1494
63 3545
64 2377
65 5046
66 3276
67 1991
68 1388
69 3981
70 3169
71 4674
72 3602
73 4764
74 4495
75 4974
76 5463
77 5268
78 5063
79 3919
80 4183
81 5287
82 1441
83 5443
84 2749
85 4153
86 4108
87 5654
88 5246
89 5118
90 4186
91 2012
92 5284
93 1844
94 4160
95 2371
96 657
97 3950
