records: 20
      Record Time
Host  UsedBuffer

  49376.0 98752.0 148128.0 197504.0 246880.0 296256.0 345632.0 395008.0 444384.0 493760.0 543136.0 592512.0 641888.0 691264.0 740640.0 790016.0 839392.0 888768.0 938144.0 987520.0
0 0.0 4000000.0 4000000.0 5000000.0 7000000.0 7000000.0 9000000.0 1.0E7 1.1E7 1.1E7 1.1E7 1.1E7 1.2E7 1.4E7 1.6E7 1.6E7 1.6E7 1.6E7 1.7E7 1.8E7
1 0.0 0.0 1000000.0 1000000.0 1000000.0 1000000.0 2000000.0 3000000.0 4000000.0 4000000.0 4000000.0 5000000.0 6000000.0 7000000.0 7000000.0 7000000.0 9000000.0 9000000.0 1.3E7 1.4E7
2 1000000.0 2000000.0 3000000.0 4000000.0 5000000.0 6000000.0 7000000.0 8000000.0 1.0E7 1.0E7 1.1E7 1.4E7 1.5E7 1.5E7 1.6E7 1.6E7 1.9E7 1.9E7 1.9E7 2.2E7
3 0.0 0.0 1000000.0 2000000.0 2000000.0 2000000.0 2000000.0 2000000.0 2000000.0 3000000.0 3000000.0 5000000.0 6000000.0 7000000.0 8000000.0 9000000.0 1.0E7 1.0E7 1.0E7 1.0E7
4 0.0 0.0 1000000.0 2000000.0 3000000.0 7000000.0 7000000.0 8000000.0 8000000.0 8000000.0 1.0E7 1.1E7 1.4E7 1.5E7 1.7E7 1.8E7 1.8E7 1.8E7 2.0E7 2.2E7
5 1000000.0 3000000.0 4000000.0 5000000.0 6000000.0 7000000.0 7000000.0 7000000.0 8000000.0 8000000.0 8000000.0 8000000.0 1.0E7 1.2E7 1.3E7 1.3E7 1.4E7 1.7E7 1.7E7 1.8E7
6 9000000.0 1.1E7 3.6E7 5.7E7 6.1E7 1.31E8 1.57E8 1.95E8 2.51E8 2.66E8 3.05E8 3.07E8 3.49E8 3.49E8 3.76E8 3.78E8 3.83E8 4.77E8 4.77E8 4.77E8
7 3000000.0 5000000.0 4.2E7 4.2E7 6.8E7 1.28E8 1.3E8 1.94E8 1.94E8 1.97E8 3.06E8 3.06E8 3.21E8 3.22E8 3.22E8 3.23E8 3.24E8 4.84E8 4.86E8 4.99E8
8 0.0 1000000.0 2000000.0 2000000.0 2000000.0 3000000.0 4000000.0 6000000.0 6000000.0 7000000.0 7000000.0 8000000.0 9000000.0 9000000.0 9000000.0 1.0E7 1.3E7 1.4E7 1.4E7 1.5E7
9 1000000.0 2000000.0 1.4E7 1.5E7 2.1E7 1.11E8 1.3E8 1.44E8 1.47E8 1.47E8 3.03E8 3.03E8 3.47E8 3.47E8 3.47E8 3.47E8 3.47E8 3.48E8 3.48E8 3.49E8
10 0.0 1000000.0 1000000.0 1000000.0 1000000.0 2000000.0 3000000.0 3000000.0 5000000.0 5000000.0 5000000.0 5000000.0 6000000.0 7000000.0 8000000.0 8000000.0 8000000.0 9000000.0 1.0E7 1.1E7
11 0.0 2000000.0 2000000.0 2000000.0 2000000.0 2000000.0 3000000.0 6000000.0 9000000.0 1.2E7 1.3E7 1.5E7 1.5E7 1.5E7 1.6E7 1.7E7 1.8E7 1.8E7 1.8E7 1.8E7
12 6000000.0 7000000.0 1.3E7 1.3E7 6.6E7 1.26E8 1.39E8 1.88E8 2.45E8 2.45E8 2.45E8 2.47E8 2.49E8 2.5E8 2.64E8 2.67E8 2.74E8 4.69E8 4.88E8 5.04E8
13 1000000.0 1000000.0 2000000.0 3000000.0 3000000.0 3000000.0 3000000.0 4000000.0 4000000.0 4000000.0 4000000.0 4000000.0 4000000.0 4000000.0 4000000.0 5000000.0 6000000.0 7000000.0 1.2E7 1.4E7
14 1000000.0 2000000.0 5000000.0 6000000.0 2.0E7 1.32E8 1.46E8 1.92E8 2.53E8 2.64E8 3.03E8 3.03E8 3.46E8 3.47E8 3.48E8 3.5E8 3.55E8 4.63E8 4.63E8 4.64E8
15 6000000.0 6000000.0 3.0E7 5.5E7 6.5E7 1.34E8 1.54E8 1.94E8 2.48E8 2.61E8 3.03E8 3.04E8 3.47E8 3.47E8 3.64E8 3.64E8 3.64E8 4.64E8 4.64E8 4.64E8
16 1000000.0 1000000.0 1000000.0 1000000.0 1000000.0 1000000.0 3000000.0 5000000.0 6000000.0 6000000.0 7000000.0 8000000.0 1.0E7 1.1E7 1.4E7 1.6E7 1.8E7 2.0E7 2.3E7 2.4E7
17 1000000.0 3000000.0 4000000.0 5000000.0 7000000.0 8000000.0 8000000.0 1.0E7 1.1E7 1.1E7 1.1E7 1.1E7 1.2E7 1.4E7 1.6E7 1.8E7 1.8E7 1.9E7 2.1E7 2.4E7
18 0.0 1000000.0 1000000.0 2000000.0 3000000.0 5000000.0 5000000.0 5000000.0 5000000.0 8000000.0 8000000.0 8000000.0 8000000.0 8000000.0 9000000.0 1.0E7 1.1E7 1.3E7 1.3E7 1.3E7
19 1000000.0 1000000.0 3000000.0 4000000.0 5000000.0 5000000.0 5000000.0 6000000.0 6000000.0 8000000.0 9000000.0 1.1E7 1.3E7 1.3E7 1.3E7 1.3E7 1.3E7 1.3E7 1.3E7 1.4E7
20 0.0 1000000.0 2000000.0 3000000.0 3000000.0 3000000.0 4000000.0 4000000.0 4000000.0 4000000.0 5000000.0 5000000.0 5000000.0 5000000.0 5000000.0 5000000.0 6000000.0 8000000.0 8000000.0 8000000.0
21 1000000.0 3000000.0 3000000.0 3000000.0 3000000.0 3000000.0 5000000.0 7000000.0 8000000.0 8000000.0 1.0E7 1.0E7 1.1E7 1.1E7 1.1E7 1.2E7 1.3E7 1.4E7 1.5E7 1.5E7
22 2000000.0 2000000.0 3000000.0 3000000.0 6000000.0 1.38E8 1.38E8 1.39E8 2.49E8 2.63E8 3.04E8 3.04E8 3.53E8 3.53E8 3.76E8 3.76E8 3.76E8 4.79E8 4.85E8 5.25E8
23 0.0 1000000.0 4000000.0 6000000.0 8000000.0 8000000.0 8000000.0 8000000.0 8000000.0 8000000.0 8000000.0 9000000.0 9000000.0 9000000.0 1.0E7 1.0E7 1.1E7 1.2E7 1.3E7 1.5E7
24 5000000.0 5000000.0 2.6E7 5.6E7 6.7E7 1.29E8 1.52E8 1.89E8 2.46E8 2.6E8 2.9E8 2.9E8 3.45E8 3.46E8 3.64E8 3.64E8 4.15E8 4.7E8 4.72E8 5.24E8
25 2000000.0 4000000.0 6000000.0 9000000.0 1.6E7 1.8E7 3.0E7 1.64E8 1.68E8 1.68E8 1.69E8 1.69E8 1.69E8 1.7E8 1.7E8 1.7E8 1.7E8 1.75E8 1.77E8 1.77E8
26 0.0 2000000.0 2000000.0 5.5E7 6.6E7 1.3E8 1.55E8 1.93E8 2.51E8 2.58E8 3.03E8 3.03E8 3.46E8 3.46E8 3.77E8 3.79E8 4.18E8 4.74E8 4.74E8 5.26E8
27 9000000.0 9000000.0 3.2E7 5.6E7 6.5E7 1.24E8 1.56E8 1.94E8 1.96E8 2.63E8 3.04E8 3.06E8 3.48E8 3.51E8 3.68E8 3.83E8 4.1E8 4.74E8 4.77E8 5.25E8
28 6000000.0 7000000.0 1.1E7 2.2E7 2.2E7 1.25E8 1.26E8 1.92E8 1.94E8 2.57E8 3.05E8 3.06E8 3.47E8 3.49E8 3.67E8 3.7E8 3.7E8 4.92E8 4.94E8 4.96E8
29 0.0 2000000.0 5000000.0 5000000.0 6000000.0 7000000.0 7000000.0 7000000.0 8000000.0 8000000.0 9000000.0 9000000.0 1.0E7 1.0E7 1.2E7 1.2E7 1.3E7 1.4E7 1.5E7 1.5E7
30 3000000.0 5000000.0 5000000.0 1.2E7 1.4E7 1.6E7 1.8E7 2.3E7 2.45E8 2.46E8 2.78E8 2.8E8 2.8E8 2.8E8 2.87E8 2.88E8 2.88E8 4.79E8 4.79E8 4.79E8
31 8000000.0 8000000.0 3.2E7 5.5E7 6.6E7 1.29E8 1.55E8 1.93E8 2.48E8 2.59E8 3.05E8 3.06E8 3.43E8 3.44E8 3.63E8 3.79E8 4.12E8 4.86E8 4.86E8 5.23E8
32 3000000.0 6000000.0 3.7E7 4.1E7 4.5E7 1.33E8 1.33E8 1.42E8 2.52E8 2.63E8 3.06E8 3.07E8 3.52E8 3.56E8 3.7E8 3.71E8 4.15E8 4.83E8 4.84E8 5.3E8
33 8000000.0 9000000.0 4.3E7 5.7E7 7.0E7 1.4E8 1.58E8 1.97E8 2.52E8 2.66E8 3.06E8 3.07E8 3.5E8 3.5E8 3.82E8 3.86E8 4.23E8 4.79E8 4.83E8 5.31E8
34 1000000.0 1000000.0 3000000.0 5000000.0 5000000.0 5000000.0 5000000.0 5000000.0 5000000.0 5000000.0 5000000.0 6000000.0 6000000.0 6000000.0 6000000.0 7000000.0 7000000.0 9000000.0 1.0E7 1.0E7
35 3000000.0 3000000.0 3000000.0 4000000.0 5000000.0 5000000.0 6000000.0 8000000.0 9000000.0 1.1E7 1.1E7 1.2E7 1.2E7 1.4E7 1.5E7 1.5E7 1.6E7 1.6E7 1.7E7 1.8E7
36 1000000.0 1000000.0 7000000.0 9000000.0 1.0E7 1.1E7 1.3E7 1.23E8 1.23E8 1.24E8 1.24E8 1.26E8 1.26E8 1.27E8 1.28E8 1.28E8 1.29E8 1.47E8 1.47E8 1.47E8
37 2000000.0 5000000.0 1.0E7 2.2E7 2.3E7 2.7E7 2.7E7 1.55E8 1.57E8 1.67E8 1.69E8 1.71E8 2.86E8 2.87E8 2.96E8 2.98E8 3.0E8 4.87E8 4.87E8 4.87E8
38 0.0 3000000.0 3000000.0 4000000.0 8000000.0 9000000.0 9000000.0 1.0E7 1.1E7 1.2E7 1.3E7 1.4E7 2.2E7 2.4E7 2.6E7 2.7E7 2.7E7 2.7E7 2.8E7 2.8E7
39 3000000.0 3000000.0 3000000.0 3000000.0 6000000.0 8000000.0 9000000.0 9000000.0 9000000.0 1.0E7 1.1E7 1.1E7 1.2E7 1.3E7 1.3E7 1.3E7 1.3E7 1.4E7 1.4E7 1.6E7
40 2000000.0 3000000.0 6000000.0 7000000.0 8000000.0 8000000.0 8000000.0 8000000.0 8000000.0 8000000.0 8000000.0 9000000.0 1.0E7 1.0E7 1.1E7 1.1E7 1.2E7 1.4E7 1.5E7 1.6E7
41 2000000.0 3000000.0 4000000.0 6000000.0 6000000.0 7000000.0 9000000.0 1.1E7 1.1E7 1.2E7 1.2E7 1.2E7 1.4E7 1.4E7 1.5E7 1.7E7 1.7E7 1.8E7 1.8E7 1.8E7
42 0.0 1000000.0 1000000.0 4000000.0 4000000.0 4000000.0 4000000.0 5000000.0 6000000.0 6000000.0 8000000.0 9000000.0 9000000.0 1.0E7 1.1E7 1.1E7 1.2E7 1.4E7 1.5E7 1.6E7
43 1000000.0 1000000.0 2000000.0 2000000.0 2000000.0 2000000.0 3000000.0 5000000.0 7000000.0 7000000.0 8000000.0 8000000.0 8000000.0 9000000.0 1.0E7 1.1E7 1.4E7 1.5E7 1.5E7 1.7E7
44 0.0 0.0 0.0 0.0 0.0 1000000.0 2000000.0 2000000.0 3000000.0 3000000.0 4000000.0 5000000.0 9000000.0 1.0E7 1.2E7 1.3E7 1.4E7 1.4E7 1.4E7 1.5E7
45 1000000.0 1000000.0 2000000.0 3000000.0 3000000.0 6000000.0 6000000.0 6000000.0 6000000.0 6000000.0 6000000.0 6000000.0 7000000.0 8000000.0 8000000.0 9000000.0 9000000.0 1.0E7 1.1E7 1.3E7
46 2000000.0 2000000.0 4000000.0 4000000.0 4000000.0 5000000.0 5000000.0 5000000.0 6000000.0 7000000.0 7000000.0 7000000.0 7000000.0 9000000.0 1.1E7 1.1E7 1.2E7 1.3E7 1.3E7 1.3E7
47 0.0 0.0 2000000.0 2000000.0 2000000.0 2000000.0 4000000.0 5000000.0 1.2E7 1.3E7 1.3E7 1.4E7 1.4E7 1.5E7 1.5E7 1.6E7 1.7E7 1.7E7 1.8E7 1.8E7
48 0.0 0.0 1000000.0 2000000.0 2000000.0 3000000.0 4000000.0 4000000.0 4000000.0 5000000.0 5000000.0 5000000.0 5000000.0 6000000.0 6000000.0 6000000.0 7000000.0 8000000.0 8000000.0 9000000.0
49 0.0 1000000.0 2000000.0 2000000.0 2000000.0 2000000.0 3000000.0 3000000.0 3000000.0 4000000.0 4000000.0 5000000.0 8000000.0 1.0E7 1.1E7 1.3E7 1.4E7 1.5E7 1.5E7 1.6E7
50 0.0 3000000.0 4000000.0 7000000.0 7000000.0 8000000.0 1.1E7 1.1E7 1.2E7 1.3E7 1.4E7 1.5E7 1.6E7 1.6E7 1.7E7 1.7E7 1.7E7 1.8E7 1.9E7 2.0E7
51 1000000.0 1000000.0 1000000.0 1000000.0 2000000.0 2000000.0 2000000.0 2000000.0 2000000.0 3000000.0 4000000.0 5000000.0 5000000.0 5000000.0 6000000.0 6000000.0 7000000.0 8000000.0 9000000.0 9000000.0
