0 3349
1 1983
2 4464
3 3280
4 2960
5 2678
6 762
7 1057
8 1528
9 2867
10 545
11 435
12 4373
13 4081
14 2319
15 4024
16 3453
17 976
18 676
19 1394
20 1350
21 2371
22 2488
23 3022
24 3229
25 3093
26 2435
27 2933
28 1995
29 2817
30 3280
31 4084
32 2385
33 2637
34 2412
35 2739
36 2830
37 3204
38 2585
39 3487
40 2591
41 2132
42 4115
43 3604
44 2966
45 2628
46 3217
47 3967
48 3119
49 3943
50 4117
51 3640
52 4259
53 3048
54 1893
55 3720
56 3354
57 3781
58 2782
59 5384
60 3591
61 2390
62 1494
63 3542
64 2375
65 5045
66 3277
67 1991
68 1388
69 3978
70 3167
71 4673
72 3605
73 4761
74 4498
75 4970
76 5464
77 5269
78 5061
79 3919
80 4184
81 5282
82 1441
83 5447
84 2748
85 4156
86 4106
87 5657
88 5245
89 5119
90 4187
91 2014
92 5284
93 1845
94 4157
95 2373
96 657
97 3954
