0 3354
1 1983
2 4467
3 3286
4 2959
5 2680
6 764
7 1050
8 1526
9 2868
10 545
11 435
12 4371
13 4081
14 2319
15 4024
16 3456
17 976
18 676
19 1394
20 1350
21 2376
22 2488
23 3025
24 3229
25 3093
26 2434
27 2932
28 1997
29 2817
30 3284
31 4086
32 2387
33 2637
34 2414
35 2738
36 2826
37 3206
38 2586
39 3491
40 2594
41 2134
42 4116
43 3609
44 2965
45 2630
46 3219
47 3972
48 3121
49 3944
50 4118
51 3642
52 4257
53 3049
54 1899
55 3722
56 3355
57 3779
58 2782
59 5382
60 3593
61 2392
62 1497
63 3543
64 2377
65 5049
66 3279
67 1995
68 1388
69 3981
70 3167
71 4674
72 3604
73 4764
74 4493
75 4973
76 5464
77 5270
78 5066
79 3920
80 4185
81 5288
82 1441
83 5443
84 2749
85 4155
86 4106
87 5656
88 5247
89 5116
90 4186
91 2013
92 5283
93 1843
94 4157
95 2372
96 657
97 3949
