records: 20
      Record Time
Host  UsedBuffer

  16870.0 33740.0 50610.0 67480.0 84350.0 101220.0 118090.0 134960.0 151830.0 168700.0 185570.0 202440.0 219310.0 236180.0 253050.0 269920.0 286790.0 303660.0 320530.0 337400.0
0 1.0E9 2.05032704E8 -8.9934592E7 1.52516352E9 1.435228928E9 -8.59738368E8 -3.59738368E8 8.45294336E8 -1.129542144E9 -7.19476736E8 7.80523264E8 7.80523264E8 1.985555968E9 -1.94313216E8 1.0719488E7 2.010719488E9 2.010719488E9 2.15752192E8 -1.69149696E8 -1.259084288E9
1 0.0 1.205032704E9 1.205032704E9 1.02516352E9 9.35228928E8 -8.59738368E8 6.40261632E8 1.140261632E9 7.55359744E8 -7.19476736E8 -5.14444032E8 4.85555968E8 4.85555968E8 -8.9934592E8 1.0719488E7 2.010719488E9 -2.84247808E8 7.15752192E8 2.1258176E9 -1.169149696E9
2 0.0 0.0 0.0 0.0 0.0 1.0E9 1.0E9 1.5E9 1.5E9 1.5E9 1.5E9 2.0E9 2.0E9 2.0E9 2.0E9 -1.794967296E9 -1.294967296E9 -1.294967296E9 -1.294967296E9 -1.294967296E9
3 1.0E9 2.05032704E8 -8.9934592E7 1.02516352E9 -6.4771072E7 9.35228928E8 1.140261632E9 1.345294336E9 -1.629542144E9 -7.19476736E8 7.80523264E8 1.280523264E9 -1.514444032E9 -1.94313216E8 -9.89280512E8 1.0719488E7 5.10719488E8 5.10719488E8 5.35883008E8 2.40915712E8
4 5.0E8 5.0E8 5.0E8 5.0E8 5.0E8 1.0E9 1.0E9 1.0E9 1.0E9 1.0E9 1.5E9 1.5E9 1.5E9 1.5E9 2.0E9 2.0E9 2.0E9 -1.794967296E9 -1.294967296E9 -1.294967296E9
5 0.0 0.0 0.0 2.02516352E9 9.35228928E8 -3.59738368E8 1.140261632E9 1.640261632E9 -7.44640256E8 -7.19476736E8 -5.14444032E8 4.85555968E8 4.85555968E8 1.60065408E9 5.10719488E8 2.010719488E9 2.15752192E8 1.715752192E9 -1.964116992E9 -9.64116992E8
6 0.0 0.0 0.0 -1.97483648E9 2.02516352E9 2.30196224E8 2.30196224E8 1.230196224E9 6.65425152E8 -1.219476736E9 -2.19476736E8 2.80523264E8 1.280523264E9 -6.94313216E8 -9.89280512E8 1.0719488E7 5.10719488E8 5.10719488E8 9.20784896E8 9.20784896E8
7 1.0E9 1.205032704E9 1.705032704E9 -1.79869184E8 2.30196224E8 1.935228928E9 1.935228928E9 -3.59738368E8 -1.744640256E9 -1.92450944E9 -1.92450944E9 -1.92450944E9 -1.92450944E9 1.57549056E9 -1.989280512E9 -1.489280512E9 -9.89280512E8 -9.89280512E8 2.15752192E8 -9.64116992E8
8 0.0 0.0 1.5E9 1.820130816E9 4.35228928E8 -8.59738368E8 6.40261632E8 6.40261632E8 -1.039607552E9 -1.719476736E9 -1.514444032E9 -5.14444032E8 -5.14444032E8 -3.9934592E8 -9.89280512E8 5.10719488E8 -1.284247808E9 2.15752192E8 8.30850304E8 5.35883008E8
9 0.0 5.0E8 5.0E8 1.820130816E9 4.35228928E8 -8.59738368E8 6.40261632E8 1.140261632E9 -1.539607552E9 -7.19476736E8 -5.14444032E8 4.85555968E8 4.85555968E8 2.10065408E9 5.10719488E8 2.010719488E9 2.15752192E8 1.715752192E9 3.5883008E7 -1.759084288E9
10 0.0 0.0 -8.9934592E7 6.15098112E8 1.115098112E9 1.115098112E9 2.115098112E9 -1.679869184E9 5.032704E7 -2.19476736E8 2.80523264E8 2.80523264E8 2.80523264E8 1.10065408E9 1.0719488E7 5.10719488E8 5.10719488E8 1.010719488E9 -1.964116992E9 -1.759084288E9
11 0.0 0.0 0.0 2.516352E7 -1.064771072E9 -1.359738368E9 2.140261632E9 1.845294336E9 -1.334574848E9 -1.719476736E9 -7.19476736E8 -7.19476736E8 9.85555968E8 -1.194313216E9 -1.989280512E9 -4.89280512E8 -4.89280512E8 2.15752192E8 -1.3741824E9 2.1258176E9
12 0.0 0.0 0.0 0.0 0.0 0.0 0.0 0.0 0.0 0.0 0.0 0.0 0.0 0.0 0.0 0.0 5.0E8 5.0E8 5.0E8 1.0E9
13 0.0 5.0E8 1.0E9 1.0E9 1.0E9 1.0E9 1.0E9 1.0E9 1.0E9 1.0E9 1.5E9 1.5E9 1.5E9 1.5E9 1.5E9 1.5E9 1.5E9 2.0E9 2.0E9 2.0E9
14 1.0E9 -2.94967296E8 1.410065408E9 1.02516352E9 -6.4771072E7 1.935228928E9 -1.859738368E9 -1.154705664E9 -2.129542144E9 -1.719476736E9 -2.19476736E8 -2.19476736E8 -1.4444032E7 -1.694313216E9 3.05686784E8 3.05686784E8 3.05686784E8 8.05686784E8 8.05686784E8 8.05686784E8
15 0.0 0.0 0.0 0.0 0.0 0.0 0.0 0.0 0.0 0.0 0.0 0.0 0.0 0.0 0.0 0.0 0.0 0.0 0.0 0.0
16 5.0E8 7.05032704E8 -1.589934592E9 1.52516352E9 9.35228928E8 -8.59738368E8 6.40261632E8 1.140261632E9 1.960392448E9 -7.19476736E8 -5.14444032E8 4.85555968E8 4.85555968E8 -1.694313216E9 1.0719488E7 1.510719488E9 -2.84247808E8 1.215752192E9 -1.964116992E9 1.535883008E9
17 5.0E8 1.0E9 -1.794967296E9 -7.94967296E8 -2.94967296E8 7.05032704E8 1.205032704E9 -1.589934592E9 1.410065408E9 -1.384901888E9 -1.384901888E9 -8.84901888E8 -8.84901888E8 -8.84901888E8 -3.84901888E8 6.15098112E8 -1.179869184E9 -1.179869184E9 -6.79869184E8 -6.79869184E8
18 0.0 0.0 0.0 2.0E9 -7.94967296E8 -7.94967296E8 2.05032704E8 2.05032704E8 7.05032704E8 1.705032704E9 -1.589934592E9 -1.589934592E9 -1.589934592E9 -1.589934592E9 -8.9934592E7 4.10065408E8 -3.84901888E8 6.15098112E8 1.115098112E9 1.115098112E9
19 0.0 1.5E9 2.0E9 -1.294967296E9 2.05032704E8 2.05032704E8 7.05032704E8 -2.089934592E9 9.10065408E8 -1.884901888E9 -1.884901888E9 -1.384901888E9 -1.384901888E9 -1.384901888E9 -3.84901888E8 1.15098112E8 1.615098112E9 -1.679869184E9 -1.679869184E9 -1.679869184E9
20 0.0 0.0 0.0 0.0 0.0 0.0 0.0 0.0 0.0 0.0 0.0 0.0 0.0 5.0E8 5.0E8 5.0E8 5.0E8 5.0E8 5.0E8 1.0E9
21 -1.294967296E9 -2.94967296E8 -1.589934592E9 1.410065408E9 1.410065408E9 -8.59738368E8 -3.59738368E8 1.640261632E9 -1.129542144E9 1.57549056E9 1.57549056E9 1.57549056E9 1.57549056E9 3.05686784E8 1.0719488E7 -1.784247808E9 -1.784247808E9 -1.284247808E9 -1.964116992E9 -1.759084288E9
22 -1.294967296E9 1.205032704E9 -1.884901888E9 1.52516352E9 7.30196224E8 7.30196224E8 7.30196224E8 1.230196224E9 5.032704E7 -1.719476736E9 -1.719476736E9 -1.719476736E9 -1.719476736E9 -1.719476736E9 -1.219476736E9 -1.219476736E9 -7.19476736E8 -7.19476736E8 -7.19476736E8 -7.19476736E8
23 5.0E8 -1.294967296E9 -8.84901888E8 5.2516352E8 -6.4771072E7 1.435228928E9 2.140261632E9 8.45294336E8 -2.129542144E9 3.70457856E8 -2.014444032E9 -1.514444032E9 -1.514444032E9 1.0065408E8 8.05686784E8 1.305686784E9 1.305686784E9 1.305686784E9 -4.64116992E8 1.535883008E9
24 -1.294967296E9 -2.94967296E8 -1.589934592E9 1.410065408E9 4.35228928E8 -1.359738368E9 -8.59738368E8 -1.154705664E9 -6.29542144E8 1.57549056E9 1.57549056E9 1.57549056E9 1.57549056E9 -1.94313216E8 -9.89280512E8 1.510719488E9 1.510719488E9 2.010719488E9 -9.64116992E8 1.035883008E9
25 -1.294967296E9 7.05032704E8 7.05032704E8 7.05032704E8 4.35228928E8 -1.359738368E9 -8.59738368E8 -3.59738368E8 1.165425152E9 -1.219476736E9 -2.014444032E9 -2.014444032E9 -2.014444032E9 6.0065408E8 -9.89280512E8 5.10719488E8 5.10719488E8 5.10719488E8 2.010719488E9 -1.669149696E9
26 -1.294967296E9 2.05032704E8 1.910065408E9 1.52516352E9 -6.4771072E7 9.35228928E8 6.40261632E8 2.140261632E9 -1.629542144E9 1.57549056E9 1.57549056E9 1.57549056E9 -1.4444032E7 -1.94313216E8 -9.89280512E8 -9.89280512E8 -9.89280512E8 -9.89280512E8 -9.89280512E8 -9.89280512E8
27 0.0 5.0E8 5.0E8 5.0E8 5.0E8 5.0E8 5.0E8 5.0E8 1.0E9 1.0E9 1.0E9 1.0E9 1.0E9 1.5E9 1.5E9 1.5E9 1.5E9 1.5E9 1.5E9 1.5E9
28 -1.294967296E9 2.05032704E8 6.15098112E8 1.02516352E9 -5.64771072E8 -1.859738368E9 -1.859738368E9 -1.859738368E9 -1.539607552E9 -1.219476736E9 2.80523264E8 2.80523264E8 2.80523264E8 2.80523264E8 7.80523264E8 7.80523264E8 7.80523264E8 7.80523264E8 -1.489280512E9 -2.59084288E8
29 -1.794967296E9 -1.794967296E9 -8.84901888E8 1.52516352E9 4.35228928E8 -1.859738368E9 -1.859738368E9 -1.859738368E9 -1.859738368E9 -1.859738368E9 -1.859738368E9 -1.859738368E9 -1.359738368E9 1.985555968E9 -9.89280512E8 1.0719488E7 1.0719488E7 -1.284247808E9 1.330850304E9 -7.59084288E8
30 1.5E9 -1.794967296E9 7.05032704E8 5.2516352E8 5.2516352E8 5.2516352E8 1.640261632E9 -6.54705664E8 -2.129542144E9 -7.19476736E8 -1.014444032E9 4.85555968E8 4.85555968E8 -1.94313216E8 -4.89280512E8 1.010719488E9 1.510719488E9 1.510719488E9 1.510719488E9 -8.741824E8
31 0.0 0.0 0.0 0.0 5.0E8 5.0E8 5.0E8 5.0E8 5.0E8 5.0E8 5.0E8 5.0E8 5.0E8 5.0E8 5.0E8 5.0E8 5.0E8 1.0E9 1.5E9 2.0E9
32 0.0 0.0 0.0 0.0 0.0 0.0 0.0 5.0E8 5.0E8 5.0E8 5.0E8 5.0E8 1.0E9 1.0E9 1.5E9 1.5E9 1.5E9 1.5E9 2.0E9 2.0E9
33 0.0 0.0 1.15098112E8 1.52516352E9 -1.269803776E9 -7.69803776E8 -7.69803776E8 3.45294336E8 -7.44640256E8 -2.19476736E8 -1.014444032E9 -1.014444032E9 -5.14444032E8 -5.14444032E8 -1.4444032E7 -1.4444032E7 4.85555968E8 4.85555968E8 4.85555968E8 4.85555968E8
34 -1.794967296E9 -2.94967296E8 1.15098112E8 1.02516352E9 -5.64771072E8 -5.64771072E8 4.35228928E8 4.35228928E8 -2.129542144E9 -1.719476736E9 -2.014444032E9 -1.014444032E9 -1.014444032E9 -1.694313216E9 1.805686784E9 1.805686784E9 1.805686784E9 1.805686784E9 1.1258176E9 -1.759084288E9
35 -1.294967296E9 -7.94967296E8 -8.84901888E8 5.2516352E8 -5.64771072E8 -5.64771072E8 -5.64771072E8 -1.44967296E9 9.60392448E8 1.870457856E9 -1.4444032E7 -1.4444032E7 1.985555968E9 -1.694313216E9 5.10719488E8 1.510719488E9 1.510719488E9 1.510719488E9 1.258176E8 -2.59084288E8
36 1.5E9 2.0E9 1.15098112E8 1.52516352E9 -1.269803776E9 -7.69803776E8 -7.69803776E8 7.30196224E8 1.255359744E9 -2.19476736E8 -1.014444032E9 -1.014444032E9 -5.14444032E8 -5.14444032E8 -1.4444032E7 -1.4444032E7 4.85555968E8 4.85555968E8 9.85555968E8 9.85555968E8
37 1.5E9 1.5E9 -1.384901888E9 1.52516352E9 -6.4771072E7 -8.59738368E8 -3.59738368E8 3.45294336E8 -1.129542144E9 -2.19476736E8 -1.014444032E9 -1.4444032E7 1.485555968E9 -1.94313216E8 -4.89280512E8 -1.784247808E9 -1.784247808E9 -1.284247808E9 2.1258176E9 -1.259084288E9
38 -1.794967296E9 -1.294967296E9 -1.294967296E9 -7.94967296E8 4.35228928E8 -1.359738368E9 -1.359738368E9 1.40261632E8 -2.129542144E9 1.57549056E9 1.280523264E9 -2.014444032E9 4.85555968E8 -1.89934592E9 1.805686784E9 1.0719488E7 5.10719488E8 1.010719488E9 -1.784247808E9 -1.784247808E9
39 -1.294967296E9 -2.94967296E8 1.115098112E9 1.52516352E9 9.35228928E8 -1.359738368E9 -1.359738368E9 -8.59738368E8 -6.29542144E8 -7.19476736E8 -5.14444032E8 -5.14444032E8 -5.14444032E8 -1.4444032E7 1.805686784E9 -1.989280512E9 -1.989280512E9 1.0719488E7 -1.669149696E9 -1.259084288E9
40 5.0E8 5.0E8 4.10065408E8 1.320130816E9 1.820130816E9 1.820130816E9 1.730196224E9 -1.859738368E9 -6.29542144E8 2.80523264E8 -1.4444032E7 -1.4444032E7 1.485555968E9 3.05686784E8 5.10719488E8 1.010719488E9 2.15752192E8 7.15752192E8 1.330850304E9 2.40915712E8
41 -1.794967296E9 -2.94967296E8 -3.84901888E8 -3.84901888E8 -3.84901888E8 -3.84901888E8 -3.84901888E8 -3.84901888E8 -1.54705664E8 -7.19476736E8 -2.19476736E8 -2.19476736E8 1.780523264E9 -1.94313216E8 1.805686784E9 1.805686784E9 1.805686784E9 -9.89280512E8 -9.64116992E8 2.40915712E8
42 -1.794967296E9 7.05032704E8 -8.84901888E8 -4.7483648E8 -4.7483648E8 2.516352E7 2.30196224E8 1.140261632E9 -1.129542144E9 -7.19476736E8 -5.14444032E8 -5.14444032E8 -5.14444032E8 -1.94313216E8 1.0719488E7 5.10719488E8 1.510719488E9 -7.84247808E8 2.1258176E9 2.40915712E8
43 -1.794967296E9 -1.794967296E9 -1.884901888E9 8.20130816E8 1.320130816E9 1.320130816E9 1.230196224E9 -3.59738368E8 -1.129542144E9 -2.19476736E8 -5.14444032E8 -5.14444032E8 9.85555968E8 3.05686784E8 1.0719488E7 -1.284247808E9 -2.84247808E8 -2.84247808E8 -1.464116992E9 5.35883008E8
44 0.0 0.0 5.0E8 5.0E8 5.0E8 5.0E8 5.0E8 5.0E8 5.0E8 5.0E8 5.0E8 5.0E8 5.0E8 5.0E8 5.0E8 5.0E8 5.0E8 5.0E8 5.0E8 5.0E8
45 -1.794967296E9 -1.294967296E9 -1.294967296E9 -7.94967296E8 9.35228928E8 -8.59738368E8 -8.59738368E8 6.40261632E8 -1.129542144E9 -7.19476736E8 -5.14444032E8 4.85555968E8 -1.309411328E9 3.05686784E8 -4.89280512E8 2.010719488E9 -1.784247808E9 1.715752192E9 1.830850304E9 -1.464116992E9
46 -7.94967296E8 -7.94967296E8 2.05032704E8 1.52516352E9 1.435228928E9 -1.359738368E9 -1.359738368E9 6.40261632E8 -6.29542144E8 -2.19476736E8 -5.14444032E8 -5.14444032E8 -5.14444032E8 -1.104378624E9 -4.89280512E8 1.0719488E7 1.0719488E7 1.0719488E7 8.30850304E8 1.830850304E9
47 -1.294967296E9 7.05032704E8 1.410065408E9 2.516352E7 -5.64771072E8 1.935228928E9 -1.654705664E9 1.845294336E9 -1.129542144E9 -7.19476736E8 -1.014444032E9 4.85555968E8 4.85555968E8 3.05686784E8 5.10719488E8 1.010719488E9 1.010719488E9 1.010719488E9 -9.64116992E8 -7.59084288E8
48 0.0 0.0 -2.089934592E9 1.52516352E9 4.35228928E8 -8.59738368E8 -3.59738368E8 3.45294336E8 -6.29542144E8 -1.719476736E9 -1.4444032E7 4.85555968E8 1.485555968E9 3.05686784E8 5.10719488E8 -7.84247808E8 -7.84247808E8 -7.84247808E8 -1.169149696E9 -2.59084288E8
49 2.0E9 2.05032704E8 1.115098112E9 1.02516352E9 9.35228928E8 1.935228928E9 -8.59738368E8 6.40261632E8 -1.129542144E9 -7.19476736E8 -7.19476736E8 -7.19476736E8 -7.19476736E8 3.05686784E8 5.10719488E8 1.510719488E9 1.510719488E9 1.510719488E9 -1.079215104E9 -7.59084288E8
50 0.0 5.0E8 5.0E8 5.0E8 1.0E9 1.0E9 1.5E9 1.5E9 1.5E9 1.5E9 1.5E9 1.5E9 2.0E9 2.0E9 2.0E9 2.0E9 2.0E9 2.0E9 2.0E9 2.0E9
51 0.0 0.0 0.0 0.0 5.0E8 5.0E8 1.0E9 1.0E9 1.0E9 1.0E9 1.0E9 1.0E9 1.5E9 1.5E9 1.5E9 2.0E9 2.0E9 2.0E9 2.0E9 2.0E9
52 -1.294967296E9 2.05032704E8 1.15098112E8 5.2516352E8 -1.564771072E9 -1.359738368E9 -1.359738368E9 -1.359738368E9 -2.129542144E9 -7.19476736E8 -1.014444032E9 -5.14444032E8 1.485555968E9 -1.94313216E8 1.0719488E7 -1.284247808E9 -1.284247808E9 -7.84247808E8 7.15752192E8 1.1258176E9
53 1.0E9 1.0E9 1.0E9 1.0E9 2.0E9 2.0E9 -7.69803776E8 -5.64771072E8 -6.29542144E8 2.80523264E8 -5.14444032E8 4.85555968E8 4.85555968E8 8.05686784E8 1.010719488E9 1.010719488E9 1.010719488E9 1.010719488E9 -1.964116992E9 -1.759084288E9
54 5.0E8 5.0E8 9.10065408E8 1.02516352E9 -6.4771072E7 1.935228928E9 -1.859738368E9 6.40261632E8 -1.129542144E9 -1.92450944E9 -1.92450944E9 -1.4444032E7 1.485555968E9 -6.94313216E8 1.305686784E9 1.805686784E9 1.805686784E9 -9.89280512E8 3.5883008E7 5.35883008E8
55 -1.294967296E9 7.05032704E8 7.05032704E8 1.52516352E9 -6.4771072E7 -1.359738368E9 1.40261632E8 1.40261632E8 -1.629542144E9 -1.219476736E9 -1.014444032E9 -1.014444032E9 -1.4444032E7 -1.194313216E9 -1.489280512E9 1.510719488E9 1.510719488E9 -1.284247808E9 2.1258176E9 1.035883008E9
56 -1.294967296E9 1.705032704E9 -1.384901888E9 1.52516352E9 4.35228928E8 -1.359738368E9 -8.59738368E8 -8.59738368E8 1.640261632E9 1.640261632E9 -2.19476736E8 -1.014444032E9 -1.014444032E9 -1.104378624E9 -9.89280512E8 2.010719488E9 2.010719488E9 2.010719488E9 -1.8741824E9 -1.8741824E9
57 0.0 0.0 0.0 0.0 0.0 0.0 0.0 0.0 0.0 0.0 0.0 0.0 0.0 0.0 0.0 0.0 0.0 0.0 0.0 0.0
58 -1.294967296E9 -7.94967296E8 -1.884901888E9 2.516352E7 -1.064771072E9 -1.064771072E9 -1.064771072E9 -1.064771072E9 -1.064771072E9 -7.19476736E8 -1.014444032E9 -1.014444032E9 9.85555968E8 3.95621376E8 -4.89280512E8 1.010719488E9 1.510719488E9 -1.284247808E9 1.715752192E9 1.715752192E9
59 0.0 0.0 5.0E8 5.0E8 1.0E9 1.0E9 1.0E9 1.0E9 1.0E9 1.0E9 1.0E9 1.0E9 1.5E9 1.5E9 1.5E9 1.5E9 2.0E9 2.0E9 2.0E9 2.0E9
60 0.0 0.0 0.0 5.0E8 5.0E8 1.0E9 1.0E9 1.0E9 1.0E9 1.0E9 1.0E9 1.0E9 1.0E9 1.5E9 1.5E9 1.5E9 1.5E9 1.5E9 1.5E9 1.5E9
61 1.5E9 1.5E9 1.205032704E9 5.2516352E8 -6.4771072E7 -8.59738368E8 -1.154705664E9 -1.44967296E9 1.65425152E8 -7.19476736E8 1.780523264E9 1.780523264E9 1.780523264E9 -3.9934592E8 -3.9934592E8 -3.9934592E8 -3.9934592E8 -3.9934592E8 -3.9934592E8 -3.9934592E8
62 -1.794967296E9 -2.94967296E8 1.115098112E9 1.52516352E9 -1.064771072E9 -1.064771072E9 -5.64771072E8 -1.359738368E9 -1.129542144E9 -7.19476736E8 1.780523264E9 -1.4444032E7 1.485555968E9 -1.94313216E8 1.0719488E7 1.510719488E9 1.510719488E9 1.510719488E9 1.6258176E9 -1.259084288E9
63 -1.294967296E9 -1.294967296E9 -7.94967296E8 -7.94967296E8 -7.94967296E8 -1.859738368E9 2.140261632E9 -1.54705664E8 -1.129542144E9 -7.19476736E8 -5.14444032E8 -5.14444032E8 4.85555968E8 3.05686784E8 5.10719488E8 2.010719488E9 2.010719488E9 2.010719488E9 -7.84247808E8 -2.59084288E8
64 1.5E9 1.5E9 1.5E9 2.0E9 1.52516352E9 1.52516352E9 1.52516352E9 -7.69803776E8 -6.29542144E8 -2.19476736E8 7.80523264E8 7.80523264E8 7.80523264E8 3.05686784E8 1.0719488E7 -1.784247808E9 -1.284247808E9 -7.84247808E8 1.920784896E9 -1.669149696E9
65 -1.294967296E9 1.205032704E9 2.115098112E9 1.52516352E9 9.35228928E8 -8.59738368E8 1.140261632E9 -1.154705664E9 -6.29542144E8 -7.19476736E8 -5.14444032E8 -5.14444032E8 4.85555968E8 -1.94313216E8 -4.89280512E8 1.0719488E7 1.0719488E7 1.0719488E7 5.10719488E8 5.10719488E8
66 -1.794967296E9 2.05032704E8 2.05032704E8 -1.589934592E9 9.35228928E8 -1.859738368E9 -1.359738368E9 8.45294336E8 -1.129542144E9 -7.19476736E8 -5.14444032E8 -1.4444032E7 9.85555968E8 -1.89934592E9 -1.989280512E9 -1.989280512E9 -1.489280512E9 -1.489280512E9 -3.741824E8 -7.59084288E8
67 1.5E9 2.0E9 2.0E9 2.0E9 -6.4771072E7 -6.4771072E7 -6.4771072E7 1.845294336E9 -1.94967296E9 -2.19476736E8 1.280523264E9 1.280523264E9 -1.4444032E7 -6.94313216E8 -9.89280512E8 -9.89280512E8 -4.89280512E8 -4.89280512E8 1.0719488E7 1.0719488E7
68 0.0 0.0 0.0 0.0 0.0 0.0 0.0 0.0 0.0 5.0E8 5.0E8 5.0E8 5.0E8 5.0E8 5.0E8 1.0E9 1.0E9 1.0E9 1.0E9 1.5E9
69 -1.294967296E9 -2.94967296E8 1.705032704E9 5.2516352E8 -6.4771072E7 1.435228928E9 -1.859738368E9 -1.859738368E9 9.60392448E8 7.549056E7 -1.514444032E9 -1.014444032E9 -1.014444032E9 2.10065408E9 1.305686784E9 1.805686784E9 1.805686784E9 1.805686784E9 3.30850304E8 -1.964116992E9
70 -1.294967296E9 2.05032704E8 2.05032704E8 1.02516352E9 1.02516352E9 1.02516352E9 1.52516352E9 1.52516352E9 -1.129542144E9 -2.19476736E8 -5.14444032E8 4.85555968E8 4.85555968E8 3.05686784E8 -4.89280512E8 -4.89280512E8 -4.89280512E8 7.15752192E8 1.215752192E9 1.215752192E9
71 -1.794967296E9 1.205032704E9 -1.589934592E9 1.52516352E9 9.35228928E8 -8.59738368E8 6.40261632E8 1.345294336E9 -1.129542144E9 -7.19476736E8 -5.14444032E8 -5.14444032E8 -1.4444032E7 1.0065408E8 -1.694313216E9 -1.194313216E9 -1.194313216E9 -1.194313216E9 1.305686784E9 1.305686784E9
72 -1.294967296E9 7.05032704E8 -5.89934592E8 5.2516352E8 9.35228928E8 -1.359738368E9 -1.359738368E9 6.40261632E8 -2.129542144E9 -7.19476736E8 -1.514444032E9 -1.514444032E9 -1.4444032E7 -1.194313216E9 -1.94313216E8 -1.94313216E8 -1.94313216E8 3.05686784E8 -3.741824E8 -3.741824E8
73 -1.294967296E9 1.705032704E9 1.15098112E8 1.52516352E9 9.35228928E8 -1.859738368E9 2.140261632E9 -1.54705664E8 -1.129542144E9 -7.19476736E8 -5.14444032E8 4.85555968E8 4.85555968E8 3.05686784E8 1.0719488E7 1.510719488E9 1.510719488E9 2.010719488E9 2.15752192E8 2.40915712E8
74 -1.294967296E9 1.705032704E9 -1.089934592E9 1.52516352E9 4.35228928E8 1.935228928E9 1.40261632E8 1.40261632E8 -1.629542144E9 -1.219476736E9 1.280523264E9 1.280523264E9 1.280523264E9 1.280523264E9 -4.89280512E8 -4.89280512E8 1.510719488E9 2.010719488E9 2.010719488E9 2.010719488E9
75 5.0E8 -1.294967296E9 -8.84901888E8 1.52516352E9 9.35228928E8 -8.59738368E8 1.140261632E9 -1.54705664E8 -6.29542144E8 -2.19476736E8 -5.14444032E8 -5.14444032E8 4.85555968E8 3.05686784E8 1.305686784E9 1.305686784E9 1.305686784E9 1.305686784E9 1.215752192E9 -1.579215104E9
76 -1.294967296E9 -2.089934592E9 -8.9934592E7 1.52516352E9 9.35228928E8 -1.359738368E9 1.640261632E9 1.345294336E9 -6.29542144E8 -2.19476736E8 -1.4444032E7 -1.4444032E7 -1.4444032E7 1.10065408E9 5.10719488E8 1.010719488E9 1.010719488E9 1.010719488E9 -3.741824E8 -9.64116992E8
77 1.0E9 -2.94967296E8 1.15098112E8 5.2516352E8 -6.4771072E7 -1.859738368E9 1.40261632E8 2.140261632E9 -1.629542144E9 -1.219476736E9 -1.514444032E9 -1.514444032E9 -5.14444032E8 -1.194313216E9 -9.89280512E8 -4.89280512E8 1.0719488E7 1.0719488E7 1.0719488E7 1.920784896E9
78 -1.294967296E9 1.205032704E9 -3.84901888E8 1.52516352E9 9.35228928E8 -8.59738368E8 -8.59738368E8 1.40261632E8 -6.29542144E8 -2.19476736E8 -1.014444032E9 -1.014444032E9 1.485555968E9 1.895621376E9 -6.94313216E8 -6.94313216E8 -6.94313216E8 -6.94313216E8 1.305686784E9 1.305686784E9
79 1.0E9 1.0E9 1.0E9 1.5E9 1.5E9 1.5E9 1.5E9 1.5E9 1.5E9 1.5E9 1.5E9 1.5E9 1.5E9 1.5E9 1.5E9 1.5E9 2.0E9 -1.794967296E9 -1.794967296E9 -1.794967296E9
80 -1.794967296E9 2.05032704E8 7.05032704E8 1.02516352E9 4.35228928E8 1.935228928E9 -1.859738368E9 3.45294336E8 -1.129542144E9 -7.19476736E8 -5.14444032E8 -1.4444032E7 9.85555968E8 -1.39934592E9 -4.89280512E8 1.010719488E9 1.010719488E9 1.010719488E9 1.1258176E9 8.30850304E8
81 -1.794967296E9 1.705032704E9 1.910065408E9 1.02516352E9 4.35228928E8 1.935228928E9 1.140261632E9 3.45294336E8 -1.629542144E9 -1.219476736E9 -1.514444032E9 -1.514444032E9 -1.514444032E9 -1.194313216E9 -9.89280512E8 1.010719488E9 1.010719488E9 1.010719488E9 -1.669149696E9 8.30850304E8
82 -1.294967296E9 1.205032704E9 -8.9934592E7 1.52516352E9 7.30196224E8 7.30196224E8 7.30196224E8 -3.59738368E8 -3.59738368E8 -1.219476736E9 -2.19476736E8 -2.19476736E8 -2.19476736E8 -5.14444032E8 8.05686784E8 8.05686784E8 8.05686784E8 8.05686784E8 3.30850304E8 1.330850304E9
83 -1.794967296E9 1.705032704E9 -1.884901888E9 1.52516352E9 9.35228928E8 -1.359738368E9 -6.54705664E8 1.845294336E9 -6.29542144E8 2.80523264E8 -1.4444032E7 1.485555968E9 1.985555968E9 1.985555968E9 5.10719488E8 1.010719488E9 1.010719488E9 1.010719488E9 1.510719488E9 1.510719488E9
84 -1.794967296E9 -2.089934592E9 -1.589934592E9 1.52516352E9 7.30196224E8 7.30196224E8 2.140261632E9 -1.654705664E9 1.845294336E9 -7.19476736E8 7.80523264E8 1.280523264E9 1.280523264E9 1.280523264E9 -4.89280512E8 5.10719488E8 5.10719488E8 1.510719488E9 1.1258176E9 2.035883008E9
85 -1.794967296E9 7.05032704E8 -5.89934592E8 2.516352E7 9.35228928E8 -8.59738368E8 1.40261632E8 -1.154705664E9 -6.29542144E8 -2.19476736E8 -1.4444032E7 -1.4444032E7 -1.4444032E7 -1.4444032E7 4.85555968E8 1.485555968E9 1.485555968E9 1.485555968E9 7.15752192E8 1.420784896E9
86 -1.794967296E9 1.205032704E9 -1.589934592E9 1.02516352E9 4.35228928E8 -1.859738368E9 -3.59738368E8 3.45294336E8 -1.629542144E9 -1.219476736E9 -1.514444032E9 -1.514444032E9 -1.514444032E9 -1.014444032E9 -5.14444032E8 -5.14444032E8 -5.14444032E8 -5.14444032E8 -5.14444032E8 -5.14444032E8
87 0.0 0.0 0.0 0.0 0.0 0.0 0.0 5.0E8 5.0E8 5.0E8 5.0E8 5.0E8 5.0E8 5.0E8 5.0E8 5.0E8 5.0E8 5.0E8 5.0E8 5.0E8
88 -1.294967296E9 1.705032704E9 1.910065408E9 1.02516352E9 9.35228928E8 -1.359738368E9 -8.59738368E8 -6.54705664E8 -1.129542144E9 -7.19476736E8 -5.14444032E8 -5.14444032E8 -1.809411328E9 -6.94313216E8 -4.89280512E8 2.010719488E9 -1.784247808E9 -1.784247808E9 3.5883008E7 -1.259084288E9
89 -1.794967296E9 7.05032704E8 1.705032704E9 1.52516352E9 9.35228928E8 -1.859738368E9 2.140261632E9 -1.54705664E8 -1.629542144E9 -1.219476736E9 -1.014444032E9 -5.14444032E8 1.485555968E9 -1.194313216E9 -4.89280512E8 1.510719488E9 1.510719488E9 2.15752192E8 1.258176E8 -1.169149696E9
90 2.0E9 7.05032704E8 7.05032704E8 1.52516352E9 9.35228928E8 -1.859738368E9 2.140261632E9 1.345294336E9 -1.129542144E9 -1.219476736E9 -1.014444032E9 -1.014444032E9 -1.014444032E9 -6.94313216E8 -4.89280512E8 1.010719488E9 1.010719488E9 -1.284247808E9 -8.741824E8 -8.741824E8
91 5.0E8 5.0E8 5.0E8 5.0E8 5.0E8 1.0E9 1.0E9 1.0E9 1.0E9 1.5E9 1.5E9 2.0E9 2.0E9 2.0E9 2.0E9 2.0E9 2.0E9 2.0E9 2.0E9 2.0E9
92 -1.794967296E9 7.05032704E8 7.05032704E8 1.52516352E9 9.35228928E8 -1.859738368E9 6.40261632E8 1.345294336E9 -1.629542144E9 -1.219476736E9 -1.014444032E9 -1.014444032E9 -5.14444032E8 -1.694313216E9 -1.989280512E9 -4.89280512E8 -4.89280512E8 5.10719488E8 8.30850304E8 -1.759084288E9
93 2.0E9 2.0E9 4.10065408E8 2.516352E7 1.52516352E9 2.02516352E9 -3.59738368E8 -3.59738368E8 -1.629542144E9 -1.29542144E8 -1.29542144E8 -1.29542144E8 3.70457856E8 3.70457856E8 3.70457856E8 3.70457856E8 3.70457856E8 3.70457856E8 3.70457856E8 3.70457856E8
94 -1.294967296E9 7.05032704E8 -2.089934592E9 1.52516352E9 9.35228928E8 -1.859738368E9 -3.59738368E8 -9.4967296E8 -6.29542144E8 -1.219476736E9 -1.219476736E9 -1.219476736E9 -1.219476736E9 -1.219476736E9 -1.219476736E9 -1.219476736E9 -7.19476736E8 -7.19476736E8 -7.19476736E8 -7.19476736E8
95 1.0E9 1.0E9 1.0E9 1.52516352E9 9.35228928E8 -8.59738368E8 -3.59738368E8 6.40261632E8 -2.039607552E9 -2.039607552E9 -2.039607552E9 -1.539607552E9 -1.539607552E9 -1.539607552E9 -1.539607552E9 -1.539607552E9 -1.539607552E9 -1.539607552E9 -1.539607552E9 -1.539607552E9
96 -1.294967296E9 7.05032704E8 -1.589934592E9 1.02516352E9 1.230196224E9 -3.59738368E8 6.40261632E8 -1.654705664E9 -1.654705664E9 2.05032704E9 2.05032704E9 2.05032704E9 2.05032704E9 4.60392448E8 -4.89280512E8 1.010719488E9 1.010719488E9 1.010719488E9 -1.784247808E9 -1.284247808E9
97 -1.294967296E9 -2.94967296E8 9.10065408E8 1.52516352E9 9.35228928E8 -1.859738368E9 -1.859738368E9 -1.859738368E9 -1.859738368E9 -1.859738368E9 -1.859738368E9 -1.859738368E9 -1.359738368E9 -3.59738368E8 -3.59738368E8 1.40261632E8 1.40261632E8 1.40261632E8 1.40261632E8 1.40261632E8
