records: 20
      Record Time
Host  UsedBuffer

  49376.0 98752.0 148128.0 197504.0 246880.0 296256.0 345632.0 395008.0 444384.0 493760.0 543136.0 592512.0 641888.0 691264.0 740640.0 790016.0 839392.0 888768.0 938144.0 987520.0
0 2.0E9 -2.94967296E8 1.205032704E9 1.705032704E9 -1.089934592E9 -1.79869184E8 2.55359744E8 -5.14444032E8 1.920784896E9 1.535883008E9 -3.4901888E8 -3.4901888E8 -2.003724544E9 -1.003724544E9 -3724544.0 -3724544.0 -3724544.0 -3724544.0 4.96275456E8 9.96275456E8
1 -1.794967296E9 -1.794967296E9 1.410065408E9 1.410065408E9 -1.79869184E8 -1.129542144E9 -1.29542144E8 2.80523264E8 -8.741824E8 -8.741824E8 -1.438953472E9 -9.38953472E8 6.7614464E8 1.17614464E9 1.17614464E9 1.17614464E9 -2.118822656E9 -2.118822656E9 -1.18822656E8 3.81177344E8
2 5.0E8 1.0E9 1.5E9 2.0E9 -1.794967296E9 -1.294967296E9 -7.94967296E8 -2.94967296E8 7.05032704E8 7.05032704E8 1.205032704E9 -1.589934592E9 -1.089934592E9 -1.089934592E9 -5.89934592E8 -5.89934592E8 9.10065408E8 9.10065408E8 9.10065408E8 -1.884901888E9
3 2.0E9 2.0E9 1.205032704E9 1.705032704E9 -1.589934592E9 1.140261632E9 1.755359744E9 -1.42450944E9 -3.741824E8 5.35883008E8 1.945948416E9 -1.34901888E9 7.91242752E8 1.291242752E9 1.791242752E9 -2.003724544E9 -1.503724544E9 -1.503724544E9 -1.503724544E9 -1.503724544E9
4 -1.794967296E9 -1.794967296E9 -3.84901888E8 1.15098112E8 -1.269803776E9 6.65425152E8 6.65425152E8 -2.014444032E9 -7.9215104E7 -7.9215104E7 2.66079232E8 -2.028888064E9 -7.08757248E8 -2.08757248E8 7.91242752E8 1.291242752E9 1.291242752E9 -1.978561024E9 -9.78561024E8 2.1438976E7
5 -1.794967296E9 -7.94967296E8 9.10065408E8 -3.84901888E8 -8.59738368E8 -8.34574848E8 1.07549056E9 9.85555968E8 9.20784896E8 9.20784896E8 9.20784896E8 1.766079232E9 6.7614464E8 1.67614464E9 8.81177344E8 8.81177344E8 1.291242752E9 2.111373568E9 2.111373568E9 -1.683593728E9
6 -2.94967296E8 7.05032704E8 4.10065408E8 9.10065408E8 -1.884901888E9 -1.244640256E9 5.7549056E8 8.95621376E8 -7.84247808E8 -1.964116992E9 1.356013824E9 -1.938953472E9 1.291242752E9 1.291242752E9 1.70130816E9 -1.593659136E9 1.406340864E9 -1.58430208E8 -1.58430208E8 -1.58430208E8
7 5.0E8 1.5E9 2.0E9 2.0E9 -1.794967296E9 -1.294967296E9 -2.94967296E8 2.05032704E8 2.05032704E8 1.705032704E9 1.705032704E9 1.705032704E9 -2.089934592E9 -1.589934592E9 -1.589934592E9 -1.089934592E9 -5.89934592E8 -5.89934592E8 4.10065408E8 4.10065408E8
8 -1.794967296E9 -1.294967296E9 -7.94967296E8 -7.94967296E8 -7.94967296E8 1.960392448E9 -1.834574848E9 1.870457856E9 -1.39934592E9 -8.9934592E8 -2.143986176E9 -1.643986176E9 -5.28888064E8 -5.28888064E8 -5.28888064E8 -2.8888064E7 1.471111936E9 1.971111936E9 1.971111936E9 -1.82385536E9
9 2.0E9 -1.794967296E9 -2.94967296E8 2.05032704E8 -8.84901888E8 -1.834574848E9 -1.629542144E9 8.70457856E8 -1.92450944E9 -1.92450944E9 -1.284247808E9 -3.741824E8 1.381177344E9 1.381177344E9 1.381177344E9 1.381177344E9 1.381177344E9 1.881177344E9 1.881177344E9 -1.913789952E9
10 -1.794967296E9 -7.94967296E8 1.205032704E9 1.205032704E9 -1.47483648E9 3.45294336E8 1.345294336E9 1.255359744E9 8.70457856E8 8.70457856E8 -1.579215104E9 -1.579215104E9 -2.054051584E9 -1.554051584E9 -1.054051584E9 -1.054051584E9 -1.708757248E9 1.816406272E9 -1.978561024E9 -1.478561024E9
11 -7.94967296E8 2.05032704E8 2.05032704E8 2.05032704E8 2.05032704E8 2.05032704E8 7.05032704E8 -9.7483648E8 5.2516352E8 2.02516352E9 -8.9934592E8 1.0065408E8 -1.694313216E9 -1.694313216E9 7.15752192E8 1.215752192E9 1.715752192E9 7.0130816E8 7.0130816E8 7.0130816E8
12 -1.794967296E9 -1.294967296E9 -2.94967296E8 -2.94967296E8 8.20130816E8 -1.359738368E9 -3.59738368E8 -2.104378624E9 -1.989280512E9 -1.989280512E9 -1.989280512E9 -9.89280512E8 1.0719488E7 5.10719488E8 -1.784247808E9 -2.84247808E8 1.920784896E9 -5.28888064E8 -2.8888064E7 1.086210048E9
13 -1.794967296E9 -1.794967296E9 2.05032704E8 7.05032704E8 7.05032704E8 8.45294336E8 8.70457856E8 -9.2450944E8 2.1258176E9 2.1258176E9 -3.4901888E8 -3.4901888E8 1.7614464E8 1.7614464E8 -2.118822656E9 -1.618822656E9 1.086210048E9 1.136537088E9 -4.53397504E8 -1.633266688E9
14 5.0E8 1.0E9 1.0E9 1.5E9 2.0E9 2.0E9 -1.794967296E9 -1.294967296E9 -1.294967296E9 -2.94967296E8 2.05032704E8 2.05032704E8 7.05032704E8 1.205032704E9 1.705032704E9 -1.589934592E9 -1.589934592E9 -5.89934592E8 -5.89934592E8 -8.9934592E7
15 -1.294967296E9 -1.294967296E9 -1.294967296E9 -1.294967296E9 1.02516352E9 9.60392448E8 7.549056E7 -1.04378624E8 2.15752192E8 -9.64116992E8 -7.33920768E8 -2.33920768E8 -1.413789952E9 -1.413789952E9 1.496275456E9 1.496275456E9 1.496275456E9 1.431504384E9 1.431504384E9 1.431504384E9
16 -7.94967296E8 -7.94967296E8 -7.94967296E8 -7.94967296E8 -7.94967296E8 -1.089934592E9 -8.9934592E7 9.10065408E8 -1.29542144E8 2.80523264E8 1.395621376E9 1.895621376E9 6.1046528E7 5.61046528E8 -2.33920768E8 7.66079232E8 1.766079232E9 -1.593659136E9 -9.3659136E7 2.021438976E9
17 5.0E8 1.5E9 2.0E9 -1.794967296E9 -7.94967296E8 -2.94967296E8 -2.94967296E8 7.05032704E8 1.205032704E9 1.205032704E9 1.205032704E9 1.205032704E9 1.705032704E9 -1.589934592E9 -5.89934592E8 4.10065408E8 4.10065408E8 9.10065408E8 1.910065408E9 -8.84901888E8
18 2.0E9 -2.94967296E8 -2.94967296E8 2.05032704E8 1.205032704E9 1.140261632E9 1.140261632E9 -1.42450944E9 1.010719488E9 -1.784247808E9 4.45948416E8 4.45948416E8 -1.118822656E9 -1.118822656E9 1.381177344E9 1.881177344E9 4.96275456E8 -1.27352832E9 -1.27352832E9 1.2516352E9
19 -1.794967296E9 -1.794967296E9 7.05032704E8 1.15098112E8 2.02516352E9 2.05032704E9 -1.129542144E9 2.80523264E8 7.15752192E8 1.715752192E9 -2.33920768E8 1.766079232E9 -6.18822656E8 -6.18822656E8 1.381177344E9 1.381177344E9 5.86210048E8 2.111373568E9 2.2647168E8 -1.158430208E9
20 -1.794967296E9 -1.294967296E9 -5.89934592E8 -8.9934592E7 1.02516352E9 -9.4967296E8 -1.039607552E9 -1.39934592E9 -1.3741824E9 5.35883008E8 7.66079232E8 7.66079232E8 -2.003724544E9 -2.003724544E9 1.20130816E9 -1.093659136E9 6.11373568E8 1.136537088E9 -6.58430208E8 -5.18168576E8
21 -1.794967296E9 -7.94967296E8 -1.589934592E9 -5.89934592E8 1.02516352E9 1.665425152E9 5.7549056E8 8.95621376E8 -1.784247808E9 -1.784247808E9 2.061046528E9 2.061046528E9 -1.18822656E8 -1.18822656E8 1.996275456E9 2.0130816E8 1.906340864E9 1.931504384E9 -8.63462912E8 2.7679872E8
22 -1.794967296E9 -1.794967296E9 -1.294967296E9 -1.294967296E9 2.05032704E8 4.10065408E8 4.10065408E8 9.10065408E8 -1.244640256E9 -7.44640256E8 -1.604378624E9 -8.9934592E8 -7.08757248E8 -7.08757248E8 1.70130816E9 1.70130816E9 1.70130816E9 -1.2483648E9 -7.483648E8 -1.133266688E9
23 2.0E9 -7.94967296E8 7.05032704E8 1.705032704E9 -1.589934592E9 -8.84901888E8 -1.769803776E9 -1.859738368E9 -1.859738368E9 -1.859738368E9 -1.859738368E9 -1.359738368E9 -1.359738368E9 -1.359738368E9 -8.59738368E8 -8.59738368E8 -3.59738368E8 -1.654705664E9 3.45294336E8 1.345294336E9
24 0.0 0.0 0.0 0.0 5.0E8 5.0E8 2.0E9 2.0E9 -1.794967296E9 -7.94967296E8 -2.94967296E8 -2.94967296E8 2.05032704E8 7.05032704E8 1.705032704E9 1.705032704E9 1.705032704E9 1.705032704E9 -1.589934592E9 -5.89934592E8
25 -1.794967296E9 -7.94967296E8 2.05032704E8 7.05032704E8 -1.384901888E9 6.15098112E8 -1.769803776E9 -1.359738368E9 1.140261632E9 1.140261632E9 1.640261632E9 1.640261632E9 1.640261632E9 2.140261632E9 2.140261632E9 2.140261632E9 2.140261632E9 -1.654705664E9 1.345294336E9 1.345294336E9
26 0.0 1.0E9 1.0E9 2.115098112E9 1.02516352E9 8.45294336E8 1.55032704E9 8.95621376E8 1.510719488E9 -1.69149696E8 -1.43986176E8 -1.43986176E8 3.81177344E8 3.81177344E8 -1.208757248E9 -2.08757248E8 1.496275456E9 1.931504384E9 1.931504384E9 1.77679872E9
27 -2.94967296E8 -2.94967296E8 1.705032704E9 -1.384901888E9 -1.97483648E9 2.05032704E9 -4.2450944E8 1.395621376E9 -1.89934592E9 1.305686784E9 5.61046528E8 1.561046528E9 7.91242752E8 -2.003724544E9 -7.9869184E8 7.0130816E8 -8.88626432E8 -1.363462912E9 1.36537088E8 -1.133266688E9
28 5.0E8 5.0E8 1.0E9 2.0E9 2.0E9 -1.294967296E9 -1.294967296E9 -7.94967296E8 -2.94967296E8 7.05032704E8 1.205032704E9 1.705032704E9 1.705032704E9 -2.089934592E9 -1.589934592E9 -8.9934592E7 -8.9934592E7 -8.9934592E7 9.10065408E8 1.910065408E9
29 -1.294967296E9 -2.94967296E8 -1.089934592E9 -1.089934592E9 -1.384901888E9 -2.69803776E8 -2.69803776E8 -2.69803776E8 -2.039607552E9 -2.039607552E9 1.780523264E9 1.780523264E9 -1.079215104E9 -1.079215104E9 1.920784896E9 1.920784896E9 2.035883008E9 1.061046528E9 -5.28888064E8 -1.478561024E9
30 1.5E9 -1.794967296E9 -1.794967296E9 -1.294967296E9 -2.94967296E8 7.05032704E8 1.705032704E9 1.705032704E9 1.910065408E9 -1.884901888E9 8.20130816E8 1.820130816E9 1.820130816E9 1.820130816E9 -1.97483648E9 -1.47483648E9 -1.47483648E9 1.230196224E9 1.230196224E9 1.230196224E9
31 -2.94967296E8 -2.94967296E8 -8.9934592E7 -6.79869184E8 2.30196224E8 -1.629542144E9 -9.2450944E8 8.95621376E8 -7.84247808E8 -1.464116992E9 -4.38953472E8 6.1046528E7 -1.708757248E9 -1.208757248E9 4.96275456E8 -7.9869184E8 1.406340864E9 -1.363462912E9 -1.363462912E9 -2.2320128E8
32 -1.294967296E9 -1.294967296E9 -8.9934592E7 9.10065408E8 3.20130816E8 1.165425152E9 1.165425152E9 -1.92450944E9 8.30850304E8 -1.464116992E9 6.5098112E8 3.56013824E8 -7.08757248E8 1.291242752E9 -1.503724544E9 -1.003724544E9 -2.093659136E9 -1.453397504E9 -9.53397504E8 3.66733312E8
33 -7.94967296E8 -2.94967296E8 1.15098112E8 6.15098112E8 1.230196224E9 -1.29542144E8 2.07549056E9 1.895621376E9 -2.84247808E8 1.535883008E9 1.356013824E9 1.856013824E9 1.791242752E9 1.791242752E9 -1.593659136E9 -1.593659136E9 1.111373568E9 -1.158430208E9 -1.158430208E9 -1.018168576E9
34 5.0E8 5.0E8 1.5E9 -1.794967296E9 -1.794967296E9 -1.794967296E9 -1.794967296E9 -1.794967296E9 -1.794967296E9 -1.794967296E9 -1.794967296E9 -1.294967296E9 -1.294967296E9 -1.294967296E9 -1.294967296E9 -7.94967296E8 -7.94967296E8 2.05032704E8 7.05032704E8 7.05032704E8
35 -1.294967296E9 -1.294967296E9 -1.089934592E9 6.15098112E8 1.02516352E9 1.345294336E9 -1.42450944E9 8.95621376E8 5.10719488E8 -1.579215104E9 -1.43986176E8 3.56013824E8 7.91242752E8 1.791242752E9 -7.9869184E8 7.0130816E8 1.906340864E9 1.341569792E9 1.841569792E9 -2.018168576E9
36 5.0E8 5.0E8 2.0E9 2.0E9 -1.794967296E9 -1.294967296E9 -2.94967296E8 7.05032704E8 7.05032704E8 1.205032704E9 1.205032704E9 -2.089934592E9 -2.089934592E9 -1.589934592E9 -1.089934592E9 -1.089934592E9 -5.89934592E8 -5.89934592E8 -5.89934592E8 -5.89934592E8
37 1.0E9 -1.794967296E9 -1.794967296E9 2.05032704E8 7.05032704E8 1.205032704E9 1.205032704E9 -1.589934592E9 -5.89934592E8 1.910065408E9 -1.384901888E9 -3.84901888E8 1.15098112E8 6.15098112E8 1.115098112E9 2.115098112E9 -1.179869184E9 3.20130816E8 3.20130816E8 3.20130816E8
38 0.0 1.5E9 1.5E9 2.0E9 -2.94967296E8 2.05032704E8 2.05032704E8 7.05032704E8 1.205032704E9 1.705032704E9 -2.089934592E9 -1.589934592E9 -1.089934592E9 -8.9934592E7 9.10065408E8 1.410065408E9 1.410065408E9 1.410065408E9 1.910065408E9 1.910065408E9
39 1.5E9 1.5E9 1.5E9 1.5E9 -1.294967296E9 -2.94967296E8 2.05032704E8 2.05032704E8 2.05032704E8 7.05032704E8 1.205032704E9 1.205032704E9 1.705032704E9 -2.089934592E9 -2.089934592E9 -2.089934592E9 -2.089934592E9 -1.589934592E9 -1.589934592E9 -5.89934592E8
40 1.0E9 1.5E9 -1.294967296E9 -7.94967296E8 -2.94967296E8 -2.94967296E8 -2.94967296E8 -2.94967296E8 -2.94967296E8 -2.94967296E8 -2.94967296E8 2.05032704E8 7.05032704E8 7.05032704E8 1.205032704E9 1.205032704E9 1.705032704E9 -1.589934592E9 -1.089934592E9 -5.89934592E8
41 1.0E9 1.5E9 2.0E9 -1.294967296E9 -1.294967296E9 -7.94967296E8 2.05032704E8 1.205032704E9 1.205032704E9 1.705032704E9 1.705032704E9 1.705032704E9 -1.589934592E9 -1.589934592E9 -1.089934592E9 -8.9934592E7 -8.9934592E7 4.10065408E8 4.10065408E8 4.10065408E8
42 0.0 5.0E8 5.0E8 2.0E9 2.0E9 2.0E9 2.0E9 -1.794967296E9 -1.294967296E9 -1.294967296E9 -2.94967296E8 2.05032704E8 2.05032704E8 7.05032704E8 1.205032704E9 1.205032704E9 1.705032704E9 -1.589934592E9 -1.089934592E9 -5.89934592E8
43 5.0E8 5.0E8 1.0E9 1.0E9 1.0E9 1.0E9 1.5E9 -1.794967296E9 -7.94967296E8 -7.94967296E8 -2.94967296E8 -2.94967296E8 -2.94967296E8 2.05032704E8 7.05032704E8 1.205032704E9 -1.589934592E9 -1.089934592E9 -1.089934592E9 -8.9934592E7
44 0.0 0.0 0.0 0.0 0.0 5.0E8 1.0E9 1.0E9 1.5E9 1.5E9 2.0E9 -1.794967296E9 -1.589934592E9 -1.089934592E9 -8.9934592E7 4.10065408E8 9.10065408E8 9.10065408E8 9.10065408E8 1.410065408E9
45 5.0E8 5.0E8 1.0E9 1.5E9 1.5E9 -1.294967296E9 -1.294967296E9 -1.294967296E9 -1.294967296E9 -1.294967296E9 -1.294967296E9 -1.294967296E9 -7.94967296E8 -2.94967296E8 -2.94967296E8 2.05032704E8 2.05032704E8 7.05032704E8 1.205032704E9 -2.089934592E9
46 1.0E9 1.0E9 2.0E9 2.0E9 2.0E9 -1.794967296E9 -1.794967296E9 -1.794967296E9 -1.294967296E9 -7.94967296E8 -7.94967296E8 -7.94967296E8 -7.94967296E8 2.05032704E8 1.205032704E9 1.205032704E9 1.705032704E9 -2.089934592E9 -2.089934592E9 -2.089934592E9
47 0.0 0.0 1.0E9 1.0E9 1.0E9 1.0E9 2.0E9 -1.794967296E9 -1.794967296E9 -2.089934592E9 -2.089934592E9 -1.589934592E9 -1.589934592E9 -1.089934592E9 -1.089934592E9 -5.89934592E8 -8.9934592E7 -8.9934592E7 4.10065408E8 4.10065408E8
48 0.0 0.0 5.0E8 1.0E9 1.0E9 1.5E9 2.0E9 2.0E9 2.0E9 -1.794967296E9 -1.794967296E9 -1.794967296E9 -1.794967296E9 -1.294967296E9 -1.294967296E9 -1.294967296E9 -7.94967296E8 -2.94967296E8 -2.94967296E8 2.05032704E8
49 0.0 5.0E8 1.0E9 1.0E9 1.0E9 1.0E9 1.5E9 1.5E9 1.5E9 2.0E9 2.0E9 -1.794967296E9 -2.94967296E8 7.05032704E8 1.205032704E9 -2.089934592E9 -1.589934592E9 -1.089934592E9 -1.089934592E9 -5.89934592E8
50 0.0 1.5E9 2.0E9 -7.94967296E8 -7.94967296E8 -2.94967296E8 1.205032704E9 1.205032704E9 1.705032704E9 -2.089934592E9 -1.589934592E9 -1.089934592E9 -5.89934592E8 -5.89934592E8 -8.9934592E7 -8.9934592E7 -8.9934592E7 4.10065408E8 9.10065408E8 1.410065408E9
51 -1.294967296E9 -1.294967296E9 -1.294967296E9 -1.294967296E9 -7.94967296E8 -1.589934592E9 -1.589934592E9 -1.589934592E9 -1.589934592E9 9.10065408E8 1.410065408E9 1.910065408E9 -1.384901888E9 -1.384901888E9 -8.84901888E8 -8.84901888E8 -3.84901888E8 1.615098112E9 2.115098112E9 2.115098112E9
