records: 20
      Record Time
Host  UsedBuffer

  49376.0 98752.0 148128.0 197504.0 246880.0 296256.0 345632.0 395008.0 444384.0 493760.0 543136.0 592512.0 641888.0 691264.0 740640.0 790016.0 839392.0 888768.0 938144.0 987520.0
0 0.0 4000000.0 4000000.0 5000000.0 7000000.0 7000000.0 9000000.0 1.0E7 1.1E7 1.1E7 1.1E7 1.1E7 1.2E7 1.4E7 1.6E7 1.6E7 1.6E7 1.6E7 1.7E7 1.8E7
1 0.0 0.0 1000000.0 1000000.0 1000000.0 1000000.0 2000000.0 3000000.0 4000000.0 4000000.0 4000000.0 5000000.0 6000000.0 7000000.0 7000000.0 7000000.0 9000000.0 9000000.0 1.3E7 1.4E7
2 1000000.0 2000000.0 3000000.0 4000000.0 5000000.0 6000000.0 7000000.0 8000000.0 1.0E7 1.0E7 1.1E7 1.4E7 1.5E7 1.5E7 1.6E7 1.6E7 1.9E7 1.9E7 1.9E7 2.2E7
3 2000000.0 2000000.0 3.4E7 3.5E7 3.7E7 1.3E8 1.61E8 1.71E8 2.24E8 2.44E8 2.66E8 2.91E8 3.23E8 3.24E8 3.25E8 3.26E8 3.27E8 3.27E8 3.27E8 3.27E8
4 5000000.0 1.6E7 5.4E7 5.5E7 8.9E7 1.34E8 1.54E8 1.77E8 2.3E8 2.41E8 2.88E8 2.94E8 3.37E8 3.38E8 3.4E8 3.41E8 3.41E8 4.41E8 4.43E8 4.45E8
5 2000000.0 1.3E7 4.8E7 5.2E7 9.6E7 1.3E8 1.61E8 1.78E8 2.29E8 2.29E8 2.29E8 2.95E8 3.2E8 3.22E8 3.67E8 3.67E8 3.91E8 4.42E8 4.42E8 4.43E8
6 1000000.0 3000000.0 4000000.0 5000000.0 5000000.0 6000000.0 7000000.0 8000000.0 8000000.0 1.0E7 1.3E7 1.5E7 1.6E7 1.6E7 1.6E7 1.8E7 1.8E7 1.9E7 1.9E7 1.9E7
7 1000000.0 3000000.0 4000000.0 4000000.0 5000000.0 6000000.0 8000000.0 9000000.0 9000000.0 1.2E7 1.2E7 1.2E7 1.3E7 1.4E7 1.4E7 1.5E7 1.6E7 1.6E7 1.8E7 1.8E7
8 2000000.0 3000000.0 4000000.0 6000000.0 7.9E7 1.25E8 1.61E8 1.82E8 2.21E8 2.22E8 2.89E8 2.9E8 2.93E8 2.93E8 2.93E8 2.94E8 2.97E8 2.98E8 2.98E8 2.99E8
9 1000000.0 2000000.0 3.6E7 3.7E7 8.8E7 1.23E8 1.61E8 1.7E8 2.04E8 2.04E8 2.67E8 2.94E8 3.24E8 3.24E8 3.24E8 3.24E8 3.24E8 3.25E8 3.25E8 3.26E8
10 0.0 1000000.0 1000000.0 1000000.0 1000000.0 2000000.0 3000000.0 3000000.0 5000000.0 5000000.0 5000000.0 5000000.0 6000000.0 7000000.0 8000000.0 8000000.0 8000000.0 9000000.0 1.0E7 1.1E7
11 0.0 2000000.0 2000000.0 2000000.0 2000000.0 2000000.0 3000000.0 6000000.0 9000000.0 1.2E7 1.3E7 1.5E7 1.5E7 1.5E7 1.6E7 1.7E7 1.8E7 1.8E7 1.8E7 1.8E7
12 0.0 1000000.0 1000000.0 1000000.0 1000000.0 1000000.0 2000000.0 3000000.0 4000000.0 4000000.0 4000000.0 6000000.0 8000000.0 9000000.0 9000000.0 1.2E7 1.3E7 1.3E7 1.4E7 1.5E7
13 1000000.0 1000000.0 2000000.0 3000000.0 3000000.0 3000000.0 3000000.0 4000000.0 4000000.0 4000000.0 4000000.0 4000000.0 4000000.0 4000000.0 4000000.0 5000000.0 6000000.0 7000000.0 1.2E7 1.4E7
14 1000000.0 2000000.0 2000000.0 3000000.0 4000000.0 4000000.0 5000000.0 6000000.0 6000000.0 8000000.0 9000000.0 9000000.0 1.0E7 1.1E7 1.2E7 1.4E7 1.4E7 1.6E7 1.6E7 1.7E7
15 4000000.0 4000000.0 3.6E7 6.7E7 7.2E7 1.34E8 1.49E8 1.67E8 2.21E8 2.44E8 2.87E8 2.88E8 3.25E8 3.25E8 3.48E8 3.48E8 3.48E8 4.25E8 4.25E8 4.25E8
16 1000000.0 1000000.0 1000000.0 1000000.0 1000000.0 1000000.0 3000000.0 5000000.0 6000000.0 6000000.0 7000000.0 8000000.0 1.0E7 1.1E7 1.4E7 1.6E7 1.8E7 2.0E7 2.3E7 2.4E7
17 2000000.0 1.5E7 4.1E7 4.2E7 8.8E7 1.37E8 1.62E8 1.81E8 2.29E8 2.34E8 2.7E8 2.7E8 3.42E8 3.44E8 3.58E8 3.6E8 3.88E8 4.47E8 4.55E8 4.73E8
18 0.0 1000000.0 1000000.0 2000000.0 3000000.0 5000000.0 5000000.0 5000000.0 5000000.0 8000000.0 8000000.0 8000000.0 8000000.0 8000000.0 9000000.0 1.0E7 1.1E7 1.3E7 1.3E7 1.3E7
19 2000000.0 2000000.0 3.7E7 5.4E7 9.0E7 1.32E8 1.61E8 1.79E8 2.3E8 2.32E8 2.87E8 2.95E8 3.36E8 3.36E8 3.51E8 3.57E8 3.86E8 4.42E8 4.48E8 4.7E8
20 0.0 1000000.0 2000000.0 3000000.0 3000000.0 3000000.0 4000000.0 4000000.0 4000000.0 4000000.0 5000000.0 5000000.0 5000000.0 5000000.0 5000000.0 5000000.0 6000000.0 8000000.0 8000000.0 8000000.0
21 1000000.0 3000000.0 3000000.0 3000000.0 3000000.0 3000000.0 5000000.0 7000000.0 8000000.0 8000000.0 1.0E7 1.0E7 1.1E7 1.1E7 1.1E7 1.2E7 1.3E7 1.4E7 1.5E7 1.5E7
22 2000000.0 2000000.0 3000000.0 3000000.0 6000000.0 1.38E8 1.59E8 1.6E8 2.26E8 2.45E8 2.69E8 2.95E8 3.38E8 3.38E8 3.66E8 3.66E8 3.66E8 4.42E8 4.48E8 4.67E8
23 0.0 1000000.0 4000000.0 6000000.0 8000000.0 8000000.0 8000000.0 8000000.0 8000000.0 8000000.0 8000000.0 9000000.0 9000000.0 9000000.0 1.0E7 1.0E7 1.1E7 1.2E7 1.3E7 1.5E7
24 0.0 0.0 0.0 0.0 1000000.0 1000000.0 4000000.0 4000000.0 5000000.0 7000000.0 8000000.0 8000000.0 9000000.0 1.0E7 1.2E7 1.2E7 1.2E7 1.2E7 1.4E7 1.6E7
25 6000000.0 8000000.0 1.0E7 1.3E7 2.0E7 2.2E7 1.44E8 1.75E8 1.79E8 1.79E8 1.8E8 1.8E8 1.8E8 1.81E8 1.81E8 1.81E8 1.81E8 1.86E8 1.88E8 1.88E8
26 0.0 2000000.0 2000000.0 6.6E7 7.2E7 1.35E8 1.5E8 1.66E8 2.3E8 2.4E8 2.73E8 2.86E8 3.23E8 3.23E8 3.67E8 3.69E8 3.92E8 4.39E8 4.39E8 4.64E8
27 1000000.0 1000000.0 1000000.0 2000000.0 2000000.0 3000000.0 3000000.0 3000000.0 5000000.0 5000000.0 5000000.0 7000000.0 7000000.0 1.0E7 1.1E7 1.4E7 1.5E7 1.6E7 1.7E7 1.7E7
28 1000000.0 1000000.0 2000000.0 4000000.0 4000000.0 6000000.0 6000000.0 7000000.0 8000000.0 1.0E7 1.1E7 1.2E7 1.2E7 1.3E7 1.4E7 1.7E7 1.7E7 1.7E7 1.9E7 2.1E7
29 0.0 2000000.0 5000000.0 5000000.0 6000000.0 7000000.0 7000000.0 7000000.0 8000000.0 8000000.0 9000000.0 9000000.0 1.0E7 1.0E7 1.2E7 1.2E7 1.3E7 1.4E7 1.5E7 1.5E7
30 2000000.0 4000000.0 4000000.0 1.1E7 1.3E7 1.5E7 1.7E7 2.2E7 2.9E7 3.0E7 6.2E7 6.4E7 7.5E7 7.5E7 8.3E7 8.4E7 8.4E7 1.13E8 1.13E8 1.13E8
31 3000000.0 3000000.0 5000000.0 6000000.0 8000000.0 8000000.0 8000000.0 9000000.0 1.0E7 1.1E7 1.4E7 1.5E7 1.5E7 1.6E7 1.6E7 1.6E7 1.7E7 1.8E7 1.8E7 1.8E7
32 2000000.0 2000000.0 2000000.0 4000000.0 6000000.0 7000000.0 7000000.0 8000000.0 9000000.0 1.0E7 1.2E7 1.3E7 1.3E7 1.7E7 1.7E7 1.8E7 1.9E7 2.1E7 2.2E7 2.3E7
33 6000000.0 7000000.0 5.5E7 6.9E7 9.8E7 1.4E8 1.53E8 1.71E8 2.35E8 2.49E8 2.77E8 2.78E8 3.29E8 3.29E8 3.73E8 3.77E8 3.98E8 4.46E8 4.47E8 4.7E8
34 6000000.0 6000000.0 1.1E7 1.3E7 1.3E7 1.3E7 1.3E7 1.3E7 1.3E7 1.3E7 1.3E7 1.4E7 1.4E7 1.4E7 1.4E7 1.5E7 1.5E7 1.7E7 1.8E7 1.8E7
35 3000000.0 3000000.0 3000000.0 4000000.0 5000000.0 5000000.0 6000000.0 8000000.0 9000000.0 1.1E7 1.1E7 1.2E7 1.2E7 1.4E7 1.5E7 1.5E7 1.6E7 1.6E7 1.7E7 1.8E7
36 1000000.0 1000000.0 3000000.0 3000000.0 4000000.0 5000000.0 7000000.0 8000000.0 8000000.0 9000000.0 9000000.0 1.1E7 1.1E7 1.2E7 1.3E7 1.3E7 1.4E7 1.4E7 1.4E7 1.4E7
37 2000000.0 2000000.0 2000000.0 2000000.0 3000000.0 4000000.0 4000000.0 6000000.0 8000000.0 1.1E7 1.3E7 1.5E7 1.6E7 1.7E7 1.8E7 2.0E7 2.2E7 2.2E7 2.2E7 2.2E7
38 0.0 3000000.0 3000000.0 4000000.0 8000000.0 9000000.0 9000000.0 1.0E7 1.1E7 1.2E7 1.3E7 1.4E7 1.5E7 1.7E7 1.9E7 2.0E7 2.0E7 2.0E7 2.1E7 2.1E7
39 3000000.0 3000000.0 3000000.0 3000000.0 6000000.0 1.3E7 1.4E7 1.4E7 1.4E7 1.5E7 1.6E7 1.6E7 1.7E7 1.8E7 1.8E7 1.8E7 1.8E7 1.9E7 1.9E7 2.8E7
40 2000000.0 3000000.0 6000000.0 7000000.0 8000000.0 8000000.0 8000000.0 8000000.0 8000000.0 8000000.0 8000000.0 9000000.0 1.0E7 1.0E7 1.1E7 1.1E7 1.2E7 1.4E7 1.5E7 1.6E7
41 2000000.0 3000000.0 4000000.0 6000000.0 6000000.0 7000000.0 9000000.0 1.1E7 1.1E7 1.2E7 1.2E7 1.2E7 1.4E7 1.4E7 1.5E7 1.7E7 1.7E7 1.8E7 1.8E7 1.8E7
42 0.0 1000000.0 1000000.0 4000000.0 4000000.0 4000000.0 4000000.0 5000000.0 6000000.0 6000000.0 8000000.0 9000000.0 9000000.0 1.0E7 1.1E7 1.1E7 1.2E7 1.4E7 1.5E7 1.6E7
43 1000000.0 1000000.0 2000000.0 2000000.0 2000000.0 2000000.0 3000000.0 5000000.0 7000000.0 7000000.0 8000000.0 8000000.0 8000000.0 9000000.0 1.0E7 1.1E7 1.4E7 1.5E7 1.5E7 1.7E7
44 0.0 0.0 0.0 0.0 0.0 1000000.0 2000000.0 2000000.0 3000000.0 3000000.0 4000000.0 5000000.0 5000000.0 6000000.0 8000000.0 9000000.0 1.0E7 1.0E7 1.0E7 1.1E7
45 1000000.0 1000000.0 2000000.0 3000000.0 3000000.0 6000000.0 6000000.0 6000000.0 6000000.0 6000000.0 6000000.0 6000000.0 7000000.0 8000000.0 8000000.0 9000000.0 9000000.0 1.0E7 1.1E7 1.3E7
46 2000000.0 2000000.0 4000000.0 4000000.0 4000000.0 5000000.0 5000000.0 5000000.0 6000000.0 7000000.0 7000000.0 7000000.0 7000000.0 9000000.0 1.1E7 1.1E7 1.2E7 1.3E7 1.3E7 1.3E7
47 0.0 0.0 2000000.0 2000000.0 2000000.0 2000000.0 4000000.0 5000000.0 5000000.0 5000000.0 5000000.0 6000000.0 6000000.0 7000000.0 7000000.0 8000000.0 9000000.0 9000000.0 1.0E7 1.0E7
48 0.0 0.0 1000000.0 2000000.0 2000000.0 3000000.0 4000000.0 4000000.0 4000000.0 5000000.0 5000000.0 5000000.0 5000000.0 6000000.0 6000000.0 6000000.0 7000000.0 8000000.0 8000000.0 9000000.0
49 0.0 1000000.0 2000000.0 2000000.0 2000000.0 2000000.0 3000000.0 3000000.0 3000000.0 4000000.0 4000000.0 5000000.0 8000000.0 1.0E7 1.1E7 1.3E7 1.4E7 1.5E7 1.5E7 1.6E7
50 0.0 3000000.0 4000000.0 7000000.0 7000000.0 8000000.0 1.1E7 1.1E7 1.2E7 1.3E7 1.4E7 1.5E7 1.6E7 1.6E7 3.1E7 3.1E7 3.1E7 3.2E7 3.3E7 3.4E7
51 1000000.0 1000000.0 1000000.0 1000000.0 2000000.0 2000000.0 2000000.0 2000000.0 2000000.0 3000000.0 4000000.0 5000000.0 5000000.0 5000000.0 6000000.0 6000000.0 7000000.0 8000000.0 9000000.0 9000000.0
