0 3350
1 1983
2 4462
3 3278
4 2959
5 2676
6 762
7 1055
8 1526
9 2865
10 545
11 435
12 4371
13 4083
14 2319
15 4024
16 3451
17 976
18 676
19 1394
20 1350
21 2371
22 2488
23 3021
24 3229
25 3092
26 2434
27 2931
28 1996
29 2814
30 3279
31 4084
32 2385
33 2635
34 2411
35 2739
36 2825
37 3205
38 2586
39 3486
40 2590
41 2130
42 4115
43 3606
44 2965
45 2627
46 3217
47 3968
48 3118
49 3942
50 4120
51 3639
52 4258
53 3048
54 1896
55 3721
56 3354
57 3780
58 2783
59 5381
60 3588
61 2390
62 1495
63 3542
64 2375
65 5047
66 3276
67 1992
68 1389
69 3979
70 3170
71 4677
72 3604
73 4763
74 4497
75 4973
76 5464
77 5267
78 5064
79 3919
80 4185
81 5282
82 1441
83 5445
84 2749
85 4151
86 4108
87 5655
88 5245
89 5119
90 4188
91 2013
92 5283
93 1844
94 4159
95 2371
96 657
97 3955
