0 2651
1 1589
2 3619
3 2604
4 2359
5 2068
6 597
7 883
8 1177
9 2108
10 416
11 325
12 3315
13 3340
14 1728
15 2887
16 2628
17 770
18 525
19 1117
20 1134
21 1923
22 1970
23 2476
24 2411
25 2530
26 1879
27 2497
28 1633
29 2326
30 2742
31 3435
32 1824
33 2266
34 1977
35 2288
36 2433
37 2607
38 2134
39 2917
40 2141
41 1699
42 3426
43 2917
44 2457
45 2211
46 2655
47 3207
48 2413
49 3312
50 3388
51 3015
52 3481
53 2514
54 1553
55 2928
56 2818
57 3039
58 2310
59 4483
60 2761
61 1923
62 1219
63 2997
64 1918
65 4190
66 2609
67 1573
68 1168
69 3436
70 2714
71 3989
72 3060
73 3960
74 3770
75 4145
76 4523
77 4381
78 4179
79 3218
80 3511
81 4459
82 1118
83 4340
84 2164
85 3402
86 3408
87 4746
88 4417
89 4125
90 3568
91 1786
92 4341
93 1584
94 3563
95 1808
96 527
97 3383
