0 3350
1 1982
2 4464
3 3281
4 2961
5 2677
6 762
7 1057
8 1528
9 2867
10 545
11 435
12 4371
13 4082
14 2319
15 4024
16 3451
17 975
18 676
19 1394
20 1350
21 2371
22 2488
23 3022
24 3229
25 3093
26 2433
27 2931
28 1997
29 2816
30 3280
31 4085
32 2386
33 2635
34 2410
35 2737
36 2828
37 3206
38 2585
39 3487
40 2590
41 2130
42 4115
43 3605
44 2965
45 2628
46 3217
47 3968
48 3119
49 3943
50 4116
51 3640
52 4257
53 3048
54 1891
55 3722
56 3353
57 3779
58 2784
59 5382
60 3592
61 2390
62 1495
63 3542
64 2375
65 5047
66 3276
67 1991
68 1388
69 3979
70 3167
71 4673
72 3604
73 4763
74 4498
75 4969
76 5467
77 5267
78 5062
79 3919
80 4185
81 5286
82 1441
83 5446
84 2749
85 4152
86 4108
87 5651
88 5246
89 5120
90 4187
91 2014
92 5284
93 1845
94 4158
95 2371
96 657
97 3952
