records: 1
      Record Time
Host  UsedBuffer

  16870.0
0 8000000.0
1 7000000.0
2 8000000.0
3 8000000.0
4 6000000.0
5 2000000.0
6 2000000.0
7 4000000.0
8 0.0
9 0.0
10 0.0
11 0.0
12 8000000.0
13 8000000.0
14 8000000.0
15 8000000.0
16 8000000.0
17 7000000.0
18 8000000.0
19 8000000.0
20 5000000.0
21 8000000.0
22 8000000.0
23 4000000.0
24 8000000.0
25 8000000.0
26 8000000.0
27 8000000.0
28 8000000.0
29 6000000.0
30 4000000.0
31 8000000.0
32 4000000.0
33 1000000.0
34 8000000.0
35 8000000.0
36 4000000.0
37 4000000.0
38 6000000.0
39 8000000.0
40 2000000.0
41 8000000.0
42 8000000.0
43 6000000.0
44 8000000.0
45 6000000.0
46 8000000.0
47 8000000.0
48 8000000.0
49 8000000.0
50 8000000.0
51 8000000.0
52 8000000.0
53 4000000.0
54 4000000.0
55 8000000.0
56 8000000.0
57 4000000.0
58 8000000.0
59 8000000.0
60 8000000.0
61 4000000.0
62 8000000.0
63 8000000.0
64 4000000.0
65 8000000.0
66 8000000.0
67 5000000.0
68 5000000.0
69 8000000.0
70 8000000.0
71 7000000.0
72 8000000.0
73 8000000.0
74 8000000.0
75 6000000.0
76 8000000.0
77 0.0
78 8000000.0
79 8000000.0
80 8000000.0
81 6000000.0
82 8000000.0
83 8000000.0
84 8000000.0
85 8000000.0
86 7000000.0
87 8000000.0
88 8000000.0
89 8000000.0
90 8000000.0
91 8000000.0
92 8000000.0
93 4000000.0
94 8000000.0
95 8000000.0
96 8000000.0
97 8000000.0
