records: 20
      Record Time
Host  UsedBuffer

  17959.0 35918.0 53877.0 71836.0 89795.0 107754.0 125713.0 143672.0 161631.0 179590.0 197549.0 215508.0 233467.0 251426.0 269385.0 287344.0 305303.0 323262.0 341221.0 359180.0
0 1.2E7 1.3E7 1.6E7 1.8E7 5.6E7 6.7E7 7.6E7 7.9E7 8.1E7 9.0E7 9.7E7 9.7E7 1.0E8 1.01E8 1.08E8 1.1E8 1.11E8 1.12E8 1.61E8 2.54E8
1 1.0E7 1.3E7 1.3E7 1.3E7 5.9E7 7.0E7 7.8E7 7.9E7 8.0E7 8.0E7 8.7E7 1.08E8 1.12E8 1.16E8 1.3E8 1.32E8 1.34E8 1.35E8 1.82E8 2.66E8
2 7000000.0 1.2E7 1.9E7 2.3E7 5.8E7 6.8E7 7.5E7 7.8E7 8.0E7 8.2E7 1.01E8 1.11E8 1.12E8 1.21E8 1.22E8 1.24E8 1.25E8 1.25E8 1.78E8 2.51E8
3 1.3E7 1.6E7 1.7E7 1.8E7 5.8E7 6.7E7 7.6E7 7.7E7 7.8E7 7.8E7 1.02E8 1.14E8 1.16E8 1.19E8 1.3E8 1.31E8 1.31E8 1.35E8 1.38E8 2.41E8
4 1.3E7 1.5E7 1.6E7 1.8E7 1.9E7 2.2E7 2.5E7 2.7E7 2.9E7 3.2E7 3.4E7 3.7E7 3.8E7 4.1E7 4.2E7 5.0E7 5.2E7 5.3E7 5.4E7 2.48E8
5 1.1E7 1.4E7 1.5E7 1.8E7 6.1E7 7.1E7 7.3E7 7.3E7 7.7E7 7.8E7 8.0E7 8.1E7 8.1E7 8.4E7 8.6E7 8.9E7 9.4E7 9.5E7 2.0E8 2.59E8
6 3000000.0 3000000.0 4000000.0 7000000.0 1.1E7 1.2E7 1.2E7 1.4E7 1.5E7 1.6E7 1.7E7 1.8E7 2.0E7 2.0E7 2.1E7 2.2E7 2.5E7 2.8E7 3.1E7 3.1E7
7 1.0E7 1.3E7 1.3E7 1.4E7 1.5E7 1.5E7 1.6E7 1.8E7 2.0E7 2.3E7 2.3E7 2.5E7 2.7E7 2.8E7 3.0E7 3.1E7 3.2E7 3.3E7 1.96E8 2.51E8
8 2000000.0 5000000.0 1.1E7 1.3E7 1.4E7 1.5E7 1.6E7 1.9E7 2.0E7 2.2E7 2.4E7 2.6E7 2.6E7 2.8E7 3.2E7 3.3E7 3.3E7 3.6E7 3.6E7 3.8E7
