0 3350
1 1981
2 4463
3 3280
4 2959
5 2677
6 762
7 1050
8 1527
9 2866
10 545
11 435
12 4368
13 4082
14 2319
15 4023
16 3451
17 976
18 676
19 1394
20 1350
21 2371
22 2484
23 3022
24 3229
25 3093
26 2433
27 2930
28 1997
29 2813
30 3281
31 4084
32 2386
33 2634
34 2411
35 2737
36 2825
37 3204
38 2585
39 3486
40 2590
41 2130
42 4114
43 3605
44 2965
45 2627
46 3217
47 3967
48 3118
49 3944
50 4116
51 3639
52 4257
53 3048
54 1891
55 3721
56 3353
57 3778
58 2781
59 5382
60 3591
61 2390
62 1495
63 3542
64 2375
65 5047
66 3276
67 1990
68 1388
69 3978
70 3166
71 4674
72 3604
73 4763
74 4496
75 4970
76 5465
77 5266
78 5059
79 3919
80 4184
81 5288
82 1441
83 5446
84 2749
85 4151
86 4107
87 5653
88 5245
89 5116
90 4187
91 2014
92 5285
93 1844
94 4157
95 2371
96 657
97 3953
