0 3350
1 1982
2 4464
3 3281
4 2960
5 2675
6 762
7 1057
8 1526
9 2866
10 545
11 435
12 4370
13 4082
14 2319
15 4023
16 3450
17 975
18 676
19 1394
20 1350
21 2371
22 2490
23 3022
24 3230
25 3092
26 2433
27 2931
28 1996
29 2815
30 3280
31 4085
32 2386
33 2635
34 2412
35 2739
36 2826
37 3205
38 2585
39 3487
40 2590
41 2130
42 4114
43 3607
44 2966
45 2627
46 3217
47 3968
48 3118
49 3943
50 4116
51 3640
52 4257
53 3048
54 1891
55 3723
56 3355
57 3780
58 2782
59 5381
60 3591
61 2390
62 1495
63 3542
64 2375
65 5047
66 3276
67 1991
68 1388
69 3979
70 3167
71 4673
72 3604
73 4763
74 4497
75 4970
76 5464
77 5267
78 5058
79 3919
80 4184
81 5285
82 1441
83 5447
84 2749
85 4152
86 4108
87 5654
88 5245
89 5119
90 4186
91 2014
92 5285
93 1845
94 4157
95 2371
96 657
97 3954
