records: 20
      Record Time
Host  UsedBuffer

  49376.0 98752.0 148128.0 197504.0 246880.0 296256.0 345632.0 395008.0 444384.0 493760.0 543136.0 592512.0 641888.0 691264.0 740640.0 790016.0 839392.0 888768.0 938144.0 987520.0
0 0.0 1.0E9 1.0E9 1.25E9 1.75E9 1.75E9 -2.044967296E9 -1.794967296E9 -1.544967296E9 -1.544967296E9 -1.544967296E9 -1.544967296E9 -1.294967296E9 -7.94967296E8 -2.94967296E8 -2.94967296E8 -2.94967296E8 -2.94967296E8 -4.4967296E7 2.05032704E8
1 0.0 0.0 2.5E8 2.5E8 2.5E8 2.5E8 5.0E8 7.5E8 1.0E9 1.0E9 1.0E9 1.25E9 1.5E9 1.75E9 1.75E9 1.75E9 -2.044967296E9 -2.044967296E9 -1.044967296E9 -7.94967296E8
2 -2.044967296E9 -1.794967296E9 2.05032704E8 1.955032704E9 -8.9934592E7 1.730196224E9 -8.59738368E8 6.40261632E8 9.15425152E8 1.165425152E9 -2.059411328E9 -1.309411328E9 -1.14934592E9 -1.14934592E9 -8.9934592E8 -8.9934592E8 -1.4934592E8 1.080850304E9 1.080850304E9 1.990915712E9
3 7.5E8 7.5E8 -3.39934592E8 -8.9934592E7 4.10065408E8 -1.564771072E9 -2.109738368E9 1.390261632E9 6.65425152E8 1.165425152E9 -1.7450944E8 3.2549056E8 -1.14934592E9 -8.9934592E8 -6.4934592E8 -3.9934592E8 -1.4934592E8 -1.4934592E8 -1.4934592E8 -1.4934592E8
4 1.25E9 1.25E9 2.05032704E8 4.55032704E8 1.455032704E9 9.35228928E8 1.435228928E9 1.685228928E9 -3.34574848E8 -8.4574848E7 1.235555968E9 1.485555968E9 1.0065408E8 3.5065408E8 8.5065408E8 1.10065408E9 1.10065408E9 -1.69149696E8 3.30850304E8 8.30850304E8
5 2.5E8 7.5E8 1.0E9 1.25E9 1.5E9 1.75E9 1.75E9 1.75E9 2.0E9 2.0E9 2.0E9 2.0E9 -1.794967296E9 -1.294967296E9 -1.044967296E9 -1.044967296E9 -7.94967296E8 -4.4967296E7 -4.4967296E7 2.05032704E8
6 2.0E9 -1.794967296E9 -1.339934592E9 -8.39934592E8 -8.9934592E7 1.230196224E9 6.40261632E8 -1.904705664E9 1.415425152E9 -2.129542144E9 1.235555968E9 1.735555968E9 -8.9934592E8 -8.9934592E8 -8.9934592E8 -3.9934592E8 8.5065408E8 -1.464116992E9 -1.464116992E9 -1.464116992E9
7 2.5E8 7.5E8 1.5E9 1.5E9 -7.94967296E8 1.60065408E8 6.60065408E8 -1.494640256E9 -1.494640256E9 -7.44640256E8 1.210392448E9 1.210392448E9 1.460392448E9 1.710392448E9 1.710392448E9 1.960392448E9 -2.084574848E9 1.82549056E9 -1.969476736E9 -1.969476736E9
8 0.0 2.5E8 5.0E8 5.0E8 5.0E8 7.5E8 1.0E9 1.5E9 1.5E9 1.75E9 1.75E9 2.0E9 -2.044967296E9 -2.044967296E9 -2.044967296E9 -1.794967296E9 -1.044967296E9 -7.94967296E8 -7.94967296E8 -5.44967296E8
9 0.0 2.5E8 2.5E8 5.0E8 5.0E8 7.5E8 7.5E8 7.5E8 1.0E9 1.0E9 1.25E9 1.25E9 1.75E9 1.75E9 1.75E9 1.75E9 1.75E9 2.0E9 2.0E9 -2.044967296E9
10 1.25E9 1.75E9 -4.4967296E7 -4.4967296E7 4.55032704E8 -2.064771072E9 -1.564771072E9 1.890261632E9 1.05032704E9 1.05032704E9 1.235555968E9 1.235555968E9 1.395621376E9 -3.9934592E8 1.0065408E8 1.0065408E8 8.5065408E8 -1.241824E8 1.258176E8 3.758176E8
11 1.75E9 -2.044967296E9 -2.044967296E9 -2.044967296E9 -2.044967296E9 -2.044967296E9 -1.794967296E9 9.55032704E8 1.705032704E9 -1.839934592E9 9.85555968E8 1.485555968E9 6.0065408E8 6.0065408E8 8.5065408E8 1.10065408E9 1.35065408E9 5.80850304E8 5.80850304E8 5.80850304E8
12 7.5E8 1.0E9 1.5E9 1.5E9 -1.294967296E9 2.516352E7 -1.019803776E9 1.80032704E9 -1.879542144E9 -1.879542144E9 -1.879542144E9 -1.379542144E9 -1.92450944E9 -1.67450944E9 1.235555968E9 1.985555968E9 -5.59411328E8 5.10719488E8 8.0850304E7 1.535883008E9
13 1.0E9 1.0E9 -1.089934592E9 -8.39934592E8 -8.39934592E8 6.85228928E8 -1.359738368E9 1.640261632E9 1.165425152E9 1.165425152E9 3.2549056E8 3.2549056E8 -3.9934592E8 -3.9934592E8 -9.44313216E8 -6.94313216E8 8.05686784E8 -1.169149696E9 5.80850304E8 9.90915712E8
14 2.5E8 5.0E8 5.0E8 7.5E8 1.0E9 1.0E9 1.25E9 1.5E9 1.5E9 2.0E9 -2.044967296E9 -2.044967296E9 -1.794967296E9 -1.544967296E9 -1.294967296E9 -7.94967296E8 -7.94967296E8 -2.94967296E8 -2.94967296E8 -4.4967296E7
15 5.0E8 5.0E8 5.0E8 5.0E8 5.0E8 1.0E9 1.5E9 1.75E9 -2.044967296E9 -2.044967296E9 -2.044967296E9 -1.794967296E9 -1.544967296E9 -1.544967296E9 -1.544967296E9 -1.544967296E9 -1.544967296E9 -1.544967296E9 -1.544967296E9 -1.544967296E9
16 2.5E8 2.5E8 2.5E8 2.5E8 2.5E8 2.5E8 7.5E8 1.25E9 1.5E9 1.5E9 1.75E9 2.0E9 -1.794967296E9 -1.544967296E9 -7.94967296E8 -2.94967296E8 2.05032704E8 7.05032704E8 1.455032704E9 1.705032704E9
17 7.5E8 -1.294967296E9 -1.089934592E9 -8.39934592E8 1.60065408E8 6.85228928E8 -1.609738368E9 -1.109738368E9 6.65425152E8 6.65425152E8 8.2549056E8 8.2549056E8 1.35065408E9 1.85065408E9 8.05686784E8 1.305686784E9 1.305686784E9 8.30850304E8 -1.214116992E9 -1.304051584E9
18 0.0 2.5E8 2.5E8 5.0E8 7.5E8 1.25E9 1.25E9 1.25E9 1.25E9 2.0E9 2.0E9 2.0E9 2.0E9 2.0E9 -2.044967296E9 -1.794967296E9 -1.544967296E9 -1.044967296E9 -1.044967296E9 -1.044967296E9
19 1.0E9 1.0E9 -1.044967296E9 2.05032704E8 -3.39934592E8 -8.14771072E8 -1.359738368E9 1.890261632E9 -8.4574848E7 4.15425152E8 1.235555968E9 1.735555968E9 1.0065408E8 1.0065408E8 -6.94313216E8 -6.94313216E8 -4.44313216E8 8.0850304E7 1.830850304E9 1.990915712E9
20 0.0 2.5E8 5.0E8 7.5E8 7.5E8 7.5E8 1.0E9 1.0E9 1.0E9 1.0E9 1.25E9 1.25E9 1.25E9 1.25E9 1.25E9 1.25E9 1.5E9 2.0E9 2.0E9 2.0E9
21 1.25E9 1.75E9 -2.044967296E9 -1.794967296E9 -1.794967296E9 -1.564771072E9 -6.09738368E8 -1.994640256E9 1.165425152E9 1.165425152E9 7.35555968E8 7.35555968E8 3.95621376E8 3.95621376E8 6.45621376E8 8.95621376E8 1.145621376E9 -1.169149696E9 8.0850304E7 9.90915712E8
22 1.0E9 1.0E9 1.25E9 1.25E9 2.0E9 -4.29869184E8 1.27516352E9 1.52516352E9 1.415425152E9 1.915425152E9 8.2549056E8 8.2549056E8 3.5065408E8 3.5065408E8 3.5065408E8 3.5065408E8 3.5065408E8 8.0850304E7 2.080850304E9 2.40915712E8
23 0.0 2.5E8 1.0E9 1.5E9 2.0E9 2.0E9 2.0E9 2.0E9 2.0E9 2.0E9 2.0E9 -2.044967296E9 -2.044967296E9 -2.044967296E9 -1.794967296E9 -1.794967296E9 -1.544967296E9 -1.294967296E9 -1.044967296E9 -5.44967296E8
24 1.25E9 1.25E9 -1.339934592E9 -1.089934592E9 -8.39934592E8 -1.314771072E9 -1.09738368E8 -1.994640256E9 -1.879542144E9 -1.129542144E9 5.7549056E8 5.7549056E8 -1.39934592E9 -1.14934592E9 -6.4934592E8 -6.4934592E8 3.5065408E8 -1.169149696E9 -6.69149696E8 1.490915712E9
25 1.5E9 2.0E9 -1.794967296E9 -1.544967296E9 2.05032704E8 1.205032704E9 -8.39934592E8 5.70130816E8 1.570130816E9 1.570130816E9 1.820130816E9 1.820130816E9 1.820130816E9 2.070130816E9 2.070130816E9 2.070130816E9 2.070130816E9 -9.7483648E8 -4.7483648E8 -4.7483648E8
26 0.0 5.0E8 5.0E8 1.75E9 -2.044967296E9 -1.044967296E9 -1.339934592E9 -1.994640256E9 -3.34574848E8 -3.34574848E8 7.35555968E8 7.35555968E8 6.45621376E8 6.45621376E8 1.145621376E9 1.645621376E9 1.895621376E9 1.580850304E9 1.580850304E9 1.740915712E9
27 2.0E9 2.0E9 -1.794967296E9 -1.294967296E9 -1.294967296E9 7.30196224E8 1.40261632E8 -4.4967296E8 5.032704E7 3.0032704E8 9.85555968E8 1.485555968E9 -1.14934592E9 -3.9934592E8 -1.4934592E8 6.0065408E8 8.5065408E8 1.1258176E9 1.080850304E9 1.490915712E9
28 1.5E9 1.75E9 1.955032704E9 -1.839934592E9 -1.839934592E9 1.320130816E9 1.980196224E9 -1.564771072E9 1.890261632E9 -1.904705664E9 1.235555968E9 1.485555968E9 -6.4934592E8 -1.4934592E8 3.5065408E8 1.10065408E9 1.10065408E9 3.758176E8 8.758176E8 1.3758176E9
29 0.0 5.0E8 1.25E9 1.25E9 1.5E9 1.75E9 1.75E9 1.75E9 2.0E9 2.0E9 -2.044967296E9 -2.044967296E9 -1.794967296E9 -1.794967296E9 -1.294967296E9 -1.294967296E9 -1.044967296E9 -7.94967296E8 -5.44967296E8 -5.44967296E8
30 2.5E8 2.5E8 2.5E8 5.0E8 1.0E9 1.5E9 2.0E9 2.0E9 -1.544967296E9 -1.294967296E9 -5.44967296E8 -4.4967296E7 -4.4967296E7 -4.4967296E7 2.05032704E8 4.55032704E8 4.55032704E8 7.05032704E8 7.05032704E8 7.05032704E8
31 -1.794967296E9 -1.794967296E9 -7.94967296E8 -2.94967296E8 4.55032704E8 -1.314771072E9 -3.59738368E8 -1.994640256E9 6.65425152E8 9.15425152E8 9.85555968E8 1.235555968E9 1.645621376E9 1.895621376E9 1.895621376E9 1.895621376E9 2.145621376E9 -1.69149696E8 -1.69149696E8 4.90915712E8
32 1.25E9 1.25E9 -8.39934592E8 -3.39934592E8 6.60065408E8 -8.14771072E8 -8.14771072E8 -6.4771072E7 6.65425152E8 1.165425152E9 8.2549056E8 1.07549056E9 1.10065408E9 2.10065408E9 5.5686784E7 3.05686784E8 5.55686784E8 5.80850304E8 8.30850304E8 -1.804051584E9
33 0.0 2.5E8 5.0E8 7.5E8 1.0E9 1.75E9 1.75E9 2.0E9 2.0E9 -1.794967296E9 -1.544967296E9 -1.294967296E9 -1.044967296E9 -1.044967296E9 -1.044967296E9 -1.044967296E9 -7.94967296E8 -7.94967296E8 -7.94967296E8 -7.94967296E8
34 1.5E9 1.5E9 -4.4967296E7 4.55032704E8 4.55032704E8 4.55032704E8 4.55032704E8 4.55032704E8 4.55032704E8 4.55032704E8 4.55032704E8 7.05032704E8 7.05032704E8 7.05032704E8 7.05032704E8 9.55032704E8 9.55032704E8 1.455032704E9 1.705032704E9 1.705032704E9
35 7.5E8 7.5E8 7.5E8 1.0E9 1.25E9 1.25E9 1.5E9 2.0E9 -2.044967296E9 -1.544967296E9 -1.544967296E9 -1.294967296E9 -1.294967296E9 -7.94967296E8 -5.44967296E8 -5.44967296E8 -2.94967296E8 -2.94967296E8 -4.4967296E7 2.05032704E8
36 2.5E8 2.5E8 1.25E9 1.25E9 1.5E9 1.75E9 -2.044967296E9 -1.544967296E9 -1.544967296E9 -1.294967296E9 -1.294967296E9 -7.94967296E8 -7.94967296E8 -5.44967296E8 -2.94967296E8 -2.94967296E8 -4.4967296E7 -4.4967296E7 -4.4967296E7 -4.4967296E7
37 5.0E8 7.5E8 7.5E8 -1.044967296E9 -7.94967296E8 -4.4967296E7 -4.4967296E7 4.55032704E8 9.55032704E8 -1.339934592E9 -8.39934592E8 -3.39934592E8 1.60065408E8 4.10065408E8 9.10065408E8 1.410065408E9 1.910065408E9 1.910065408E9 1.910065408E9 1.910065408E9
38 0.0 7.5E8 7.5E8 1.0E9 2.0E9 -2.044967296E9 -2.044967296E9 -1.794967296E9 -1.544967296E9 -1.294967296E9 -1.044967296E9 -7.94967296E8 -5.44967296E8 -4.4967296E7 4.55032704E8 7.05032704E8 7.05032704E8 7.05032704E8 9.55032704E8 9.55032704E8
39 7.5E8 7.5E8 7.5E8 7.5E8 1.5E9 2.0E9 -2.044967296E9 -2.044967296E9 -2.044967296E9 -1.794967296E9 -1.544967296E9 -1.544967296E9 -1.294967296E9 -1.044967296E9 -1.044967296E9 -1.044967296E9 -1.044967296E9 -7.94967296E8 -7.94967296E8 -2.94967296E8
40 5.0E8 7.5E8 1.5E9 1.75E9 2.0E9 2.0E9 2.0E9 2.0E9 2.0E9 2.0E9 2.0E9 -2.044967296E9 -1.794967296E9 -1.794967296E9 -1.544967296E9 -1.544967296E9 -1.294967296E9 -7.94967296E8 -5.44967296E8 -2.94967296E8
41 5.0E8 7.5E8 1.0E9 1.5E9 1.5E9 1.75E9 -2.044967296E9 -1.544967296E9 -1.544967296E9 -1.294967296E9 -1.294967296E9 -1.294967296E9 -7.94967296E8 -7.94967296E8 -5.44967296E8 -4.4967296E7 -4.4967296E7 2.05032704E8 2.05032704E8 2.05032704E8
42 0.0 2.5E8 2.5E8 1.0E9 1.0E9 1.0E9 1.0E9 1.25E9 1.5E9 1.5E9 2.0E9 -2.044967296E9 -2.044967296E9 -1.794967296E9 -1.544967296E9 -1.544967296E9 -1.294967296E9 -7.94967296E8 -5.44967296E8 -2.94967296E8
43 2.5E8 2.5E8 5.0E8 5.0E8 5.0E8 5.0E8 7.5E8 1.25E9 1.75E9 1.75E9 2.0E9 2.0E9 2.0E9 -2.044967296E9 -1.794967296E9 -1.544967296E9 -7.94967296E8 -5.44967296E8 -5.44967296E8 -4.4967296E7
44 0.0 0.0 0.0 0.0 0.0 2.5E8 5.0E8 5.0E8 7.5E8 7.5E8 1.0E9 1.25E9 6.60065408E8 9.10065408E8 1.410065408E9 1.660065408E9 1.910065408E9 1.910065408E9 1.910065408E9 -2.134901888E9
45 2.5E8 2.5E8 5.0E8 7.5E8 7.5E8 1.5E9 1.5E9 1.5E9 1.5E9 1.5E9 1.5E9 1.5E9 1.75E9 2.0E9 2.0E9 -2.044967296E9 -2.044967296E9 -1.794967296E9 -1.544967296E9 -1.044967296E9
46 5.0E8 5.0E8 1.0E9 1.0E9 1.0E9 1.25E9 1.25E9 1.25E9 1.5E9 1.75E9 1.75E9 1.75E9 1.75E9 -2.044967296E9 -1.544967296E9 -1.544967296E9 -1.294967296E9 -1.044967296E9 -1.044967296E9 -1.044967296E9
47 0.0 0.0 5.0E8 5.0E8 5.0E8 5.0E8 1.0E9 1.25E9 1.25E9 1.25E9 1.25E9 1.5E9 1.5E9 1.75E9 1.75E9 2.0E9 -2.044967296E9 -2.044967296E9 -1.794967296E9 -1.794967296E9
48 0.0 0.0 2.5E8 5.0E8 5.0E8 7.5E8 1.0E9 1.0E9 1.0E9 1.25E9 1.25E9 1.25E9 1.25E9 1.5E9 1.5E9 1.5E9 1.75E9 2.0E9 2.0E9 -2.044967296E9
49 0.0 2.5E8 5.0E8 5.0E8 5.0E8 5.0E8 7.5E8 7.5E8 7.5E8 1.0E9 1.0E9 1.25E9 2.0E9 -1.794967296E9 -1.544967296E9 -1.044967296E9 -7.94967296E8 -5.44967296E8 -5.44967296E8 -2.94967296E8
50 0.0 7.5E8 1.0E9 1.75E9 1.75E9 2.0E9 -1.544967296E9 -1.544967296E9 -1.294967296E9 -1.044967296E9 -7.94967296E8 -5.44967296E8 -2.94967296E8 -2.94967296E8 -4.4967296E7 -4.4967296E7 -4.4967296E7 2.05032704E8 4.55032704E8 7.05032704E8
51 1.25E9 1.25E9 1.25E9 1.25E9 1.5E9 4.55032704E8 4.55032704E8 4.55032704E8 4.55032704E8 -1.589934592E9 -1.339934592E9 -1.089934592E9 -2.134901888E9 -2.134901888E9 -1.884901888E9 -1.884901888E9 -1.634901888E9 1.615098112E9 1.865098112E9 1.865098112E9
