records: 20
      Record Time
Host  UsedBuffer

  17959.0 35918.0 53877.0 71836.0 89795.0 107754.0 125713.0 143672.0 161631.0 179590.0 197549.0 215508.0 233467.0 251426.0 269385.0 287344.0 305303.0 323262.0 341221.0 359180.0
0 -1.544967296E9 -1.294967296E9 -5.44967296E8 -4.4967296E7 -3.39934592E8 -9.29869184E8 1.570130816E9 -1.97483648E9 -1.47483648E9 -4.7483648E8 -1.519803776E9 -1.519803776E9 -7.69803776E8 -5.19803776E8 -6.4771072E7 4.35228928E8 6.85228928E8 9.35228928E8 1.685228928E9 1.095294336E9
1 1.75E9 -1.544967296E9 -1.544967296E9 -1.544967296E9 1.410065408E9 -6.79869184E8 2.070130816E9 -1.97483648E9 -1.72483648E9 -1.72483648E9 -1.22483648E9 1.230196224E9 -2.064771072E9 -8.14771072E8 -1.109738368E9 -6.09738368E8 -1.09738368E8 1.40261632E8 1.390261632E9 -6.9967296E8
2 2.5E8 7.5E8 1.25E9 1.5E9 -2.044967296E9 -1.044967296E9 -7.94967296E8 -5.44967296E8 -2.94967296E8 -4.4967296E7 4.55032704E8 1.455032704E9 1.705032704E9 1.705032704E9 1.955032704E9 -1.839934592E9 -1.589934592E9 -1.589934592E9 -1.589934592E9 -1.089934592E9
3 2.5E8 7.5E8 1.0E9 1.25E9 1.75E9 -2.044967296E9 -1.544967296E9 -1.294967296E9 -1.044967296E9 -1.044967296E9 -4.4967296E7 2.05032704E8 7.05032704E8 1.455032704E9 1.955032704E9 -2.089934592E9 -2.089934592E9 -1.089934592E9 -3.39934592E8 4.10065408E8
4 -1.544967296E9 -1.044967296E9 -7.94967296E8 -2.94967296E8 -4.4967296E7 7.05032704E8 1.455032704E9 1.955032704E9 -1.839934592E9 -1.089934592E9 -5.89934592E8 1.60065408E8 4.10065408E8 1.160065408E9 1.410065408E9 1.910065408E9 -1.884901888E9 -1.634901888E9 -1.384901888E9 -3.84901888E8
5 2.0E9 -1.794967296E9 -1.544967296E9 -7.94967296E8 1.60065408E8 -6.79869184E8 -1.79869184E8 -1.79869184E8 8.20130816E8 1.070130816E9 1.570130816E9 1.820130816E9 1.820130816E9 -1.72483648E9 -1.22483648E9 -4.7483648E8 7.7516352E8 1.02516352E9 1.77516352E9 -1.814771072E9
6 -1.794967296E9 -1.794967296E9 -1.544967296E9 -7.94967296E8 -1.134901888E9 -9.29869184E8 -4.29869184E8 7.0130816E7 3.20130816E8 5.70130816E8 8.20130816E8 1.070130816E9 1.570130816E9 -7.2483648E8 1.185228928E9 -1.359738368E9 -6.09738368E8 1.40261632E8 8.90261632E8 2.095294336E9
7 7.5E8 1.25E9 1.25E9 1.5E9 1.75E9 1.75E9 2.0E9 -1.794967296E9 -1.294967296E9 -5.44967296E8 -5.44967296E8 -4.4967296E7 4.55032704E8 7.05032704E8 1.205032704E9 1.455032704E9 1.705032704E9 1.955032704E9 1.955032704E9 1.955032704E9
8 1.5E9 -1.544967296E9 4.55032704E8 1.205032704E9 -1.884901888E9 -1.179869184E9 1.320130816E9 2.070130816E9 -1.72483648E9 -1.22483648E9 -2.69803776E8 -1.814771072E9 -1.814771072E9 1.85228928E8 -3.59738368E8 1.40261632E8 1.40261632E8 8.90261632E8 9.5294336E7 1.845294336E9
