0 3352
1 1982
2 4469
3 3286
4 2962
5 2677
6 763
7 1049
8 1525
9 2868
10 545
11 435
12 4372
13 4084
14 2319
15 4022
16 3452
17 976
18 676
19 1394
20 1352
21 2371
22 2487
23 3021
24 3229
25 3093
26 2435
27 2932
28 1997
29 2815
30 3280
31 4083
32 2388
33 2637
34 2409
35 2740
36 2828
37 3206
38 2583
39 3489
40 2591
41 2130
42 4121
43 3608
44 2968
45 2628
46 3218
47 3971
48 3122
49 3944
50 4117
51 3643
52 4260
53 3051
54 1896
55 3725
56 3356
57 3780
58 2785
59 5384
60 3588
61 2390
62 1495
63 3543
64 2377
65 5048
66 3276
67 1995
68 1389
69 3977
70 3168
71 4675
72 3603
73 4765
74 4496
75 4970
76 5464
77 5268
78 5061
79 3920
80 4186
81 5282
82 1441
83 5450
84 2749
85 4155
86 4108
87 5658
88 5245
89 5119
90 4186
91 2012
92 5283
93 1847
94 4156
95 2371
96 657
97 3954
