0 3349
1 1981
2 4465
3 3279
4 2959
5 2677
6 762
7 1051
8 1527
9 2865
10 547
11 435
12 4371
13 4083
14 2319
15 4026
16 3450
17 977
18 676
19 1395
20 1349
21 2371
22 2487
23 3029
24 3232
25 3093
26 2434
27 2930
28 1995
29 2814
30 3280
31 4083
32 2388
33 2635
34 2410
35 2738
36 2826
37 3206
38 2585
39 3486
40 2590
41 2131
42 4116
43 3603
44 2969
45 2628
46 3218
47 3968
48 3119
49 3946
50 4119
51 3639
52 4259
53 3050
54 1893
55 3722
56 3357
57 3780
58 2784
59 5387
60 3592
61 2390
62 1494
63 3546
64 2374
65 5048
66 3277
67 1993
68 1388
69 3977
70 3169
71 4673
72 3604
73 4767
74 4498
75 4973
76 5467
77 5268
78 5057
79 3920
80 4183
81 5288
82 1441
83 5447
84 2749
85 4152
86 4108
87 5653
88 5244
89 5119
90 4186
91 2013
92 5284
93 1844
94 4157
95 2371
96 657
97 3954
