records: 20
      Record Time
Host  UsedBuffer

  16870.0 33740.0 50610.0 67480.0 84350.0 101220.0 118090.0 134960.0 151830.0 168700.0 185570.0 202440.0 219310.0 236180.0 253050.0 269920.0 286790.0 303660.0 320530.0 337400.0
0 5.0E8 5.0E8 5.0E8 1.5E9 1.5E9 1.5E9 1.5E9 1.5E9 2.0E9 2.0E9 2.0E9 2.0E9 2.0E9 2.0E9 2.0E9 2.0E9 2.0E9 2.0E9 2.0E9 2.0E9
1 0.0 5.0E8 5.0E8 1.0E9 1.0E9 1.5E9 1.5E9 1.5E9 1.5E9 1.5E9 2.0E9 2.0E9 2.0E9 2.0E9 2.0E9 2.0E9 2.0E9 2.0E9 2.0E9 2.0E9
2 0.0 0.0 0.0 0.0 0.0 1.0E9 1.0E9 1.5E9 1.5E9 1.5E9 1.5E9 2.0E9 2.0E9 2.0E9 2.0E9 -1.794967296E9 -1.294967296E9 -1.294967296E9 -1.294967296E9 -1.294967296E9
3 0.0 0.0 0.0 0.0 0.0 0.0 5.0E8 5.0E8 5.0E8 5.0E8 5.0E8 5.0E8 5.0E8 5.0E8 5.0E8 1.0E9 1.0E9 1.0E9 1.0E9 1.0E9
4 5.0E8 5.0E8 5.0E8 5.0E8 5.0E8 1.0E9 1.0E9 1.0E9 1.0E9 1.0E9 1.5E9 1.5E9 1.5E9 1.5E9 2.0E9 2.0E9 2.0E9 -1.794967296E9 -1.294967296E9 -1.294967296E9
5 0.0 0.0 0.0 0.0 0.0 0.0 1.0E9 1.0E9 1.0E9 1.0E9 1.5E9 2.0E9 2.0E9 -1.794967296E9 -1.794967296E9 -1.294967296E9 -1.294967296E9 -7.94967296E8 -7.94967296E8 -7.94967296E8
6 0.0 0.0 0.0 0.0 0.0 0.0 0.0 0.0 5.0E8 1.0E9 1.0E9 1.0E9 1.0E9 1.0E9 1.0E9 1.0E9 1.0E9 1.0E9 1.0E9 1.0E9
7 1.5E9 1.5E9 2.0E9 1.705032704E9 2.02516352E9 2.02516352E9 2.02516352E9 -1.769803776E9 -8.59738368E8 9.60392448E8 9.60392448E8 9.60392448E8 9.60392448E8 1.165425152E9 1.305686784E9 1.305686784E9 1.805686784E9 1.805686784E9 2.15752192E8 2.1258176E9
8 0.0 0.0 1.5E9 -7.94967296E8 -1.679869184E9 -6.79869184E8 8.20130816E8 8.20130816E8 -1.97483648E9 -1.039607552E9 -1.29542144E8 3.70457856E8 3.70457856E8 5.7549056E8 -1.989280512E9 -4.89280512E8 -4.89280512E8 5.10719488E8 2.1258176E9 2.1258176E9
9 0.0 5.0E8 5.0E8 5.0E8 5.0E8 5.0E8 1.0E9 1.0E9 1.0E9 1.0E9 1.0E9 1.0E9 1.0E9 1.5E9 1.5E9 2.0E9 2.0E9 2.0E9 2.0E9 -1.794967296E9
10 0.0 0.0 5.0E8 -1.294967296E9 -1.294967296E9 -1.294967296E9 -2.94967296E8 1.205032704E9 1.615098112E9 -1.269803776E9 -7.69803776E8 -2.69803776E8 7.30196224E8 -1.859738368E9 1.165425152E9 -1.129542144E9 -1.129542144E9 -1.29542144E8 1.510719488E9 -2.84247808E8
11 0.0 0.0 0.0 0.0 0.0 1.5E9 1.5E9 1.5E9 1.5E9 1.5E9 1.5E9 1.5E9 1.5E9 1.5E9 1.5E9 1.5E9 1.5E9 1.5E9 1.5E9 1.5E9
12 -7.94967296E8 -2.089934592E9 4.10065408E8 2.516352E7 9.35228928E8 6.40261632E8 -1.54705664E8 1.845294336E9 -8.34574848E8 -7.19476736E8 -1.4444032E7 -1.809411328E9 -1.309411328E9 -6.94313216E8 -1.489280512E9 2.010719488E9 -1.284247808E9 -2.84247808E8 -2.079215104E9 -5.79215104E8
13 -7.94967296E8 1.705032704E9 4.10065408E8 2.516352E7 -5.64771072E8 -3.59738368E8 -1.154705664E9 1.345294336E9 -3.34574848E8 -1.719476736E9 -1.514444032E9 1.485555968E9 1.985555968E9 2.10065408E9 2.10065408E9 2.10065408E9 2.10065408E9 -1.694313216E9 -1.694313216E9 -1.694313216E9
14 0.0 0.0 0.0 0.0 5.0E8 5.0E8 5.0E8 5.0E8 1.0E9 1.0E9 1.0E9 1.0E9 1.0E9 1.0E9 1.5E9 1.5E9 1.5E9 2.0E9 2.0E9 2.0E9
15 -7.94967296E8 1.705032704E9 4.10065408E8 2.516352E7 9.35228928E8 1.140261632E9 3.45294336E8 -1.44967296E9 1.165425152E9 -2.19476736E8 4.85555968E8 -1.309411328E9 -8.09411328E8 8.05686784E8 -4.89280512E8 -1.784247808E9 -7.84247808E8 -7.84247808E8 3.30850304E8 8.30850304E8
16 0.0 0.0 0.0 0.0 0.0 0.0 0.0 0.0 0.0 0.0 0.0 0.0 0.0 0.0 0.0 0.0 0.0 0.0 0.0 0.0
17 1.0E9 1.0E9 1.0E9 1.5E9 2.0E9 -1.794967296E9 1.205032704E9 -2.089934592E9 4.10065408E8 9.10065408E8 -3.84901888E8 1.615098112E9 8.20130816E8 -1.47483648E9 -1.47483648E9 -9.7483648E8 -1.769803776E9 -7.69803776E8 -2.69803776E8 -2.69803776E8
18 -1.794967296E9 7.05032704E8 1.205032704E9 -2.089934592E9 -1.089934592E9 -1.089934592E9 1.910065408E9 -3.84901888E8 1.15098112E8 6.15098112E8 6.15098112E8 -1.79869184E8 -1.47483648E9 -4.7483648E8 2.516352E7 -1.769803776E9 -1.564771072E9 -5.64771072E8 -5.64771072E8 -5.64771072E8
19 0.0 0.0 0.0 0.0 0.0 0.0 5.0E8 1.5E9 1.5E9 1.5E9 1.5E9 1.5E9 1.5E9 1.5E9 1.5E9 1.5E9 1.5E9 1.5E9 1.5E9 1.5E9
20 0.0 0.0 0.0 0.0 0.0 0.0 0.0 0.0 0.0 0.0 0.0 0.0 0.0 5.0E8 5.0E8 5.0E8 5.0E8 5.0E8 5.0E8 1.0E9
21 0.0 0.0 0.0 0.0 0.0 0.0 0.0 1.0E9 1.0E9 1.0E9 1.0E9 1.0E9 1.0E9 1.0E9 1.0E9 1.0E9 1.0E9 1.0E9 1.0E9 1.0E9
22 -1.294967296E9 2.05032704E8 -1.384901888E9 -4.7483648E8 -1.769803776E9 9.35228928E8 9.35228928E8 1.935228928E9 1.55032704E9 2.07549056E9 2.07549056E9 2.07549056E9 2.07549056E9 2.07549056E9 -1.719476736E9 -1.719476736E9 -1.219476736E9 -1.219476736E9 -1.219476736E9 -1.219476736E9
23 0.0 1.0E9 4.10065408E8 -9.7483648E8 4.35228928E8 1.935228928E9 -8.59738368E8 -8.59738368E8 -8.34574848E8 -1.629542144E9 1.280523264E9 1.780523264E9 1.780523264E9 -8.9934592E8 -1.989280512E9 5.10719488E8 5.10719488E8 -1.284247808E9 1.1258176E9 1.035883008E9
24 -1.294967296E9 7.05032704E8 1.205032704E9 1.705032704E9 4.35228928E8 1.40261632E8 1.140261632E9 -1.54705664E8 1.65425152E8 7.549056E7 -7.19476736E8 1.985555968E9 1.985555968E9 -6.94313216E8 -1.489280512E9 -1.784247808E9 -1.784247808E9 -1.284247808E9 1.1258176E9 -1.169149696E9
25 0.0 0.0 0.0 0.0 5.0E8 5.0E8 5.0E8 5.0E8 5.0E8 1.0E9 1.0E9 1.0E9 1.0E9 1.5E9 1.5E9 2.0E9 2.0E9 2.0E9 2.0E9 2.0E9
26 0.0 0.0 0.0 1.0E9 1.5E9 2.0E9 2.0E9 2.0E9 2.0E9 2.0E9 2.0E9 2.0E9 2.0E9 2.0E9 2.0E9 2.0E9 2.0E9 2.0E9 2.0E9 2.0E9
27 0.0 5.0E8 5.0E8 5.0E8 5.0E8 5.0E8 5.0E8 5.0E8 1.0E9 1.0E9 1.0E9 1.0E9 1.0E9 1.5E9 1.5E9 1.5E9 1.5E9 1.5E9 1.5E9 1.5E9
28 0.0 0.0 0.0 0.0 0.0 0.0 0.0 0.0 5.0E8 5.0E8 5.0E8 5.0E8 5.0E8 5.0E8 1.0E9 1.0E9 1.0E9 1.0E9 1.5E9 1.5E9
29 -1.294967296E9 -1.294967296E9 1.410065408E9 2.516352E7 4.35228928E8 -8.59738368E8 -8.59738368E8 -8.59738368E8 -8.59738368E8 -8.59738368E8 1.640261632E9 1.640261632E9 1.640261632E9 -1.104378624E9 -1.489280512E9 1.0719488E7 1.0719488E7 1.0719488E7 6.258176E8 8.30850304E8
30 2.0E9 2.0E9 2.0E9 -9.7483648E8 -9.7483648E8 -9.7483648E8 1.02516352E9 -1.269803776E9 -1.834574848E9 -1.719476736E9 -1.514444032E9 -1.014444032E9 -1.014444032E9 1.895621376E9 -1.989280512E9 -1.489280512E9 -1.489280512E9 -1.489280512E9 -1.489280512E9 1.420784896E9
31 -1.294967296E9 -2.94967296E8 -1.384901888E9 2.516352E7 1.230196224E9 1.230196224E9 1.730196224E9 4.35228928E8 -2.039607552E9 1.07549056E9 -2.19476736E8 2.80523264E8 2.80523264E8 -1.39934592E9 -1.94313216E8 -1.94313216E8 -1.94313216E8 3.05686784E8 -1.3741824E9 3.30850304E8
32 0.0 0.0 0.0 0.0 0.0 0.0 0.0 5.0E8 5.0E8 5.0E8 5.0E8 5.0E8 1.0E9 1.0E9 1.5E9 1.5E9 1.5E9 1.5E9 2.0E9 2.0E9
33 5.0E8 5.0E8 1.910065408E9 2.516352E7 1.52516352E9 2.02516352E9 2.02516352E9 -7.69803776E8 -5.64771072E8 -1.219476736E9 -2.014444032E9 -2.014444032E9 -1.514444032E9 -1.514444032E9 -1.014444032E9 -1.014444032E9 -5.14444032E8 -5.14444032E8 -5.14444032E8 -5.14444032E8
34 -1.294967296E9 -2.94967296E8 1.410065408E9 -9.7483648E8 -1.564771072E9 -1.564771072E9 4.35228928E8 9.35228928E8 -3.9607552E7 2.07549056E9 1.280523264E9 -1.514444032E9 -1.514444032E9 -3.9934592E8 3.05686784E8 3.05686784E8 3.05686784E8 3.05686784E8 1.920784896E9 3.30850304E8
35 0.0 0.0 5.0E8 5.0E8 1.0E9 1.0E9 1.0E9 1.0E9 1.5E9 1.5E9 2.0E9 2.0E9 -1.794967296E9 -1.794967296E9 -1.794967296E9 -1.794967296E9 -1.794967296E9 -1.794967296E9 -1.794967296E9 -1.794967296E9
36 0.0 5.0E8 5.0E8 5.0E8 5.0E8 1.0E9 1.0E9 1.0E9 1.0E9 1.5E9 1.5E9 1.5E9 1.5E9 1.5E9 2.0E9 2.0E9 -1.794967296E9 -1.794967296E9 -1.294967296E9 -1.294967296E9
37 2.0E9 -1.794967296E9 -3.84901888E8 2.516352E7 4.35228928E8 6.40261632E8 2.140261632E9 -1.154705664E9 9.60392448E8 -7.19476736E8 -2.014444032E9 -1.514444032E9 1.485555968E9 1.10065408E9 -9.89280512E8 2.010719488E9 -7.84247808E8 -2.84247808E8 -1.3741824E9 8.30850304E8
38 -1.794967296E9 -1.294967296E9 -1.294967296E9 -7.94967296E8 9.35228928E8 1.40261632E8 6.40261632E8 1.640261632E9 -8.34574848E8 -1.42450944E9 7.80523264E8 -5.14444032E8 4.85555968E8 -8.9934592E8 8.05686784E8 -9.89280512E8 -4.89280512E8 -4.89280512E8 -4.89280512E8 -4.89280512E8
39 0.0 0.0 0.0 5.0E8 5.0E8 5.0E8 5.0E8 1.0E9 1.0E9 1.0E9 1.0E9 1.0E9 1.0E9 1.0E9 1.0E9 1.0E9 1.0E9 1.0E9 1.0E9 1.0E9
40 0.0 0.0 1.410065408E9 -1.79869184E8 8.20130816E8 8.20130816E8 1.820130816E9 1.820130816E9 1.755359744E9 1.870457856E9 -1.014444032E9 -1.014444032E9 -1.014444032E9 3.05686784E8 -4.89280512E8 5.10719488E8 1.510719488E9 1.510719488E9 -1.69149696E8 -1.759084288E9
41 -1.294967296E9 -2.94967296E8 1.910065408E9 1.910065408E9 1.910065408E9 1.910065408E9 1.910065408E9 -1.384901888E9 1.435228928E9 -1.219476736E9 -7.19476736E8 -7.19476736E8 -2.19476736E8 -6.94313216E8 8.05686784E8 8.05686784E8 8.05686784E8 1.0719488E7 8.30850304E8 2.035883008E9
42 0.0 0.0 0.0 0.0 0.0 0.0 0.0 0.0 0.0 0.0 5.0E8 5.0E8 5.0E8 5.0E8 5.0E8 5.0E8 1.5E9 1.5E9 1.5E9 1.5E9
43 5.0E8 5.0E8 5.0E8 1.0E9 1.0E9 1.0E9 1.0E9 1.0E9 1.0E9 1.5E9 1.5E9 1.5E9 1.5E9 1.5E9 1.5E9 -1.794967296E9 -1.794967296E9 -1.794967296E9 -1.294967296E9 -1.294967296E9
44 -7.94967296E8 1.205032704E9 1.705032704E9 1.705032704E9 2.02516352E9 6.40261632E8 2.140261632E9 -1.154705664E9 1.755359744E9 -1.719476736E9 -1.514444032E9 4.85555968E8 4.85555968E8 -1.694313216E9 -1.989280512E9 1.510719488E9 1.510719488E9 2.010719488E9 1.258176E8 1.035883008E9
45 -1.794967296E9 -1.294967296E9 -1.294967296E9 -7.94967296E8 9.35228928E8 6.40261632E8 1.140261632E9 2.140261632E9 1.65425152E8 7.549056E7 -1.014444032E9 1.985555968E9 -1.309411328E9 -1.94313216E8 -9.89280512E8 1.010719488E9 1.510719488E9 -1.284247808E9 1.1258176E9 2.1258176E9
46 0.0 0.0 5.0E8 5.0E8 5.0E8 5.0E8 5.0E8 5.0E8 5.0E8 5.0E8 1.0E9 1.0E9 1.0E9 1.0E9 1.0E9 1.0E9 1.0E9 1.0E9 1.0E9 1.0E9
47 0.0 0.0 0.0 0.0 0.0 0.0 0.0 0.0 0.0 0.0 0.0 0.0 0.0 0.0 0.0 0.0 0.0 0.0 0.0 0.0
48 0.0 0.0 2.05032704E8 -4.7483648E8 -1.064771072E9 6.40261632E8 2.140261632E9 -1.154705664E9 1.665425152E9 -1.219476736E9 -1.014444032E9 -1.4444032E7 9.85555968E8 -6.94313216E8 -4.89280512E8 -7.84247808E8 2.15752192E8 2.15752192E8 -3.741824E8 1.830850304E9
49 0.0 0.0 0.0 0.0 0.0 0.0 0.0 0.0 0.0 0.0 0.0 0.0 0.0 0.0 0.0 0.0 0.0 0.0 0.0 0.0
50 -7.94967296E8 2.05032704E8 -8.84901888E8 1.820130816E9 -1.97483648E9 -1.97483648E9 -1.47483648E9 -9.7483648E8 1.65425152E8 -1.719476736E9 -2.014444032E9 -2.014444032E9 -1.514444032E9 -1.694313216E9 1.0719488E7 1.0719488E7 1.0719488E7 1.0719488E7 1.830850304E9 -1.259084288E9
51 -1.294967296E9 1.205032704E9 6.15098112E8 -6.79869184E8 -1.564771072E9 -3.59738368E8 6.40261632E8 1.640261632E9 -3.34574848E8 2.07549056E9 2.07549056E9 2.07549056E9 2.80523264E8 -1.194313216E9 -1.489280512E9 -1.284247808E9 -2.84247808E8 -2.84247808E8 6.258176E8 6.258176E8
52 -7.94967296E8 1.205032704E9 -1.884901888E9 -9.7483648E8 2.30196224E8 1.40261632E8 2.140261632E9 2.140261632E9 -8.34574848E8 -1.219476736E9 -2.014444032E9 9.85555968E8 9.85555968E8 -1.94313216E8 -9.89280512E8 -2.84247808E8 -2.84247808E8 2.15752192E8 -2.079215104E9 -1.69149696E8
53 5.0E8 5.0E8 5.0E8 5.0E8 1.5E9 1.5E9 1.5E9 1.5E9 1.5E9 1.5E9 1.5E9 -1.794967296E9 -1.794967296E9 -1.794967296E9 -1.294967296E9 -1.294967296E9 -1.294967296E9 -1.294967296E9 -1.294967296E9 -1.294967296E9
54 0.0 0.0 0.0 0.0 0.0 0.0 0.0 0.0 0.0 0.0 0.0 5.0E8 5.0E8 5.0E8 5.0E8 1.0E9 1.0E9 1.0E9 1.0E9 1.5E9
55 -1.294967296E9 1.705032704E9 1.705032704E9 2.516352E7 7.30196224E8 1.40261632E8 -1.154705664E9 -1.154705664E9 -3.34574848E8 -1.719476736E9 7.80523264E8 1.780523264E9 1.780523264E9 1.60065408E9 1.805686784E9 2.010719488E9 2.010719488E9 2.010719488E9 -8.741824E8 -1.464116992E9
56 0.0 0.0 0.0 0.0 0.0 0.0 5.0E8 5.0E8 5.0E8 5.0E8 5.0E8 5.0E8 5.0E8 5.0E8 5.0E8 5.0E8 5.0E8 5.0E8 5.0E8 5.0E8
57 2.0E9 1.705032704E9 -1.384901888E9 1.820130816E9 1.820130816E9 6.40261632E8 1.140261632E9 1.140261632E9 1.165425152E9 -1.719476736E9 -2.014444032E9 -1.514444032E9 -1.514444032E9 -6.94313216E8 -1.489280512E9 5.10719488E8 5.10719488E8 1.715752192E9 1.6258176E9 -1.169149696E9
58 0.0 0.0 0.0 0.0 0.0 0.0 0.0 0.0 0.0 0.0 5.0E8 5.0E8 5.0E8 5.0E8 5.0E8 5.0E8 1.0E9 1.0E9 1.5E9 1.5E9
59 -1.294967296E9 -2.94967296E8 -1.884901888E9 2.516352E7 9.35228928E8 -3.59738368E8 1.640261632E9 2.140261632E9 -3.34574848E8 -1.219476736E9 -1.014444032E9 -1.014444032E9 -5.14444032E8 3.05686784E8 -1.489280512E9 1.010719488E9 1.215752192E9 1.215752192E9 6.258176E8 1.535883008E9
60 0.0 0.0 0.0 5.0E8 5.0E8 1.0E9 1.0E9 1.0E9 1.0E9 1.0E9 1.0E9 1.0E9 1.0E9 1.5E9 1.5E9 1.5E9 1.5E9 1.5E9 1.5E9 1.5E9
61 2.0E9 2.0E9 -1.794967296E9 2.516352E7 -5.64771072E8 6.40261632E8 -1.654705664E9 -1.154705664E9 1.55032704E9 -7.19476736E8 2.80523264E8 2.80523264E8 2.80523264E8 1.90588672E8 1.90588672E8 1.90588672E8 1.90588672E8 1.90588672E8 1.90588672E8 1.90588672E8
62 -1.794967296E9 -2.94967296E8 1.15098112E8 -4.7483648E8 1.230196224E9 1.230196224E9 1.730196224E9 1.40261632E8 4.60392448E8 -1.219476736E9 1.780523264E9 -5.14444032E8 1.485555968E9 6.0065408E8 -4.89280512E8 -4.89280512E8 -4.89280512E8 -4.89280512E8 -1.8741824E9 8.30850304E8
63 -7.94967296E8 1.205032704E9 1.705032704E9 1.705032704E9 -1.589934592E9 1.140261632E9 -1.654705664E9 -6.54705664E8 -1.834574848E9 -7.19476736E8 -1.014444032E9 1.485555968E9 1.485555968E9 3.05686784E8 -1.489280512E9 -1.284247808E9 -1.284247808E9 -7.84247808E8 -5.79215104E8 1.035883008E9
64 0.0 0.0 0.0 0.0 0.0 0.0 0.0 0.0 0.0 0.0 0.0 0.0 0.0 0.0 0.0 0.0 5.0E8 1.0E9 1.0E9 1.5E9
65 0.0 0.0 0.0 0.0 5.0E8 5.0E8 5.0E8 5.0E8 5.0E8 5.0E8 5.0E8 5.0E8 5.0E8 5.0E8 5.0E8 5.0E8 5.0E8 5.0E8 1.0E9 1.0E9
66 0.0 0.0 0.0 0.0 0.0 0.0 0.0 0.0 0.0 0.0 0.0 5.0E8 1.0E9 1.0E9 1.0E9 1.0E9 1.0E9 1.0E9 1.0E9 1.0E9
67 2.0E9 -1.794967296E9 -1.794967296E9 -1.794967296E9 -1.679869184E9 -1.679869184E9 -1.679869184E9 3.20130816E8 8.20130816E8 -1.219476736E9 -2.19476736E8 2.80523264E8 -1.514444032E9 -1.194313216E9 -1.489280512E9 -1.489280512E9 -9.89280512E8 -9.89280512E8 -4.89280512E8 -4.89280512E8
68 2.0E9 -1.794967296E9 -1.794967296E9 -1.794967296E9 -1.589934592E9 2.115098112E9 2.115098112E9 2.115098112E9 2.115098112E9 1.820130816E9 1.665425152E9 -2.19476736E8 1.280523264E9 -1.194313216E9 -1.489280512E9 -9.89280512E8 -9.89280512E8 -9.89280512E8 -9.89280512E8 -4.89280512E8
69 -7.94967296E8 -7.94967296E8 -7.94967296E8 -4.7483648E8 -5.64771072E8 1.40261632E8 6.40261632E8 6.40261632E8 -5.39607552E8 -4.2450944E8 -2.014444032E9 -1.014444032E9 -1.014444032E9 2.10065408E9 1.305686784E9 1.010719488E9 1.010719488E9 1.010719488E9 -5.79215104E8 1.920784896E9
70 -7.94967296E8 -2.94967296E8 -2.94967296E8 2.516352E7 2.516352E7 2.516352E7 1.730196224E9 -1.564771072E9 1.65425152E8 2.07549056E9 -1.014444032E9 4.85555968E8 4.85555968E8 3.05686784E8 -1.489280512E9 -1.489280512E9 -1.489280512E9 -1.489280512E9 -9.89280512E8 -9.89280512E8
71 0.0 0.0 0.0 0.0 0.0 0.0 0.0 0.0 0.0 0.0 0.0 0.0 5.0E8 5.0E8 5.0E8 5.0E8 5.0E8 5.0E8 1.0E9 1.0E9
72 0.0 0.0 0.0 0.0 0.0 0.0 0.0 1.0E9 1.0E9 2.0E9 2.0E9 2.0E9 2.0E9 2.0E9 2.0E9 2.0E9 2.0E9 2.0E9 2.0E9 2.0E9
73 -1.294967296E9 1.205032704E9 -8.84901888E8 5.2516352E8 9.35228928E8 1.140261632E9 -1.154705664E9 -1.54705664E8 -3.34574848E8 -7.19476736E8 -5.14444032E8 1.985555968E9 1.985555968E9 -1.94313216E8 -1.489280512E9 -1.284247808E9 -1.284247808E9 -7.84247808E8 -2.84247808E8 3.30850304E8
74 0.0 0.0 0.0 0.0 0.0 5.0E8 5.0E8 5.0E8 1.0E9 1.0E9 1.0E9 1.0E9 1.0E9 1.0E9 1.0E9 1.0E9 1.0E9 1.5E9 1.5E9 1.5E9
75 1.5E9 2.0E9 -1.884901888E9 5.2516352E8 9.35228928E8 -3.59738368E8 1.40261632E8 1.640261632E9 6.65425152E8 -1.219476736E9 -1.514444032E9 -1.514444032E9 -1.514444032E9 -6.94313216E8 -1.94313216E8 -1.94313216E8 -1.94313216E8 -1.94313216E8 -8.741824E8 2.1258176E9
76 0.0 0.0 0.0 0.0 0.0 0.0 0.0 0.0 0.0 0.0 0.0 0.0 0.0 0.0 0.0 0.0 0.0 0.0 0.0 0.0
77 5.0E8 5.0E8 5.0E8 5.0E8 5.0E8 5.0E8 5.0E8 5.0E8 1.0E9 1.0E9 1.0E9 1.0E9 1.0E9 1.0E9 1.0E9 1.0E9 1.0E9 1.0E9 1.0E9 1.0E9
78 0.0 0.0 0.0 0.0 0.0 0.0 0.0 0.0 0.0 0.0 0.0 0.0 0.0 0.0 0.0 0.0 0.0 0.0 0.0 0.0
79 1.0E9 1.0E9 1.0E9 1.5E9 1.5E9 1.5E9 1.5E9 1.5E9 1.5E9 1.5E9 1.5E9 1.5E9 1.5E9 1.5E9 1.5E9 1.5E9 2.0E9 -1.794967296E9 -1.794967296E9 -1.794967296E9
80 -1.294967296E9 -1.294967296E9 -1.294967296E9 2.516352E7 9.35228928E8 -8.59738368E8 -3.59738368E8 -3.59738368E8 1.65425152E8 -1.719476736E9 -1.514444032E9 -1.014444032E9 -1.4444032E7 -1.39934592E9 -1.989280512E9 5.10719488E8 5.10719488E8 5.10719488E8 -8.741824E8 -3.741824E8
81 -1.294967296E9 -1.294967296E9 -1.884901888E9 2.516352E7 9.35228928E8 -8.59738368E8 2.140261632E9 2.140261632E9 1.165425152E9 2.07549056E9 1.280523264E9 1.280523264E9 1.280523264E9 1.10065408E9 -1.989280512E9 1.510719488E9 2.010719488E9 2.010719488E9 1.1258176E9 2.1258176E9
82 0.0 5.0E8 5.0E8 5.0E8 5.0E8 5.0E8 5.0E8 1.0E9 1.0E9 1.0E9 1.5E9 1.5E9 1.5E9 1.5E9 1.5E9 1.5E9 1.5E9 1.5E9 1.5E9 1.5E9
83 0.0 5.0E8 5.0E8 5.0E8 1.0E9 1.5E9 1.5E9 2.0E9 2.0E9 2.0E9 -1.794967296E9 -1.794967296E9 -1.794967296E9 -1.794967296E9 -1.794967296E9 -1.794967296E9 -1.794967296E9 -1.794967296E9 -1.794967296E9 -1.794967296E9
84 0.0 0.0 0.0 0.0 0.0 0.0 0.0 0.0 0.0 0.0 0.0 5.0E8 5.0E8 5.0E8 5.0E8 5.0E8 5.0E8 1.0E9 1.0E9 1.5E9
85 -1.294967296E9 -7.94967296E8 1.705032704E9 1.820130816E9 9.35228928E8 6.40261632E8 1.640261632E9 2.140261632E9 -3.34574848E8 -7.19476736E8 -1.014444032E9 -1.014444032E9 -1.014444032E9 -1.014444032E9 -5.14444032E8 1.690588672E9 1.690588672E9 1.690588672E9 1.715752192E9 1.420784896E9
86 2.0E9 2.0E9 -1.794967296E9 2.516352E7 -6.4771072E7 -1.359738368E9 -8.59738368E8 6.40261632E8 -3.9607552E7 1.57549056E9 1.280523264E9 1.280523264E9 1.280523264E9 1.780523264E9 -2.014444032E9 -2.014444032E9 -2.014444032E9 -2.014444032E9 -2.014444032E9 -2.014444032E9
87 -1.294967296E9 -2.94967296E8 1.910065408E9 5.2516352E8 4.35228928E8 6.40261632E8 1.140261632E9 -1.654705664E9 6.65425152E8 -1.219476736E9 -2.014444032E9 -2.014444032E9 -2.014444032E9 -3.9934592E8 -3.9934592E8 -3.9934592E8 -3.9934592E8 -3.9934592E8 -3.9934592E8 -3.9934592E8
88 -7.94967296E8 -2.94967296E8 -8.9934592E7 2.516352E7 4.35228928E8 1.40261632E8 -1.54705664E8 1.345294336E9 1.65425152E8 -1.219476736E9 -1.014444032E9 -1.014444032E9 -1.014444032E9 -8.9934592E8 -9.89280512E8 5.10719488E8 -7.84247808E8 -7.84247808E8 1.6258176E9 8.30850304E8
89 1.0E9 1.0E9 1.0E9 1.0E9 1.0E9 1.0E9 1.0E9 1.0E9 1.0E9 1.0E9 1.0E9 1.5E9 2.0E9 -1.794967296E9 -1.794967296E9 -1.794967296E9 -1.794967296E9 -1.294967296E9 -1.294967296E9 -1.294967296E9
90 2.0E9 -1.794967296E9 -1.794967296E9 5.2516352E8 1.435228928E9 -3.59738368E8 -3.59738368E8 -6.54705664E8 1.960392448E9 2.07549056E9 -1.514444032E9 9.85555968E8 9.85555968E8 6.0065408E8 1.305686784E9 -1.784247808E9 -1.784247808E9 -1.784247808E9 1.715752192E9 1.715752192E9
91 -7.94967296E8 -2.94967296E8 -2.94967296E8 8.20130816E8 8.20130816E8 1.320130816E9 7.30196224E8 1.730196224E9 -1.334574848E9 1.870457856E9 1.870457856E9 -1.92450944E9 -1.92450944E9 -1.92450944E9 -1.92450944E9 -1.92450944E9 -1.92450944E9 -1.92450944E9 -1.92450944E9 -1.92450944E9
92 0.0 0.0 0.0 0.0 0.0 0.0 0.0 0.0 0.0 0.0 0.0 0.0 0.0 5.0E8 5.0E8 5.0E8 5.0E8 5.0E8 5.0E8 5.0E8
93 5.0E8 5.0E8 1.0E9 1.0E9 1.0E9 1.5E9 1.5E9 1.5E9 1.5E9 1.5E9 1.5E9 1.5E9 2.0E9 2.0E9 2.0E9 2.0E9 2.0E9 2.0E9 2.0E9 2.0E9
94 0.0 0.0 0.0 5.0E8 5.0E8 5.0E8 5.0E8 5.0E8 5.0E8 5.0E8 5.0E8 5.0E8 5.0E8 5.0E8 5.0E8 5.0E8 1.0E9 1.0E9 1.0E9 1.0E9
95 -1.294967296E9 1.205032704E9 1.205032704E9 2.516352E7 9.35228928E8 -3.59738368E8 1.40261632E8 1.40261632E8 -7.44640256E8 -7.44640256E8 -7.44640256E8 -2.44640256E8 -2.44640256E8 -2.44640256E8 -2.44640256E8 -2.44640256E8 -2.44640256E8 -2.44640256E8 -2.44640256E8 -2.44640256E8
96 -7.94967296E8 1.705032704E9 1.705032704E9 1.705032704E9 -2.089934592E9 8.20130816E8 1.230196224E9 1.230196224E9 1.230196224E9 1.230196224E9 1.230196224E9 -2.064771072E9 -2.064771072E9 6.40261632E8 -2.19476736E8 -2.104378624E9 -2.104378624E9 -2.104378624E9 -1.04378624E8 -1.04378624E8
97 -7.94967296E8 -2.94967296E8 1.15098112E8 5.2516352E8 1.435228928E9 -3.59738368E8 -3.59738368E8 -3.59738368E8 -3.59738368E8 -3.59738368E8 -3.59738368E8 -3.59738368E8 1.40261632E8 1.140261632E9 1.140261632E9 1.640261632E9 1.640261632E9 1.640261632E9 1.640261632E9 1.640261632E9
