records: 20
      Record Time
Host  UsedBuffer

  49376.0 98752.0 148128.0 197504.0 246880.0 296256.0 345632.0 395008.0 444384.0 493760.0 543136.0 592512.0 641888.0 691264.0 740640.0 790016.0 839392.0 888768.0 938144.0 987520.0
0 1.0E8 5.0E8 7.0E8 8.0E8 1.1E9 6.15098112E8 -1.479869184E9 -9.79869184E8 1.32516352E9 1.42516352E9 -1.164771072E9 -1.064771072E9 -6.59738368E8 -4.59738368E8 -2.59738368E8 -2.59738368E8 -2.59738368E8 -2.59738368E8 -1.59738368E8 -5.9738368E7
1 6.0E8 9.0E8 -1.094967296E9 -1.094967296E9 1.505032704E9 -2.84901888E8 -1.779869184E9 -1.279869184E9 1.22516352E9 1.22516352E9 -8.64771072E8 -7.64771072E8 -1.259738368E9 -1.159738368E9 -1.159738368E9 -1.159738368E9 -9.59738368E8 -9.59738368E8 -5.59738368E8 -4.59738368E8
2 1.0E8 2.0E8 3.0E8 4.0E8 5.0E8 6.0E8 7.0E8 8.0E8 1.0E9 1.0E9 1.1E9 1.4E9 1.5E9 1.5E9 1.6E9 1.6E9 1.9E9 1.9E9 1.9E9 -2.094967296E9
3 0.0 0.0 1.0E8 2.0E8 2.0E8 2.0E8 2.0E8 2.0E8 2.0E8 3.0E8 3.0E8 5.0E8 6.0E8 7.0E8 8.0E8 9.0E8 1.0E9 1.0E9 1.0E9 1.0E9
4 0.0 0.0 1.0E8 2.0E8 3.0E8 7.0E8 7.0E8 8.0E8 8.0E8 8.0E8 1.0E9 1.1E9 1.4E9 1.5E9 1.7E9 1.8E9 1.8E9 1.8E9 2.0E9 -2.094967296E9
5 3.0E8 1.0E9 -1.394967296E9 -6.94967296E8 1.605032704E9 -4.84901888E8 -1.979869184E9 -5.79869184E8 9.2516352E8 9.2516352E8 9.2516352E8 -2.64771072E8 -1.259738368E9 -1.059738368E9 -8.59738368E8 -8.59738368E8 -5.54705664E8 1.85032704E9 1.85032704E9 1.95032704E9
6 1.0E8 3.0E8 4.0E8 5.0E8 5.0E8 6.0E8 7.0E8 8.0E8 8.0E8 1.0E9 1.3E9 1.5E9 1.6E9 1.6E9 1.6E9 1.8E9 1.8E9 1.9E9 1.9E9 1.9E9
7 1.0E8 3.0E8 6.0E8 6.0E8 5032704.0 -5.84901888E8 -3.84901888E8 1.120130816E9 1.120130816E9 1.420130816E9 -3.69803776E8 -3.69803776E8 4.30196224E8 5.30196224E8 5.30196224E8 6.30196224E8 7.30196224E8 1.845294336E9 2.045294336E9 2.045294336E9
8 3.0E8 4.0E8 5.0E8 5.0E8 2.0E9 1.5098112E7 1.615098112E9 -1.79869184E8 1.02516352E9 1.12516352E9 -5.64771072E8 -4.64771072E8 -2.59738368E8 -2.59738368E8 -2.59738368E8 -1.59738368E8 1.40261632E8 2.40261632E8 2.40261632E8 3.40261632E8
9 1.0E8 2.0E8 -1.194967296E9 -1.094967296E9 1.405032704E9 -1.784901888E9 -1.879869184E9 -1.679869184E9 1.520130816E9 1.520130816E9 -1.264771072E9 -6.4771072E7 -7.59738368E8 -7.59738368E8 -7.59738368E8 -7.59738368E8 -7.59738368E8 -6.59738368E8 -6.59738368E8 -5.59738368E8
10 0.0 1.0E8 1.0E8 1.0E8 1.0E8 2.0E8 3.0E8 3.0E8 5.0E8 5.0E8 5.0E8 5.0E8 6.0E8 7.0E8 8.0E8 8.0E8 8.0E8 9.0E8 1.0E9 1.1E9
11 7.0E8 9.0E8 9.0E8 9.0E8 9.0E8 9.0E8 1.0E9 2.1E9 -1.894967296E9 -1.394967296E9 -1.064771072E9 -8.64771072E8 -3.59738368E8 -3.59738368E8 -1.59738368E8 -5.9738368E7 4.0261632E7 -1.744640256E9 -1.744640256E9 -1.744640256E9
12 3.0E8 4.0E8 1.1E9 1.1E9 1.005032704E9 -1.89934592E8 1.215098112E9 8.20130816E8 7.2516352E8 7.2516352E8 7.2516352E8 9.2516352E8 3.0196224E7 1.30196224E8 4.0261632E7 3.40261632E8 -8.54705664E8 1.45032704E9 -1.244640256E9 6.55359744E8
13 2.0E8 2.0E8 -1.294967296E9 -1.194967296E9 -1.194967296E9 6.15098112E8 -1.679869184E9 -1.179869184E9 1.12516352E9 1.12516352E9 -1.464771072E9 -1.464771072E9 1.40261632E8 1.40261632E8 2.140261632E9 -2.054705664E9 -4.54705664E8 1.65032704E9 -3.44640256E8 -2.039607552E9
14 1.0E8 2.0E8 2.0E8 3.0E8 4.0E8 4.0E8 5.0E8 6.0E8 6.0E8 8.0E8 9.0E8 9.0E8 1.0E9 1.1E9 1.2E9 1.4E9 1.4E9 1.6E9 1.6E9 1.7E9
15 6.0E8 6.0E8 8.0E8 9.0E8 9.0E8 -1.984901888E9 1.315098112E9 1.020130816E9 1.02516352E9 1.12516352E9 -7.64771072E8 -6.64771072E8 -7.59738368E8 -7.59738368E8 -7.59738368E8 -7.59738368E8 -7.59738368E8 1.15032704E9 1.15032704E9 1.15032704E9
16 1.0E8 1.0E8 1.0E8 1.0E8 1.0E8 1.0E8 3.0E8 5.0E8 6.0E8 6.0E8 7.0E8 8.0E8 1.0E9 1.1E9 1.4E9 1.6E9 1.8E9 2.0E9 -1.994967296E9 -1.894967296E9
17 2.0E8 8.0E8 -9.94967296E8 -8.94967296E8 1.405032704E9 8.15098112E8 -1.979869184E9 -1.79869184E8 1.32516352E9 1.32516352E9 -1.164771072E9 -1.164771072E9 1.40261632E8 3.40261632E8 -1.654705664E9 -1.454705664E9 -1.454705664E9 -1.444640256E9 2.55359744E8 -1.439607552E9
18 5.0E8 9.0E8 -1.594967296E9 -1.494967296E9 9.05032704E8 -8.84901888E8 -1.379869184E9 2.0130816E7 1.22516352E9 1.52516352E9 -8.64771072E8 -5.64771072E8 4.0261632E7 4.0261632E7 -1.654705664E9 -1.554705664E9 4.5294336E7 -1.344640256E9 -9.44640256E8 -1.339607552E9
19 1.0E8 1.0E8 3.0E8 4.0E8 5.0E8 5.0E8 5.0E8 6.0E8 6.0E8 8.0E8 9.0E8 1.1E9 1.3E9 1.3E9 1.3E9 1.3E9 1.3E9 1.3E9 1.3E9 1.4E9
20 0.0 1.0E8 2.0E8 3.0E8 3.0E8 3.0E8 4.0E8 4.0E8 4.0E8 4.0E8 5.0E8 5.0E8 5.0E8 5.0E8 5.0E8 5.0E8 6.0E8 8.0E8 8.0E8 8.0E8
21 1.0E8 3.0E8 3.0E8 3.0E8 3.0E8 3.0E8 5.0E8 7.0E8 8.0E8 8.0E8 1.0E9 1.0E9 1.1E9 1.1E9 1.1E9 1.2E9 1.3E9 1.4E9 1.5E9 1.5E9
22 1.0E8 1.0E8 2.0E8 2.0E8 5.0E8 6.0E8 6.0E8 7.0E8 7.0E8 8.0E8 9.0E8 9.0E8 1.0E9 1.0E9 1.0E9 1.0E9 1.0E9 1.0E9 1.1E9 1.1E9
23 6.0E8 9.0E8 1.2E9 1.4E9 1.6E9 4.05032704E8 1.215098112E9 -1.279869184E9 -1.279869184E9 -1.279869184E9 -1.279869184E9 -1.179869184E9 -1.179869184E9 -1.179869184E9 -1.079869184E9 -1.079869184E9 -9.79869184E8 4.20130816E8 -1.47483648E9 -1.27483648E9
24 5.0E8 5.0E8 -1.094967296E9 -9.94967296E8 -8.94967296E8 -6.84901888E8 1.415098112E9 1.020130816E9 9.2516352E8 1.22516352E9 1.630196224E9 1.630196224E9 -8.59738368E8 -7.59738368E8 -5.59738368E8 -5.59738368E8 -1.554705664E9 1.55032704E9 1.75032704E9 -2.039607552E9
25 7.0E8 9.0E8 1.1E9 1.2E9 5032704.0 4.05032704E8 1.315098112E9 -1.079869184E9 -2.07483648E9 -2.07483648E9 -1.97483648E9 -1.97483648E9 -1.97483648E9 -1.87483648E9 -1.87483648E9 -1.87483648E9 -1.87483648E9 -1.77483648E9 -1.17483648E9 -1.17483648E9
26 0.0 2.0E8 2.0E8 7.0E8 9.0E8 1.3E9 1.415098112E9 1.020130816E9 1.22516352E9 1.32516352E9 -8.64771072E8 -8.64771072E8 -9.59738368E8 -9.59738368E8 -7.59738368E8 -5.59738368E8 -4.59738368E8 -5.9738368E7 -5.9738368E7 -2.039607552E9
27 8.0E8 8.0E8 1.0E9 1.2E9 1.2E9 -1.284901888E9 1.515098112E9 9.20130816E8 1.120130816E9 1.220130816E9 -7.64771072E8 -5.64771072E8 -7.59738368E8 -4.59738368E8 -3.59738368E8 -5.9738368E7 4.0261632E7 1.95032704E9 -2.044640256E9 -2.139607552E9
28 5.0E8 6.0E8 -1.194967296E9 -7.94967296E8 -7.94967296E8 -1.884901888E9 1.415098112E9 -1.979869184E9 -1.779869184E9 -1.579869184E9 -6.64771072E8 -5.64771072E8 -6.59738368E8 -4.59738368E8 -2.59738368E8 4.0261632E7 4.0261632E7 -1.944640256E9 -1.744640256E9 -1.544640256E9
29 6.0E8 8.0E8 -7.94967296E8 -7.94967296E8 5032704.0 -1.384901888E9 -2.079869184E9 -2.079869184E9 1.02516352E9 1.02516352E9 -1.164771072E9 -1.164771072E9 -6.59738368E8 -6.59738368E8 -2.054705664E9 -2.054705664E9 -1.854705664E9 1.25032704E9 -2.44640256E8 -1.739607552E9
30 3.0E8 5.0E8 5.0E8 6.0E8 8.0E8 1.0E9 1.2E9 1.3E9 -2.89934592E8 -1.89934592E8 9.10065408E8 1.110065408E9 1.110065408E9 1.110065408E9 1.210065408E9 1.310065408E9 1.310065408E9 -5.79869184E8 -5.79869184E8 -5.79869184E8
31 8.0E8 8.0E8 1.2E9 1.4E9 1.7E9 -1.384901888E9 1.415098112E9 1.020130816E9 9.2516352E8 1.02516352E9 -8.64771072E8 -7.64771072E8 -1.359738368E9 -1.259738368E9 -1.259738368E9 -1.259738368E9 -1.159738368E9 1.45032704E9 1.45032704E9 1.855359744E9
32 4.0E8 4.0E8 -1.194967296E9 -9.94967296E8 1.805032704E9 1.15098112E8 1.15098112E8 -1.79869184E8 1.22516352E9 1.42516352E9 -6.64771072E8 1.35228928E8 4.0261632E7 4.40261632E8 -2.054705664E9 -1.954705664E9 -1.754705664E9 -1.644640256E9 -1.544640256E9 -1.639607552E9
33 0.0 1.0E8 2.0E8 3.0E8 4.0E8 7.0E8 7.0E8 8.0E8 8.0E8 1.0E9 1.1E9 1.2E9 1.3E9 1.3E9 1.3E9 1.3E9 1.4E9 1.4E9 1.4E9 1.4E9
34 7.0E8 7.0E8 1.2E9 1.4E9 1.4E9 1.4E9 1.4E9 1.4E9 1.4E9 1.4E9 1.4E9 1.5E9 1.5E9 1.5E9 1.5E9 1.6E9 1.6E9 1.8E9 1.9E9 1.9E9
35 3.0E8 3.0E8 3.0E8 4.0E8 5.0E8 5.0E8 6.0E8 8.0E8 9.0E8 1.1E9 1.1E9 1.2E9 1.2E9 1.4E9 1.5E9 1.5E9 1.6E9 1.6E9 1.7E9 1.8E9
36 1.0E8 1.0E8 3.0E8 3.0E8 4.0E8 5.0E8 7.0E8 8.0E8 8.0E8 9.0E8 9.0E8 1.1E9 1.1E9 1.2E9 1.3E9 1.3E9 1.4E9 1.4E9 1.4E9 1.4E9
37 2.0E8 2.0E8 2.0E8 2.0E8 3.0E8 4.0E8 4.0E8 6.0E8 8.0E8 1.1E9 1.3E9 1.5E9 1.6E9 1.7E9 1.8E9 2.0E9 -2.094967296E9 -2.094967296E9 -2.094967296E9 -2.094967296E9
38 0.0 3.0E8 3.0E8 4.0E8 8.0E8 9.0E8 9.0E8 1.0E9 1.1E9 1.2E9 1.3E9 1.4E9 1.5E9 1.7E9 1.9E9 2.0E9 2.0E9 2.0E9 2.1E9 2.1E9
39 3.0E8 3.0E8 3.0E8 3.0E8 6.0E8 8.0E8 9.0E8 9.0E8 9.0E8 1.0E9 1.1E9 1.1E9 1.2E9 1.3E9 1.3E9 1.3E9 1.3E9 1.4E9 1.4E9 1.6E9
40 2.0E8 3.0E8 6.0E8 7.0E8 8.0E8 8.0E8 8.0E8 8.0E8 8.0E8 8.0E8 8.0E8 9.0E8 1.0E9 1.0E9 1.1E9 1.1E9 1.2E9 1.4E9 1.5E9 1.6E9
41 2.0E8 3.0E8 4.0E8 6.0E8 6.0E8 7.0E8 9.0E8 1.1E9 1.1E9 1.2E9 1.2E9 1.2E9 1.4E9 1.4E9 1.5E9 1.7E9 1.7E9 1.8E9 1.8E9 1.8E9
42 0.0 1.0E8 1.0E8 4.0E8 4.0E8 4.0E8 4.0E8 5.0E8 6.0E8 6.0E8 8.0E8 9.0E8 9.0E8 1.0E9 1.1E9 1.1E9 1.2E9 1.4E9 1.5E9 1.6E9
43 1.0E8 1.0E8 2.0E8 2.0E8 2.0E8 2.0E8 3.0E8 5.0E8 7.0E8 7.0E8 8.0E8 8.0E8 8.0E8 9.0E8 1.0E9 1.1E9 1.4E9 1.5E9 1.5E9 1.7E9
44 0.0 0.0 0.0 0.0 0.0 1.0E8 2.0E8 2.0E8 3.0E8 3.0E8 4.0E8 5.0E8 7.10065408E8 8.10065408E8 1.010065408E9 1.110065408E9 1.210065408E9 1.210065408E9 1.210065408E9 1.310065408E9
45 1.0E8 1.0E8 2.0E8 3.0E8 3.0E8 6.0E8 6.0E8 6.0E8 6.0E8 6.0E8 6.0E8 6.0E8 7.0E8 8.0E8 8.0E8 9.0E8 9.0E8 1.0E9 1.1E9 1.3E9
46 2.0E8 2.0E8 4.0E8 4.0E8 4.0E8 5.0E8 5.0E8 5.0E8 6.0E8 7.0E8 7.0E8 7.0E8 7.0E8 9.0E8 1.1E9 1.1E9 1.2E9 1.3E9 1.3E9 1.3E9
47 0.0 0.0 2.0E8 2.0E8 2.0E8 2.0E8 4.0E8 5.0E8 5.0E8 -1.989934592E9 -1.989934592E9 -1.889934592E9 -1.889934592E9 -1.789934592E9 -1.789934592E9 -1.689934592E9 -1.589934592E9 -1.589934592E9 -1.489934592E9 -1.489934592E9
48 0.0 0.0 1.0E8 2.0E8 2.0E8 3.0E8 4.0E8 4.0E8 4.0E8 5.0E8 5.0E8 5.0E8 5.0E8 6.0E8 6.0E8 6.0E8 7.0E8 8.0E8 8.0E8 9.0E8
49 0.0 1.0E8 2.0E8 2.0E8 2.0E8 2.0E8 3.0E8 3.0E8 3.0E8 4.0E8 4.0E8 5.0E8 8.0E8 1.0E9 1.1E9 1.3E9 1.4E9 1.5E9 1.5E9 1.6E9
50 0.0 3.0E8 4.0E8 7.0E8 7.0E8 8.0E8 1.1E9 1.1E9 1.2E9 1.3E9 1.4E9 1.5E9 1.6E9 1.6E9 1.7E9 1.7E9 1.7E9 1.8E9 1.9E9 2.0E9
51 1.0E8 1.0E8 1.0E8 1.0E8 2.0E8 2.0E8 2.0E8 2.0E8 2.0E8 3.0E8 4.0E8 5.0E8 5.0E8 5.0E8 6.0E8 6.0E8 7.0E8 8.0E8 9.0E8 9.0E8
