records: 20
      Record Time
Host  UsedBuffer

  49376.0 98752.0 148128.0 197504.0 246880.0 296256.0 345632.0 395008.0 444384.0 493760.0 543136.0 592512.0 641888.0 691264.0 740640.0 790016.0 839392.0 888768.0 938144.0 987520.0
0 0.0 2.0E9 2.0E9 -1.794967296E9 -7.94967296E8 -7.94967296E8 2.05032704E8 7.05032704E8 1.205032704E9 1.205032704E9 1.205032704E9 1.205032704E9 1.705032704E9 -1.589934592E9 -5.89934592E8 -5.89934592E8 -5.89934592E8 -5.89934592E8 -8.9934592E7 4.10065408E8
1 0.0 0.0 5.0E8 5.0E8 5.0E8 5.0E8 1.0E9 1.5E9 2.0E9 2.0E9 2.0E9 -1.794967296E9 -1.294967296E9 -7.94967296E8 -7.94967296E8 -7.94967296E8 2.05032704E8 2.05032704E8 -2.089934592E9 -1.589934592E9
2 2.05032704E8 7.05032704E8 1.910065408E9 6.15098112E8 -4.7483648E8 -9.4967296E8 1.960392448E9 -7.19476736E8 5.10719488E8 -1.8741824E9 1.15098112E9 -1.643986176E9 -1.913789952E9 -1.913789952E9 -2.003724544E9 -1.003724544E9 1.70130816E9 7.2647168E8 7.2647168E8 -1.7483648E9
3 5.0E8 5.0E8 -1.294967296E9 -7.94967296E8 2.05032704E8 -6.54705664E8 -1.94967296E9 5.032704E7 1.870457856E9 -1.42450944E9 1.985555968E9 -1.309411328E9 -8.4901888E8 -3.4901888E8 1.5098112E8 6.5098112E8 1.15098112E9 1.15098112E9 1.15098112E9 1.15098112E9
4 0.0 0.0 5.0E8 1.0E9 1.5E9 -7.94967296E8 -7.94967296E8 -2.94967296E8 -2.94967296E8 -2.94967296E8 7.05032704E8 1.205032704E9 -1.589934592E9 -1.089934592E9 -8.9934592E7 4.10065408E8 4.10065408E8 4.10065408E8 1.410065408E9 -1.884901888E9
5 5.0E8 1.5E9 2.0E9 -1.794967296E9 -1.294967296E9 -7.94967296E8 -7.94967296E8 -7.94967296E8 -2.94967296E8 -2.94967296E8 -2.94967296E8 -2.94967296E8 7.05032704E8 1.705032704E9 -2.089934592E9 -2.089934592E9 -1.589934592E9 -8.9934592E7 -8.9934592E7 4.10065408E8
6 -2.94967296E8 7.05032704E8 1.910065408E9 -1.884901888E9 1.115098112E9 1.55032704E9 1.665425152E9 1.395621376E9 1.0719488E7 1.330850304E9 -2.143986176E9 -1.143986176E9 -9.13789952E8 -9.13789952E8 -5.03724544E8 4.96275456E8 -7.9869184E8 1.72647168E9 1.72647168E9 1.72647168E9
7 5.0E8 1.5E9 -7.94967296E8 -7.94967296E8 -1.589934592E9 5.2516352E8 1.52516352E9 5.7549056E8 5.7549056E8 2.07549056E9 -1.014444032E9 -1.014444032E9 -1.4444032E7 4.85555968E8 4.85555968E8 9.85555968E8 1.485555968E9 3.95621376E8 1.395621376E9 1.395621376E9
8 1.5E9 2.0E9 -1.794967296E9 -1.794967296E9 -1.294967296E9 -6.54705664E8 -1.54705664E8 1.665425152E9 1.690588672E9 -2.104378624E9 1.535883008E9 2.035883008E9 9.45948416E8 9.45948416E8 9.45948416E8 1.445948416E9 -1.34901888E9 -8.4901888E8 -8.4901888E8 -3.4901888E8
9 5.0E8 1.0E9 -1.794967296E9 -1.294967296E9 1.705032704E9 1.435228928E9 -1.44967296E9 5.032704E7 1.55032704E9 1.55032704E9 -1.4444032E7 4.85555968E8 1.715752192E9 1.715752192E9 1.715752192E9 1.715752192E9 1.715752192E9 -2.079215104E9 -2.079215104E9 -1.579215104E9
10 0.0 5.0E8 5.0E8 5.0E8 5.0E8 1.0E9 1.5E9 1.5E9 -1.794967296E9 -1.794967296E9 -1.794967296E9 -1.794967296E9 -1.294967296E9 -7.94967296E8 -2.94967296E8 -2.94967296E8 -2.94967296E8 2.05032704E8 7.05032704E8 1.205032704E9
11 -7.94967296E8 2.05032704E8 2.05032704E8 2.05032704E8 2.05032704E8 2.05032704E8 7.05032704E8 2.115098112E9 -6.79869184E8 1.820130816E9 1.690588672E9 -1.604378624E9 1.895621376E9 1.895621376E9 -1.94313216E8 3.05686784E8 8.05686784E8 -2.9869184E8 -2.9869184E8 -2.9869184E8
12 1.5E9 2.0E9 -7.94967296E8 -7.94967296E8 -8.84901888E8 1.40261632E8 -1.154705664E9 8.70457856E8 1.690588672E9 1.690588672E9 1.690588672E9 -1.604378624E9 -1.04378624E8 3.95621376E8 -1.89934592E9 -3.9934592E8 -1.194313216E9 5.35883008E8 2.40915712E8 -1.554051584E9
13 5.0E8 5.0E8 1.0E9 1.5E9 1.5E9 1.5E9 1.5E9 2.0E9 2.0E9 2.0E9 2.0E9 2.0E9 2.0E9 2.0E9 2.0E9 -1.794967296E9 -1.294967296E9 -7.94967296E8 1.705032704E9 -1.589934592E9
14 5.0E8 1.0E9 1.0E9 1.5E9 2.0E9 2.0E9 -1.794967296E9 -1.294967296E9 -1.294967296E9 -2.94967296E8 2.05032704E8 2.05032704E8 7.05032704E8 1.205032704E9 1.705032704E9 -1.589934592E9 -1.589934592E9 -5.89934592E8 -5.89934592E8 -8.9934592E7
15 -1.794967296E9 -1.794967296E9 -1.089934592E9 -1.384901888E9 -2.064771072E9 -5.39607552E8 -8.34574848E8 -1.04378624E8 -1.784247808E9 -1.8741824E9 6.5098112E8 1.15098112E9 -2.8888064E7 -2.8888064E7 -4.13789952E8 -4.13789952E8 -4.13789952E8 1.521438976E9 1.521438976E9 1.521438976E9
16 -7.94967296E8 -7.94967296E8 -7.94967296E8 -7.94967296E8 -7.94967296E8 -1.089934592E9 -8.9934592E7 9.10065408E8 -4.2450944E8 2.07549056E9 2.10065408E9 -1.694313216E9 -1.3741824E9 -8.741824E8 -1.669149696E9 -6.69149696E8 3.30850304E8 1.766079232E9 -1.028888064E9 -1.618822656E9
17 5.0E8 1.5E9 2.0E9 -1.794967296E9 -7.94967296E8 -2.94967296E8 -2.94967296E8 7.05032704E8 1.205032704E9 1.205032704E9 1.205032704E9 1.205032704E9 1.705032704E9 -1.589934592E9 -5.89934592E8 4.10065408E8 4.10065408E8 9.10065408E8 1.910065408E9 -8.84901888E8
18 0.0 5.0E8 5.0E8 1.0E9 1.5E9 -1.794967296E9 -1.794967296E9 -1.794967296E9 -1.794967296E9 -2.94967296E8 -2.94967296E8 -2.94967296E8 -2.94967296E8 -2.94967296E8 2.05032704E8 7.05032704E8 1.205032704E9 -2.089934592E9 -2.089934592E9 -2.089934592E9
19 5.0E8 5.0E8 1.5E9 2.0E9 -1.794967296E9 -1.794967296E9 -1.794967296E9 -1.294967296E9 -1.294967296E9 -2.94967296E8 2.05032704E8 1.205032704E9 -2.089934592E9 -2.089934592E9 -2.089934592E9 -2.089934592E9 -2.089934592E9 -2.089934592E9 -2.089934592E9 -1.589934592E9
20 0.0 5.0E8 1.0E9 1.5E9 1.5E9 1.5E9 2.0E9 2.0E9 2.0E9 2.0E9 -1.794967296E9 -1.794967296E9 -1.794967296E9 -1.794967296E9 -1.794967296E9 -1.794967296E9 -1.294967296E9 -2.94967296E8 -2.94967296E8 -2.94967296E8
21 5.0E8 1.5E9 1.5E9 1.5E9 1.5E9 1.5E9 -1.794967296E9 -7.94967296E8 -2.94967296E8 -2.94967296E8 7.05032704E8 7.05032704E8 1.205032704E9 1.205032704E9 1.205032704E9 1.705032704E9 -2.089934592E9 -1.589934592E9 -1.089934592E9 -1.089934592E9
22 5.0E8 5.0E8 1.0E9 1.0E9 -1.794967296E9 -1.294967296E9 -1.294967296E9 -7.94967296E8 -7.94967296E8 -2.94967296E8 2.05032704E8 2.05032704E8 7.05032704E8 7.05032704E8 7.05032704E8 7.05032704E8 7.05032704E8 7.05032704E8 1.205032704E9 1.205032704E9
23 0.0 5.0E8 2.0E9 -1.294967296E9 -2.94967296E8 -2.94967296E8 -2.94967296E8 -2.94967296E8 -2.94967296E8 -2.94967296E8 -2.94967296E8 2.05032704E8 2.05032704E8 2.05032704E8 7.05032704E8 7.05032704E8 1.205032704E9 1.705032704E9 -2.089934592E9 -1.089934592E9
24 2.0E9 2.0E9 -1.589934592E9 -5.89934592E8 -1.564771072E9 1.05032704E9 -1.629542144E9 -6.04378624E8 -1.489280512E9 -1.169149696E9 1.240915712E9 1.240915712E9 1.881177344E9 -1.913789952E9 7.91242752E8 7.91242752E8 -1.093659136E9 -7.7352832E8 2.2647168E8 1.2516352E9
25 5.0E8 1.0E9 1.0E9 1.5E9 -1.794967296E9 -1.794967296E9 -7.94967296E8 -2.94967296E8 7.05032704E8 7.05032704E8 1.205032704E9 1.205032704E9 1.205032704E9 1.705032704E9 1.705032704E9 1.705032704E9 1.705032704E9 -2.089934592E9 -1.589934592E9 -1.589934592E9
26 0.0 1.0E9 1.0E9 -8.9934592E7 1.730196224E9 -2.064771072E9 1.140261632E9 8.95621376E8 -1.489280512E9 -5.79215104E8 1.5098112E8 1.5098112E8 1.766079232E9 1.766079232E9 1.7614464E8 1.17614464E9 7.91242752E8 2.021438976E9 2.021438976E9 -2.043332096E9
27 5.0E8 5.0E8 5.0E8 1.0E9 1.0E9 1.5E9 1.5E9 1.5E9 -1.794967296E9 -1.794967296E9 -1.794967296E9 -7.94967296E8 -7.94967296E8 7.05032704E8 1.205032704E9 -1.589934592E9 -1.089934592E9 -5.89934592E8 -8.9934592E7 -8.9934592E7
28 5.0E8 5.0E8 1.0E9 2.0E9 2.0E9 -1.294967296E9 -1.294967296E9 -7.94967296E8 -2.94967296E8 7.05032704E8 1.205032704E9 1.705032704E9 1.705032704E9 -2.089934592E9 -1.589934592E9 -8.9934592E7 -8.9934592E7 -8.9934592E7 9.10065408E8 1.910065408E9
29 -1.794967296E9 -7.94967296E8 -1.589934592E9 -1.589934592E9 9.10065408E8 -2.69803776E8 -2.69803776E8 -2.69803776E8 1.55032704E9 1.55032704E9 -1.42450944E9 -1.42450944E9 -2.014444032E9 -2.014444032E9 9.85555968E8 9.85555968E8 -6.94313216E8 1.510719488E9 3.30850304E8 1.356013824E9
30 1.5E9 -1.794967296E9 -1.794967296E9 -1.294967296E9 -2.94967296E8 7.05032704E8 1.705032704E9 1.705032704E9 1.910065408E9 -1.884901888E9 1.320130816E9 -1.97483648E9 -1.97483648E9 -1.97483648E9 -1.47483648E9 -9.7483648E8 -9.7483648E8 1.730196224E9 1.730196224E9 1.730196224E9
31 1.5E9 1.5E9 -1.794967296E9 -1.294967296E9 -2.94967296E8 -2.94967296E8 -2.94967296E8 2.05032704E8 7.05032704E8 1.205032704E9 -1.589934592E9 -1.089934592E9 -1.089934592E9 -5.89934592E8 -5.89934592E8 -5.89934592E8 -8.9934592E7 4.10065408E8 4.10065408E8 4.10065408E8
32 2.0E9 -1.794967296E9 1.910065408E9 -1.384901888E9 -1.679869184E9 1.05032704E9 1.05032704E9 -1.744640256E9 -8.9934592E8 -1.989280512E9 -1.69149696E8 3.30850304E8 6.1046528E7 2.061046528E9 -7.33920768E8 -2.33920768E8 1.17614464E9 -9.3659136E7 4.06340864E8 6.36537088E8
33 -7.94967296E8 -2.94967296E8 2.115098112E9 1.02516352E9 -5.64771072E8 9.60392448E8 1.665425152E9 1.895621376E9 -4.89280512E8 8.30850304E8 1.65098112E9 -2.143986176E9 -9.13789952E8 -9.13789952E8 -1.79869184E9 -1.79869184E9 1.406340864E9 -2.068495616E9 -2.068495616E9 -5.43332096E8
34 5.0E8 5.0E8 1.5E9 -1.794967296E9 -1.794967296E9 -1.794967296E9 -1.794967296E9 -1.794967296E9 -1.794967296E9 -1.794967296E9 -1.794967296E9 -1.294967296E9 -1.294967296E9 -1.294967296E9 -1.294967296E9 -7.94967296E8 -7.94967296E8 2.05032704E8 7.05032704E8 7.05032704E8
35 -1.794967296E9 -1.794967296E9 -1.589934592E9 8.20130816E8 -1.564771072E9 1.255359744E9 1.665425152E9 -6.04378624E8 5.10719488E8 3.30850304E8 6.5098112E8 1.15098112E9 -1.413789952E9 -4.13789952E8 -1.003724544E9 -1.003724544E9 4.06340864E8 1.931504384E9 -1.863462912E9 -1.543332096E9
36 5.0E8 5.0E8 1.5E9 1.5E9 2.0E9 -1.794967296E9 -7.94967296E8 -2.94967296E8 -2.94967296E8 2.05032704E8 2.05032704E8 1.205032704E9 1.205032704E9 1.705032704E9 -2.089934592E9 -2.089934592E9 -1.589934592E9 -1.589934592E9 -1.589934592E9 -1.589934592E9
37 1.0E9 1.0E9 1.0E9 1.0E9 1.5E9 2.0E9 2.0E9 -1.294967296E9 -2.94967296E8 1.205032704E9 -2.089934592E9 -1.089934592E9 -5.89934592E8 -8.9934592E7 4.10065408E8 1.410065408E9 -1.884901888E9 -1.884901888E9 -1.884901888E9 -1.884901888E9
38 0.0 1.5E9 1.5E9 2.0E9 -2.94967296E8 2.05032704E8 2.05032704E8 7.05032704E8 1.205032704E9 1.705032704E9 -2.089934592E9 -1.589934592E9 -1.089934592E9 -8.9934592E7 9.10065408E8 1.410065408E9 1.410065408E9 1.410065408E9 1.910065408E9 1.910065408E9
39 1.5E9 1.5E9 1.5E9 1.5E9 -1.294967296E9 -2.94967296E8 2.05032704E8 2.05032704E8 2.05032704E8 7.05032704E8 1.205032704E9 1.205032704E9 1.705032704E9 -2.089934592E9 -2.089934592E9 -2.089934592E9 -2.089934592E9 -1.589934592E9 -1.589934592E9 -5.89934592E8
40 1.0E9 1.5E9 -1.294967296E9 -7.94967296E8 -2.94967296E8 -2.94967296E8 -2.94967296E8 -2.94967296E8 -2.94967296E8 -2.94967296E8 -2.94967296E8 2.05032704E8 7.05032704E8 7.05032704E8 1.205032704E9 1.205032704E9 1.705032704E9 -1.589934592E9 -1.089934592E9 -5.89934592E8
41 1.0E9 1.5E9 2.0E9 -1.294967296E9 -1.294967296E9 -7.94967296E8 2.05032704E8 1.205032704E9 1.205032704E9 1.705032704E9 1.705032704E9 1.705032704E9 -1.589934592E9 -1.589934592E9 -1.089934592E9 -8.9934592E7 -8.9934592E7 4.10065408E8 4.10065408E8 4.10065408E8
42 0.0 5.0E8 5.0E8 2.0E9 2.0E9 2.0E9 2.0E9 -1.794967296E9 -1.294967296E9 -1.294967296E9 -2.94967296E8 2.05032704E8 2.05032704E8 7.05032704E8 1.205032704E9 1.205032704E9 1.705032704E9 -1.589934592E9 -1.089934592E9 -5.89934592E8
43 5.0E8 5.0E8 1.0E9 1.0E9 1.0E9 1.0E9 1.5E9 -1.794967296E9 -7.94967296E8 -7.94967296E8 -2.94967296E8 -2.94967296E8 -2.94967296E8 2.05032704E8 7.05032704E8 1.205032704E9 -1.589934592E9 -1.089934592E9 -1.089934592E9 -8.9934592E7
44 0.0 0.0 0.0 0.0 0.0 5.0E8 1.0E9 1.0E9 1.5E9 1.5E9 2.0E9 -1.794967296E9 -1.794967296E9 -1.294967296E9 -2.94967296E8 2.05032704E8 7.05032704E8 7.05032704E8 7.05032704E8 1.205032704E9
45 5.0E8 5.0E8 1.0E9 1.5E9 1.5E9 -1.294967296E9 -1.294967296E9 -1.294967296E9 -1.294967296E9 -1.294967296E9 -1.294967296E9 -1.294967296E9 -7.94967296E8 -2.94967296E8 -2.94967296E8 2.05032704E8 2.05032704E8 7.05032704E8 1.205032704E9 -2.089934592E9
46 1.0E9 1.0E9 2.0E9 2.0E9 2.0E9 -1.794967296E9 -1.794967296E9 -1.794967296E9 -1.294967296E9 -7.94967296E8 -7.94967296E8 -7.94967296E8 -7.94967296E8 2.05032704E8 1.205032704E9 1.205032704E9 1.705032704E9 -2.089934592E9 -2.089934592E9 -2.089934592E9
47 0.0 0.0 1.0E9 1.0E9 1.0E9 1.0E9 2.0E9 -1.794967296E9 -1.794967296E9 -1.794967296E9 -1.794967296E9 -1.294967296E9 -1.294967296E9 -7.94967296E8 -7.94967296E8 -2.94967296E8 2.05032704E8 2.05032704E8 7.05032704E8 7.05032704E8
48 0.0 0.0 5.0E8 1.0E9 1.0E9 1.5E9 2.0E9 2.0E9 2.0E9 -1.794967296E9 -1.794967296E9 -1.794967296E9 -1.794967296E9 -1.294967296E9 -1.294967296E9 -1.294967296E9 -7.94967296E8 -2.94967296E8 -2.94967296E8 2.05032704E8
49 0.0 5.0E8 1.0E9 1.0E9 1.0E9 1.0E9 1.5E9 1.5E9 1.5E9 2.0E9 2.0E9 -1.794967296E9 -2.94967296E8 7.05032704E8 1.205032704E9 -2.089934592E9 -1.589934592E9 -1.089934592E9 -1.089934592E9 -5.89934592E8
50 0.0 1.5E9 2.0E9 -7.94967296E8 -7.94967296E8 -2.94967296E8 1.205032704E9 1.205032704E9 1.705032704E9 -2.089934592E9 -1.589934592E9 -1.089934592E9 -5.89934592E8 -5.89934592E8 -8.9934592E7 -8.9934592E7 -8.9934592E7 4.10065408E8 9.10065408E8 1.410065408E9
51 5.0E8 5.0E8 5.0E8 5.0E8 1.0E9 1.0E9 1.0E9 1.0E9 1.0E9 1.5E9 2.0E9 -1.794967296E9 -1.794967296E9 -1.794967296E9 -1.294967296E9 -1.294967296E9 -7.94967296E8 -2.94967296E8 2.05032704E8 2.05032704E8
