records: 20
      Record Time
Host  UsedBuffer

  16870.0 33740.0 50610.0 67480.0 84350.0 101220.0 118090.0 134960.0 151830.0 168700.0 185570.0 202440.0 219310.0 236180.0 253050.0 269920.0 286790.0 303660.0 320530.0 337400.0
0 6.0E8 1.5E9 -1.094967296E9 7.05032704E8 -2.089934592E9 -1.689934592E9 -5.89934592E8 1.210065408E9 -4.84901888E8 8.15098112E8 1.615098112E9 -1.979869184E9 -1.279869184E9 1.120130816E9 1.820130816E9 -1.67483648E9 -1.67483648E9 -8.7483648E8 -1.869803776E9 -1.269803776E9
1 2.0E8 1.6E9 -2.094967296E9 5.05032704E8 -2.089934592E9 -1.789934592E9 -1.089934592E9 9.10065408E8 -4.84901888E8 8.15098112E8 1.615098112E9 -1.979869184E9 -1.879869184E9 1.020130816E9 1.720130816E9 -1.97483648E9 -1.77483648E9 -1.17483648E9 1.82516352E9 -1.369803776E9
2 0.0 0.0 0.0 0.0 0.0 2.0E8 2.0E8 3.0E8 3.0E8 3.0E8 3.0E8 4.0E8 4.0E8 4.0E8 4.0E8 5.0E8 6.0E8 6.0E8 6.0E8 6.0E8
3 6.0E8 1.5E9 -1.094967296E9 6.05032704E8 1.905032704E9 2.005032704E9 -2.89934592E8 1.010065408E9 -4.84901888E8 8.15098112E8 1.015098112E9 -1.879869184E9 -1.179869184E9 1.120130816E9 1.720130816E9 -1.77483648E9 -1.37483648E9 -1.37483648E9 -2.069803776E9 -1.369803776E9
4 1.0E8 1.0E8 1.0E8 1.0E8 1.0E8 2.0E8 2.0E8 2.0E8 2.0E8 2.0E8 3.0E8 3.0E8 3.0E8 3.0E8 4.0E8 4.0E8 4.0E8 5.0E8 6.0E8 6.0E8
5 0.0 0.0 0.0 0.0 0.0 0.0 2.0E8 2.0E8 2.0E8 2.0E8 3.0E8 4.0E8 4.0E8 5.0E8 5.0E8 6.0E8 6.0E8 7.0E8 7.0E8 7.0E8
6 0.0 0.0 0.0 0.0 0.0 0.0 0.0 0.0 1.0E8 2.0E8 2.0E8 2.0E8 2.0E8 2.0E8 2.0E8 2.0E8 2.0E8 2.0E8 2.0E8 2.0E8
7 0.0 0.0 1.0E8 1.0E8 1.0E8 1.0E8 1.0E8 1.0E8 1.0E8 1.0E8 1.0E8 1.0E8 1.0E8 1.0E8 1.0E8 1.0E8 2.0E8 2.0E8 2.0E8 3.0E8
8 0.0 0.0 0.0 0.0 0.0 0.0 0.0 0.0 0.0 0.0 0.0 0.0 0.0 0.0 0.0 0.0 0.0 1.0E8 1.0E8 1.0E8
9 0.0 1.0E8 1.0E8 6.05032704E8 -2.089934592E9 -1.789934592E9 -1.089934592E9 9.10065408E8 -4.84901888E8 8.15098112E8 1.615098112E9 -1.979869184E9 -1.879869184E9 1.120130816E9 1.920130816E9 -1.97483648E9 -1.67483648E9 -6.7483648E8 -1.869803776E9 -1.469803776E9
10 0.0 0.0 -1.094967296E9 1.05032704E8 1.05032704E8 1.05032704E8 1.505032704E9 2.005032704E9 -6.84901888E8 9.15098112E8 1.015098112E9 1.915098112E9 -1.179869184E9 1.120130816E9 1.920130816E9 1.920130816E9 -1.17483648E9 -1.07483648E9 2.12516352E9 -1.369803776E9
11 0.0 0.0 0.0 0.0 0.0 3.0E8 3.0E8 3.0E8 3.0E8 3.0E8 3.0E8 3.0E8 3.0E8 3.0E8 3.0E8 3.0E8 3.0E8 3.0E8 3.0E8 3.0E8
12 2.0E8 1.6E9 -9.94967296E8 6.05032704E8 -2.089934592E9 -1.789934592E9 -1.089934592E9 9.10065408E8 -5.84901888E8 7.15098112E8 1.515098112E9 -2.079869184E9 -1.979869184E9 1.020130816E9 1.720130816E9 -2.07483648E9 -1.77483648E9 -1.17483648E9 2.12516352E9 -1.769803776E9
13 6.0E8 1.7E9 -9.94967296E8 5.05032704E8 2.005032704E9 -1.789934592E9 -1.789934592E9 1.110065408E9 -6.84901888E8 6.15098112E8 1.415098112E9 2.115098112E9 -2.079869184E9 8.20130816E8 8.20130816E8 8.20130816E8 8.20130816E8 9.20130816E8 9.20130816E8 9.20130816E8
14 5.0E8 1.4E9 -1.094967296E9 5.05032704E8 2.005032704E9 -1.789934592E9 -1.089934592E9 1.110065408E9 -6.84901888E8 6.15098112E8 1.415098112E9 2.115098112E9 -1.479869184E9 8.20130816E8 9.20130816E8 9.20130816E8 9.20130816E8 1.020130816E9 1.020130816E9 1.020130816E9
15 0.0 0.0 0.0 0.0 0.0 0.0 0.0 0.0 0.0 0.0 0.0 0.0 0.0 0.0 0.0 0.0 0.0 0.0 0.0 0.0
16 2.0E8 1.6E9 -9.94967296E8 6.05032704E8 -1.989934592E9 -1.789934592E9 -1.089934592E9 9.10065408E8 -4.84901888E8 8.15098112E8 1.615098112E9 -1.979869184E9 -1.879869184E9 1.020130816E9 1.820130816E9 -2.07483648E9 -1.77483648E9 -7.7483648E8 -1.969803776E9 -1.469803776E9
17 2.0E8 7.0E8 7.0E8 8.0E8 1.6E9 -2.094967296E9 -2.089934592E9 -1.889934592E9 1.0065408E7 1.210065408E9 4.15098112E8 1.915098112E9 -2.079869184E9 -1.79869184E8 -1.79869184E8 1.220130816E9 -1.87483648E9 -1.77483648E9 -1.67483648E9 -1.67483648E9
18 2.0E8 1.4E9 1.6E9 -1.794967296E9 5.05032704E8 5.05032704E8 -1.089934592E9 -7.89934592E8 -7.89934592E8 7.10065408E8 8.10065408E8 9.15098112E8 -1.879869184E9 -1.379869184E9 2.0130816E7 -1.97483648E9 -1.57483648E9 -1.57483648E9 -1.57483648E9 -1.57483648E9
19 0.0 0.0 0.0 0.0 0.0 0.0 1.0E8 3.0E8 3.0E8 3.0E8 3.0E8 3.0E8 3.0E8 3.0E8 3.0E8 3.0E8 3.0E8 3.0E8 3.0E8 3.0E8
20 0.0 0.0 0.0 0.0 0.0 0.0 0.0 0.0 0.0 0.0 0.0 0.0 0.0 1.0E8 1.0E8 1.0E8 1.0E8 1.0E8 1.0E8 2.0E8
21 1.0E9 1.3E9 -9.94967296E8 -4.94967296E8 -4.94967296E8 -1.689934592E9 -1.289934592E9 1.110065408E9 -4.84901888E8 4.15098112E8 4.15098112E8 4.15098112E8 4.15098112E8 1.120130816E9 1.720130816E9 -1.47483648E9 -1.47483648E9 -1.37483648E9 -2.069803776E9 -1.469803776E9
22 0.0 0.0 0.0 0.0 0.0 0.0 0.0 0.0 0.0 0.0 0.0 0.0 0.0 0.0 1.0E8 1.0E8 2.0E8 2.0E8 2.0E8 2.0E8
23 1.0E8 1.3E9 -1.194967296E9 4.05032704E8 2.105032704E9 2.105032704E9 -1.889934592E9 -1.889934592E9 -6.84901888E8 -3.84901888E8 1.215098112E9 1.315098112E9 1.315098112E9 9.20130816E8 1.220130816E9 2.020130816E9 2.020130816E9 2.020130816E9 -1.969803776E9 -1.569803776E9
24 9.0E8 1.3E9 -9.94967296E8 -5.94967296E8 2.105032704E9 -1.789934592E9 -1.389934592E9 1.010065408E9 -4.84901888E8 4.15098112E8 4.15098112E8 4.15098112E8 4.15098112E8 9.20130816E8 1.520130816E9 -1.67483648E9 -1.67483648E9 -1.57483648E9 -2.069803776E9 -1.869803776E9
25 1.0E9 1.5E9 1.5E9 1.5E9 2.105032704E9 -1.889934592E9 -1.389934592E9 6.10065408E8 -5.84901888E8 7.15098112E8 1.215098112E9 1.215098112E9 1.215098112E9 8.20130816E8 1.620130816E9 1.820130816E9 1.820130816E9 1.820130816E9 1.02516352E9 -1.469803776E9
26 0.0 0.0 0.0 2.0E8 3.0E8 4.0E8 4.0E8 4.0E8 4.0E8 4.0E8 4.0E8 4.0E8 4.0E8 4.0E8 4.0E8 4.0E8 4.0E8 4.0E8 4.0E8 4.0E8
27 0.0 1.0E8 1.0E8 1.0E8 1.0E8 1.0E8 1.0E8 1.0E8 2.0E8 2.0E8 2.0E8 2.0E8 2.0E8 3.0E8 3.0E8 3.0E8 3.0E8 3.0E8 3.0E8 3.0E8
28 0.0 0.0 0.0 0.0 0.0 0.0 0.0 0.0 1.0E8 1.0E8 1.0E8 1.0E8 1.0E8 1.0E8 2.0E8 2.0E8 2.0E8 2.0E8 3.0E8 3.0E8
29 8.0E8 1.4E9 -9.94967296E8 6.05032704E8 -2.089934592E9 -1.889934592E9 -1.889934592E9 -1.889934592E9 -1.889934592E9 -1.889934592E9 -1.889934592E9 -1.889934592E9 -1.389934592E9 9.20130816E8 1.720130816E9 1.920130816E9 2.020130816E9 -1.07483648E9 -2.069803776E9 -1.469803776E9
30 6.0E8 1.3E9 -1.194967296E9 4.05032704E8 4.05032704E8 1.005032704E9 -3.89934592E8 9.10065408E8 -5.84901888E8 7.15098112E8 1.315098112E9 -1.979869184E9 -1.879869184E9 1.020130816E9 1.620130816E9 1.920130816E9 -1.47483648E9 -1.47483648E9 -1.47483648E9 -1.269803776E9
31 0.0 0.0 0.0 0.0 1.0E8 1.0E8 1.0E8 1.0E8 1.0E8 1.0E8 1.0E8 1.0E8 1.0E8 1.0E8 1.0E8 1.0E8 1.0E8 2.0E8 3.0E8 4.0E8
32 0.0 0.0 0.0 0.0 0.0 0.0 0.0 1.0E8 1.0E8 1.0E8 1.0E8 1.0E8 2.0E8 2.0E8 3.0E8 3.0E8 3.0E8 3.0E8 4.0E8 4.0E8
33 0.0 1.2E9 -9.94967296E8 6.05032704E8 1.005032704E9 1.105032704E9 1.105032704E9 7.10065408E8 -4.84901888E8 8.15098112E8 1.415098112E9 1.415098112E9 1.515098112E9 1.515098112E9 1.615098112E9 1.615098112E9 1.715098112E9 1.715098112E9 1.715098112E9 1.715098112E9
34 8.0E8 1.4E9 -1.094967296E9 6.05032704E8 1.905032704E9 1.905032704E9 -6.89934592E8 -8.9934592E7 -5.84901888E8 6.15098112E8 1.215098112E9 1.315098112E9 -1.779869184E9 8.20130816E8 1.220130816E9 1.220130816E9 1.220130816E9 1.220130816E9 1.82516352E9 -1.469803776E9
35 9.0E8 1.4E9 -9.94967296E8 4.05032704E8 1.805032704E9 1.805032704E9 -6.89934592E8 2.10065408E8 -3.84901888E8 -8.4901888E7 1.515098112E9 1.915098112E9 -1.179869184E9 1.220130816E9 2.020130816E9 2.020130816E9 2.020130816E9 2.020130816E9 -1.669803776E9 -1.069803776E9
36 0.0 1.0E8 1.0E8 1.0E8 1.0E8 2.0E8 2.0E8 2.0E8 2.0E8 3.0E8 3.0E8 3.0E8 3.0E8 3.0E8 4.0E8 4.0E8 5.0E8 5.0E8 6.0E8 6.0E8
37 4.0E8 1.7E9 -9.94967296E8 6.05032704E8 -1.989934592E9 -1.689934592E9 -1.089934592E9 1.410065408E9 -3.84901888E8 9.15098112E8 1.415098112E9 1.515098112E9 -1.179869184E9 1.020130816E9 1.820130816E9 -1.57483648E9 -1.27483648E9 -1.17483648E9 2.02516352E9 -1.269803776E9
38 8.0E8 9.0E8 9.0E8 1.0E9 -2.089934592E9 -1.889934592E9 -1.189934592E9 7.10065408E8 -7.84901888E8 3.15098112E8 1.015098112E9 1.915098112E9 -1.479869184E9 1.20130816E8 1.220130816E9 -2.07483648E9 -1.97483648E9 -1.67483648E9 -1.67483648E9 -1.67483648E9
39 0.0 0.0 0.0 1.0E8 1.0E8 1.0E8 1.0E8 2.0E8 2.0E8 2.0E8 2.0E8 2.0E8 2.0E8 2.0E8 2.0E8 2.0E8 2.0E8 2.0E8 2.0E8 2.0E8
40 1.0E8 1.0E8 -9.94967296E8 -3.94967296E8 7.05032704E8 7.05032704E8 1.605032704E9 -1.589934592E9 -3.84901888E8 9.15098112E8 1.715098112E9 1.915098112E9 1.915098112E9 1.120130816E9 1.920130816E9 -2.07483648E9 -1.97483648E9 -1.97483648E9 -2.069803776E9 -1.169803776E9
41 0.0 1.0E8 1.0E8 1.0E8 1.0E8 1.0E8 1.0E8 1.0E8 1.0E8 1.0E8 1.0E8 1.0E8 1.0E8 1.0E8 3.0E8 3.0E8 3.0E8 4.0E8 4.0E8 4.0E8
42 0.0 0.0 0.0 0.0 0.0 0.0 0.0 0.0 0.0 0.0 1.0E8 1.0E8 1.0E8 1.0E8 1.0E8 1.0E8 3.0E8 3.0E8 3.0E8 3.0E8
43 1.0E8 1.0E8 1.0E8 2.0E8 2.0E8 2.0E8 2.0E8 2.0E8 2.0E8 3.0E8 3.0E8 3.0E8 3.0E8 3.0E8 3.0E8 5.0E8 5.0E8 5.0E8 6.0E8 6.0E8
44 8.0E8 1.4E9 1.5E9 -2.94967296E8 -2.94967296E8 -2.94967296E8 -2.94967296E8 2.105032704E9 -5.84901888E8 5.15098112E8 1.315098112E9 1.315098112E9 1.315098112E9 8.20130816E8 1.520130816E9 -2.07483648E9 -2.07483648E9 -1.97483648E9 -2.069803776E9 -1.569803776E9
45 8.0E8 9.0E8 9.0E8 1.0E9 -1.989934592E9 -1.789934592E9 -1.089934592E9 1.010065408E9 -4.84901888E8 8.15098112E8 1.515098112E9 -1.879869184E9 -9.79869184E8 1.120130816E9 1.620130816E9 -1.67483648E9 -1.57483648E9 -6.7483648E8 -1.969803776E9 -1.869803776E9
46 1.0E9 1.4E9 -1.994967296E9 6.05032704E8 -1.989934592E9 -1.789934592E9 -1.789934592E9 1.0065408E7 -3.84901888E8 9.15098112E8 1.515098112E9 1.515098112E9 -1.279869184E9 1.220130816E9 1.620130816E9 -1.37483648E9 -1.37483648E9 -1.37483648E9 -1.769803776E9 -1.669803776E9
47 9.0E8 1.4E9 -1.094967296E9 3.05032704E8 1.905032704E9 1.905032704E9 -3.89934592E8 1.110065408E9 -4.84901888E8 8.15098112E8 1.415098112E9 -1.979869184E9 -1.679869184E9 1.120130816E9 1.920130816E9 2.020130816E9 2.020130816E9 2.020130816E9 -1.769803776E9 -1.269803776E9
48 8.0E8 8.0E8 -1.094967296E9 6.05032704E8 2.005032704E9 -1.689934592E9 -1.289934592E9 1.410065408E9 -3.84901888E8 5.15098112E8 1.515098112E9 1.615098112E9 -1.279869184E9 1.220130816E9 2.020130816E9 -1.37483648E9 -1.07483648E9 -7.7483648E8 -2.069803776E9 -1.069803776E9
49 7.0E8 1.7E9 -9.94967296E8 5.05032704E8 -2.089934592E9 -2.089934592E9 -1.389934592E9 6.10065408E8 -4.84901888E8 8.15098112E8 8.15098112E8 -1.979869184E9 -1.979869184E9 1.120130816E9 1.920130816E9 -1.47483648E9 -1.47483648E9 -1.47483648E9 -1.869803776E9 -1.269803776E9
50 0.0 1.0E8 1.0E8 1.0E8 2.0E8 2.0E8 3.0E8 3.0E8 3.0E8 3.0E8 3.0E8 3.0E8 4.0E8 4.0E8 4.0E8 4.0E8 4.0E8 4.0E8 4.0E8 4.0E8
51 9.0E8 1.7E9 -1.094967296E9 5.05032704E8 2.105032704E9 -1.989934592E9 -7.89934592E8 8.10065408E8 -5.84901888E8 7.15098112E8 7.15098112E8 1.615098112E9 -1.979869184E9 9.20130816E8 1.520130816E9 -1.67483648E9 -1.47483648E9 -1.47483648E9 -1.969803776E9 -1.969803776E9
52 8.0E8 1.4E9 -1.094967296E9 5.05032704E8 -2.089934592E9 -1.889934592E9 -4.89934592E8 1.10065408E8 -4.84901888E8 8.15098112E8 1.415098112E9 -1.879869184E9 -1.779869184E9 1.120130816E9 1.920130816E9 -1.47483648E9 -1.37483648E9 -1.27483648E9 -1.869803776E9 -1.669803776E9
53 6.0E8 1.2E9 1.9E9 1.9E9 2.1E9 2.1E9 -1.89934592E8 8.10065408E8 -3.84901888E8 7.15098112E8 1.515098112E9 1.715098112E9 1.715098112E9 1.220130816E9 2.020130816E9 2.020130816E9 2.020130816E9 2.020130816E9 -1.669803776E9 -1.369803776E9
54 0.0 0.0 0.0 0.0 0.0 0.0 0.0 0.0 0.0 0.0 0.0 1.0E8 1.0E8 1.0E8 1.0E8 2.0E8 2.0E8 2.0E8 2.0E8 3.0E8
55 1.0E9 1.4E9 1.4E9 7.05032704E8 2.105032704E9 -1.789934592E9 -6.89934592E8 9.10065408E8 -5.84901888E8 7.15098112E8 1.515098112E9 1.515098112E9 -1.779869184E9 8.20130816E8 1.520130816E9 -1.87483648E9 -1.57483648E9 -1.37483648E9 2.12516352E9 -1.669803776E9
56 0.0 0.0 0.0 0.0 0.0 0.0 1.0E8 1.0E8 1.0E8 1.0E8 1.0E8 1.0E8 1.0E8 1.0E8 1.0E8 1.0E8 1.0E8 1.0E8 1.0E8 1.0E8
57 0.0 0.0 0.0 0.0 0.0 0.0 0.0 0.0 0.0 0.0 0.0 0.0 0.0 0.0 0.0 0.0 0.0 0.0 0.0 0.0
58 9.0E8 1.4E9 -9.94967296E8 5.05032704E8 1.705032704E9 1.705032704E9 1.705032704E9 1.705032704E9 1.705032704E9 7.15098112E8 1.415098112E9 1.415098112E9 -1.279869184E9 -1.279869184E9 1.820130816E9 2.020130816E9 2.120130816E9 -1.17483648E9 -3.7483648E8 -3.7483648E8
59 9.0E8 1.7E9 -9.94967296E8 6.05032704E8 -1.989934592E9 -1.889934592E9 -6.89934592E8 4.10065408E8 -3.84901888E8 8.15098112E8 1.515098112E9 1.515098112E9 1.615098112E9 1.220130816E9 1.920130816E9 -1.37483648E9 -1.17483648E9 -7.7483648E8 -1.669803776E9 -1.069803776E9
60 9.0E8 9.0E8 -9.94967296E8 6.05032704E8 -1.989934592E9 -1.889934592E9 -5.89934592E8 1.310065408E9 -4.84901888E8 7.15098112E8 8.15098112E8 -1.879869184E9 -1.279869184E9 1.020130816E9 1.720130816E9 1.820130816E9 -1.27483648E9 -1.27483648E9 1.62516352E9 1.62516352E9
61 4.0E8 4.0E8 -1.094967296E9 6.05032704E8 2.005032704E9 -1.789934592E9 -2.89934592E8 8.10065408E8 -4.84901888E8 8.15098112E8 1.115098112E9 1.115098112E9 1.115098112E9 7.20130816E8 7.20130816E8 7.20130816E8 7.20130816E8 7.20130816E8 7.20130816E8 7.20130816E8
62 9.0E8 1.4E9 -1.094967296E9 7.05032704E8 1.805032704E9 1.805032704E9 -1.489934592E9 1.310065408E9 -4.84901888E8 8.15098112E8 1.315098112E9 1.515098112E9 -1.179869184E9 1.120130816E9 1.920130816E9 2.120130816E9 2.120130816E9 2.120130816E9 1.92516352E9 -1.469803776E9
63 0.0 0.0 0.0 0.0 0.0 0.0 0.0 0.0 0.0 0.0 0.0 0.0 0.0 0.0 0.0 0.0 0.0 0.0 0.0 1.0E8
64 6.0E8 6.0E8 6.0E8 1.4E9 6.05032704E8 6.05032704E8 6.05032704E8 4.10065408E8 -3.84901888E8 9.15098112E8 1.115098112E9 1.115098112E9 1.115098112E9 1.220130816E9 1.920130816E9 -1.57483648E9 -1.47483648E9 -1.37483648E9 -1.869803776E9 -1.369803776E9
65 0.0 0.0 0.0 0.0 1.0E8 1.0E8 1.0E8 1.0E8 1.0E8 1.0E8 1.0E8 1.0E8 1.0E8 1.0E8 1.0E8 1.0E8 1.0E8 1.0E8 2.0E8 2.0E8
66 8.0E8 1.4E9 1.4E9 -9.4967296E7 -1.989934592E9 -1.889934592E9 -5.89934592E8 6.10065408E8 -4.84901888E8 8.15098112E8 1.415098112E9 1.515098112E9 1.715098112E9 9.20130816E8 1.620130816E9 -1.67483648E9 -1.57483648E9 -1.57483648E9 2.12516352E9 -1.369803776E9
67 6.0E8 7.0E8 7.0E8 -9.4967296E7 2.005032704E9 2.005032704E9 2.005032704E9 1.110065408E9 1.510065408E9 9.15098112E8 1.115098112E9 1.115098112E9 -8.79869184E8 1.020130816E9 1.620130816E9 1.620130816E9 1.720130816E9 1.720130816E9 1.820130816E9 1.820130816E9
68 0.0 0.0 0.0 0.0 0.0 0.0 0.0 0.0 0.0 1.0E8 1.0E8 1.0E8 1.0E8 1.0E8 1.0E8 2.0E8 2.0E8 2.0E8 2.0E8 3.0E8
69 0.0 0.0 0.0 0.0 0.0 0.0 1.0E8 1.0E8 1.0E8 1.0E8 1.0E8 1.0E8 1.0E8 1.0E8 2.0E8 2.0E8 2.0E8 2.0E8 2.0E8 2.0E8
70 1.0E9 1.4E9 1.4E9 6.05032704E8 7.05032704E8 1.905032704E9 2.005032704E9 6.10065408E8 -6.84901888E8 8.15098112E8 1.415098112E9 -1.979869184E9 -1.979869184E9 1.120130816E9 1.720130816E9 1.720130816E9 1.720130816E9 1.720130816E9 1.820130816E9 1.820130816E9
71 0.0 0.0 0.0 0.0 0.0 0.0 0.0 0.0 0.0 0.0 0.0 0.0 1.0E8 1.0E8 1.0E8 1.0E8 1.0E8 1.0E8 2.0E8 2.0E8
72 0.0 0.0 0.0 0.0 0.0 0.0 0.0 2.0E8 2.0E8 4.0E8 4.0E8 4.0E8 4.0E8 4.0E8 4.0E8 4.0E8 4.0E8 4.0E8 4.0E8 4.0E8
73 0.0 0.0 0.0 0.0 0.0 0.0 1.0E8 1.0E8 1.0E8 1.0E8 1.0E8 1.0E8 1.0E8 1.0E8 1.0E8 1.0E8 1.0E8 2.0E8 2.0E8 2.0E8
74 1.0E9 1.8E9 -9.94967296E8 6.05032704E8 -2.089934592E9 -1.989934592E9 -8.89934592E8 3.10065408E8 -5.84901888E8 7.15098112E8 1.015098112E9 1.015098112E9 1.015098112E9 1.020130816E9 1.620130816E9 1.620130816E9 -1.47483648E9 -1.37483648E9 -1.37483648E9 -1.37483648E9
75 0.0 1.0E8 2.0E8 2.0E8 2.0E8 2.0E8 2.0E8 2.0E8 2.0E8 2.0E8 2.0E8 2.0E8 2.0E8 3.0E8 3.0E8 3.0E8 3.0E8 3.0E8 3.0E8 3.0E8
76 1.0E9 1.8E9 -9.94967296E8 6.05032704E8 -1.989934592E9 -1.789934592E9 -9.89934592E8 1.010065408E9 -3.84901888E8 9.15098112E8 1.515098112E9 1.515098112E9 1.515098112E9 1.120130816E9 1.920130816E9 -1.57483648E9 -1.57483648E9 -1.57483648E9 -1.769803776E9 -1.269803776E9
77 1.0E8 1.0E8 1.0E8 1.0E8 1.0E8 1.0E8 1.0E8 1.0E8 2.0E8 2.0E8 2.0E8 2.0E8 2.0E8 2.0E8 2.0E8 2.0E8 2.0E8 2.0E8 2.0E8 2.0E8
78 1.0E9 1.7E9 -9.94967296E8 6.05032704E8 -1.989934592E9 -1.789934592E9 -1.789934592E9 1.110065408E9 -3.84901888E8 9.15098112E8 1.415098112E9 2.115098112E9 2.115098112E9 7.20130816E8 1.420130816E9 1.420130816E9 1.420130816E9 1.420130816E9 -1.57483648E9 -1.57483648E9
79 1.0E9 1.4E9 1.4E9 3.05032704E8 1.305032704E9 -1.789934592E9 -4.89934592E8 9.10065408E8 -4.84901888E8 8.15098112E8 8.15098112E8 -1.679869184E9 -1.579869184E9 1.120130816E9 1.920130816E9 -1.67483648E9 -1.17483648E9 -8.7483648E8 -1.869803776E9 -1.169803776E9
80 8.0E8 1.4E9 -2.094967296E9 5.05032704E8 -2.089934592E9 -1.989934592E9 -6.89934592E8 6.10065408E8 -4.84901888E8 8.15098112E8 1.415098112E9 1.515098112E9 1.715098112E9 1.120130816E9 1.820130816E9 -1.47483648E9 -1.17483648E9 -1.17483648E9 -1.769803776E9 -1.169803776E9
81 0.0 0.0 0.0 0.0 0.0 0.0 0.0 0.0 0.0 0.0 0.0 0.0 0.0 0.0 0.0 0.0 0.0 0.0 0.0 0.0
82 1.0E9 1.4E9 -9.94967296E8 7.05032704E8 1.305032704E9 1.305032704E9 1.305032704E9 8.10065408E8 8.10065408E8 7.15098112E8 8.15098112E8 8.15098112E8 8.15098112E8 8.15098112E8 8.15098112E8 8.15098112E8 8.15098112E8 8.15098112E8 1.92516352E9 1.92516352E9
83 9.0E8 1.8E9 -9.94967296E8 6.05032704E8 -1.989934592E9 -1.789934592E9 -1.89934592E8 1.410065408E9 -3.84901888E8 9.15098112E8 1.615098112E9 -1.779869184E9 -1.479869184E9 -1.479869184E9 1.820130816E9 2.020130816E9 2.020130816E9 2.020130816E9 2.020130816E9 2.020130816E9
84 8.0E8 1.8E9 -9.94967296E8 6.05032704E8 1.305032704E9 1.305032704E9 -4.89934592E8 1.10065408E8 -4.84901888E8 8.15098112E8 1.015098112E9 1.315098112E9 1.315098112E9 1.315098112E9 1.820130816E9 -1.57483648E9 -1.57483648E9 -5.7483648E8 -1.869803776E9 -1.169803776E9
85 0.0 0.0 0.0 0.0 0.0 0.0 0.0 0.0 0.0 0.0 1.0E8 1.0E8 1.0E8 1.0E8 2.0E8 2.0E8 2.0E8 2.0E8 2.0E8 2.0E8
86 0.0 0.0 1.0E8 1.0E8 1.0E8 1.0E8 2.0E8 2.0E8 2.0E8 2.0E8 2.0E8 2.0E8 2.0E8 3.0E8 4.0E8 4.0E8 4.0E8 4.0E8 4.0E8 4.0E8
87 0.0 0.0 0.0 0.0 0.0 0.0 0.0 1.0E8 1.0E8 1.0E8 1.0E8 1.0E8 1.0E8 1.0E8 1.0E8 1.0E8 1.0E8 1.0E8 1.0E8 1.0E8
88 9.0E8 1.7E9 -9.94967296E8 5.05032704E8 -2.089934592E9 -1.889934592E9 -5.89934592E8 1.210065408E9 -4.84901888E8 8.15098112E8 1.415098112E9 1.715098112E9 -1.579869184E9 1.020130816E9 1.820130816E9 2.020130816E9 -1.27483648E9 -1.27483648E9 -1.869803776E9 -1.269803776E9
89 8.0E8 1.7E9 -2.094967296E9 6.05032704E8 -1.989934592E9 -1.889934592E9 -4.89934592E8 1.310065408E9 -4.84901888E8 7.15098112E8 1.315098112E9 1.815098112E9 -1.579869184E9 1.020130816E9 1.720130816E9 -1.57483648E9 -1.27483648E9 -6.7483648E8 -1.869803776E9 -1.669803776E9
90 8.0E8 1.7E9 1.7E9 6.05032704E8 -1.989934592E9 -1.889934592E9 -4.89934592E8 1.210065408E9 -5.84901888E8 7.15098112E8 1.315098112E9 1.315098112E9 1.315098112E9 1.020130816E9 1.820130816E9 -1.77483648E9 -1.77483648E9 -1.77483648E9 -1.869803776E9 -1.869803776E9
91 1.0E9 1.4E9 1.4E9 -9.4967296E7 -9.4967296E7 5032704.0 1.805032704E9 2.10065408E8 -7.84901888E8 1.5098112E7 1.5098112E7 1.15098112E8 1.15098112E8 1.15098112E8 1.15098112E8 1.15098112E8 1.15098112E8 1.15098112E8 1.15098112E8 1.15098112E8
92 8.0E8 1.5E9 -2.094967296E9 6.05032704E8 -1.989934592E9 -1.889934592E9 -1.189934592E9 3.10065408E8 -5.84901888E8 7.15098112E8 1.315098112E9 1.315098112E9 1.415098112E9 8.20130816E8 1.520130816E9 -1.77483648E9 -1.67483648E9 -1.27483648E9 2.12516352E9 -1.569803776E9
93 4.0E8 4.0E8 -1.094967296E9 5.05032704E8 6.05032704E8 7.05032704E8 -7.89934592E8 -1.89934592E8 -5.84901888E8 -4.84901888E8 -4.84901888E8 -4.84901888E8 -3.84901888E8 -3.84901888E8 -3.84901888E8 -3.84901888E8 -3.84901888E8 -3.84901888E8 -3.84901888E8 -3.84901888E8
94 9.0E8 1.8E9 2.1E9 6.05032704E8 -1.989934592E9 -1.889934592E9 -6.89934592E8 9.10065408E8 -3.84901888E8 6.15098112E8 6.15098112E8 6.15098112E8 6.15098112E8 6.15098112E8 6.15098112E8 6.15098112E8 7.15098112E8 7.15098112E8 7.15098112E8 7.15098112E8
95 3.0E8 3.0E8 3.0E8 6.05032704E8 -1.989934592E9 -1.789934592E9 -4.89934592E8 1.310065408E9 -1.284901888E9 -1.284901888E9 -1.284901888E9 -1.184901888E9 -1.184901888E9 -1.184901888E9 -1.184901888E9 -1.184901888E9 -1.184901888E9 -1.184901888E9 -1.184901888E9 -1.184901888E9
96 1.0E9 1.5E9 -9.94967296E8 6.05032704E8 1.405032704E9 -1.689934592E9 -1.489934592E9 1.0065408E7 1.910065408E9 1.15098112E8 1.15098112E8 1.15098112E8 1.15098112E8 5.20130816E8 1.720130816E9 1.920130816E9 1.920130816E9 1.920130816E9 2.120130816E9 -1.47483648E9
97 0.0 0.0 1.0E8 1.0E8 1.0E8 1.0E8 1.0E8 1.0E8 1.0E8 1.0E8 1.0E8 1.0E8 2.0E8 4.0E8 4.0E8 5.0E8 5.0E8 5.0E8 5.0E8 5.0E8
