0 3349
1 1980
2 4466
3 3278
4 2959
5 2677
6 762
7 1055
8 1527
9 2867
10 545
11 435
12 4371
13 4082
14 2319
15 4024
16 3451
17 975
18 676
19 1393
20 1350
21 2371
22 2488
23 3023
24 3229
25 3093
26 2435
27 2931
28 1995
29 2817
30 3283
31 4083
32 2386
33 2636
34 2414
35 2738
36 2826
37 3206
38 2584
39 3487
40 2590
41 2130
42 4114
43 3606
44 2965
45 2626
46 3218
47 3969
48 3119
49 3941
50 4114
51 3639
52 4257
53 3049
54 1892
55 3721
56 3354
57 3779
58 2781
59 5380
60 3589
61 2390
62 1494
63 3542
64 2375
65 5048
66 3276
67 1991
68 1388
69 3981
70 3167
71 4674
72 3604
73 4763
74 4496
75 4971
76 5467
77 5265
78 5066
79 3919
80 4185
81 5287
82 1441
83 5448
84 2749
85 4153
86 4108
87 5653
88 5245
89 5120
90 4187
91 2014
92 5285
93 1848
94 4159
95 2371
96 657
97 3952
