0 3350
1 1982
2 4464
3 3279
4 2960
5 2676
6 762
7 1053
8 1525
9 2868
10 545
11 435
12 4371
13 4082
14 2319
15 4024
16 3452
17 976
18 676
19 1394
20 1350
21 2371
22 2490
23 3022
24 3229
25 3092
26 2432
27 2931
28 1996
29 2816
30 3280
31 4085
32 2386
33 2635
34 2411
35 2736
36 2826
37 3206
38 2585
39 3486
40 2589
41 2130
42 4114
43 3606
44 2966
45 2627
46 3218
47 3968
48 3119
49 3943
50 4117
51 3639
52 4257
53 3048
54 1892
55 3721
56 3354
57 3780
58 2784
59 5381
60 3592
61 2390
62 1496
63 3542
64 2375
65 5047
66 3276
67 1991
68 1388
69 3981
70 3167
71 4673
72 3604
73 4763
74 4498
75 4970
76 5464
77 5267
78 5060
79 3919
80 4184
81 5286
82 1441
83 5447
84 2749
85 4152
86 4109
87 5652
88 5244
89 5120
90 4187
91 2014
92 5285
93 1844
94 4157
95 2371
96 657
97 3953
