records: 20
      Record Time
Host  UsedBuffer

  49376.0 98752.0 148128.0 197504.0 246880.0 296256.0 345632.0 395008.0 444384.0 493760.0 543136.0 592512.0 641888.0 691264.0 740640.0 790016.0 839392.0 888768.0 938144.0 987520.0
0 3.0E8 7.0E8 -8.94967296E8 -7.94967296E8 -4.94967296E8 7.15098112E8 -1.679869184E9 -1.379869184E9 1.12516352E9 1.32516352E9 -1.764771072E9 -1.664771072E9 -1.59738368E8 4.0261632E7 2.40261632E8 2.40261632E8 2.40261632E8 2.40261632E8 3.40261632E8 4.40261632E8
1 5.0E8 8.0E8 -9.94967296E8 -9.94967296E8 -1.989934592E9 -1.84901888E8 -1.979869184E9 -1.679869184E9 1.02516352E9 1.02516352E9 -5.64771072E8 -4.64771072E8 -7.59738368E8 -6.59738368E8 -6.59738368E8 -6.59738368E8 -4.59738368E8 -4.59738368E8 -5.9738368E7 4.0261632E7
2 8.0E8 9.0E8 1.8E9 2.05032704E8 6.05032704E8 -5.84901888E8 1.615098112E9 6.20130816E8 8.2516352E8 9.2516352E8 -6.4771072E7 2.35228928E8 -4.59738368E8 -4.59738368E8 -3.59738368E8 -3.59738368E8 -5.9738368E7 -2.144640256E9 -2.044640256E9 -1.739607552E9
3 3.0E8 3.0E8 -8.94967296E8 -7.94967296E8 -5.94967296E8 3.15098112E8 -2.079869184E9 -1.879869184E9 7.2516352E8 9.2516352E8 -2.064771072E9 -9.64771072E8 -4.59738368E8 -3.59738368E8 -2.59738368E8 -1.59738368E8 -5.9738368E7 -5.9738368E7 -5.9738368E7 -5.9738368E7
4 5.0E8 9.0E8 2.0E9 2.1E9 -1.989934592E9 8.15098112E8 1.515098112E9 -8.79869184E8 7.2516352E8 8.2516352E8 -4.64771072E8 1.35228928E8 4.40261632E8 5.40261632E8 7.40261632E8 8.40261632E8 8.40261632E8 2.05032704E9 -2.044640256E9 -1.844640256E9
5 4.0E8 9.0E8 -1.594967296E9 5032704.0 -1.889934592E9 1.15098112E8 2.115098112E9 -1.079869184E9 7.2516352E8 7.2516352E8 7.2516352E8 -6.4771072E7 -1.059738368E9 -8.59738368E8 -6.59738368E8 -6.59738368E8 -5.4705664E7 2.05032704E9 2.05032704E9 -2.144640256E9
6 1.0E8 3.0E8 4.0E8 5.0E8 5.0E8 6.0E8 7.0E8 8.0E8 8.0E8 1.0E9 1.3E9 1.5E9 1.6E9 1.6E9 1.6E9 1.8E9 1.8E9 1.9E9 1.9E9 1.9E9
7 1.0E8 3.0E8 6.0E8 6.0E8 5032704.0 1.5098112E7 2.15098112E8 1.320130816E9 1.320130816E9 1.620130816E9 3.30196224E8 3.30196224E8 4.30196224E8 5.30196224E8 5.30196224E8 6.30196224E8 7.30196224E8 8.5032704E8 1.05032704E9 1.05032704E9
8 4.0E8 5.0E8 6.0E8 6.0E8 6.0E8 1.15098112E8 1.915098112E9 -6.79869184E8 7.2516352E8 8.2516352E8 -3.64771072E8 -2.64771072E8 2.40261632E8 2.40261632E8 2.40261632E8 3.40261632E8 6.40261632E8 7.40261632E8 7.40261632E8 8.40261632E8
9 3.0E8 4.0E8 -9.94967296E8 -8.94967296E8 -2.089934592E9 -9.84901888E8 -2.079869184E9 -1.879869184E9 3.20130816E8 3.20130816E8 -1.064771072E9 2.35228928E8 -4.59738368E8 -4.59738368E8 -4.59738368E8 -4.59738368E8 -4.59738368E8 -3.59738368E8 -3.59738368E8 -2.59738368E8
10 4.0E8 6.0E8 1.7E9 1.7E9 1.9E9 -4.84901888E8 1.915098112E9 4.20130816E8 1.12516352E9 1.12516352E9 -4.64771072E8 -4.64771072E8 -5.9738368E7 4.0261632E7 1.40261632E8 1.40261632E8 4.40261632E8 -1.944640256E9 -1.844640256E9 -1.744640256E9
11 6.0E8 8.0E8 8.0E8 8.0E8 8.0E8 8.0E8 9.0E8 2.0E9 -1.994967296E9 2.05032704E8 -5.64771072E8 -3.64771072E8 6.40261632E8 6.40261632E8 7.40261632E8 8.40261632E8 9.40261632E8 -1.844640256E9 -1.844640256E9 -1.844640256E9
12 0.0 1.0E8 1.0E8 1.0E8 1.0E8 1.0E8 2.0E8 3.0E8 4.0E8 4.0E8 4.0E8 6.0E8 8.0E8 9.0E8 9.0E8 1.2E9 1.3E9 1.3E9 1.4E9 1.5E9
13 4.0E8 4.0E8 -1.094967296E9 -9.94967296E8 -9.94967296E8 1.5098112E7 -1.779869184E9 -1.479869184E9 1.02516352E9 1.02516352E9 -1.964771072E9 -1.964771072E9 8.40261632E8 8.40261632E8 -2.054705664E9 -1.954705664E9 -2.54705664E8 1.85032704E9 -1.344640256E9 -2.039607552E9
14 1.0E8 2.0E8 2.0E8 3.0E8 4.0E8 4.0E8 5.0E8 6.0E8 6.0E8 8.0E8 9.0E8 9.0E8 1.0E9 1.1E9 1.2E9 1.4E9 1.4E9 1.6E9 1.6E9 1.7E9
15 5.0E8 5.0E8 7.0E8 8.0E8 8.0E8 -6.84901888E8 2.015098112E9 1.120130816E9 8.2516352E8 9.2516352E8 -6.64771072E8 -5.64771072E8 -7.59738368E8 -7.59738368E8 -6.59738368E8 -6.59738368E8 -6.59738368E8 1.85032704E9 1.85032704E9 1.85032704E9
16 1.0E8 1.0E8 1.0E8 1.0E8 1.0E8 1.0E8 3.0E8 5.0E8 6.0E8 6.0E8 7.0E8 8.0E8 1.0E9 1.1E9 1.4E9 1.6E9 1.8E9 2.0E9 -1.994967296E9 -1.894967296E9
17 3.0E8 6.0E8 -8.94967296E8 -7.94967296E8 -2.089934592E9 6.15098112E8 2.015098112E9 -6.79869184E8 1.12516352E9 1.12516352E9 -1.664771072E9 -1.664771072E9 9.40261632E8 1.140261632E9 -1.254705664E9 -1.054705664E9 -1.054705664E9 -1.744640256E9 -6.44640256E8 -1.539607552E9
18 3.0E8 7.0E8 -1.594967296E9 -1.494967296E9 1.705032704E9 -2.84901888E8 -1.579869184E9 -4.79869184E8 9.2516352E8 1.22516352E9 -1.364771072E9 -4.64771072E8 5.40261632E8 5.40261632E8 -1.254705664E9 -1.154705664E9 6.45294336E8 -7.44640256E8 -6.44640256E8 -1.339607552E9
19 4.0E8 4.0E8 -9.94967296E8 2.05032704E8 -2.089934592E9 5.15098112E8 -1.879869184E9 -8.79869184E8 8.2516352E8 1.02516352E9 -5.64771072E8 2.35228928E8 3.40261632E8 3.40261632E8 -1.954705664E9 -1.954705664E9 -7.54705664E8 -2.144640256E9 -1.244640256E9 -1.939607552E9
20 4.0E8 5.0E8 -8.94967296E8 -6.94967296E8 -6.94967296E8 -4.84901888E8 4.20130816E8 1.420130816E9 1.22516352E9 1.32516352E9 -2.64771072E8 -2.64771072E8 4.40261632E8 4.40261632E8 -1.754705664E9 -1.754705664E9 -1.654705664E9 -1.844640256E9 -1.744640256E9 -1.639607552E9
21 1.0E8 3.0E8 3.0E8 3.0E8 3.0E8 3.0E8 5.0E8 7.0E8 8.0E8 8.0E8 1.0E9 1.0E9 1.1E9 1.1E9 1.1E9 1.2E9 1.3E9 1.4E9 1.5E9 1.5E9
22 4.0E8 4.0E8 5.0E8 5.0E8 8.0E8 -4.84901888E8 1.815098112E9 1.915098112E9 1.02516352E9 1.22516352E9 -5.64771072E8 2.35228928E8 5.40261632E8 5.40261632E8 1.540261632E9 1.540261632E9 1.540261632E9 -2.144640256E9 -1.044640256E9 -2.139607552E9
23 5.0E8 8.0E8 1.1E9 1.3E9 1.5E9 4.05032704E8 1.115098112E9 -1.679869184E9 -1.679869184E9 -1.679869184E9 -1.679869184E9 -1.579869184E9 -1.579869184E9 -1.579869184E9 -1.479869184E9 -1.479869184E9 -1.379869184E9 5.20130816E8 -1.87483648E9 -1.67483648E9
24 0.0 0.0 0.0 0.0 1.0E8 1.0E8 4.0E8 4.0E8 5.0E8 7.0E8 8.0E8 8.0E8 9.0E8 1.0E9 1.2E9 1.2E9 1.2E9 1.2E9 1.4E9 1.6E9
25 6.0E8 8.0E8 1.0E9 1.1E9 5032704.0 4.05032704E8 1.215098112E9 -1.479869184E9 1.820130816E9 1.820130816E9 1.920130816E9 1.920130816E9 1.920130816E9 2.020130816E9 2.020130816E9 2.020130816E9 2.020130816E9 2.120130816E9 -1.57483648E9 -1.57483648E9
26 0.0 2.0E8 2.0E8 4.0E8 6.0E8 7.0E8 8.0E8 9.0E8 1.1E9 1.1E9 1.4E9 1.4E9 1.5E9 1.5E9 1.6E9 1.8E9 1.9E9 1.9E9 1.9E9 2.0E9
27 7.0E8 7.0E8 9.0E8 1.1E9 1.1E9 -6.84901888E8 -2.079869184E9 9.20130816E8 1.120130816E9 1.220130816E9 -4.64771072E8 -2.64771072E8 -4.59738368E8 -1.59738368E8 -5.9738368E7 2.40261632E8 3.40261632E8 -2.044640256E9 -1.744640256E9 -1.939607552E9
28 5.0E8 6.0E8 -1.194967296E9 -9.94967296E8 -9.94967296E8 -5.84901888E8 1.815098112E9 2.115098112E9 6.20130816E8 8.20130816E8 -3.64771072E8 -2.64771072E8 -1.59738368E8 4.0261632E7 1.40261632E8 4.40261632E8 4.40261632E8 -1.344640256E9 -1.144640256E9 -9.44640256E8
29 5.0E8 7.0E8 -7.94967296E8 -7.94967296E8 5032704.0 -5.84901888E8 2.015098112E9 2.015098112E9 -1.7483648E8 -1.7483648E8 -1.764771072E9 -1.764771072E9 -1.59738368E8 -1.59738368E8 -1.654705664E9 -1.654705664E9 -1.554705664E9 2.05032704E9 -9.44640256E8 -1.739607552E9
30 1.0E8 1.0E8 1.0E8 2.0E8 4.0E8 6.0E8 8.0E8 8.0E8 1.1E9 1.2E9 1.5E9 1.7E9 1.7E9 1.7E9 1.8E9 1.9E9 1.9E9 2.0E9 2.0E9 2.0E9
31 9.0E8 9.0E8 1.3E9 1.5E9 1.8E9 -7.84901888E8 1.715098112E9 1.120130816E9 8.2516352E8 9.2516352E8 -4.64771072E8 -3.64771072E8 -9.59738368E8 -8.59738368E8 -8.59738368E8 -8.59738368E8 -7.59738368E8 1.85032704E9 1.85032704E9 1.855359744E9
32 5.0E8 7.0E8 -9.94967296E8 -7.94967296E8 -1.689934592E9 2.15098112E8 2.15098112E8 -5.79869184E8 1.12516352E9 1.32516352E9 -3.64771072E8 5.35228928E8 9.40261632E8 1.340261632E9 -1.554705664E9 -1.454705664E9 -1.354705664E9 -1.844640256E9 -1.744640256E9 -1.639607552E9
33 0.0 1.0E8 2.0E8 3.0E8 4.0E8 7.0E8 7.0E8 8.0E8 8.0E8 1.0E9 1.1E9 1.2E9 1.3E9 1.3E9 1.3E9 1.3E9 1.4E9 1.4E9 1.4E9 1.4E9
34 6.0E8 6.0E8 1.7E9 1.9E9 1.9E9 1.9E9 1.9E9 1.9E9 1.9E9 1.9E9 1.9E9 2.0E9 2.0E9 2.0E9 2.0E9 2.1E9 2.1E9 -1.994967296E9 -1.894967296E9 -1.894967296E9
35 5.0E8 5.0E8 7.0E8 9.0E8 2.0E9 -7.84901888E8 1.20130816E8 1.120130816E9 1.02516352E9 1.32516352E9 -5.64771072E8 -4.64771072E8 -4.59738368E8 -2.59738368E8 -1.59738368E8 -1.59738368E8 5.40261632E8 -1.944640256E9 -1.844640256E9 -1.839607552E9
36 1.0E8 1.0E8 1.0E9 1.0E9 1.1E9 1.2E9 1.4E9 1.8E9 1.8E9 1.9E9 1.9E9 2.1E9 2.1E9 -2.094967296E9 -1.994967296E9 -1.994967296E9 -1.894967296E9 -1.894967296E9 -1.894967296E9 -1.894967296E9
37 2.0E8 3.0E8 3.0E8 -1.394967296E9 -1.194967296E9 -1.094967296E9 -1.094967296E9 -4.94967296E8 -2.94967296E8 1.305032704E9 1.505032704E9 1.705032704E9 -2.089934592E9 -1.989934592E9 -1.589934592E9 -1.389934592E9 -1.189934592E9 -1.189934592E9 -1.189934592E9 -1.189934592E9
38 0.0 3.0E8 3.0E8 4.0E8 8.0E8 9.0E8 9.0E8 1.0E9 1.1E9 1.2E9 1.3E9 1.4E9 1.5E9 1.7E9 1.9E9 2.0E9 2.0E9 2.0E9 2.1E9 2.1E9
39 3.0E8 3.0E8 3.0E8 3.0E8 6.0E8 8.0E8 9.0E8 9.0E8 9.0E8 1.0E9 1.1E9 1.1E9 1.2E9 1.3E9 1.3E9 1.3E9 1.3E9 1.4E9 1.4E9 1.6E9
40 2.0E8 3.0E8 6.0E8 7.0E8 8.0E8 8.0E8 8.0E8 8.0E8 8.0E8 8.0E8 8.0E8 9.0E8 1.0E9 1.0E9 1.1E9 1.1E9 1.2E9 1.4E9 1.5E9 1.6E9
41 2.0E8 3.0E8 4.0E8 6.0E8 6.0E8 7.0E8 9.0E8 1.1E9 1.1E9 1.2E9 1.2E9 1.2E9 1.4E9 1.4E9 1.5E9 1.7E9 1.7E9 1.8E9 1.8E9 1.8E9
42 0.0 1.0E8 1.0E8 4.0E8 4.0E8 4.0E8 4.0E8 5.0E8 6.0E8 6.0E8 8.0E8 9.0E8 9.0E8 1.0E9 1.1E9 1.1E9 1.2E9 1.4E9 1.5E9 1.6E9
43 1.0E8 1.0E8 2.0E8 2.0E8 2.0E8 2.0E8 3.0E8 5.0E8 7.0E8 7.0E8 8.0E8 8.0E8 8.0E8 9.0E8 1.0E9 1.1E9 1.4E9 1.5E9 1.5E9 1.7E9
44 0.0 0.0 0.0 0.0 0.0 1.0E8 2.0E8 2.0E8 3.0E8 3.0E8 4.0E8 5.0E8 7.10065408E8 8.10065408E8 1.010065408E9 1.110065408E9 1.210065408E9 1.210065408E9 1.210065408E9 1.310065408E9
45 1.0E8 1.0E8 2.0E8 3.0E8 3.0E8 6.0E8 6.0E8 6.0E8 6.0E8 6.0E8 6.0E8 6.0E8 7.0E8 8.0E8 8.0E8 9.0E8 9.0E8 1.0E9 1.1E9 1.3E9
46 2.0E8 2.0E8 4.0E8 4.0E8 4.0E8 5.0E8 5.0E8 5.0E8 6.0E8 7.0E8 7.0E8 7.0E8 7.0E8 9.0E8 1.1E9 1.1E9 1.2E9 1.3E9 1.3E9 1.3E9
47 0.0 0.0 2.0E8 2.0E8 2.0E8 2.0E8 4.0E8 5.0E8 5.0E8 -1.989934592E9 -1.989934592E9 -1.889934592E9 -1.889934592E9 -1.789934592E9 -1.789934592E9 -1.689934592E9 -1.589934592E9 -1.589934592E9 -1.489934592E9 -1.489934592E9
48 0.0 0.0 1.0E8 2.0E8 2.0E8 3.0E8 4.0E8 4.0E8 4.0E8 5.0E8 5.0E8 5.0E8 5.0E8 6.0E8 6.0E8 6.0E8 7.0E8 8.0E8 8.0E8 9.0E8
49 0.0 1.0E8 2.0E8 2.0E8 2.0E8 2.0E8 3.0E8 3.0E8 3.0E8 4.0E8 4.0E8 5.0E8 8.0E8 1.0E9 1.1E9 1.3E9 1.4E9 1.5E9 1.5E9 1.6E9
50 0.0 3.0E8 4.0E8 7.0E8 7.0E8 8.0E8 1.1E9 1.1E9 1.2E9 1.3E9 1.4E9 1.5E9 1.6E9 1.6E9 1.7E9 1.7E9 1.7E9 1.8E9 1.9E9 2.0E9
51 6.0E8 6.0E8 6.0E8 6.0E8 7.0E8 -9.4967296E7 -9.4967296E7 -9.4967296E7 -9.4967296E7 5032704.0 1.05032704E8 2.05032704E8 -3.89934592E8 -3.89934592E8 -2.89934592E8 -2.89934592E8 -1.89934592E8 -1.384901888E9 -1.284901888E9 -1.284901888E9
