records: 20
      Record Time
Host  UsedBuffer

  16870.0 33740.0 50610.0 67480.0 84350.0 101220.0 118090.0 134960.0 151830.0 168700.0 185570.0 202440.0 219310.0 236180.0 253050.0 269920.0 286790.0 303660.0 320530.0 337400.0
0 2.0E8 1.3E9 -1.294967296E9 3.05032704E8 1.805032704E9 -1.689934592E9 -1.589934592E9 7.10065408E8 -6.84901888E8 7.15098112E8 1.515098112E9 1.815098112E9 2.015098112E9 1.120130816E9 2.020130816E9 -2.07483648E9 -2.07483648E9 -7.7483648E8 1.72516352E9 -1.569803776E9
1 0.0 1.0E8 1.0E8 2.0E8 2.0E8 3.0E8 3.0E8 3.0E8 3.0E8 3.0E8 4.0E8 4.0E8 4.0E8 4.0E8 4.0E8 4.0E8 4.0E8 4.0E8 4.0E8 4.0E8
2 0.0 0.0 0.0 0.0 0.0 2.0E8 2.0E8 3.0E8 3.0E8 3.0E8 3.0E8 4.0E8 4.0E8 4.0E8 4.0E8 5.0E8 6.0E8 6.0E8 6.0E8 6.0E8
3 2.0E8 1.3E9 -1.994967296E9 3.05032704E8 1.105032704E9 1.205032704E9 -3.89934592E8 6.10065408E8 -6.84901888E8 7.15098112E8 1.015098112E9 1.915098112E9 1.915098112E9 1.120130816E9 1.920130816E9 2.120130816E9 2.120130816E9 -1.67483648E9 1.82516352E9 -1.669803776E9
4 1.0E8 1.0E8 1.0E8 1.0E8 1.0E8 2.0E8 2.0E8 2.0E8 2.0E8 2.0E8 3.0E8 3.0E8 3.0E8 3.0E8 4.0E8 4.0E8 4.0E8 5.0E8 6.0E8 6.0E8
5 0.0 0.0 0.0 0.0 0.0 0.0 2.0E8 2.0E8 2.0E8 2.0E8 3.0E8 4.0E8 4.0E8 5.0E8 5.0E8 6.0E8 6.0E8 7.0E8 7.0E8 7.0E8
6 0.0 0.0 0.0 4.0E8 1.2E9 -1.989934592E9 -1.989934592E9 -6.89934592E8 -1.084901888E9 3.15098112E8 7.15098112E8 1.415098112E9 1.415098112E9 1.020130816E9 1.420130816E9 1.420130816E9 1.520130816E9 1.520130816E9 1.42516352E9 1.42516352E9
7 0.0 0.0 1.0E8 1.0E8 1.0E8 1.0E8 1.0E8 1.0E8 1.0E8 1.0E8 1.0E8 1.0E8 1.0E8 1.0E8 1.0E8 1.0E8 2.0E8 2.0E8 2.0E8 3.0E8
8 0.0 0.0 1.0E8 1.05032704E8 1.705032704E9 2.105032704E9 -1.889934592E9 -1.889934592E9 -1.789934592E9 5.15098112E8 6.15098112E8 7.15098112E8 7.15098112E8 1.015098112E9 1.720130816E9 1.920130816E9 1.920130816E9 2.120130816E9 -1.57483648E9 -1.57483648E9
9 0.0 1.0E8 1.0E8 1.0E8 1.0E8 1.0E8 2.0E8 2.0E8 2.0E8 2.0E8 2.0E8 2.0E8 2.0E8 3.0E8 3.0E8 4.0E8 4.0E8 4.0E8 4.0E8 5.0E8
10 0.0 0.0 1.0E8 3.05032704E8 3.05032704E8 3.05032704E8 1.605032704E9 2.105032704E9 -1.484901888E9 7.15098112E8 8.15098112E8 8.15098112E8 1.015098112E9 9.20130816E8 2.020130816E9 2.020130816E9 2.020130816E9 -1.17483648E9 1.72516352E9 -1.969803776E9
11 0.0 0.0 0.0 0.0 0.0 3.0E8 3.0E8 3.0E8 3.0E8 3.0E8 3.0E8 3.0E8 3.0E8 3.0E8 3.0E8 3.0E8 3.0E8 3.0E8 3.0E8 3.0E8
12 2.0E8 1.5E9 1.5E9 4.05032704E8 2.005032704E9 -1.889934592E9 -1.489934592E9 -5.89934592E8 -7.84901888E8 6.15098112E8 1.415098112E9 1.715098112E9 1.815098112E9 1.020130816E9 1.920130816E9 -2.07483648E9 -1.77483648E9 -6.7483648E8 2.2516352E8 1.32516352E9
13 2.0E8 1.3E9 -1.194967296E9 3.05032704E8 1.805032704E9 -1.889934592E9 -1.889934592E9 7.10065408E8 -8.84901888E8 5.15098112E8 1.315098112E9 1.615098112E9 1.715098112E9 7.20130816E8 7.20130816E8 7.20130816E8 7.20130816E8 8.20130816E8 8.20130816E8 8.20130816E8
14 2.0E8 1.2E9 -1.194967296E9 1.05032704E8 1.805032704E9 -1.889934592E9 -1.789934592E9 -4.89934592E8 -7.84901888E8 4.15098112E8 1.315098112E9 1.615098112E9 1.815098112E9 8.20130816E8 9.20130816E8 9.20130816E8 9.20130816E8 1.020130816E9 1.020130816E9 1.020130816E9
15 0.0 0.0 0.0 0.0 0.0 0.0 0.0 0.0 0.0 0.0 0.0 0.0 0.0 0.0 0.0 0.0 0.0 0.0 0.0 0.0
16 2.0E8 1.5E9 1.5E9 4.05032704E8 2.105032704E9 -1.889934592E9 -1.489934592E9 -5.89934592E8 -6.84901888E8 7.15098112E8 1.515098112E9 1.815098112E9 1.915098112E9 1.020130816E9 1.920130816E9 -2.07483648E9 -1.87483648E9 -1.77483648E9 2.2516352E8 -1.969803776E9
17 1.0E8 1.0E8 1.0E8 2.0E8 2.0E8 2.0E8 2.0E8 2.0E8 2.0E8 2.0E8 2.0E8 3.0E8 3.0E8 3.0E8 3.0E8 3.0E8 3.0E8 3.0E8 4.0E8 4.0E8
18 0.0 0.0 0.0 1.0E8 1.0E8 1.0E8 1.0E8 1.0E8 1.0E8 2.0E8 2.0E8 2.0E8 2.0E8 2.0E8 3.0E8 3.0E8 3.0E8 3.0E8 3.0E8 3.0E8
19 1.0E8 1.3E9 1.4E9 -1.794967296E9 -1.094967296E9 -1.889934592E9 -1.689934592E9 -1.289934592E9 3.10065408E8 1.710065408E9 8.15098112E8 1.615098112E9 1.815098112E9 -1.079869184E9 1.220130816E9 -2.07483648E9 -1.77483648E9 -1.57483648E9 -1.57483648E9 -1.57483648E9
20 0.0 0.0 0.0 0.0 0.0 0.0 0.0 0.0 0.0 0.0 0.0 0.0 0.0 1.0E8 1.0E8 1.0E8 1.0E8 1.0E8 1.0E8 2.0E8
21 0.0 0.0 0.0 0.0 0.0 0.0 0.0 2.0E8 2.0E8 2.0E8 2.0E8 2.0E8 2.0E8 2.0E8 2.0E8 2.0E8 2.0E8 2.0E8 2.0E8 2.0E8
22 4.0E8 8.0E8 -1.094967296E9 3.05032704E8 1.105032704E9 1.105032704E9 1.105032704E9 1.205032704E9 -6.84901888E8 4.15098112E8 4.15098112E8 4.15098112E8 4.15098112E8 4.15098112E8 5.15098112E8 5.15098112E8 6.15098112E8 6.15098112E8 6.15098112E8 6.15098112E8
23 1.0E8 3.0E8 -1.294967296E9 2.05032704E8 1.905032704E9 -2.089934592E9 -1.789934592E9 -1.789934592E9 -8.84901888E8 -4.84901888E8 1.115098112E9 1.215098112E9 1.215098112E9 9.20130816E8 1.220130816E9 1.320130816E9 1.320130816E9 -1.07483648E9 1.72516352E9 2.12516352E9
24 0.0 0.0 1.0E8 2.0E8 2.0E8 2.0E8 2.0E8 2.0E8 2.0E8 2.0E8 2.0E8 2.0E8 2.0E8 2.0E8 2.0E8 2.0E8 2.0E8 3.0E8 3.0E8 3.0E8
25 0.0 0.0 0.0 0.0 1.0E8 1.0E8 1.0E8 1.0E8 1.0E8 2.0E8 2.0E8 2.0E8 2.0E8 3.0E8 3.0E8 4.0E8 4.0E8 4.0E8 4.0E8 4.0E8
26 6.0E8 6.0E8 -1.094967296E9 4.05032704E8 1.805032704E9 1.905032704E9 -2.089934592E9 -2.089934592E9 -5.84901888E8 3.15098112E8 3.15098112E8 3.15098112E8 -2.079869184E9 1.120130816E9 1.520130816E9 1.520130816E9 1.520130816E9 1.520130816E9 1.520130816E9 1.520130816E9
27 0.0 1.0E8 1.0E8 1.0E8 1.0E8 1.0E8 1.0E8 1.0E8 2.0E8 2.0E8 2.0E8 2.0E8 2.0E8 3.0E8 3.0E8 3.0E8 3.0E8 3.0E8 3.0E8 3.0E8
28 0.0 0.0 0.0 0.0 0.0 0.0 0.0 0.0 1.0E8 1.0E8 1.0E8 1.0E8 1.0E8 1.0E8 2.0E8 2.0E8 2.0E8 2.0E8 3.0E8 3.0E8
29 5.0E8 5.0E8 -1.094967296E9 4.05032704E8 2.005032704E9 -1.889934592E9 -1.889934592E9 -1.889934592E9 -1.889934592E9 -1.889934592E9 -1.889934592E9 -1.889934592E9 -1.789934592E9 9.20130816E8 1.820130816E9 2.020130816E9 2.020130816E9 -9.7483648E8 1.62516352E9 -1.769803776E9
30 3.0E8 3.0E8 3.0E8 2.05032704E8 1.105032704E9 1.105032704E9 -4.89934592E8 1.10065408E8 -7.84901888E8 6.15098112E8 1.215098112E9 1.915098112E9 2.015098112E9 1.020130816E9 1.920130816E9 2.020130816E9 2.120130816E9 2.120130816E9 2.120130816E9 -1.869803776E9
31 5.0E8 7.0E8 -1.194967296E9 3.05032704E8 1.505032704E9 1.505032704E9 -1.089934592E9 1.10065408E8 -1.284901888E9 3.15098112E8 8.15098112E8 1.515098112E9 1.615098112E9 6.20130816E8 1.320130816E9 1.320130816E9 1.320130816E9 1.420130816E9 1.32516352E9 1.92516352E9
32 0.0 0.0 0.0 0.0 0.0 0.0 0.0 1.0E8 1.0E8 1.0E8 1.0E8 1.0E8 2.0E8 2.0E8 3.0E8 3.0E8 3.0E8 3.0E8 4.0E8 4.0E8
33 0.0 0.0 0.0 0.0 0.0 0.0 0.0 1.0E8 1.0E8 1.0E8 1.0E8 1.0E8 2.0E8 2.0E8 2.0E8 2.0E8 2.0E8 2.0E8 2.0E8 2.0E8
34 4.0E8 6.0E8 -1.194967296E9 1.05032704E8 1.705032704E9 1.705032704E9 1.905032704E9 -1.089934592E9 -6.84901888E8 2.15098112E8 1.115098112E9 1.215098112E9 2.015098112E9 8.20130816E8 1.220130816E9 1.220130816E9 1.220130816E9 1.220130816E9 -7.483648E7 2.02516352E9
35 0.0 0.0 1.0E8 1.0E8 2.0E8 2.0E8 2.0E8 2.0E8 3.0E8 3.0E8 4.0E8 4.0E8 5.0E8 5.0E8 5.0E8 5.0E8 5.0E8 5.0E8 5.0E8 5.0E8
36 1.0E8 2.0E8 -1.094967296E9 4.05032704E8 6.05032704E8 7.05032704E8 7.05032704E8 2.10065408E8 -6.84901888E8 7.15098112E8 1.315098112E9 1.315098112E9 1.415098112E9 1.415098112E9 1.515098112E9 1.515098112E9 1.615098112E9 1.615098112E9 1.715098112E9 1.715098112E9
37 0.0 0.0 1.0E8 1.0E8 1.0E8 1.0E8 1.0E8 1.0E8 1.0E8 2.0E8 2.0E8 2.0E8 2.0E8 2.0E8 2.0E8 2.0E8 2.0E8 2.0E8 2.0E8 2.0E8
38 0.0 0.0 0.0 1.0E8 1.0E8 1.0E8 1.0E8 1.0E8 1.0E8 1.0E8 1.0E8 1.0E8 2.0E8 2.0E8 2.0E8 2.0E8 3.0E8 3.0E8 3.0E8 3.0E8
39 0.0 0.0 0.0 1.0E8 1.0E8 1.0E8 1.0E8 2.0E8 2.0E8 2.0E8 2.0E8 2.0E8 2.0E8 2.0E8 2.0E8 2.0E8 2.0E8 2.0E8 2.0E8 2.0E8
40 0.0 0.0 0.0 0.0 0.0 0.0 0.0 0.0 0.0 0.0 0.0 0.0 0.0 0.0 0.0 1.0E8 1.0E8 1.0E8 1.0E8 1.0E8
41 5.0E8 7.0E8 -1.294967296E9 -1.294967296E9 -1.294967296E9 -1.294967296E9 -1.294967296E9 1.05032704E8 -6.84901888E8 5.15098112E8 8.15098112E8 8.15098112E8 1.915098112E9 1.020130816E9 1.320130816E9 1.320130816E9 1.320130816E9 -1.17483648E9 1.82516352E9 -1.569803776E9
42 6.0E8 7.0E8 -1.094967296E9 -1.94967296E8 -1.94967296E8 -9.4967296E7 -8.89934592E8 -8.89934592E8 -7.84901888E8 6.15098112E8 1.415098112E9 1.415098112E9 1.415098112E9 1.020130816E9 1.920130816E9 1.920130816E9 2.120130816E9 2.120130816E9 1.82516352E9 -1.569803776E9
43 1.0E8 1.0E8 1.0E8 2.0E8 2.0E8 2.0E8 2.0E8 2.0E8 2.0E8 3.0E8 3.0E8 3.0E8 3.0E8 3.0E8 3.0E8 5.0E8 5.0E8 5.0E8 6.0E8 6.0E8
44 0.0 0.0 1.0E8 1.0E8 1.0E8 1.0E8 1.0E8 1.0E8 1.0E8 1.0E8 1.0E8 1.0E8 1.0E8 1.0E8 1.0E8 1.0E8 1.0E8 1.0E8 1.0E8 1.0E8
45 5.0E8 6.0E8 6.0E8 7.0E8 2.105032704E9 -1.789934592E9 -1.189934592E9 -4.89934592E8 -6.84901888E8 1.15098112E8 1.415098112E9 1.715098112E9 -2.079869184E9 1.020130816E9 1.720130816E9 -2.07483648E9 -1.97483648E9 -1.37483648E9 1.62516352E9 1.62516352E9
46 6.0E8 8.0E8 9.0E8 4.05032704E8 2.105032704E9 -1.789934592E9 -1.789934592E9 -2.89934592E8 -5.84901888E8 7.15098112E8 1.415098112E9 1.415098112E9 1.415098112E9 1.220130816E9 1.620130816E9 1.720130816E9 1.720130816E9 1.720130816E9 1.92516352E9 2.12516352E9
47 6.0E8 1.3E9 -1.194967296E9 1.05032704E8 1.605032704E9 2.105032704E9 -4.89934592E8 6.10065408E8 -6.84901888E8 6.15098112E8 1.315098112E9 1.715098112E9 1.715098112E9 1.120130816E9 1.920130816E9 2.020130816E9 2.020130816E9 2.020130816E9 1.92516352E9 -1.569803776E9
48 0.0 0.0 0.0 0.0 1.0E8 1.0E8 1.0E8 1.0E8 1.0E8 1.0E8 1.0E8 1.0E8 1.0E8 2.0E8 2.0E8 2.0E8 2.0E8 2.0E8 2.0E8 2.0E8
49 0.0 0.0 0.0 0.0 0.0 0.0 0.0 0.0 0.0 0.0 0.0 0.0 0.0 0.0 0.0 0.0 0.0 0.0 0.0 0.0
50 0.0 1.0E8 1.0E8 1.0E8 2.0E8 2.0E8 3.0E8 3.0E8 3.0E8 3.0E8 3.0E8 3.0E8 4.0E8 4.0E8 4.0E8 4.0E8 4.0E8 4.0E8 4.0E8 4.0E8
51 0.0 0.0 0.0 0.0 1.0E8 1.0E8 2.0E8 2.0E8 2.0E8 2.0E8 2.0E8 2.0E8 3.0E8 3.0E8 3.0E8 4.0E8 4.0E8 4.0E8 4.0E8 4.0E8
52 0.0 0.0 1.0E8 1.0E8 2.0E8 2.0E8 2.0E8 2.0E8 2.0E8 3.0E8 3.0E8 3.0E8 3.0E8 3.0E8 4.0E8 4.0E8 4.0E8 5.0E8 5.0E8 6.0E8
53 1.0E8 1.0E8 1.0E8 1.0E8 3.0E8 3.0E8 3.0E8 3.0E8 3.0E8 3.0E8 3.0E8 5.0E8 5.0E8 5.0E8 6.0E8 6.0E8 6.0E8 6.0E8 6.0E8 6.0E8
54 0.0 0.0 0.0 0.0 0.0 0.0 0.0 0.0 0.0 0.0 0.0 1.0E8 1.0E8 1.0E8 1.0E8 2.0E8 2.0E8 2.0E8 2.0E8 3.0E8
55 0.0 0.0 0.0 0.0 0.0 0.0 0.0 0.0 0.0 0.0 0.0 0.0 0.0 0.0 0.0 1.0E8 1.0E8 1.0E8 2.0E8 2.0E8
56 0.0 0.0 0.0 0.0 0.0 0.0 1.0E8 1.0E8 1.0E8 1.0E8 1.0E8 1.0E8 1.0E8 1.0E8 1.0E8 1.0E8 1.0E8 1.0E8 1.0E8 1.0E8
57 3.0E8 1.3E9 -1.094967296E9 -1.94967296E8 -1.94967296E8 -1.789934592E9 -6.89934592E8 -2.89934592E8 -6.84901888E8 7.15098112E8 1.315098112E9 2.015098112E9 2.115098112E9 1.120130816E9 2.020130816E9 -2.07483648E9 -2.07483648E9 -4.7483648E8 1.82516352E9 1.82516352E9
58 6.0E8 7.0E8 -1.094967296E9 3.05032704E8 1.605032704E9 1.605032704E9 1.605032704E9 1.605032704E9 1.605032704E9 6.15098112E8 1.315098112E9 1.315098112E9 -1.979869184E9 -1.979869184E9 1.720130816E9 2.020130816E9 2.120130816E9 2.120130816E9 1.2516352E8 1.2516352E8
59 0.0 0.0 1.0E8 1.0E8 2.0E8 2.0E8 2.0E8 2.0E8 2.0E8 2.0E8 2.0E8 2.0E8 3.0E8 3.0E8 3.0E8 3.0E8 4.0E8 4.0E8 4.0E8 4.0E8
60 0.0 0.0 0.0 1.0E8 1.0E8 2.0E8 2.0E8 2.0E8 2.0E8 2.0E8 2.0E8 2.0E8 2.0E8 3.0E8 3.0E8 3.0E8 3.0E8 3.0E8 3.0E8 3.0E8
61 1.0E8 1.0E8 1.0E8 1.0E8 1.0E8 1.0E8 1.0E8 1.0E8 1.0E8 1.0E8 1.0E8 1.0E8 1.0E8 1.0E8 1.0E8 1.0E8 1.0E8 1.0E8 1.0E8 1.0E8
62 6.0E8 6.0E8 -1.094967296E9 2.05032704E8 1.705032704E9 1.705032704E9 1.805032704E9 1.905032704E9 -5.84901888E8 4.15098112E8 8.15098112E8 1.415098112E9 -1.879869184E9 1.120130816E9 1.820130816E9 2.120130816E9 2.120130816E9 2.120130816E9 1.2516352E8 1.62516352E9
63 0.0 0.0 0.0 0.0 0.0 0.0 0.0 0.0 0.0 0.0 0.0 0.0 0.0 0.0 0.0 0.0 0.0 0.0 0.0 1.0E8
64 3.0E8 3.0E8 3.0E8 1.1E9 1.305032704E9 1.305032704E9 1.305032704E9 -7.89934592E8 -5.84901888E8 7.15098112E8 1.015098112E9 1.015098112E9 1.015098112E9 1.220130816E9 1.820130816E9 -1.97483648E9 -1.87483648E9 -8.7483648E8 1.82516352E9 -1.969803776E9
65 0.0 0.0 0.0 0.0 1.0E8 1.0E8 1.0E8 1.0E8 1.0E8 1.0E8 1.0E8 1.0E8 1.0E8 1.0E8 1.0E8 1.0E8 1.0E8 1.0E8 2.0E8 2.0E8
66 0.0 0.0 0.0 0.0 0.0 0.0 0.0 0.0 0.0 0.0 0.0 1.0E8 2.0E8 2.0E8 2.0E8 2.0E8 2.0E8 2.0E8 2.0E8 2.0E8
67 0.0 1.0E8 1.0E8 1.0E8 1.0E8 1.0E8 1.0E8 1.0E8 2.0E8 2.0E8 2.0E8 2.0E8 2.0E8 2.0E8 2.0E8 2.0E8 3.0E8 3.0E8 4.0E8 4.0E8
68 0.0 0.0 0.0 0.0 0.0 0.0 0.0 0.0 0.0 1.0E8 1.0E8 1.0E8 1.0E8 1.0E8 1.0E8 2.0E8 2.0E8 2.0E8 2.0E8 3.0E8
69 0.0 0.0 0.0 0.0 0.0 0.0 1.0E8 1.0E8 1.0E8 1.0E8 1.0E8 1.0E8 1.0E8 1.0E8 2.0E8 2.0E8 2.0E8 2.0E8 2.0E8 2.0E8
70 0.0 0.0 0.0 0.0 0.0 0.0 0.0 0.0 0.0 0.0 1.0E8 3.0E8 3.0E8 3.0E8 3.0E8 3.0E8 3.0E8 3.0E8 4.0E8 4.0E8
71 4.0E8 4.0E8 5.0E8 4.05032704E8 2.105032704E9 -1.789934592E9 -7.89934592E8 4.10065408E8 -6.84901888E8 6.15098112E8 1.315098112E9 1.315098112E9 1.415098112E9 8.20130816E8 9.20130816E8 1.020130816E9 1.020130816E9 1.320130816E9 -1.77483648E9 -1.77483648E9
72 0.0 0.0 0.0 0.0 0.0 0.0 0.0 2.0E8 2.0E8 4.0E8 4.0E8 4.0E8 4.0E8 4.0E8 4.0E8 4.0E8 4.0E8 4.0E8 4.0E8 4.0E8
73 0.0 0.0 0.0 0.0 0.0 0.0 1.0E8 1.0E8 1.0E8 1.0E8 1.0E8 1.0E8 1.0E8 1.0E8 1.0E8 1.0E8 1.0E8 2.0E8 2.0E8 2.0E8
74 3.0E8 3.0E8 2.0E9 4.05032704E8 2.005032704E9 -1.889934592E9 -1.089934592E9 -1.089934592E9 -7.84901888E8 6.15098112E8 8.15098112E8 8.15098112E8 8.15098112E8 1.020130816E9 1.620130816E9 1.620130816E9 1.620130816E9 1.720130816E9 1.720130816E9 1.720130816E9
75 0.0 1.0E8 2.0E8 2.0E8 2.0E8 2.0E8 2.0E8 2.0E8 2.0E8 2.0E8 2.0E8 2.0E8 2.0E8 3.0E8 3.0E8 3.0E8 3.0E8 3.0E8 3.0E8 3.0E8
76 4.0E8 6.0E8 -1.094967296E9 4.05032704E8 2.105032704E9 -1.689934592E9 -1.689934592E9 7.10065408E8 -5.84901888E8 8.15098112E8 1.415098112E9 1.415098112E9 1.415098112E9 1.020130816E9 2.020130816E9 2.120130816E9 2.120130816E9 2.120130816E9 1.92516352E9 -1.769803776E9
77 2.0E8 2.0E8 -1.094967296E9 2.05032704E8 1.905032704E9 -1.989934592E9 -1.089934592E9 1.10065408E8 -7.84901888E8 5.15098112E8 1.115098112E9 1.115098112E9 1.715098112E9 9.20130816E8 1.720130816E9 1.820130816E9 1.920130816E9 1.920130816E9 2.120130816E9 -1.669803776E9
78 0.0 0.0 0.0 0.0 0.0 0.0 0.0 0.0 0.0 0.0 0.0 0.0 0.0 0.0 0.0 0.0 0.0 0.0 0.0 0.0
79 2.0E8 2.0E8 2.0E8 3.0E8 3.0E8 3.0E8 3.0E8 3.0E8 3.0E8 3.0E8 3.0E8 3.0E8 3.0E8 3.0E8 3.0E8 3.0E8 4.0E8 5.0E8 5.0E8 5.0E8
80 0.0 0.0 0.0 0.0 0.0 0.0 0.0 0.0 0.0 0.0 0.0 0.0 1.0E8 1.0E8 1.0E8 1.0E8 1.0E8 1.0E8 1.0E8 1.0E8
81 0.0 0.0 0.0 0.0 0.0 0.0 0.0 0.0 0.0 0.0 0.0 0.0 0.0 0.0 0.0 0.0 0.0 0.0 0.0 0.0
82 0.0 1.0E8 1.0E8 1.0E8 1.0E8 1.0E8 1.0E8 2.0E8 2.0E8 2.0E8 3.0E8 3.0E8 3.0E8 3.0E8 3.0E8 3.0E8 3.0E8 3.0E8 3.0E8 3.0E8
83 4.0E8 8.0E8 -1.094967296E9 4.05032704E8 2.105032704E9 -1.689934592E9 -2.89934592E8 1.010065408E9 -5.84901888E8 8.15098112E8 1.515098112E9 2.115098112E9 -2.079869184E9 -2.079869184E9 2.120130816E9 2.120130816E9 2.120130816E9 2.120130816E9 2.120130816E9 2.120130816E9
84 0.0 0.0 0.0 0.0 0.0 0.0 0.0 0.0 0.0 0.0 0.0 1.0E8 1.0E8 1.0E8 1.0E8 1.0E8 1.0E8 2.0E8 2.0E8 3.0E8
85 0.0 0.0 0.0 0.0 0.0 0.0 0.0 0.0 0.0 0.0 1.0E8 1.0E8 1.0E8 1.0E8 2.0E8 2.0E8 2.0E8 2.0E8 2.0E8 2.0E8
86 4.0E8 4.0E8 5.0E8 3.05032704E8 1.905032704E9 -1.989934592E9 -9.89934592E8 2.10065408E8 -7.84901888E8 5.15098112E8 1.215098112E9 1.215098112E9 1.215098112E9 1.315098112E9 1.415098112E9 1.415098112E9 1.415098112E9 1.415098112E9 1.415098112E9 1.415098112E9
87 5.0E8 6.0E8 -1.094967296E9 4.05032704E8 2.005032704E9 -1.989934592E9 -1.889934592E9 5.10065408E8 -6.84901888E8 6.15098112E8 1.315098112E9 1.315098112E9 1.415098112E9 3.20130816E8 3.20130816E8 3.20130816E8 3.20130816E8 3.20130816E8 3.20130816E8 3.20130816E8
88 6.0E8 1.3E9 -1.094967296E9 4.05032704E8 2.005032704E9 -1.889934592E9 -1.789934592E9 3.10065408E8 -6.84901888E8 7.15098112E8 1.315098112E9 1.315098112E9 2.115098112E9 1.020130816E9 1.920130816E9 2.120130816E9 -2.07483648E9 -2.07483648E9 1.72516352E9 2.12516352E9
89 5.0E8 9.0E8 2.0E9 4.05032704E8 2.105032704E9 -1.889934592E9 -1.789934592E9 8.10065408E8 -6.84901888E8 3.15098112E8 1.215098112E9 1.915098112E9 2.115098112E9 1.020130816E9 1.920130816E9 2.120130816E9 2.120130816E9 -8.7483648E8 1.72516352E9 1.92516352E9
90 0.0 0.0 0.0 0.0 0.0 0.0 0.0 0.0 0.0 1.0E8 1.0E8 1.0E8 1.0E8 1.0E8 1.0E8 1.0E8 1.0E8 1.0E8 1.0E8 1.0E8
91 6.0E8 7.0E8 7.0E8 -3.94967296E8 -3.94967296E8 -2.94967296E8 -2.94967296E8 -1.94967296E8 -9.84901888E8 -8.4901888E7 -8.4901888E7 1.5098112E7 1.5098112E7 1.5098112E7 1.5098112E7 1.5098112E7 1.5098112E7 1.5098112E7 1.5098112E7 1.5098112E7
92 5.0E8 9.0E8 9.0E8 4.05032704E8 2.105032704E9 -1.889934592E9 -7.89934592E8 4.10065408E8 -7.84901888E8 1.5098112E7 1.215098112E9 1.215098112E9 1.315098112E9 8.20130816E8 1.720130816E9 1.820130816E9 1.820130816E9 -2.07483648E9 1.52516352E9 1.92516352E9
93 1.0E8 1.0E8 2.0E8 2.0E8 2.0E8 3.0E8 3.0E8 3.0E8 3.0E8 3.0E8 3.0E8 3.0E8 4.0E8 4.0E8 4.0E8 4.0E8 4.0E8 4.0E8 4.0E8 4.0E8
94 0.0 0.0 0.0 1.0E8 1.0E8 1.0E8 1.0E8 1.0E8 1.0E8 1.0E8 1.0E8 1.0E8 1.0E8 1.0E8 1.0E8 1.0E8 2.0E8 2.0E8 2.0E8 2.0E8
95 2.0E8 2.0E8 2.0E8 4.05032704E8 2.105032704E9 -1.789934592E9 -1.689934592E9 1.10065408E8 -1.584901888E9 -1.584901888E9 -1.584901888E9 -1.484901888E9 -1.484901888E9 -1.484901888E9 -1.484901888E9 -1.484901888E9 -1.484901888E9 -1.484901888E9 -1.484901888E9 -1.484901888E9
96 6.0E8 1.4E9 1.4E9 1.4E9 1.5E9 -1.789934592E9 -1.589934592E9 -1.589934592E9 -1.589934592E9 -1.589934592E9 -1.589934592E9 -1.589934592E9 -1.589934592E9 -1.684901888E9 1.820130816E9 2.020130816E9 2.020130816E9 2.020130816E9 -2.07483648E9 -1.37483648E9
97 0.0 0.0 1.0E8 1.0E8 1.0E8 1.0E8 1.0E8 1.0E8 1.0E8 1.0E8 1.0E8 1.0E8 2.0E8 4.0E8 4.0E8 5.0E8 5.0E8 5.0E8 5.0E8 5.0E8
