0 3351
1 1982
2 4464
3 3281
4 2958
5 2675
6 762
7 1053
8 1526
9 2867
10 546
11 435
12 4373
13 4084
14 2319
15 4023
16 3452
17 976
18 676
19 1394
20 1350
21 2372
22 2487
23 3022
24 3229
25 3093
26 2433
27 2931
28 1995
29 2814
30 3279
31 4083
32 2385
33 2636
34 2413
35 2739
36 2825
37 3206
38 2585
39 3486
40 2590
41 2132
42 4117
43 3606
44 2965
45 2627
46 3219
47 3969
48 3118
49 3943
50 4118
51 3639
52 4260
53 3048
54 1895
55 3721
56 3355
57 3780
58 2782
59 5382
60 3591
61 2390
62 1497
63 3542
64 2375
65 5047
66 3276
67 1991
68 1388
69 3980
70 3167
71 4678
72 3604
73 4763
74 4494
75 4972
76 5466
77 5267
78 5059
79 3919
80 4184
81 5286
82 1441
83 5447
84 2749
85 4152
86 4106
87 5653
88 5245
89 5122
90 4187
91 2013
92 5286
93 1843
94 4159
95 2371
96 656
97 3952
