Selfish Battery Level: [35, 84, 62, 49, 58, 23, 87, 27, 77, 59, 45, 41, 82, 38, 71, 82, 1, 69, 46, 36, 24, 14, 10, 0, 91, 78, 15, 66, 14, 52, 35, 78, 44, 82, 41, 45, 84, 33, 98, 58, 43, 9, 55, 84, 78, 92, 70, 88, 49, 51, 4, 13, 77, 3, 58, 4, 59, 61, 67, 75, 99, 61, 53, 66, 56, 98, 42, 36, 21, 74, 27, 52, 90, 98, 64, 15, 17, 77, 64, 79, 63, 86, 85, 83, 87, 89, 52, 2, 69, 33, 67, 6, 73, 43, 31, 45, 33, 44, 33, 38, 33, 62, 24, 22, 61, 62, 81, 79, 99, 97, 67, 43, 91, 72, 27, 54, 5, 30, 81, 37, 39, 2, 57, 11, 40, 51, 64, 50, 53, 3, 94, 79, 51, 31, 45, 64, 26, 13, 81, 58, 88, 85, 52, 63, 33, 30, 80, 38, 72, 57, 12, 46, 32, 52, 76, 14, 1, 92, 81, 42, 90, 97, 9, 75, 43, 31, 19, 89, 71, 94, 56, 82, 73, 68, 87, 63, 9, 72, 46, 11, 31, 23, 54, 8, 87, 58, 16, 47, 99, 2, 50, 20, 98, 68, 38, 39, 93, 25, 26, 53, 93, 15, 82, 10, 30, 3, 55, 9, 31, 53, 24, 86, 98, 30, 87, 72, 17, 93, 77, 14, 15, 42, 11, 17, 94, 37, 62, 49, 54, 94, 26, 25, 93, 14, 19, 57, 65, 52, 89, 90, 30, 63, 14, 21, 70, 5, 26, 22, 66, 25, 55, 55, 16, 14, 55, 56, 82, 51, 36, 42, 42, 92, 70, 21, 25, 75, 40, 33, 72, 85, 8, 0, 96, 96, 33, 17, 50, 44, 56, 33, 42, 9, 31, 86, 6, 12, 67, 74, 66, 32, 28, 82, 52, 53, 99, 16, 86, 36, 39, 60, 47, 33, 57, 35, 19, 25, 79, 50, 38, 96, 85, 49, 37, 87, 83, 92, 38, 72, 14, 11, 74, 18, 26, 38, 36, 69, 84, 23, 16, 71, 54, 24, 21, 5, 76, 6, 93, 41, 74, 69, 7, 16, 36, 19, 99, 49, 9, 91, 15, 72, 1, 74, 46, 30, 6, 44, 39, 34, 50, 61, 47, 69, 40, 92, 30, 7, 16, 14, 76, 10, 93, 0, 97, 92, 42, 50, 24, 20, 16, 16, 70, 74, 64, 3, 13, 0, 36, 21, 32, 34, 73, 75, 98, 26, 41, 16, 67, 37, 7, 34, 93, 34, 68, 68, 70, 29, 43, 4, 0, 84, 24, 55, 18, 69, 94, 79, 69, 96, 89, 26, 39, 12, 93, 0, 31, 78, 73, 7, 35, 19, 46, 23, 28, 30, 39, 10, 17, 49, 70, 82, 43, 84, 42, 57, 95, 70, 41, 22, 84, 89, 36, 65, 77, 44, 93, 33, 97, 68, 49, 47, 31, 55, 16, 32, 41, 74, 78, 52, 51, 70, 4, 86, 0, 90, 36, 88, 78, 80, 94, 75, 72, 92, 9, 84, 5, 19, 14, 38, 39, 38, 11, 7, 42, 51, 59, 26, 56, 97, 62, 16, 6, 28, 5, 88, 65, 48, 4, 45, 14, 55, 8, 99, 91, 21, 76, 25, 96, 80, 67, 22, 95, 2, 25, 11, 4, 26, 64, 89, 60, 60, 97, 40, 85, 89, 56, 7, 68, 15, 13, 77, 12, 7, 29, 89, 50, 80, 1, 46, 41, 95, 33, 33, 3, 64, 50, 71, 30, 97, 50, 68, 55, 76, 73, 50, 41, 11, 58, 88, 10, 19, 50, 58, 27, 96, 89, 46, 1, 88, 64, 37, 1, 17, 32, 36, 52, 46, 2, 43, 59, 74, 26, 83, 60, 50, 57, 64, 37, 69, 22, 22, 83, 67, 2, 70, 59, 51, 58, 37, 32, 43, 14, 20, 78, 57, 3, 58, 94, 62, 77, 67, 12, 15, 8, 35, 34]
Hosts: 625
Hosts Average Energy Consume/s: 0.5073213968636651
Hosts Average normal Energy Consume/s: 0.5107261611346366
Hosts Average  Selfish Period Consume/s: 0.2600099999998794

Hosts Average Energy Consume: 12825.65778997756
Hosts Average Normal Energy Consume: 9267.974169981586
Hosts Average Selfish Energy Consume: 3557.683619997947

Description:
host number
average energy consumption of all periods  - average energy consumption of Normal periods  -  average energy consumption of all selfish periods
energy consumption of all periods  -  energy consumption of Normal periods  -  energy consumption of selfish periods
Active total time  -  Normal Active Time  -  Selfish Active Time
Normal proportion of time  -  Selfish proportion of time
Number of Recharges 


HOST: 0
0.5062499999987908 0.5062499999987908 0.0
9284.118749977824 9284.118749977824 0.0
18339.0 18339.0 0.0
0


HOST: 1
0.5062499999992781 0.5062499999985448 0.5062499999995782
13451.56874998082 3905.718749988773 9545.849999992046
26571.0 7715.0 18856.0
0


HOST: 2
0.5062499999990521 0.5062499999987895 0.5062500000003638
11132.943749979153 9276.524999977819 1856.418750001334
21991.0 18324.0 3667.0
0


HOST: 3
0.5062499999991572 0.5062499999991572 0.0
12103.42499997985 12103.42499997985 0.0
23908.0 23908.0 0.0
0


HOST: 4
0.5062499999991577 0.5062499999989395 0.5062500000003638
12108.487499979854 10253.08124997852 1855.4062500013333
23918.0 20253.0 3665.0
0


HOST: 5
0.5062499999988708 0.5062499999988708 0.0
9781.256249978182 9781.256249978182 0.0
19321.0 19321.0 0.0
0


HOST: 6
0.5062499999987206 0.5062499999985448 0.5062499999988181
8887.21874997754 3173.6812499908774 5713.537499986662
17555.0 6269.0 11286.0
0


HOST: 7
0.5062499999991018 0.5062499999991018 0.0
11571.862499979468 11571.862499979468 0.0
22858.0 22858.0 0.0
0


HOST: 8
0.506249999998887 0.5062499999985448 0.5062499999993364
9888.581249978259 5614.8187499838605 4273.762499994398
19533.0 11091.0 8442.0
0


HOST: 9
0.5062499999988562 0.5062499999988562 0.0
9687.093749978114 9687.093749978114 0.0
19135.0 19135.0 0.0
0


HOST: 10
0.506249999998835 0.506249999998835 0.0
9552.937499978018 9552.937499978018 0.0
18870.0 18870.0 0.0
0


HOST: 11
0.5062499999993406 0.5062499999993406 0.0
14272.70624998141 14272.70624998141 0.0
28193.0 28193.0 0.0
0


HOST: 12
0.50624999999884 0.5062499999985448 0.5062499999990899
9583.81874997804 4394.249999987369 5189.568749990671
18931.0 8680.0 10251.0
0


HOST: 13
0.5062499999985862 0.5062499999985862 0.0
8215.424999977056 8215.424999977056 0.0
16228.0 16228.0 0.0
0


HOST: 14
0.5062499999988862 0.5062499999985448 0.5062499999997481
9883.518749978255 7079.399999979651 2804.1187499986045
19523.0 13984.0 5539.0
0


HOST: 15
0.5062499999986642 0.5062499999985448 0.5062499999987892
8592.581249977327 4394.249999987369 4198.331249989958
16973.0 8680.0 8293.0
0


HOST: 16
0.5062499999992786 0.5062499999992786 0.0
13457.137499980823 13457.137499980823 0.0
26582.0 26582.0 0.0
0


HOST: 17
0.5062499999990362 0.5062499999985448 0.5062500000001197
10999.799999979057 7567.931249978246 3431.868750000811
21728.0 14949.0 6779.0
0


HOST: 18
0.5062499999989788 0.5062499999989788 0.0
10544.68124997873 10544.68124997873 0.0
20829.0 20829.0 0.0
0


HOST: 19
0.5062499999985448 0.5062499999985448 0.0
4001.9062499884967 4001.9062499884967 0.0
7905.0 7905.0 0.0
0


HOST: 20
0.5062499999987667 0.5062499999987667 0.0
9144.393749977724 9144.393749977724 0.0
18063.0 18063.0 0.0
0


HOST: 21
0.5062499999992197 0.5062499999992197 0.0
12764.587499980325 12764.587499980325 0.0
25214.0 25214.0 0.0
0


HOST: 22
0.506249999998909 0.506249999998909 0.0
10037.924999978366 10037.924999978366 0.0
19828.0 19828.0 0.0
0


HOST: 23
0.5062499999992852 0.5062499999992852 0.0
13539.656249980882 13539.656249980882 0.0
26745.0 26745.0 0.0
0


HOST: 24
0.5062499999990396 0.5062499999985448 0.5062499999991628
11029.162499979078 2197.1249999936845 8832.037499985394
21786.0 4340.0 17446.0
0


HOST: 25
0.5062499999986744 0.5062499999985448 0.5062499999988869
8644.218749977364 5370.806249984562 3273.4124999928026
17075.0 10609.0 6466.0
0


HOST: 26
0.506249999998782 0.506249999998782 0.0
9232.481249977787 9232.481249977787 0.0
18237.0 18237.0 0.0
0


HOST: 27
0.5062499999990794 0.5062499999986043 0.5062500000003638
11369.868749979323 8299.968749977117 3069.900000002206
22459.0 16395.0 6064.0
0


HOST: 28
0.5062499999985448 0.5062499999985448 0.0
7833.206249977484 7833.206249977484 0.0
15473.0 15473.0 0.0
0


HOST: 29
0.5062499999989868 0.5062499999989868 0.0
10605.431249978774 10605.431249978774 0.0
20949.0 20949.0 0.0
0


HOST: 30
0.5062499999990712 0.5062499999990712 0.0
11297.474999979271 11297.474999979271 0.0
22316.0 22316.0 0.0
0


HOST: 31
0.5062499999986403 0.5062499999985448 0.5062499999988057
8473.612499977242 5370.806249984562 3102.80624999268
16738.0 10609.0 6129.0
0


HOST: 32
0.5062499999988636 0.5062499999988636 0.0
9734.174999978148 9734.174999978148 0.0
19228.0 19228.0 0.0
0


HOST: 33
0.5062499999987128 0.5062499999985448 0.5062499999988787
8845.70624997751 4394.249999987369 4451.45624999014
17473.0 8680.0 8793.0
0


HOST: 34
0.5062499999988862 0.5062499999988862 0.0
9883.518749978255 9883.518749978255 0.0
19523.0 19523.0 0.0
0


HOST: 35
0.5062499999986703 0.5062499999986703 0.0
8623.46249997735 8623.46249997735 0.0
17034.0 17034.0 0.0
0


HOST: 36
0.5062499999985448 0.5062499999985448 0.5062499999985448
5205.262499985038 3905.718749988773 1299.5437499962645
10282.0 7715.0 2567.0
0


HOST: 37
0.5062499999990284 0.5062499999990284 0.0
10936.518749979012 10936.518749979012 0.0
21603.0 21603.0 0.0
0


HOST: 38
0.5062499999988367 0.5062499999985448 0.5062499999988523
9563.062499978025 488.0249999985972 9075.037499979428
18890.0 964.0 17926.0
0


HOST: 39
0.506249999998965 0.5062499999989395 0.5062500000003638
10440.393749978655 10253.08124997852 187.3125000001346
20623.0 20253.0 370.0
0


HOST: 40
0.5062499999990944 0.5062499999990944 0.0
11504.02499997942 11504.02499997942 0.0
22724.0 22724.0 0.0
0


HOST: 41
0.5062499999985448 0.5062499999985448 0.0
7709.681249977839 7709.681249977839 0.0
15229.0 15229.0 0.0
0


HOST: 42
0.5062499999988659 0.5062499999988659 0.0
9749.868749978159 9749.868749978159 0.0
19259.0 19259.0 0.0
0


HOST: 43
0.506249999998982 0.5062499999985448 0.5062499999992383
10568.981249978748 3905.718749988773 6663.2624999899745
20877.0 7715.0 13162.0
0


HOST: 44
0.5062499999988064 0.5062499999985448 0.5062499999991571
9377.268749977891 5370.806249984562 4006.4624999933294
18523.0 10609.0 7914.0
0


HOST: 45
0.5062499999990285 0.5062499999985448 0.5062499999991337
10937.024999979012 1952.6062499943873 8984.418749984625
21604.0 3857.0 17747.0
0


HOST: 46
0.5062499999986926 0.5062499999985448 0.5062499999994572
8738.381249977432 7323.412499978949 1414.968749998483
17261.0 14466.0 2795.0
0


HOST: 47
0.5062499999986972 0.5062499999985448 0.5062499999987737
8762.68124997745 2929.1624999915803 5833.518749985869
17309.0 5786.0 11523.0
0


HOST: 48
0.5062499999987821 0.5062499999987821 0.0
9232.987499977788 9232.987499977788 0.0
18238.0 18238.0 0.0
0


HOST: 49
0.5062499999989245 0.5062499999989245 0.0
10146.262499978444 10146.262499978444 0.0
20042.0 20042.0 0.0
0


HOST: 50
0.5062499999985448 0.5062499999985448 0.0
4559.793749986893 4559.793749986893 0.0
9007.0 9007.0 0.0
0


HOST: 51
0.5062499999985555 0.5062499999985555 0.0
8075.699999976956 8075.699999976956 0.0
15952.0 15952.0 0.0
0


HOST: 52
0.5062499999989671 0.5062499999985448 0.5062499999994569
10456.087499978667 5614.8187499838605 4841.268749994806
20654.0 11091.0 9563.0
0


HOST: 53
0.5062499999987677 0.5062499999987677 0.0
9149.962499977728 9149.962499977728 0.0
18074.0 18074.0 0.0
0


HOST: 54
0.5062499999988967 0.5062499999988967 0.0
9954.899999978306 9954.899999978306 0.0
19664.0 19664.0 0.0
0


HOST: 55
0.5062499999990151 0.5062499999990151 0.0
10828.181249978934 10828.181249978934 0.0
21389.0 21389.0 0.0
0


HOST: 56
0.506249999998701 0.506249999998701 0.0
8782.931249977464 8782.931249977464 0.0
17349.0 17349.0 0.0
0


HOST: 57
0.5062499999987183 0.5062499999987183 0.0
8875.57499997753 8875.57499997753 0.0
17532.0 17532.0 0.0
0


HOST: 58
0.5062499999989974 0.506249999998551 0.5062500000003638
10688.456249978834 8055.956249976942 2632.5000000018917
21113.0 15913.0 5200.0
0


HOST: 59
0.5062499999989936 0.5062499999985448 0.5062499999995947
10657.574999978811 6102.843749982458 4554.731249996354
21052.0 12055.0 8997.0
0


HOST: 60
0.5062499999990427 0.5062499999985448 0.506249999999054
11054.474999979097 244.0124999992986 10810.462499979798
21836.0 482.0 21354.0
0


HOST: 61
0.5062499999990291 0.5062499999988299 0.5062500000003638
10941.581249979015 9521.043749977995 1420.5375000010208
21613.0 18807.0 2806.0
0


HOST: 62
0.5062499999988302 0.5062499999988302 0.0
9523.068749977996 9523.068749977996 0.0
18811.0 18811.0 0.0
0


HOST: 63
0.5062499999987204 0.5062499999986043 0.5062500000003638
8886.712499977539 8299.968749977117 586.7437500004216
17554.0 16395.0 1159.0
0


HOST: 64
0.5062499999989258 0.5062499999989258 0.0
10156.387499978451 10156.387499978451 0.0
20062.0 20062.0 0.0
0


HOST: 65
0.5062499999987279 0.5062499999985448 0.5062499999987385
8927.212499977568 488.0249999985972 8439.18749997897
17634.0 964.0 16670.0
0


HOST: 66
0.5062499999988056 0.5062499999988056 0.0
9372.206249977888 9372.206249977888 0.0
18513.0 18513.0 0.0
0


HOST: 67
0.5062499999986488 0.5062499999986488 0.0
8515.631249977272 8515.631249977272 0.0
16821.0 16821.0 0.0
0


HOST: 68
0.5062499999990705 0.5062499999990705 0.0
11291.906249979267 11291.906249979267 0.0
22305.0 22305.0 0.0
0


HOST: 69
0.5062499999989446 0.5062499999985448 0.5062499999995882
10290.543749978548 6347.362499981755 3943.1812499967928
20327.0 12538.0 7789.0
0


HOST: 70
0.5062499999988292 0.5062499999988292 0.0
9516.993749977992 9516.993749977992 0.0
18799.0 18799.0 0.0
0


HOST: 71
0.5062499999985448 0.5062499999985448 0.0
7956.22499997713 7956.22499997713 0.0
15716.0 15716.0 0.0
0


HOST: 72
0.506249999998929 0.5062499999985448 0.5062499999990501
10177.649999978466 2441.137499992983 7736.512499985483
20104.0 4822.0 15282.0
0


HOST: 73
0.5062499999988276 0.5062499999985448 0.5062499999988429
9506.362499977984 488.0249999985972 9018.337499979387
18778.0 964.0 17814.0
0


HOST: 74
0.5062499999990634 0.5062499999987021 0.5062500000003638
11230.143749979223 8788.499999977468 2441.6437500017546
22183.0 17360.0 4823.0
0


HOST: 75
0.5062499999989142 0.5062499999989142 0.0
10074.374999978392 10074.374999978392 0.0
19900.0 19900.0 0.0
0


HOST: 76
0.5062499999990533 0.5062499999990533 0.0
11143.57499997916 11143.57499997916 0.0
22012.0 22012.0 0.0
0


HOST: 77
0.5062499999987272 0.5062499999985448 0.5062499999990369
8923.668749977565 5614.8187499838605 3308.849999993705
17627.0 11091.0 6536.0
0


HOST: 78
0.5062499999989258 0.5062499999987021 0.5062500000003638
10156.387499978451 8788.499999977468 1367.887500000983
20062.0 17360.0 2702.0
0


HOST: 79
0.5062499999985827 0.5062499999985448 0.5062499999986458
8199.224999977045 5126.287499985265 3072.93749999178
16196.0 10126.0 6070.0
0


HOST: 80
0.5062499999986327 0.5062499999986327 0.0
8436.656249977215 8436.656249977215 0.0
16665.0 16665.0 0.0
0


HOST: 81
0.5062499999992234 0.5062499999985448 0.5062499999994704
12805.593749980355 3417.693749990176 9387.899999990179
25295.0 6751.0 18544.0
0


HOST: 82
0.5062499999988697 0.5062499999985448 0.5062499999990643
9774.168749978176 3661.7062499894746 6112.462499988702
19307.0 7233.0 12074.0
0


HOST: 83
0.5062499999986652 0.5062499999985448 0.5062499999987775
8597.643749977331 4149.731249988072 4447.912499989259
16983.0 8197.0 8786.0
0


HOST: 84
0.5062499999987604 0.5062499999985448 0.5062499999988757
9107.943749977698 3173.6812499908774 5934.26249998682
17991.0 6269.0 11722.0
0


HOST: 85
0.5062499999990699 0.5062499999985448 0.5062499999992339
11287.349999979264 2685.1499999922817 8602.199999986982
22296.0 5304.0 16992.0
0


HOST: 86
0.5062499999986831 0.5062499999986831 0.0
8689.274999977397 8689.274999977397 0.0
17164.0 17164.0 0.0
0


HOST: 87
0.506249999999067 0.506249999999067 0.0
11261.024999979245 11261.024999979245 0.0
22244.0 22244.0 0.0
0


HOST: 88
0.5062499999990582 0.5062499999985448 0.5062500000001321
11185.08749997919 7567.931249978246 3617.156250000944
22094.0 14949.0 7145.0
0


HOST: 89
0.5062499999985448 0.5062499999985448 0.0
7869.656249977379 7869.656249977379 0.0
15545.0 15545.0 0.0
0


HOST: 90
0.5062499999987029 0.506249999998551 0.5062500000003638
8792.549999977471 8055.956249976942 736.5937500005293
17368.0 15913.0 1455.0
0


HOST: 91
0.5062499999985448 0.5062499999985448 0.0
7827.131249977501 7827.131249977501 0.0
15461.0 15461.0 0.0
0


HOST: 92
0.50624999999906 0.5062499999985448 0.5062499999997966
11200.781249979202 6591.374999981053 4609.406249998148
22125.0 13020.0 9105.0
0


HOST: 93
0.5062499999986486 0.5062499999986486 0.0
8514.618749977271 8514.618749977271 0.0
16819.0 16819.0 0.0
0


HOST: 94
0.5062499999990892 0.5062499999990892 0.0
11457.449999979386 11457.449999979386 0.0
22632.0 22632.0 0.0
0


HOST: 95
0.5062499999989754 0.5062499999989754 0.0
10517.849999978711 10517.849999978711 0.0
20776.0 20776.0 0.0
0


HOST: 96
0.5062499999988626 0.5062499999988626 0.0
9727.593749978143 9727.593749978143 0.0
19215.0 19215.0 0.0
0


HOST: 97
0.5062499999993286 0.5062499999992955 0.5062500000003638
19389.881249974285 13670.774999980977 5719.10625000411
38301.0 27004.0 11297.0
0


HOST: 98
0.5062499999993718 0.506249999999471 0.5062500000003638
18377.381249977196 16356.431249982907 2020.9500000014523
36301.0 32309.0 3992.0
0


HOST: 99
0.506249999999457 0.5062499999993989 0.5062500000003638
16105.331249982726 15135.86249998203 969.4687500006967
31813.0 29898.0 1915.0
0


HOST: 100
0.5062499999993534 0.506249999999471 0.5062500000003638
18796.049999975992 16356.431249982907 2439.618750001753
37128.0 32309.0 4819.0
0


HOST: 101
0.5062499999993928 0.5062499999987895 0.5062500000003638
17923.2749999785 9276.524999977819 8646.750000006214
35404.0 18324.0 17080.0
0


HOST: 102
0.5062499999993637 0.5062499999993639 0.5062500000003638
18559.124999976673 18553.55624997669 5.568750000004002
36660.0 36649.0 11.0
0


HOST: 103
0.5062499999993111 0.506249999999343 0.5062500000003638
19833.86249997301 19042.087499975285 791.775000000569
39178.0 37614.0 1564.0
0


HOST: 104
0.5062499999994574 0.5062499999988299 0.5062500000003638
16653.093749982152 9521.043749977995 7132.050000005125
32895.0 18807.0 14088.0
0


HOST: 105
0.5062499999994508 0.5062499999987895 0.5062500000003638
16776.1124999818 9276.524999977819 7499.587500005389
33138.0 18324.0 14814.0
0


HOST: 106
0.5062499999994623 0.5062499999985448 0.5062499999998467
16564.499999982407 4638.2624999866675 11926.237499996389
32720.0 9162.0 23558.0
0


HOST: 107
0.5062499999992437 0.5062499999985448 0.5062500000000204
21744.449999967517 5126.287499985265 16618.16250000067
42952.0 10126.0 32826.0
0


HOST: 108
0.5062499999991903 0.5062499999985448 0.5062499999992162
23546.19374996234 244.0124999992986 23302.18124996392
46511.0 482.0 46029.0
0


HOST: 109
0.5062499999993125 0.5062499999985448 0.5062499999994119
19796.399999973117 732.0374999978958 19064.362499977855
39104.0 1446.0 37658.0
0


HOST: 110
0.5062499999992994 0.506249999998551 0.5062500000003638
20138.624999972133 8055.956249976942 12082.668750008683
39780.0 15913.0 23867.0
0


HOST: 111
0.5062499999992953 0.5062499999993143 0.5062500000003638
20251.01249997181 13915.293749981152 6335.718750004553
40002.0 27487.0 12515.0
0


HOST: 112
0.5062499999993589 0.5062499999985448 0.5062499999997102
18666.956249976363 2197.1249999936845 16469.831249990573
36873.0 4340.0 32533.0
0


HOST: 113
0.5062499999986732 0.5062499999985448 0.5062499999991599
8638.14374997736 6835.387499980352 1802.7562499970081
17063.0 13502.0 3561.0
0


HOST: 114
0.5062499999990457 0.5062499999990457 0.0
11080.293749979115 11080.293749979115 0.0
21887.0 21887.0 0.0
0


HOST: 115
0.5062499999988908 0.5062499999988908 0.0
9914.399999978277 9914.399999978277 0.0
19584.0 19584.0 0.0
0


HOST: 116
0.5062499999990518 0.5062499999990518 0.0
11131.931249979152 11131.931249979152 0.0
21989.0 21989.0 0.0
0


HOST: 117
0.5062499999988689 0.5062499999988689 0.0
9769.106249978173 9769.106249978173 0.0
19297.0 19297.0 0.0
0


HOST: 118
0.5062499999985448 0.5062499999985448 0.5062499999985448
5799.093749983331 4638.2624999866675 1160.8312499966632
11455.0 9162.0 2293.0
0


HOST: 119
0.5062499999989426 0.5062499999989426 0.0
10275.862499978537 10275.862499978537 0.0
20298.0 20298.0 0.0
0


HOST: 120
0.506249999998976 0.506249999998976 0.0
10522.912499978715 10522.912499978715 0.0
20786.0 20786.0 0.0
0


HOST: 121
0.5062499999986881 0.5062499999986881 0.0
8715.599999977416 8715.599999977416 0.0
17216.0 17216.0 0.0
0


HOST: 122
0.5062499999987803 0.5062499999987803 0.0
9222.35624997778 9222.35624997778 0.0
18217.0 18217.0 0.0
0


HOST: 123
0.5062499999985448 0.5062499999985448 0.0
8024.062499976935 8024.062499976935 0.0
15850.0 15850.0 0.0
0


HOST: 124
0.5062499999989222 0.5062499999989222 0.0
10130.062499978432 10130.062499978432 0.0
20010.0 20010.0 0.0
0


HOST: 125
0.5062499999989419 0.5062499999989419 0.0
10270.799999978533 10270.799999978533 0.0
20288.0 20288.0 0.0
0


HOST: 126
0.506249999998656 0.506249999998656 0.0
8551.574999977298 8551.574999977298 0.0
16892.0 16892.0 0.0
0


HOST: 127
0.5062499999985448 0.5062499999985448 0.0
6284.081249981937 6284.081249981937 0.0
12413.0 12413.0 0.0
0


HOST: 128
0.5062499999989462 0.5062499999989462 0.0
10301.681249978556 10301.681249978556 0.0
20349.0 20349.0 0.0
0


HOST: 129
0.5062499999990699 0.5062499999990699 0.0
11286.843749979264 11286.843749979264 0.0
22295.0 22295.0 0.0
0


HOST: 130
0.5062499999987986 0.5062499999985448 0.5062499999988459
9330.693749977858 1464.5812499957901 7866.112499982068
18431.0 2893.0 15538.0
0


HOST: 131
0.5062499999985463 0.5062499999985448 0.5062499999985489
8035.199999976927 5126.287499985265 2908.912499991662
15872.0 10126.0 5746.0
0


HOST: 132
0.5062499999990164 0.5062499999990164 0.0
10838.812499978942 10838.812499978942 0.0
21410.0 21410.0 0.0
0


HOST: 133
0.5062499999990882 0.5062499999990882 0.0
11447.83124997938 11447.83124997938 0.0
22613.0 22613.0 0.0
0


HOST: 134
0.5062499999988759 0.5062499999988759 0.0
9815.174999978206 9815.174999978206 0.0
19388.0 19388.0 0.0
0


HOST: 135
0.5062499999992307 0.5062499999987021 0.5062500000003638
12888.618749980415 8788.499999977468 4100.118750002946
25459.0 17360.0 8099.0
0


HOST: 136
0.5062499999989889 0.5062499999989889 0.0
10622.137499978786 10622.137499978786 0.0
20982.0 20982.0 0.0
0


HOST: 137
0.5062499999988906 0.5062499999988906 0.0
9913.387499978277 9913.387499978277 0.0
19582.0 19582.0 0.0
0


HOST: 138
0.5062499999990898 0.5062499999985448 0.5062499999994602
11463.01874997939 4638.2624999866675 6824.756249992723
22643.0 9162.0 13481.0
0


HOST: 139
0.5062499999992814 0.5062499999989395 0.5062500000003638
13492.068749980848 10253.08124997852 3238.9875000023276
26651.0 20253.0 6398.0
0


HOST: 140
0.5062499999985828 0.5062499999985448 0.5062499999986039
8199.731249977045 2929.1624999915803 5270.568749985465
16197.0 5786.0 10411.0
0


HOST: 141
0.506249999998869 0.5062499999985448 0.5062499999990633
9769.612499978173 3661.7062499894746 6107.906249988699
19298.0 7233.0 12065.0
0


HOST: 142
0.5062499999989318 0.5062499999989318 0.0
10198.406249978481 10198.406249978481 0.0
20145.0 20145.0 0.0
0


HOST: 143
0.5062499999993368 0.506249999998747 0.5062500000003638
14221.068749981372 9032.512499977644 5188.556250003729
28091.0 17842.0 10249.0
0


HOST: 144
0.5062499999987354 0.5062499999987354 0.0
8968.724999977598 8968.724999977598 0.0
17716.0 17716.0 0.0
0


HOST: 145
0.5062499999988107 0.5062499999988107 0.0
9403.08749997791 9403.08749997791 0.0
18574.0 18574.0 0.0
0


HOST: 146
0.5062499999992806 0.5062499999985448 0.5062499999996983
13481.943749980841 4882.274999985966 8599.668749994875
26631.0 9644.0 16987.0
0


HOST: 147
0.5062499999990563 0.5062499999990563 0.0
11168.887499979179 11168.887499979179 0.0
22062.0 22062.0 0.0
0


HOST: 148
0.5062499999989754 0.5062499999985448 0.5062499999997744
10517.849999978711 6835.387499980352 3682.462499998359
20776.0 13502.0 7274.0
0


HOST: 149
0.5062499999987422 0.5062499999987422 0.0
9005.681249977624 9005.681249977624 0.0
17789.0 17789.0 0.0
0


HOST: 150
0.5062499999987812 0.5062499999987812 0.0
9227.924999977784 9227.924999977784 0.0
18228.0 18228.0 0.0
0


HOST: 151
0.506249999998756 0.506249999998756 0.0
9083.13749997768 9083.13749997768 0.0
17942.0 17942.0 0.0
0


HOST: 152
0.5062499999988976 0.5062499999988976 0.0
9960.46874997831 9960.46874997831 0.0
19675.0 19675.0 0.0
0


HOST: 153
0.5062499999985448 0.5062499999985448 0.0
7585.143749978197 7585.143749978197 0.0
14983.0 14983.0 0.0
0


HOST: 154
0.5062499999986835 0.5062499999985448 0.5062499999989704
8691.299999977398 5858.831249983159 2832.4687499942393
17168.0 11573.0 5595.0
0


HOST: 155
0.506249999998546 0.506249999998546 0.0
8034.187499976926 8034.187499976926 0.0
15870.0 15870.0 0.0
0


HOST: 156
0.5062499999988983 0.5062499999988983 0.0
9965.024999978314 9965.024999978314 0.0
19684.0 19684.0 0.0
0


HOST: 157
0.506249999998987 0.5062499999985448 0.5062499999990867
10606.949999978775 1952.6062499943873 8654.343749984388
20952.0 3857.0 17095.0
0


HOST: 158
0.5062499999989877 0.5062499999985448 0.5062499999993314
10612.012499978779 4638.2624999866675 5973.749999992111
20962.0 9162.0 11800.0
0


HOST: 159
0.5062499999990645 0.5062499999990645 0.0
11240.26874997923 11240.26874997923 0.0
22203.0 22203.0 0.0
0


HOST: 160
0.5062499999987089 0.5062499999985448 0.5062499999987717
8824.949999977494 2441.137499992983 6383.812499984511
17432.0 4822.0 12610.0
0


HOST: 161
0.5062499999988334 0.5062499999985448 0.5062499999988573
9542.30624997801 732.0374999978958 8810.268749980114
18849.0 1446.0 17403.0
0


HOST: 162
0.5062499999987458 0.5062499999987458 0.0
9025.931249977639 9025.931249977639 0.0
17829.0 17829.0 0.0
0


HOST: 163
0.5062499999989533 0.5062499999985448 0.5062499999995397
10353.318749978593 6102.843749982458 4250.474999996135
20451.0 12055.0 8396.0
0


HOST: 164
0.5062499999987052 0.5062499999987052 0.0
8805.20624997748 8805.20624997748 0.0
17393.0 17393.0 0.0
0


HOST: 165
0.5062499999986602 0.5062499999986602 0.0
8572.331249977313 8572.331249977313 0.0
16933.0 16933.0 0.0
0


HOST: 166
0.506249999998809 0.506249999998809 0.0
9392.962499977903 9392.962499977903 0.0
18554.0 18554.0 0.0
0


HOST: 167
0.5062499999989967 0.5062499999985448 0.5062499999991484
10682.38124997883 2685.1499999922817 7997.2312499865475
21101.0 5304.0 15797.0
0


HOST: 168
0.5062499999990139 0.5062499999985448 0.506249999999902
10818.056249978927 7079.399999979651 3738.656249999276
21369.0 13984.0 7385.0
0


HOST: 169
0.5062499999986445 0.5062499999985448 0.5062499999986654
8494.368749977257 1464.5812499957901 7029.787499981467
16779.0 2893.0 13886.0
0


HOST: 170
0.5062499999990073 0.5062499999990042 0.5062500000003638
10766.41874997889 10741.612499978872 24.806250000017826
21267.0 21218.0 49.0
0


HOST: 171
0.5062499999985448 0.5062499999985448 0.0
3930.524999988702 3930.524999988702 0.0
7764.0 7764.0 0.0
0


HOST: 172
0.506249999999077 0.5062499999985448 0.5062499999998143
11349.112499979308 6591.374999981053 4757.737499998255
22418.0 13020.0 9398.0
0


HOST: 173
0.5062499999986974 0.5062499999985448 0.5062499999999497
8763.69374997745 7811.943749977545 951.7499999999054
17311.0 15431.0 1880.0
0


HOST: 174
0.5062499999988233 0.5062499999985448 0.5062499999989635
9480.037499977965 3173.6812499908774 6306.356249987088
18726.0 6269.0 12457.0
0


HOST: 175
0.5062499999985448 0.5062499999985448 0.0
7674.749999977939 7674.749999977939 0.0
15160.0 15160.0 0.0
0


HOST: 176
0.5062499999985448 0.5062499999985448 0.0
5313.599999984726 5313.599999984726 0.0
10496.0 10496.0 0.0
0


HOST: 177
0.506249999999041 0.5062499999985448 0.5062499999998477
11040.299999979086 6835.387499980352 4204.912499998734
21808.0 13502.0 8306.0
0


HOST: 178
0.5062499999990298 0.5062499999990298 0.0
10947.14999997902 10947.14999997902 0.0
21624.0 21624.0 0.0
0


HOST: 179
0.5062499999990903 0.5062499999990903 0.0
11467.574999979393 11467.574999979393 0.0
22652.0 22652.0 0.0
0


HOST: 180
0.5062499999989678 0.5062499999989678 0.0
10461.65624997867 10461.65624997867 0.0
20665.0 20665.0 0.0
0


HOST: 181
0.5062499999985448 0.5062499999985448 0.0
6635.924999980925 6635.924999980925 0.0
13108.0 13108.0 0.0
0


HOST: 182
0.5062499999989618 0.5062499999989618 0.0
10416.599999978638 10416.599999978638 0.0
20576.0 20576.0 0.0
0


HOST: 183
0.5062499999988481 0.5062499999988481 0.0
9634.949999978076 9634.949999978076 0.0
19032.0 19032.0 0.0
0


HOST: 184
0.5062499999993041 0.5062499999985448 0.5062499999997901
20015.606249972487 3173.6812499908774 16841.924999993018
39537.0 6269.0 33268.0
0


HOST: 185
0.5062499999994273 0.5062499999989395 0.5062500000003638
17221.10624998052 10253.08124997852 6968.025000005007
34017.0 20253.0 13764.0
0


HOST: 186
0.5062499999993197 0.5062499999993197 0.0
19611.11249997365 19611.11249997365 0.0
38738.0 38738.0 0.0
0


HOST: 187
0.5062499999993197 0.5062499999992351 0.5062500000003638
19612.124999973646 12938.73749998045 6673.387500004796
38740.0 25558.0 13182.0
0


HOST: 188
0.5062499999992813 0.5062499999985448 0.506249999999312
20634.749999970707 244.0124999992986 20390.73749997229
40760.0 482.0 40278.0
0


HOST: 189
0.5062499999993251 0.5062499999993251 0.0
19477.462499974034 19477.462499974034 0.0
38474.0 38474.0 0.0
0


HOST: 190
0.5062499999993094 0.5062499999991673 0.5062500000003638
19876.387499972887 12206.193749979924 7670.193750005512
39262.0 24111.0 15151.0
0


HOST: 191
0.5062499999992824 0.506249999999323 0.5062500000002426
20602.8562499708 19530.112499973882 1072.743750000514
40697.0 38578.0 2119.0
0


HOST: 192
0.5062499999992777 0.5062499999985448 0.5062499999993392
20737.012499970413 488.0249999985972 20248.98749997357
40962.0 964.0 39998.0
0


HOST: 193
0.5062499999992197 0.5062499999985448 0.506250000000337
22518.506249965292 7811.943749977545 14706.56250000979
44481.0 15431.0 29050.0
0


HOST: 194
0.506249999999217 0.5062499999993989 0.5062500000003638
22606.59374996504 15135.86249998203 7470.731250005369
44655.0 29898.0 14757.0
0


HOST: 195
0.5062499999994236 0.5062499999993831 0.5062500000003638
15531.749999982314 14891.849999981854 639.9000000004598
30680.0 29416.0 1264.0
0


HOST: 196
0.5062499999993234 0.5062499999985448 0.5062499999995727
19518.974999973914 1708.5937499950887 17810.381249984966
38556.0 3375.0 35181.0
0


HOST: 197
0.5062499999993052 0.5062499999993748 0.5062500000003638
19987.762499972567 18309.54374997739 1678.218750001206
39482.0 36167.0 3315.0
0


HOST: 198
0.5062499999993613 0.5062499999993613 0.0
14567.343749981621 14567.343749981621 0.0
28775.0 28775.0 0.0
0


HOST: 199
0.5062499999993093 0.5062499999990909 0.5062500000003638
19879.424999972878 11473.649999979398 8405.77500000604
39268.0 22664.0 16604.0
0


HOST: 200
0.5062499999993635 0.5062499999985448 0.5062499999996309
18563.17499997666 1708.5937499950887 16854.581249987714
36668.0 3375.0 33293.0
0


HOST: 201
0.5062499999992617 0.5062499999992772 0.506249999999909
21201.749999969077 20750.681249970374 451.06874999991896
41880.0 40989.0 891.0
0


HOST: 202
0.5062499999992782 0.5062499999985448 0.5062499999999589
20721.824999970457 4394.249999987369 16327.574999998675
40932.0 8680.0 32252.0
0


HOST: 203
0.5062499999993175 0.5062499999993175 0.0
19669.331249973482 19669.331249973482 0.0
38853.0 38853.0 0.0
0


HOST: 204
0.5062499999993245 0.5062499999994341 0.5062500000003638
19492.14374997399 17088.9749999809 2403.168750001727
38503.0 33756.0 4747.0
0


HOST: 205
0.5062499999993444 0.5062499999993444 0.0
19007.662499975384 19007.662499975384 0.0
37546.0 37546.0 0.0
0


HOST: 206
0.5062499999993063 0.5062499999990344 0.5062500000003638
19957.893749972653 10985.624999979047 8972.268750006448
39423.0 21700.0 17723.0
0


HOST: 207
0.5062499999992672 0.5062499999992672 0.0
21037.21874996955 21037.21874996955 0.0
41555.0 41555.0 0.0
0


HOST: 208
0.5062499999993529 0.5062499999994471 0.5062500000003638
18806.174999975963 16844.9624999816 1961.2125000014094
37148.0 33274.0 3874.0
0


HOST: 209
0.5062499999992401 0.5062499999990909 0.5062500000003638
21857.343749967193 11473.649999979398 10383.693750007462
43175.0 22664.0 20511.0
0


HOST: 210
0.5062499999993872 0.5062499999993872 0.0
18041.231249978162 18041.231249978162 0.0
35637.0 35637.0 0.0
0


HOST: 211
0.5062499999992985 0.5062499999985448 0.5062499999998237
20163.93749997206 3417.693749990176 16746.243749994166
39830.0 6751.0 33079.0
0


HOST: 212
0.5062499999992695 0.5062499999985448 0.50624999999933
20974.44374996973 488.0249999985972 20486.418749972887
41431.0 964.0 40467.0
0


HOST: 213
0.5062499999993101 0.5062499999994341 0.5062500000003638
19859.681249972935 17088.9749999809 2770.706250001991
39229.0 33756.0 5473.0
0


HOST: 214
0.5062499999992258 0.5062499999985448 0.5062499999996404
22317.52499996587 3173.6812499908774 19143.8437499864
44084.0 6269.0 37815.0
0


HOST: 215
0.5062499999992639 0.5062499999985448 0.506250000000212
21134.41874996927 6835.387499980352 14299.031250005988
41747.0 13502.0 28245.0
0


HOST: 216
0.5062499999993236 0.5062499999993236 0.0
19513.91249997393 19513.91249997393 0.0
38546.0 38546.0 0.0
0


HOST: 217
0.5062499999993234 0.5062499999985448 0.5062499999995727
19518.974999973914 1708.5937499950887 17810.381249984966
38556.0 3375.0 35181.0
0


HOST: 218
0.5062499999993426 0.5062499999985448 0.506250000000037
19049.681249975263 5614.8187499838605 13434.862500000982
37629.0 11091.0 26538.0
0


HOST: 219
0.5062499999994594 0.5062499999994594 0.0
16148.362499982757 16148.362499982757 0.0
31898.0 31898.0 0.0
0


HOST: 220
0.5062499999994341 0.5062499999994341 0.0
15707.41874998244 15707.41874998244 0.0
31027.0 31027.0 0.0
0


HOST: 221
0.5062499999991351 0.5062499999991351 0.0
11885.737499979694 11885.737499979694 0.0
23478.0 23478.0 0.0
0


HOST: 222
0.5062499999993965 0.5062499999993965 0.0
17845.312499978725 17845.312499978725 0.0
35250.0 35250.0 0.0
0


HOST: 223
0.5062499999993254 0.5062499999993254 0.0
19468.34999997406 19468.34999997406 0.0
38456.0 38456.0 0.0
0


HOST: 224
0.5062499999994703 0.5062499999985448 0.5062499999995655
16421.23124998282 1464.5812499957901 14956.649999987163
32437.0 2893.0 29544.0
0


HOST: 225
0.5062499999992219 0.5062499999994142 0.5062500000003638
22446.6187499655 15379.874999982205 7066.743750005078
44339.0 30380.0 13959.0
0


HOST: 226
0.506249999999258 0.5062499999987895 0.5062500000003638
21310.593749968764 9276.524999977819 12034.068750008648
42095.0 18324.0 23771.0
0


HOST: 227
0.5062499999994128 0.5062499999991908 0.5062500000003638
15356.587499982188 12450.2062499801 2906.3812500020886
30334.0 24593.0 5741.0
0


HOST: 228
0.5062499999992818 0.5062499999990633 0.5062500000003638
13497.131249980852 11229.637499979222 2267.4937500016295
26661.0 22182.0 4479.0
0


HOST: 229
0.5062499999993147 0.5062499999985448 0.5062499999994052
13920.862499981156 1464.5812499957901 12456.281249985366
27498.0 2893.0 24605.0
0


HOST: 230
0.5062499999993146 0.5062499999993146 0.0
13920.356249981156 13920.356249981156 0.0
27497.0 27497.0 0.0
0


HOST: 231
0.5062499999992334 0.5062499999992334 0.0
12918.993749980436 12918.993749980436 0.0
25519.0 25519.0 0.0
0


HOST: 232
0.5062499999993479 0.5062499999985448 0.5062499999994563
14376.487499981484 1708.5937499950887 12667.893749986395
28398.0 3375.0 25023.0
0


HOST: 233
0.5062499999994174 0.5062499999994174 0.0
17417.024999979956 17417.024999979956 0.0
34404.0 34404.0 0.0
0


HOST: 234
0.5062499999991874 0.5062499999991874 0.0
12414.262499980074 12414.262499980074 0.0
24522.0 24522.0 0.0
0


HOST: 235
0.5062499999991235 0.5062499999989726 0.5062500000003638
11774.362499979614 10497.093749978696 1277.2687500009179
23258.0 20735.0 2523.0
0


HOST: 236
0.5062499999994045 0.5062499999986546 0.5062500000003638
17679.7687499792 8544.487499977293 9135.281250006565
34923.0 16878.0 18045.0
0


HOST: 237
0.5062499999993394 0.5062499999991176 0.5062500000003638
14255.999999981397 11718.168749979573 2537.8312500018237
28160.0 23147.0 5013.0
0


HOST: 238
0.9040791071157005 2.8075308729246387 0.5062499999993264
55477.00624994073 29782.287499984566 25694.71874996581
61363.0 10608.0 50755.0
2


HOST: 239
0.5062499999993252 0.5062499999985448 0.506249999999489
14060.587499981257 2441.137499992983 11619.449999988274
27774.0 4822.0 22952.0
0


HOST: 240
0.5062499999993396 0.5062499999994341 0.5062500000003638
19121.568749975057 17088.9749999809 2032.5937500014606
37771.0 33756.0 4015.0
0


HOST: 241
0.506249999999347 0.506249999998747 0.5062500000003638
18945.89999997556 9032.512499977644 9913.387500007124
37424.0 17842.0 19582.0
0


HOST: 242
0.5062499999992816 0.5062499999992816 0.0
20628.168749970726 20628.168749970726 0.0
40747.0 40747.0 0.0
0


HOST: 243
0.5062499999992612 0.5062499999993328 0.5062500000001524
21211.874999969048 19286.099999974584 1925.77500000058
41900.0 38096.0 3804.0
0


HOST: 244
0.5062499999993245 0.5062499999985448 0.5062500000002584
19492.14374997399 7323.412499978949 12168.73125000621
38503.0 14466.0 24037.0
0


HOST: 245
0.506249999999281 0.506249999999281 0.0
20644.36874997068 20644.36874997068 0.0
40779.0 40779.0 0.0
0


HOST: 246
0.5062499999992864 0.506249999999386 0.5062500000003306
20494.01249997111 18065.531249978092 2428.481250001586
40482.0 35685.0 4797.0
0


HOST: 247
0.5062499999993912 0.5062499999993912 0.0
15015.374999981943 15015.374999981943 0.0
29660.0 29660.0 0.0
0


HOST: 248
0.5062499999993001 0.5062499999986043 0.5062500000003638
20121.91874997218 8299.968749977117 11821.950000008495
39747.0 16395.0 23352.0
0


HOST: 249
0.5062499999992248 0.5062499999993748 0.506250000000135
22348.91249996578 18309.54374997739 4039.3687500010774
44146.0 36167.0 7979.0
0


HOST: 250
0.5062499999992115 0.5062499999990344 0.5062500000003638
22796.943749964492 10985.624999979047 11811.318750008488
45031.0 21700.0 23331.0
0


HOST: 251
0.506249999999236 0.5062499999990344 0.5062500000003638
21987.44999996682 10985.624999979047 11001.825000007906
43432.0 21700.0 21732.0
0


HOST: 252
0.5062499999993701 0.5062499999993701 0.0
18413.83124997709 18413.83124997709 0.0
36373.0 36373.0 0.0
0


HOST: 253
0.5062499999993328 0.5062499999993328 0.0
19285.593749974585 19285.593749974585 0.0
38095.0 38095.0 0.0
0


HOST: 254
0.5062499999994177 0.5062499999990344 0.5062500000003638
17412.46874997997 10985.624999979047 6426.843750004618
34395.0 21700.0 12695.0
0


HOST: 255
0.5062499999992877 0.5062499999990042 0.5062500000003638
20459.081249971212 10741.612499978872 9717.468750006983
40413.0 21218.0 19195.0
0


HOST: 256
0.5062499999992978 0.5062499999985448 0.5062499999999451
20185.706249971998 4394.249999987369 15791.45624999829
39873.0 8680.0 31193.0
0


HOST: 257
0.5062499999992611 0.506249999999143 0.5062500000003638
21217.443749969032 11962.181249979749 9255.262500006651
41911.0 23629.0 18282.0
0


HOST: 258
0.506249999999259 0.5062499999994291 0.5062500000003638
21278.699999968856 15623.88749998238 5654.812500004064
42032.0 30862.0 11170.0
0


HOST: 259
0.5062499999992247 0.5062499999993324 0.5062500000003638
22353.974999965765 14159.306249981328 8194.668750005889
44156.0 27969.0 16187.0
0


HOST: 260
0.5062499999993185 0.5062499999993324 0.5062500000003638
19643.006249973558 14159.306249981328 5483.700000003941
38801.0 27969.0 10832.0
0


HOST: 261
0.5062499999992552 0.5062499999985448 0.5062499999995094
21394.124999968524 1952.6062499943873 19441.518749981158
42260.0 3857.0 38403.0
0


HOST: 262
0.5062499999992314 0.5062499999985448 0.5062500000002772
22137.806249966387 7323.412499978949 14814.393750008112
43729.0 14466.0 29263.0
0


HOST: 263
0.5062499999992841 0.5062499999993328 0.5062500000002782
20555.774999970934 19286.099999974584 1269.6750000006978
40604.0 38096.0 2508.0
0


HOST: 264
0.5062499999992933 0.5062499999993748 0.5062500000003638
20304.674999971656 18309.54374997739 1995.1312500014337
40108.0 36167.0 3941.0
0


HOST: 265
0.5062499999993109 0.5062499999985448 0.5062500000001088
19838.924999972995 6102.843749982458 13736.081250002951
39188.0 12055.0 27133.0
0


HOST: 266
0.5062499999992448 0.5062499999993667 0.5062500000003638
21713.062499967607 14647.331249981678 7065.7312500050775
42890.0 28933.0 13957.0
0


HOST: 267
0.5062499999994157 0.5062499999994157 0.0
15402.14999998222 15402.14999998222 0.0
30424.0 30424.0 0.0
0


HOST: 268
0.5062499999992779 0.5062499999985448 0.5062500000002076
20732.456249970426 6835.387499980352 13897.0687500057
40953.0 13502.0 27451.0
0


HOST: 269
0.506249999999221 0.5062499999985448 0.506249999999707
22472.943749965423 3661.7062499894746 18811.23749998911
44391.0 7233.0 37158.0
0


HOST: 270
0.5062499999992943 0.5062499999992943 0.0
20277.337499971734 20277.337499971734 0.0
40054.0 40054.0 0.0
0


HOST: 271
0.5062499999992981 0.5062499999992981 0.0
20174.56874997203 20174.56874997203 0.0
39851.0 39851.0 0.0
0


HOST: 272
0.5062499999991432 0.5062499999985448 0.5062499999991964
11964.71249997975 976.0499999971944 10988.662499982556
23634.0 1928.0 21706.0
0


HOST: 273
0.506249999999437 0.5062499999985448 0.5062499999995649
17033.793749981058 976.0499999971944 16057.743749986199
33647.0 1928.0 31719.0
0


HOST: 274
0.5062499999994594 0.506249999999471 0.5062500000003638
16616.13749998226 16356.431249982907 259.7062500001866
32822.0 32309.0 513.0
0


HOST: 275
0.5062499999994305 0.5062499999994305 0.0
17157.8249999807 17157.8249999807 0.0
33892.0 33892.0 0.0
0


HOST: 276
0.5062499999994141 0.5062499999991673 0.5062500000003638
15377.849999982203 12206.193749979924 3171.656250002279
30376.0 24111.0 6265.0
0


HOST: 277
0.5062499999992525 0.5062499999992525 0.0
13141.237499980596 13141.237499980596 0.0
25958.0 25958.0 0.0
0


HOST: 278
0.5062499999993354 0.5062499999990042 0.5062500000003638
14200.818749981358 10741.612499978872 3459.206250002486
28051.0 21218.0 6833.0
0


HOST: 279
0.5062499999986128 0.5062499999986128 0.0
8339.962499977146 8339.962499977146 0.0
16474.0 16474.0 0.0
0


HOST: 280
0.5062499999986552 0.5062499999986552 0.0
8547.018749977295 8547.018749977295 0.0
16883.0 16883.0 0.0
0


HOST: 281
0.5062499999989233 0.5062499999989233 0.0
10137.656249978438 10137.656249978438 0.0
20025.0 20025.0 0.0
0


HOST: 282
0.5062499999987743 0.5062499999987743 0.0
9187.424999977755 9187.424999977755 0.0
18148.0 18148.0 0.0
0


HOST: 283
0.5062499999993939 0.5062499999985448 0.5062499999996433
15057.899999981973 3417.693749990176 11640.206249991797
29744.0 6751.0 22993.0
0


HOST: 284
0.5062499999993825 0.5062499999993825 0.0
14881.724999981847 14881.724999981847 0.0
29396.0 29396.0 0.0
0


HOST: 285
0.506249999999297 0.506249999999297 0.0
13688.99999998099 13688.99999998099 0.0
27040.0 27040.0 0.0
0


HOST: 286
0.5062499999994119 0.506249999998551 0.5062500000003638
15342.412499982178 8055.956249976942 7286.456250005236
30306.0 15913.0 14393.0
0


HOST: 287
0.5062499999992713 0.5062499999985448 0.5062499999999283
13368.54374998076 6347.362499981755 7021.181249999005
26407.0 12538.0 13869.0
0


HOST: 288
0.5062499999994569 0.5062499999986043 0.5062500000003638
16663.218749982123 8299.968749977117 8363.25000000601
32915.0 16395.0 16520.0
0


HOST: 289
0.5062499999993061 0.5062499999993061 0.0
13806.956249981075 13806.956249981075 0.0
27273.0 27273.0 0.0
0


HOST: 290
0.506249999999323 0.506249999999323 0.0
14030.718749981235 14030.718749981235 0.0
27715.0 27715.0 0.0
0


HOST: 291
0.506249999999341 0.5062499999985448 0.5062499999996949
14277.768749981413 4394.249999987369 9883.518749994044
28203.0 8680.0 19523.0
0


HOST: 292
0.5062499999992859 0.5062499999991176 0.5062500000003638
13548.262499980889 11718.168749979573 1830.0937500013151
26762.0 23147.0 3615.0
0


HOST: 293
0.5062499999994489 0.5062499999990909 0.5062500000003638
15961.556249982623 11473.649999979398 4487.906250003225
31529.0 22664.0 8865.0
0


HOST: 294
0.506249999998789 0.5062499999985448 0.5062499999987955
9272.981249977816 244.0124999992986 9028.968749978518
18317.0 482.0 17835.0
0


HOST: 295
0.5062499999994322 0.5062499999994322 0.0
15676.537499982418 15676.537499982418 0.0
30966.0 30966.0 0.0
0


HOST: 296
0.5062499999994172 0.5062499999985448 0.5062499999996655
15428.98124998224 3417.693749990176 12011.287499992064
30477.0 6751.0 23726.0
0


HOST: 297
0.5062499999993413 0.5062499999993413 0.0
14282.831249981416 14282.831249981416 0.0
28213.0 28213.0 0.0
0


HOST: 298
0.5062499999994026 0.5062499999993831 0.5062500000003638
17717.231249979093 14891.849999981854 2825.3812500020304
34997.0 29416.0 5581.0
0


HOST: 299
0.5062499999991922 0.5062499999988682 0.5062500000003638
12464.38124998011 9765.05624997817 2699.3250000019398
24621.0 19289.0 5332.0
0


HOST: 300
0.5062499999993081 0.5062499999992351 0.5062500000003638
13832.774999981093 12938.73749998045 894.0375000006425
27324.0 25558.0 1766.0
0


HOST: 301
0.5062499999991411 0.5062499999991411 0.0
11943.956249979736 11943.956249979736 0.0
23593.0 23593.0 0.0
0


HOST: 302
0.5062499999991567 0.5062499999989726 0.5062500000003638
12097.856249979846 10497.093749978696 1600.7625000011503
23897.0 20735.0 3162.0
0


HOST: 303
0.5062499999992329 0.5062499999992329 0.0
12914.437499980433 12914.437499980433 0.0
25510.0 25510.0 0.0
0


HOST: 304
0.5062499999993643 0.5062499999993643 0.0
18547.481249976707 18547.481249976707 0.0
36637.0 36637.0 0.0
0


HOST: 305
0.5062499999992094 0.5062499999992094 0.0
12650.174999980243 12650.174999980243 0.0
24988.0 24988.0 0.0
0


HOST: 306
0.5062499999991452 0.5062499999985448 0.506249999999594
11983.949999979764 5126.287499985265 6857.6624999945
23672.0 10126.0 13546.0
0


HOST: 307
0.5062499999992953 0.5062499999991673 0.5062500000003638
13668.243749980975 12206.193749979924 1462.0500000010506
26999.0 24111.0 2888.0
0


HOST: 308
0.5062499999993902 0.5062499999993902 0.0
15000.693749981932 15000.693749981932 0.0
29631.0 29631.0 0.0
0


HOST: 309
0.5062499999993807 0.5062499999985448 0.5062499999994394
14854.893749981828 976.0499999971944 13878.843749984633
29343.0 1928.0 27415.0
0


HOST: 310
0.5062499999993417 0.5062499999985448 0.5062499999996163
14288.39999998142 3661.7062499894746 10626.693749991946
28224.0 7233.0 20991.0
0


HOST: 311
0.5062499999994353 0.5062499999991908 0.5062500000003638
15729.187499982456 12450.2062499801 3278.9812500023563
31070.0 24593.0 6477.0
0


HOST: 312
0.5062499999991175 0.5062499999991175 0.0
11717.156249979573 11717.156249979573 0.0
23145.0 23145.0 0.0
0


HOST: 313
0.5062499999994509 0.5062499999985448 0.5062499999996751
15996.487499982648 3173.6812499908774 12822.80624999177
31598.0 6269.0 25329.0
0


HOST: 314
0.5062499999994224 0.5062499999985448 0.5062499999997429
15513.0187499823 4149.731249988072 11363.287499994229
30643.0 8197.0 22446.0
0


HOST: 315
0.5062499999993354 0.5062499999985448 0.5062499999994614
14200.312499981357 1952.6062499943873 12247.70624998697
28050.0 3857.0 24193.0
0


HOST: 316
0.506249999999248 0.506249999999248 0.0
13089.093749980559 13089.093749980559 0.0
25855.0 25855.0 0.0
0


HOST: 317
0.5062499999993467 0.5062499999985448 0.5062500000001846
18951.468749975546 6835.387499980352 12116.08125000442
37435.0 13502.0 23933.0
0


HOST: 318
0.5062499999992633 0.5062499999992687 0.506249999999909
21150.112499969226 20994.693749969672 155.41874999997208
41778.0 41471.0 307.0
0


HOST: 319
0.5062499999994362 0.5062499999994362 0.0
15743.362499982466 15743.362499982466 0.0
31098.0 31098.0 0.0
0


HOST: 320
0.5062499999994552 0.5062499999985448 0.5062500000000683
16693.593749982036 6347.362499981755 10346.231250001394
32975.0 12538.0 20437.0
0


HOST: 321
0.5062499999993089 0.5062499999993089 0.0
19890.562499972846 19890.562499972846 0.0
39290.0 39290.0 0.0
0


HOST: 322
0.5062499999992679 0.506249999999386 0.5062500000002559
21017.474999969607 18065.531249978092 2951.943750001492
41516.0 35685.0 5831.0
0


HOST: 323
0.5062499999992585 0.5062499999993989 0.5062500000003638
21295.406249968808 15135.86249998203 6159.543750004426
42065.0 29898.0 12167.0
0


HOST: 324
0.5062499999993019 0.5062499999994291 0.5062500000003638
20075.343749972315 15623.88749998238 4451.456250003199
39655.0 30862.0 8793.0
0


HOST: 325
0.5062499999992481 0.5062499999985448 0.5062500000003041
21610.293749967903 7567.931249978246 14042.362500008436
42687.0 14949.0 27738.0
0


HOST: 326
0.5062499999992986 0.5062499999985448 0.5062499999999024
20159.381249972073 3905.718749988773 16253.662499996866
39821.0 7715.0 32106.0
0


HOST: 327
0.5062499999994468 0.5062499999994468 0.0
15924.599999982596 15924.599999982596 0.0
31456.0 31456.0 0.0
0


HOST: 328
0.5062499999988544 0.5062499999988544 0.0
9675.956249978106 9675.956249978106 0.0
19113.0 19113.0 0.0
0


HOST: 329
0.5062499999985828 0.5062499999985448 0.5062499999988226
8199.731249977045 7079.399999979651 1120.3312499973945
16197.0 13984.0 2213.0
0


HOST: 330
0.5062499999990014 0.5062499999990014 0.0
10719.843749978856 10719.843749978856 0.0
21175.0 21175.0 0.0
0


HOST: 331
0.5062499999988332 0.5062499999988332 0.0
9541.79999997801 9541.79999997801 0.0
18848.0 18848.0 0.0
0


HOST: 332
0.5062499999992477 0.5062499999992477 0.0
13084.537499980555 13084.537499980555 0.0
25846.0 25846.0 0.0
0


HOST: 333
0.5062499999986951 0.5062499999986951 0.0
8752.049999977442 8752.049999977442 0.0
17288.0 17288.0 0.0
0


HOST: 334
0.5062499999992469 0.5062499999985448 0.5062499999998169
13075.424999980549 5858.831249983159 7216.59374999739
25828.0 11573.0 14255.0
0


HOST: 335
0.5062499999989936 0.5062499999989936 0.0
10657.574999978811 10657.574999978811 0.0
21052.0 21052.0 0.0
0


HOST: 336
0.5062499999989875 0.5062499999985448 0.5062499999990725
10610.999999978778 1708.5937499950887 8902.40624998369
20960.0 3375.0 17585.0
0


HOST: 337
0.5062499999987459 0.5062499999987459 0.0
9026.43749997764 9026.43749997764 0.0
17830.0 17830.0 0.0
0


HOST: 338
0.5062499999987338 0.5062499999985448 0.5062499999991931
8959.612499977591 6347.362499981755 2612.2499999958363
17698.0 12538.0 5160.0
0


HOST: 339
0.5062499999990272 0.5062499999985448 0.5062500000001142
10925.887499979004 7567.931249978246 3357.956250000758
21582.0 14949.0 6633.0
0


HOST: 340
0.5062499999989922 0.5062499999989922 0.0
10647.449999978804 10647.449999978804 0.0
21032.0 21032.0 0.0
0


HOST: 341
0.506249999998998 0.506249999998998 0.0
10693.012499978837 10693.012499978837 0.0
21122.0 21122.0 0.0
0


HOST: 342
0.5062499999989657 0.5062499999989657 0.0
10445.96249997866 10445.96249997866 0.0
20634.0 20634.0 0.0
0


HOST: 343
0.5062499999989434 0.5062499999989434 0.0
10281.431249978541 10281.431249978541 0.0
20309.0 20309.0 0.0
0


HOST: 344
0.5062499999985448 0.5062499999985448 0.5062499999985448
7900.031249977292 244.0124999992986 7656.018749977993
15605.0 482.0 15123.0
0


HOST: 345
0.5062499999990729 0.5062499999990729 0.0
11313.674999979283 11313.674999979283 0.0
22348.0 22348.0 0.0
0


HOST: 346
0.5062499999987262 0.5062499999987262 0.0
8918.099999977561 8918.099999977561 0.0
17616.0 17616.0 0.0
0


HOST: 347
0.5062499999987069 0.5062499999985448 0.5062499999987607
8814.318749977487 2197.1249999936845 6617.193749983802
17411.0 4340.0 13071.0
0


HOST: 348
0.5062499999993086 0.5062499999993086 0.0
19896.13124997283 19896.13124997283 0.0
39301.0 39301.0 0.0
0


HOST: 349
0.5062499999992364 0.5062499999985448 0.5062500000002205
21977.831249966846 6835.387499980352 15142.443750006594
43413.0 13502.0 29911.0
0


HOST: 350
0.5062499999992583 0.5062499999992583 0.0
21299.456249968796 21299.456249968796 0.0
42073.0 42073.0 0.0
0


HOST: 351
0.5062499999992337 0.5062499999985448 0.5062500000001692
22059.84374996661 6347.362499981755 15712.48125000525
43575.0 12538.0 31037.0
0


HOST: 352
0.5062499999994657 0.506249999999256 0.5062500000003638
16261.256249982838 13182.749999980626 3078.5062500022123
32121.0 26040.0 6081.0
0


HOST: 353
0.5062499999992908 0.5062499999994341 0.5062500000003557
20375.043749971454 17088.9749999809 3286.068750002309
40247.0 33756.0 6491.0
0


HOST: 354
0.5062499999994482 0.5062499999994482 0.0
16823.69999998166 16823.69999998166 0.0
33232.0 33232.0 0.0
0


HOST: 355
0.5062499999992668 0.5062499999992955 0.5062500000003638
21051.899999969508 13670.774999980977 7381.125000005304
41584.0 27004.0 14580.0
0


HOST: 356
0.5062499999993938 0.5062499999993831 0.5062500000003638
17902.012499978562 14891.849999981854 3010.162500002163
35362.0 29416.0 5946.0
0


HOST: 357
0.5062499999993035 0.5062499999994574 0.5062500000003638
20030.287499972444 16112.418749982731 3917.8687500028154
39566.0 31827.0 7739.0
0


HOST: 358
0.50624999999944 0.5062499999991673 0.5062500000003638
16977.59999998122 12206.193749979924 4771.406250003429
33536.0 24111.0 9425.0
0


HOST: 359
0.5062499999994268 0.5062499999988299 0.5062500000003638
17231.23124998049 9521.043749977995 7710.187500005541
34037.0 18807.0 15230.0
0


HOST: 360
0.5062499999992702 0.5062499999992351 0.5062500000003638
20949.131249969803 12938.73749998045 8010.393750005756
41381.0 25558.0 15823.0
0


HOST: 361
0.5062499999994158 0.5062499999985448 0.506250000000279
17448.412499979866 7567.931249978246 9880.481250005445
34466.0 14949.0 19517.0
0


HOST: 362
0.5062499999987241 0.5062499999987241 0.0
8906.456249977553 8906.456249977553 0.0
17593.0 17593.0 0.0
0


HOST: 363
0.5062499999988562 0.5062499999985448 0.5062499999989348
9687.093749978114 1952.6062499943873 7734.487499983727
19135.0 3857.0 15278.0
0


HOST: 364
0.5062499999989699 0.5062499999989699 0.0
10477.349999978682 10477.349999978682 0.0
20696.0 20696.0 0.0
0


HOST: 365
0.5062499999986662 0.5062499999986662 0.0
8602.706249977335 8602.706249977335 0.0
16993.0 16993.0 0.0
0


HOST: 366
0.5062499999990163 0.5062499999990163 0.0
10837.79999997894 10837.79999997894 0.0
21408.0 21408.0 0.0
0


HOST: 367
0.5062499999986266 0.5062499999986266 0.0
8406.787499977194 8406.787499977194 0.0
16606.0 16606.0 0.0
0


HOST: 368
0.5062499999988603 0.5062499999985448 0.5062499999993398
9713.418749978133 5858.831249983159 3854.5874999949738
19187.0 11573.0 7614.0
0


HOST: 369
0.50624999999879 0.50624999999879 0.0
9279.05624997782 9279.05624997782 0.0
18329.0 18329.0 0.0
0


HOST: 370
0.5062499999986382 0.5062499999985448 0.5062499999986618
8462.981249977234 1708.5937499950887 6754.3874999821455
16717.0 3375.0 13342.0
0


HOST: 371
0.5062499999987757 0.5062499999987757 0.0
9196.031249977761 9196.031249977761 0.0
18165.0 18165.0 0.0
0


HOST: 372
0.5062499999990072 0.5062499999985448 0.506249999999041
10765.406249978889 732.0374999978958 10033.368749980993
21265.0 1446.0 19819.0
0


HOST: 373
0.5062499999991494 0.5062499999985448 0.5062499999992667
12025.968749979795 1952.6062499943873 10073.362499985407
23755.0 3857.0 19898.0
0


HOST: 374
0.5062499999986136 0.5062499999986136 0.0
8344.51874997715 8344.51874997715 0.0
16483.0 16483.0 0.0
0


HOST: 375
0.5062499999985448 0.5062499999985448 0.0
7864.087499977395 7864.087499977395 0.0
15534.0 15534.0 0.0
0


HOST: 376
0.5062499999989518 0.5062499999989518 0.0
10343.193749978585 10343.193749978585 0.0
20431.0 20431.0 0.0
0


HOST: 377
0.5062499999985448 0.5062499999985448 0.0
6320.531249981832 6320.531249981832 0.0
12485.0 12485.0 0.0
0


HOST: 378
0.5062499999988689 0.5062499999988689 0.0
9769.106249978173 9769.106249978173 0.0
19297.0 19297.0 0.0
0


HOST: 379
0.5062499999990472 0.5062499999990472 0.0
11091.937499979123 11091.937499979123 0.0
21910.0 21910.0 0.0
0


HOST: 380
0.5062499999990053 0.5062499999985448 0.5062499999999894
10750.218749978878 7323.412499978949 3426.8062499999287
21235.0 14466.0 6769.0
0


HOST: 381
0.5062499999987987 0.5062499999985448 0.5062499999993388
9331.199999977858 6347.362499981755 2983.8374999961034
18432.0 12538.0 5894.0
0


HOST: 382
0.5062499999985894 0.5062499999985894 0.0
8230.612499977067 8230.612499977067 0.0
16258.0 16258.0 0.0
0


HOST: 383
0.5062499999985448 0.5062499999985448 0.0
7243.931249979178 7243.931249979178 0.0
14309.0 14309.0 0.0
0


HOST: 384
0.5062499999988868 0.5062499999988868 0.0
9887.568749978258 9887.568749978258 0.0
19531.0 19531.0 0.0
0


HOST: 385
0.5062499999989941 0.5062499999989941 0.0
10662.637499978815 10662.637499978815 0.0
21062.0 21062.0 0.0
0


HOST: 386
0.5062499999992924 0.5062499999994291 0.5062500000003638
20329.481249971584 15623.88749998238 4705.5937500033815
40157.0 30862.0 9295.0
0


HOST: 387
0.5062499999993408 0.5062499999993408 0.0
19091.699999975142 19091.699999975142 0.0
37712.0 37712.0 0.0
0


HOST: 388
0.5062499999993229 0.5062499999994603 0.5062500000003638
19534.66874997387 16600.443749982303 2934.2250000021086
38587.0 32791.0 5796.0
0


HOST: 389
0.5062499999992492 0.5062499999994574 0.5062500000003638
21573.843749968008 16112.418749982731 5461.425000003925
42615.0 31827.0 10788.0
0


HOST: 390
0.5062499999992951 0.5062499999985448 0.5062500000001725
20257.087499971793 6591.374999981053 13665.712500004656
40014.0 13020.0 26994.0
0


HOST: 391
0.5062499999993626 0.5062499999985448 0.5062500000000831
18583.424999976603 6102.843749982458 12480.58125000205
36708.0 12055.0 24653.0
0


HOST: 392
0.506249999999327 0.5062499999985448 0.506249999999394
19430.887499974167 488.0249999985972 18942.862499977324
38382.0 964.0 37418.0
0


HOST: 393
0.506249999999379 0.506249999999386 0.5062500000003638
18216.899999977657 18065.531249978092 151.36875000010878
35984.0 35685.0 299.0
0


HOST: 394
0.5062499999992892 0.5062499999993498 0.5062500000003638
20416.556249971334 14403.318749981503 6013.237500004321
40329.0 28451.0 11878.0
0


HOST: 395
0.5062499999994439 0.5062499999994439 0.0
16904.19374998143 16904.19374998143 0.0
33391.0 33391.0 0.0
0


HOST: 396
0.5062499999993624 0.506249999998551 0.5062500000003638
18588.48749997659 8055.956249976942 10532.531250007569
36718.0 15913.0 20805.0
0


HOST: 397
0.5062499999992663 0.5062499999994142 0.5062500000003638
21063.037499969476 15379.874999982205 5683.162500004084
41606.0 30380.0 11226.0
0


HOST: 398
0.5062499999994443 0.5062499999994443 0.0
15882.581249982566 15882.581249982566 0.0
31373.0 31373.0 0.0
0


HOST: 399
0.5062499999992762 0.5062499999994574 0.5062500000003638
20779.031249970292 16112.418749982731 4666.6125000033535
41045.0 31827.0 9218.0
0


HOST: 400
0.5062499999994718 0.5062499999985448 0.506249999999581
16394.906249982894 1708.5937499950887 14686.312499987846
32385.0 3375.0 29010.0
0


HOST: 401
0.5062499999994389 0.5062499999994389 0.0
15789.9374999825 15789.9374999825 0.0
31190.0 31190.0 0.0
0


HOST: 402
0.5062499999992532 0.5062499999985448 0.5062500000003349
21454.36874996835 7811.943749977545 13642.425000009025
42379.0 15431.0 26948.0
0


HOST: 403
0.5062499999994252 0.5062499999985448 0.506250000000322
17261.606249980403 7811.943749977545 9449.662500006012
34097.0 15431.0 18666.0
0


HOST: 404
0.5062499999993276 0.5062499999985448 0.5062500000002578
19415.69999997421 7323.412499978949 12092.287500006156
38352.0 14466.0 23886.0
0


HOST: 405
0.5062499999992978 0.5062499999994217 0.5062500000003638
20184.187499972002 17332.987499980198 2851.200000002049
39870.0 34238.0 5632.0
0


HOST: 406
0.506249999999426 0.5062499999993143 0.5062500000003638
17247.431249980444 13915.293749981152 3332.1375000023945
34069.0 27487.0 6582.0
0


HOST: 407
0.5062499999993115 0.5062499999993115 0.0
19822.72499997304 19822.72499997304 0.0
39156.0 39156.0 0.0
0


HOST: 408
0.5062499999993048 0.5062499999993048 0.0
19998.393749972536 19998.393749972536 0.0
39503.0 39503.0 0.0
0


HOST: 409
0.5062499999993222 0.5062499999985448 0.5062499999998844
19548.84374997383 3905.718749988773 15643.124999996428
38615.0 7715.0 30900.0
0


HOST: 410
0.5062499999993099 0.5062499999993639 0.5062500000003638
19864.23749997292 18553.55624997669 1310.6812500009419
39238.0 36649.0 2589.0
0


HOST: 411
0.5062499999994414 0.5062499999990344 0.5062500000003638
16950.768749981296 10985.624999979047 5965.143750004287
33483.0 21700.0 11783.0
0


HOST: 412
0.5062499999992259 0.506249999999304 0.5062499999999681
22313.47499996588 20018.643749972478 2294.8312499998556
44076.0 39543.0 4533.0
0


HOST: 413
0.5062499999993216 0.5062499999985448 0.506250000000294
19565.04374997378 7567.931249978246 11997.112500006966
38647.0 14949.0 23698.0
0


HOST: 414
0.5062499999993286 0.5062499999985448 0.5062499999995415
19388.86874997429 1464.5812499957901 17924.287499983766
38299.0 2893.0 35406.0
0


HOST: 415
0.5062499999993263 0.5062499999985448 0.5062499999999951
19446.581249974122 5126.287499985265 14320.293749999862
38413.0 10126.0 28287.0
0


HOST: 416
0.5062499999994381 0.5062499999985448 0.5062500000002751
17013.543749981116 7567.931249978246 9445.612500005132
33607.0 14949.0 18658.0
0


HOST: 417
0.506249999999292 0.5062499999985448 0.5062499999993497
13626.224999980945 976.0499999971944 12650.17499998375
26916.0 1928.0 24988.0
0


HOST: 418
0.5062499999993882 0.5062499999985448 0.5062499999995725
14969.30624998191 2685.1499999922817 12284.156249989628
29569.0 5304.0 24265.0
0


HOST: 419
0.5062499999993534 0.5062499999993534 0.0
14452.931249981539 14452.931249981539 0.0
28549.0 28549.0 0.0
0


HOST: 420
0.5062499999994254 0.5062499999993831 0.5062500000003638
17258.062499980413 14891.849999981854 2366.2125000017004
34090.0 29416.0 4674.0
0


HOST: 421
0.5062499999994609 0.5062499999994609 0.0
16173.168749982775 16173.168749982775 0.0
31947.0 31947.0 0.0
0


HOST: 422
0.5062499999986295 0.5062499999985448 0.5062499999986512
8420.962499977204 1708.5937499950887 6712.368749982115
16634.0 3375.0 13259.0
0


HOST: 423
0.5062499999992114 0.5062499999992114 0.0
12671.943749980259 12671.943749980259 0.0
25031.0 25031.0 0.0
0


HOST: 424
0.506249999999396 0.5062499999994471 0.5062500000003638
17854.931249978697 16844.9624999816 1009.9687500007258
35269.0 33274.0 1995.0
0


HOST: 425
0.5062499999991966 0.5062499999985448 0.5062499999996868
12511.968749980144 5370.806249984562 7141.162499995582
24715.0 10609.0 14106.0
0


HOST: 426
0.5062499999989808 0.5062499999985448 0.506249999999705
10559.868749978741 6591.374999981053 3968.4937499976877
20859.0 13020.0 7839.0
0


HOST: 427
0.5062499999992411 0.5062499999992411 0.0
13008.0937499805 13008.0937499805 0.0
25695.0 25695.0 0.0
0


HOST: 428
0.506249999998831 0.506249999998831 0.0
9528.131249978 9528.131249978 0.0
18821.0 18821.0 0.0
0


HOST: 429
0.506249999999242 0.506249999999242 0.0
13018.218749980508 13018.218749980508 0.0
25715.0 25715.0 0.0
0


HOST: 430
0.5062499999986307 0.5062499999986307 0.0
8426.531249977208 8426.531249977208 0.0
16645.0 16645.0 0.0
0


HOST: 431
0.5062499999986794 0.5062499999986794 0.0
8670.037499977383 8670.037499977383 0.0
17126.0 17126.0 0.0
0


HOST: 432
0.5062499999989419 0.5062499999989419 0.0
10271.306249978534 10271.306249978534 0.0
20289.0 20289.0 0.0
0


HOST: 433
0.5062499999989148 0.5062499999989148 0.0
10078.931249978395 10078.931249978395 0.0
19909.0 19909.0 0.0
0


HOST: 434
0.5062499999987927 0.5062499999987927 0.0
9295.762499977833 9295.762499977833 0.0
18362.0 18362.0 0.0
0


HOST: 435
0.5062499999989134 0.5062499999989134 0.0
10069.312499978389 10069.312499978389 0.0
19890.0 19890.0 0.0
0


HOST: 436
0.506249999999124 0.506249999999124 0.0
11778.918749979617 11778.918749979617 0.0
23267.0 23267.0 0.0
0


HOST: 437
0.5062499999994264 0.5062499999991908 0.5062500000003638
15579.843749982349 12450.2062499801 3129.637500002249
30775.0 24593.0 6182.0
0


HOST: 438
0.5062499999988375 0.5062499999985448 0.5062499999997924
9568.124999978028 7323.412499978949 2244.7124999990792
18900.0 14466.0 4434.0
0


HOST: 439
0.5062499999989155 0.5062499999985448 0.506249999999202
10083.9937499784 4394.249999987369 5689.74374999103
19919.0 8680.0 11239.0
0


HOST: 440
0.5062499999985448 0.5062499999985448 0.0
7694.4937499778825 7694.4937499778825 0.0
15199.0 15199.0 0.0
0


HOST: 441
0.5062499999989665 0.5062499999985448 0.506249999999218
10451.024999978663 3905.718749988773 6545.30624998989
20644.0 7715.0 12929.0
0


HOST: 442
0.5062499999987355 0.5062499999987355 0.0
8969.231249977598 8969.231249977598 0.0
17717.0 17717.0 0.0
0


HOST: 443
0.5062499999987514 0.5062499999987514 0.0
9057.318749977661 9057.318749977661 0.0
17891.0 17891.0 0.0
0


HOST: 444
0.5062499999985448 0.5062499999985448 0.5062499999985448
6243.074999982055 1220.5687499964915 5022.506249985563
12332.0 2411.0 9921.0
0


HOST: 445
0.5062499999985448 0.5062499999985448 0.0
4497.0187499870735 4497.0187499870735 0.0
8883.0 8883.0 0.0
0


HOST: 446
0.5062499999987009 0.5062499999987009 0.0
8782.424999977464 8782.424999977464 0.0
17348.0 17348.0 0.0
0


HOST: 447
0.5062499999989767 0.5062499999989767 0.0
10527.974999978718 10527.974999978718 0.0
20796.0 20796.0 0.0
0


HOST: 448
0.5062499999985448 0.5062499999985448 0.5062499999985448
6965.493749979978 3905.718749988773 3059.774999991205
13759.0 7715.0 6044.0
0


HOST: 449
0.5062499999990391 0.5062499999985448 0.5062499999991983
11024.606249979075 2685.1499999922817 8339.456249986793
21777.0 5304.0 16473.0
0


HOST: 450
0.5062499999985448 0.5062499999985448 0.0
7662.093749977976 7662.093749977976 0.0
15135.0 15135.0 0.0
0


HOST: 451
0.5062499999993403 0.5062499999986546 0.5062500000003638
14268.149999981406 8544.487499977293 5723.662500004113
28184.0 16878.0 11306.0
0


HOST: 452
0.506249999998893 0.5062499999985448 0.5062499999993461
9929.081249978288 5614.8187499838605 4314.262499994427
19613.0 11091.0 8522.0
0


HOST: 453
0.5062499999989338 0.5062499999989338 0.0
10213.087499978492 10213.087499978492 0.0
20174.0 20174.0 0.0
0


HOST: 454
0.5062499999988098 0.5062499999985448 0.5062499999988688
9398.024999977906 1708.5937499950887 7689.4312499828175
18564.0 3375.0 15189.0
0


HOST: 455
0.5062499999993321 0.5062499999993321 0.0
14154.243749981324 14154.243749981324 0.0
27959.0 27959.0 0.0
0


HOST: 456
0.5062499999986487 0.5062499999985448 0.5062499999986585
8515.124999977272 732.0374999978958 7783.087499979376
16820.0 1446.0 15374.0
0


HOST: 457
0.5062499999986881 0.5062499999985448 0.5062499999999274
8715.093749977415 7811.943749977545 903.1499999998705
17215.0 15431.0 1784.0
0


HOST: 458
0.7780439332868889 1.0025698369443403 0.5062499999999936
69882.34999996179 49312.39999994432 20569.949999999742
89818.0 49186.0 40632.0
2


HOST: 459
0.5062499999987345 0.5062499999987345 0.0
8963.662499977594 8963.662499977594 0.0
17706.0 17706.0 0.0
0


HOST: 460
0.5062499999991389 0.5062499999991389 0.0
11922.18749997972 11922.18749997972 0.0
23550.0 23550.0 0.0
0


HOST: 461
0.5062499999985784 0.5062499999985784 0.0
8179.987499977031 8179.987499977031 0.0
16158.0 16158.0 0.0
0


HOST: 462
0.5062499999985448 0.5062499999985448 0.0
7652.474999978003 7652.474999978003 0.0
15116.0 15116.0 0.0
0


HOST: 463
0.5062499999985716 0.5062499999985716 0.0
8148.599999977008 8148.599999977008 0.0
16096.0 16096.0 0.0
0


HOST: 464
0.5062499999988538 0.5062499999988538 0.0
9671.399999978103 9671.399999978103 0.0
19104.0 19104.0 0.0
0


HOST: 465
0.5062499999988327 0.5062499999985448 0.5062499999994053
9538.256249978007 6347.362499981755 3190.893749996252
18841.0 12538.0 6303.0
0


HOST: 466
0.5062499999987291 0.5062499999985448 0.5062499999990069
8933.793749977573 5370.806249984562 3562.9874999930107
17647.0 10609.0 7038.0
0


HOST: 467
0.5062499999992697 0.5062499999991176 0.5062500000003638
13347.787499980745 11718.168749979573 1629.618750001171
26366.0 23147.0 3219.0
0


HOST: 468
0.5062499999985544 0.5062499999985544 0.0
8071.143749976953 8071.143749976953 0.0
15943.0 15943.0 0.0
0


HOST: 469
0.5062499999993147 0.5062499999985448 0.5062500000001694
13921.874999981157 7323.412499978949 6598.462500002208
27500.0 14466.0 13034.0
0


HOST: 470
0.5062499999991374 0.5062499999991374 0.0
11908.01249997971 11908.01249997971 0.0
23522.0 23522.0 0.0
0


HOST: 471
0.5062499999987978 0.5062499999985448 0.5062499999989442
9325.631249977854 3417.693749990176 5907.937499987678
18421.0 6751.0 11670.0
0


HOST: 472
0.5062499999992089 0.5062499999992089 0.0
12646.12499998024 12646.12499998024 0.0
24980.0 24980.0 0.0
0


HOST: 473
0.5062499999990342 0.5062499999985448 0.5062499999991741
10983.599999979046 2441.137499992983 8542.462499986063
21696.0 4822.0 16874.0
0


HOST: 474
0.5062499999985448 0.5062499999985448 0.0
4384.631249987397 4384.631249987397 0.0
8661.0 8661.0 0.0
0


HOST: 475
0.5062499999988481 0.5062499999985448 0.5062499999989807
9635.456249978077 2929.1624999915803 6706.293749986497
19033.0 5786.0 13247.0
0


HOST: 476
0.5062499999989412 0.5062499999985448 0.5062499999993761
10265.73749997853 5370.806249984562 4894.931249993968
20278.0 10609.0 9669.0
0


HOST: 477
0.506249999998861 0.5062499999985448 0.5062499999991803
9717.974999978136 4882.274999985966 4835.69999999217
19196.0 9644.0 9552.0
0


HOST: 478
0.50624999999871 0.5062499999985448 0.5062499999987429
8830.518749977498 1464.5812499957901 7365.937499981708
17443.0 2893.0 14550.0
0


HOST: 479
0.5062499999988334 0.5062499999985448 0.5062499999993454
9542.30624997801 6102.843749982458 3439.462499995552
18849.0 12055.0 6794.0
0


HOST: 480
0.5062499999988191 0.5062499999985448 0.506249999999535
9454.218749977947 6835.387499980352 2618.8312499975946
18675.0 13502.0 5173.0
0


HOST: 481
0.506249999998673 0.5062499999985448 0.5062499999987106
8637.63749997736 1952.6062499943873 6685.031249982972
17062.0 3857.0 13205.0
0


HOST: 482
0.5062499999990241 0.5062499999990241 0.0
10900.574999978986 10900.574999978986 0.0
21532.0 21532.0 0.0
0


HOST: 483
0.506249999999452 0.5062499999985448 0.5062499999997445
16016.231249982662 3905.718749988773 12110.512499993889
31637.0 7715.0 23922.0
0


HOST: 484
0.5062499999993006 0.5062499999993006 0.0
20108.24999997222 20108.24999997222 0.0
39720.0 39720.0 0.0
0


HOST: 485
0.5062499999993187 0.5062499999993187 0.0
19638.44999997357 19638.44999997357 0.0
38792.0 38792.0 0.0
0


HOST: 486
0.5062499999993078 0.5062499999993078 0.0
19921.443749972757 19921.443749972757 0.0
39351.0 39351.0 0.0
0


HOST: 487
0.5062499999993704 0.5062499999993989 0.5062500000003638
18408.768749977105 15135.86249998203 3272.906250002352
36363.0 29898.0 6465.0
0


HOST: 488
0.5062499999993171 0.5062499999993831 0.5062500000003638
19679.456249973453 14891.849999981854 4787.60625000344
38873.0 29416.0 9457.0
0


HOST: 489
0.5062499999993202 0.5062499999993989 0.5062500000003638
19601.493749973677 15135.86249998203 4465.631250003209
38719.0 29898.0 8821.0
0


HOST: 490
0.5062499999987821 0.5062499999987821 0.0
9232.987499977788 9232.987499977788 0.0
18238.0 18238.0 0.0
0


HOST: 491
0.5062499999986415 0.5062499999986415 0.0
8479.181249977246 8479.181249977246 0.0
16749.0 16749.0 0.0
0


HOST: 492
0.5062499999989889 0.5062499999989889 0.0
10622.137499978786 10622.137499978786 0.0
20982.0 20982.0 0.0
0


HOST: 493
0.5062499999986456 0.5062499999986456 0.0
8499.43124997726 8499.43124997726 0.0
16789.0 16789.0 0.0
0


HOST: 494
0.5062499999988243 0.5062499999988243 0.0
9485.60624997797 9485.60624997797 0.0
18737.0 18737.0 0.0
0


HOST: 495
0.5062499999989096 0.5062499999989096 0.0
10042.48124997837 10042.48124997837 0.0
19837.0 19837.0 0.0
0


HOST: 496
0.5062499999987338 0.5062499999987338 0.0
8959.10624997759 8959.10624997759 0.0
17697.0 17697.0 0.0
0


HOST: 497
0.5062499999989889 0.5062499999985448 0.5062499999990218
10622.137499978786 732.0374999978958 9890.09999998089
20982.0 1446.0 19536.0
0


HOST: 498
0.5062499999990514 0.5062499999987895 0.5062500000003638
11127.88124997915 9276.524999977819 1851.3562500013304
21981.0 18324.0 3657.0
0


HOST: 499
0.5062499999987382 0.5062499999987382 0.0
8983.912499977609 8983.912499977609 0.0
17746.0 17746.0 0.0
0


HOST: 500
0.5062499999987967 0.5062499999987967 0.0
9319.55624997785 9319.55624997785 0.0
18409.0 18409.0 0.0
0


HOST: 501
0.506249999999077 0.506249999999077 0.0
11349.112499979308 11349.112499979308 0.0
22418.0 22418.0 0.0
0


HOST: 502
0.5062499999986517 0.5062499999986517 0.0
8529.806249977282 8529.806249977282 0.0
16849.0 16849.0 0.0
0


HOST: 503
0.5062499999985448 0.5062499999985448 0.5062499999985448
5550.018749984047 2929.1624999915803 2620.8562499924665
10963.0 5786.0 5177.0
0


HOST: 504
0.5062499999990066 0.5062499999986546 0.5062500000003638
10759.837499978885 8544.487499977293 2215.350000001592
21254.0 16878.0 4376.0
0


HOST: 505
0.5062499999989671 0.5062499999989671 0.0
10456.593749978667 10456.593749978667 0.0
20655.0 20655.0 0.0
0


HOST: 506
0.5062499999985448 0.5062499999985448 0.0
7807.893749977557 7807.893749977557 0.0
15423.0 15423.0 0.0
0


HOST: 507
0.506249999998967 0.506249999998967 0.0
10455.581249978666 10455.581249978666 0.0
20653.0 20653.0 0.0
0


HOST: 508
0.5062499999986954 0.5062499999986954 0.0
8753.062499977443 8753.062499977443 0.0
17290.0 17290.0 0.0
0


HOST: 509
0.5062499999988975 0.5062499999988975 0.0
9959.96249997831 9959.96249997831 0.0
19674.0 19674.0 0.0
0


HOST: 510
0.5062499999990391 0.5062499999990391 0.0
11024.606249979075 11024.606249979075 0.0
21777.0 21777.0 0.0
0


HOST: 511
0.5062499999991195 0.5062499999985448 0.5062499999991317
11736.393749979587 244.0124999992986 11492.381249980288
23183.0 482.0 22701.0
0


HOST: 512
0.5062499999987845 0.5062499999985448 0.5062499999988592
9247.162499977798 2197.1249999936845 7050.037499984113
18266.0 4340.0 13926.0
0


HOST: 513
0.5062499999989595 0.5062499999989595 0.0
10399.387499978626 10399.387499978626 0.0
20542.0 20542.0 0.0
0


HOST: 514
0.5062499999987568 0.5062499999985448 0.5062499999991414
9087.693749977683 5858.831249983159 3228.862499994524
17951.0 11573.0 6378.0
0


HOST: 515
0.5062499999988529 0.5062499999988529 0.0
9665.831249978099 9665.831249978099 0.0
19093.0 19093.0 0.0
0


HOST: 516
0.5062499999985828 0.5062499999985448 0.5062499999985879
8199.731249977045 976.0499999971944 7223.681249979851
16197.0 1928.0 14269.0
0


HOST: 517
0.506249999998755 0.5062499999985448 0.5062499999989996
9077.568749977676 4882.274999985966 4195.29374999171
17931.0 9644.0 8287.0
0


HOST: 518
0.5062499999990125 0.506249999998551 0.5062500000003638
10807.424999978919 8055.956249976942 2751.4687500019772
21348.0 15913.0 5435.0
0


HOST: 519
0.5062499999985448 0.5062499999985448 0.0
4682.8124999865395 4682.8124999865395 0.0
9250.0 9250.0 0.0
0


HOST: 520
0.5062499999989353 0.5062499999985448 0.5062499999989882
10223.2124999785 1220.5687499964915 9002.643749982008
20194.0 2411.0 17783.0
0


HOST: 521
0.5062499999987738 0.5062499999987738 0.0
9185.399999977753 9185.399999977753 0.0
18144.0 18144.0 0.0
0


HOST: 522
0.5062499999987157 0.5062499999987157 0.0
8860.89374997752 8860.89374997752 0.0
17503.0 17503.0 0.0
0


HOST: 523
0.5062499999988399 0.5062499999988399 0.0
9583.31249997804 9583.31249997804 0.0
18930.0 18930.0 0.0
0


HOST: 524
0.5062499999988441 0.5062499999988441 0.0
9609.637499978058 9609.637499978058 0.0
18982.0 18982.0 0.0
0


HOST: 525
0.5062499999985448 0.5062499999985448 0.0
7715.756249977821 7715.756249977821 0.0
15241.0 15241.0 0.0
0


HOST: 526
0.5062499999985495 0.5062499999985495 0.0
8049.374999976937 8049.374999976937 0.0
15900.0 15900.0 0.0
0


HOST: 527
0.5062499999987364 0.5062499999985448 0.5062499999988184
8974.293749977602 2685.1499999922817 6289.14374998532
17727.0 5304.0 12423.0
0


HOST: 528
0.5062499999985448 0.5062499999985448 0.0
5410.799999984447 5410.799999984447 0.0
10688.0 10688.0 0.0
0


HOST: 529
0.5062499999987231 0.5062499999987231 0.0
8901.39374997755 8901.39374997755 0.0
17583.0 17583.0 0.0
0


HOST: 530
0.5062499999986813 0.5062499999985448 0.5062499999986938
8679.65624997739 732.0374999978958 7947.618749979494
17145.0 1446.0 15699.0
0


HOST: 531
0.5062499999987213 0.5062499999987213 0.0
8891.268749977542 8891.268749977542 0.0
17563.0 17563.0 0.0
0


HOST: 532
0.5062499999988073 0.5062499999985448 0.5062499999989752
9382.331249977895 3661.7062499894746 5720.62499998842
18533.0 7233.0 11300.0
0


HOST: 533
0.5062499999985659 0.5062499999985448 0.5062499999985763
8122.78124997699 2685.1499999922817 5437.631249984708
16045.0 5304.0 10741.0
0


HOST: 534
0.5062499999990464 0.5062499999990042 0.5062500000003638
11085.356249979119 10741.612499978872 343.743750000247
21897.0 21218.0 679.0
0


HOST: 535
0.5062499999988447 0.5062499999988447 0.0
9613.687499978061 9613.687499978061 0.0
18990.0 18990.0 0.0
0


HOST: 536
0.5062499999985829 0.5062499999985448 0.5062499999993487
8200.237499977045 7811.943749977545 388.2937499995005
16198.0 15431.0 767.0
0


HOST: 537
0.5062499999986159 0.5062499999986159 0.0
8355.149999977157 8355.149999977157 0.0
16504.0 16504.0 0.0
0


HOST: 538
0.5062499999989908 0.5062499999989908 0.0
10636.312499978796 10636.312499978796 0.0
21010.0 21010.0 0.0
0


HOST: 539
0.5062499999985448 0.5062499999985448 0.5062499999985448
7806.8812499775595 5614.8187499838605 2192.062499993699
15421.0 11091.0 4330.0
0


HOST: 540
0.5062499999985448 0.5062499999985448 0.0
6009.693749982725 6009.693749982725 0.0
11871.0 11871.0 0.0
0


HOST: 541
0.50624999999867 0.50624999999867 0.0
8622.449999977349 8622.449999977349 0.0
17032.0 17032.0 0.0
0


HOST: 542
0.5062499999990646 0.5062499999990646 0.0
11241.28124997923 11241.28124997923 0.0
22205.0 22205.0 0.0
0


HOST: 543
0.5062499999990485 0.5062499999985448 0.5062499999992092
11103.074999979131 2685.1499999922817 8417.92499998685
21932.0 5304.0 16628.0
0


HOST: 544
0.5062499999989258 0.5062499999989258 0.0
10156.387499978451 10156.387499978451 0.0
20062.0 20062.0 0.0
0


HOST: 545
0.5062499999988497 0.5062499999985448 0.5062499999991622
9645.074999978084 4882.274999985966 4762.799999992118
19052.0 9644.0 9408.0
0


HOST: 546
0.5062499999985448 0.5062499999985448 0.0
7983.056249977053 7983.056249977053 0.0
15769.0 15769.0 0.0
0


HOST: 547
0.5062499999989037 0.5062499999989037 0.0
10002.48749997834 10002.48749997834 0.0
19758.0 19758.0 0.0
0


HOST: 548
0.5062499999987694 0.5062499999987694 0.0
9159.581249977735 9159.581249977735 0.0
18093.0 18093.0 0.0
0


HOST: 549
0.5062499999990926 0.5062499999985448 0.5062499999991578
11488.331249979408 1220.5687499964915 10267.762499982917
22693.0 2411.0 20282.0
0


HOST: 550
0.5062499999986992 0.5062499999986992 0.0
8773.312499977457 8773.312499977457 0.0
17330.0 17330.0 0.0
0


HOST: 551
0.5062499999987262 0.5062499999987262 0.0
8918.099999977561 8918.099999977561 0.0
17616.0 17616.0 0.0
0


HOST: 552
0.5062499999990189 0.5062499999990189 0.0
10858.556249978956 10858.556249978956 0.0
21449.0 21449.0 0.0
0


HOST: 553
0.5062499999987049 0.5062499999987021 0.5062500000003638
8803.68749997748 8788.499999977468 15.187500000010914
17390.0 17360.0 30.0
0


HOST: 554
0.5062499999990112 0.5062499999990112 0.0
10797.299999978912 10797.299999978912 0.0
21328.0 21328.0 0.0
0


HOST: 555
0.5062499999988291 0.5062499999985448 0.5062499999996551
9515.981249977991 7079.399999979651 2436.5812499983404
18797.0 13984.0 4813.0
0


HOST: 556
0.5062499999990441 0.5062499999990441 0.0
11066.118749979105 11066.118749979105 0.0
21859.0 21859.0 0.0
0


HOST: 557
0.5062499999989111 0.5062499999985448 0.5062499999989399
10053.112499978377 732.0374999978958 9321.074999980481
19858.0 1446.0 18412.0
0


HOST: 558
0.5062499999987011 0.5062499999987011 0.0
8783.437499977465 8783.437499977465 0.0
17350.0 17350.0 0.0
0


HOST: 559
0.5062499999985448 0.5062499999985448 0.0
7549.706249978299 7549.706249978299 0.0
14913.0 14913.0 0.0
0


HOST: 560
0.5062499999985448 0.5062499999985448 0.0
7817.512499977529 7817.512499977529 0.0
15442.0 15442.0 0.0
0


HOST: 561
0.5062499999988166 0.5062499999985448 0.5062499999992613
9439.031249977936 5858.831249983159 3580.1999999947766
18645.0 11573.0 7072.0
0


HOST: 562
0.5062499999985448 0.5062499999985448 0.0
5835.543749983226 5835.543749983226 0.0
11527.0 11527.0 0.0
0


HOST: 563
0.5062499999989822 0.5062499999989822 0.0
10570.499999978749 10570.499999978749 0.0
20880.0 20880.0 0.0
0


HOST: 564
0.5062499999988406 0.5062499999988406 0.0
9587.868749978043 9587.868749978043 0.0
18939.0 18939.0 0.0
0


HOST: 565
0.5062499999988089 0.5062499999988089 0.0
9392.456249977902 9392.456249977902 0.0
18553.0 18553.0 0.0
0


HOST: 566
0.5062499999987705 0.5062499999987705 0.0
9165.65624997774 9165.65624997774 0.0
18105.0 18105.0 0.0
0


HOST: 567
0.5062499999986734 0.5062499999985448 0.5062499999987393
8639.15624997736 2929.1624999915803 5709.993749985781
17065.0 5786.0 11279.0
0


HOST: 568
0.5062499999988657 0.5062499999988657 0.0
9748.349999978158 9748.349999978158 0.0
19256.0 19256.0 0.0
0


HOST: 569
0.5062499999989148 0.5062499999989148 0.0
10078.931249978395 10078.931249978395 0.0
19909.0 19909.0 0.0
0


HOST: 570
0.5062499999990259 0.5062499999990259 0.0
10915.256249978996 10915.256249978996 0.0
21561.0 21561.0 0.0
0


HOST: 571
0.5062499999985448 0.5062499999985448 0.0
6371.156249981686 6371.156249981686 0.0
12585.0 12585.0 0.0
0


HOST: 572
0.5062499999986761 0.5062499999986761 0.0
8653.331249977371 8653.331249977371 0.0
17093.0 17093.0 0.0
0


HOST: 573
0.5062499999988704 0.5062499999985448 0.5062499999989065
9779.23124997818 976.0499999971944 8803.181249980986
19317.0 1928.0 17389.0
0


HOST: 574
0.5062499999986784 0.5062499999985448 0.5062499999987384
8664.97499997738 2685.1499999922817 5979.824999985098
17116.0 5304.0 11812.0
0


HOST: 575
0.5062499999988274 0.5062499999988274 0.0
9505.349999977983 9505.349999977983 0.0
18776.0 18776.0 0.0
0


HOST: 576
0.5062499999990279 0.5062499999990279 0.0
10931.456249979008 10931.456249979008 0.0
21593.0 21593.0 0.0
0


HOST: 577
0.5062499999985448 0.5062499999985448 0.5062499999985448
7658.043749977987 2929.1624999915803 4728.881249986407
15127.0 5786.0 9341.0
0


HOST: 578
0.5062499999987662 0.5062499999987021 0.5062500000003638
9140.849999977721 8788.499999977468 352.3500000002532
18056.0 17360.0 696.0
0


HOST: 579
0.5062499999989308 0.5062499999989308 0.0
10191.824999978477 10191.824999978477 0.0
20132.0 20132.0 0.0
0


HOST: 580
0.5062499999989754 0.5062499999989754 0.0
10518.356249978711 10518.356249978711 0.0
20777.0 20777.0 0.0
0


HOST: 581
0.5062499999985448 0.5062499999985448 0.0
4150.743749988069 4150.743749988069 0.0
8199.0 8199.0 0.0
0


HOST: 582
0.5062499999986791 0.5062499999986791 0.0
8669.024999977382 8669.024999977382 0.0
17124.0 17124.0 0.0
0


HOST: 583
0.506249999998702 0.506249999998702 0.0
8787.993749977468 8787.993749977468 0.0
17359.0 17359.0 0.0
0


HOST: 584
0.5062499999989902 0.5062499999989902 0.0
10631.756249978793 10631.756249978793 0.0
21001.0 21001.0 0.0
0


HOST: 585
0.5062499999987959 0.5062499999987959 0.0
9314.493749977846 9314.493749977846 0.0
18399.0 18399.0 0.0
0


HOST: 586
0.5062499999989426 0.5062499999989426 0.0
10275.862499978537 10275.862499978537 0.0
20298.0 20298.0 0.0
0


HOST: 587
0.5062499999986422 0.5062499999986422 0.0
8482.724999977248 8482.724999977248 0.0
16756.0 16756.0 0.0
0


HOST: 588
0.5062499999990758 0.5062499999989047 0.5062500000003638
11338.4812499793 10009.068749978345 1329.4125000009553
22397.0 19771.0 2626.0
0


HOST: 589
0.5062499999989636 0.5062499999985448 0.5062499999996147
10429.762499978648 6347.362499981755 4082.399999996893
20602.0 12538.0 8064.0
0


HOST: 590
0.5062499999994289 0.5062499999994289 0.0
15620.343749982378 15620.343749982378 0.0
30855.0 30855.0 0.0
0


HOST: 591
0.5062499999994045 0.5062499999985448 0.5062499999998423
17679.7687499792 4149.731249988072 13530.037499995786
34923.0 8197.0 26726.0
0


HOST: 592
0.5062499999992708 0.5062499999988682 0.5062500000003638
20933.943749969847 9765.05624997817 11168.887500008026
41351.0 19289.0 22062.0
0


HOST: 593
0.506249999999287 0.5062499999991673 0.5062500000003638
20478.824999971155 12206.193749979924 8272.631250005945
40452.0 24111.0 16341.0
0


HOST: 594
0.5062499999993464 0.5062499999989726 0.5062500000003638
18960.07499997552 10497.093749978696 8462.981250006082
37452.0 20735.0 16717.0
0


HOST: 595
0.5062499999994112 0.5062499999987021 0.5062500000003638
17540.043749979603 8788.499999977468 8751.543750006289
34647.0 17360.0 17287.0
0


HOST: 596
0.5062499999993159 0.5062499999994142 0.5062500000003638
19710.337499973364 15379.874999982205 4330.462500003112
38934.0 30380.0 8554.0
0


HOST: 597
0.5062499999992882 0.5062499999985448 0.5062500000002987
20442.37499997126 7567.931249978246 12874.443750007596
40380.0 14949.0 25431.0
0


HOST: 598
0.5062499999987705 0.5062499999987705 0.0
9165.65624997774 9165.65624997774 0.0
18105.0 18105.0 0.0
0


HOST: 599
0.5062499999985702 0.5062499999985702 0.0
8142.524999977004 8142.524999977004 0.0
16084.0 16084.0 0.0
0


HOST: 600
0.5062499999985448 0.5062499999985448 0.5062499999985448
4637.756249986669 4149.731249988072 488.0249999985972
9161.0 8197.0 964.0
0


HOST: 601
0.5062499999986213 0.506249999998551 0.5062500000003638
8380.968749977175 8055.956249976942 325.01250000023356
16555.0 15913.0 642.0
0


HOST: 602
0.5062499999988425 0.5062499999988425 0.0
9599.512499978051 9599.512499978051 0.0
18962.0 18962.0 0.0
0


HOST: 603
0.5062499999991185 0.5062499999985448 0.5062500000000725
11726.77499997958 7323.412499978949 4403.3625000006305
23164.0 14466.0 8698.0
0


HOST: 604
0.5062499999993301 0.5062499999989047 0.5062500000003638
14127.412499981305 10009.068749978345 4118.3437500029595
27906.0 19771.0 8135.0
0


HOST: 605
0.5062499999986005 0.5062499999986005 0.0
8282.249999977104 8282.249999977104 0.0
16360.0 16360.0 0.0
0


HOST: 606
0.5062499999990694 0.5062499999989395 0.5062500000003638
11282.79374997926 10253.08124997852 1029.71250000074
22287.0 20253.0 2034.0
0


HOST: 607
0.5062499999987476 0.5062499999987476 0.0
9036.562499977646 9036.562499977646 0.0
17850.0 17850.0 0.0
0


HOST: 608
0.5062499999990359 0.5062499999990359 0.0
10997.774999979056 10997.774999979056 0.0
21724.0 21724.0 0.0
0


HOST: 609
0.5062499999988839 0.5062499999988839 0.0
9867.824999978244 9867.824999978244 0.0
19492.0 19492.0 0.0
0


HOST: 610
0.5062499999985448 0.5062499999985448 0.0
7719.80624997781 7719.80624997781 0.0
15249.0 15249.0 0.0
0


HOST: 611
0.5062499999989013 0.5062499999989013 0.0
9985.781249978329 9985.781249978329 0.0
19725.0 19725.0 0.0
0


HOST: 612
0.5062499999988417 0.5062499999985448 0.5062499999992192
9594.449999978047 5370.806249984562 4223.6437499934855
18952.0 10609.0 8343.0
0


HOST: 613
0.5062499999990157 0.5062499999989726 0.5062500000003638
10832.737499978937 10497.093749978696 335.6437500002412
21398.0 20735.0 663.0
0


HOST: 614
0.5062499999989006 0.5062499999989006 0.0
9981.224999978325 9981.224999978325 0.0
19716.0 19716.0 0.0
0


HOST: 615
0.5062499999992316 0.5062499999989395 0.5062500000003638
12899.249999980422 10253.08124997852 2646.1687500019016
25480.0 20253.0 5227.0
0


HOST: 616
0.5062499999990502 0.5062499999985448 0.5062499999991269
11117.249999979142 1464.5812499957901 9652.668749983352
21960.0 2893.0 19067.0
0


HOST: 617
0.5062499999988954 0.5062499999987895 0.5062500000003638
9945.2812499783 9276.524999977819 668.7562500004806
19645.0 18324.0 1321.0
0


HOST: 618
0.5062499999992667 0.5062499999985448 0.5062499999997934
13311.337499980718 5614.8187499838605 7696.518749996858
26294.0 11091.0 15203.0
0


HOST: 619
0.5062499999991426 0.506249999998551 0.5062500000003638
11958.131249979746 8055.956249976942 3902.175000002804
23621.0 15913.0 7708.0
0


HOST: 620
0.5062499999987882 0.5062499999987882 0.0
9268.424999977813 9268.424999977813 0.0
18308.0 18308.0 0.0
0


HOST: 621
0.5062499999989418 0.5062499999989418 0.0
10270.293749978533 10270.293749978533 0.0
20287.0 20287.0 0.0
0


HOST: 622
0.5062499999987898 0.5062499999987898 0.0
9278.54999997782 9278.54999997782 0.0
18328.0 18328.0 0.0
0


HOST: 623
0.5062499999986414 0.5062499999986414 0.0
8478.674999977246 8478.674999977246 0.0
16748.0 16748.0 0.0
0


HOST: 624
0.5062499999987551 0.5062499999987551 0.0
9078.074999977676 9078.074999977676 0.0
17932.0 17932.0 0.0
0


