records: 20
      Record Time
Host  UsedBuffer

  49376.0 98752.0 148128.0 197504.0 246880.0 296256.0 345632.0 395008.0 444384.0 493760.0 543136.0 592512.0 641888.0 691264.0 740640.0 790016.0 839392.0 888768.0 938144.0 987520.0
0 4000000.0 8000000.0 4.0E7 4.1E7 4.4E7 1.37E8 1.75E8 1.8E8 2.43E8 2.45E8 3.02E8 3.11E8 3.59E8 3.61E8 3.63E8 3.63E8 3.63E8 3.63E8 3.64E8 3.65E8
1 5000000.0 1.6E7 4.4E7 4.4E7 4.6E7 1.34E8 1.73E8 1.78E8 2.38E8 2.38E8 3.06E8 3.07E8 3.52E8 3.53E8 3.53E8 3.53E8 3.55E8 3.55E8 3.59E8 3.6E8
2 1.0E7 1.1E7 2.0E7 2.6E7 5.6E7 1.24E8 1.71E8 1.78E8 2.36E8 2.41E8 3.12E8 3.15E8 3.56E8 3.56E8 3.57E8 3.57E8 3.6E8 4.79E8 4.8E8 5.18E8
3 4000000.0 4000000.0 4.0E7 4.1E7 4.3E7 1.33E8 1.72E8 1.75E8 2.39E8 2.41E8 2.99E8 3.01E8 3.56E8 3.57E8 3.58E8 3.59E8 3.6E8 3.6E8 3.6E8 3.6E8
4 6000000.0 1.8E7 2.3E7 2.4E7 2.8E7 1.38E8 1.44E8 1.45E8 2.35E8 2.36E8 3.08E8 3.09E8 3.65E8 3.66E8 3.68E8 3.69E8 3.69E8 4.76E8 4.78E8 4.8E8
5 1000000.0 3000000.0 4000000.0 5000000.0 6000000.0 7000000.0 7000000.0 7000000.0 8000000.0 8000000.0 8000000.0 8000000.0 1.0E7 1.2E7 1.3E7 1.3E7 1.4E7 1.7E7 1.7E7 1.8E7
6 9000000.0 1.1E7 3.5E7 3.7E7 3.9E7 1.36E8 1.74E8 1.82E8 2.4E8 2.43E8 3.09E8 3.11E8 3.58E8 3.58E8 3.58E8 3.6E8 3.65E8 4.85E8 4.85E8 4.85E8
7 4000000.0 6000000.0 9000000.0 9000000.0 1.7E7 1.3E8 1.32E8 1.97E8 1.97E8 2.0E8 3.14E8 3.14E8 3.22E8 3.23E8 3.23E8 3.24E8 3.25E8 4.78E8 4.8E8 4.93E8
8 0.0 1000000.0 2000000.0 2000000.0 2000000.0 3000000.0 4000000.0 6000000.0 6000000.0 7000000.0 7000000.0 8000000.0 9000000.0 9000000.0 9000000.0 1.0E7 1.3E7 1.4E7 1.4E7 1.5E7
9 3000000.0 4000000.0 4.4E7 4.5E7 4.7E7 1.2E8 1.72E8 1.73E8 2.07E8 2.07E8 3.01E8 3.01E8 3.55E8 3.55E8 3.55E8 3.55E8 3.55E8 3.56E8 3.56E8 3.57E8
10 5000000.0 9000000.0 1.9E7 1.9E7 2.1E7 1.25E8 1.47E8 1.8E8 2.4E8 2.4E8 3.09E8 3.09E8 3.65E8 3.66E8 3.67E8 3.67E8 3.79E8 4.8E8 4.81E8 4.82E8
11 0.0 2000000.0 2000000.0 2000000.0 2000000.0 2000000.0 3000000.0 6000000.0 9000000.0 1.2E7 1.3E7 1.5E7 1.5E7 1.5E7 1.6E7 1.7E7 1.8E7 1.8E7 1.8E7 1.8E7
12 0.0 1000000.0 1000000.0 1000000.0 1000000.0 1000000.0 2000000.0 3000000.0 4000000.0 4000000.0 4000000.0 6000000.0 8000000.0 9000000.0 9000000.0 1.2E7 1.3E7 1.3E7 1.4E7 1.5E7
13 4000000.0 4000000.0 4.4E7 4.5E7 4.5E7 1.35E8 1.74E8 1.79E8 2.36E8 2.36E8 2.96E8 2.96E8 3.62E8 3.62E8 3.78E8 3.79E8 3.85E8 4.72E8 4.84E8 5.13E8
14 1000000.0 2000000.0 2000000.0 3000000.0 4000000.0 4000000.0 5000000.0 6000000.0 6000000.0 8000000.0 9000000.0 9000000.0 1.0E7 1.1E7 1.2E7 1.4E7 1.4E7 1.6E7 1.6E7 1.7E7
15 6000000.0 6000000.0 8000000.0 9000000.0 1.9E7 1.23E8 1.71E8 1.95E8 2.36E8 2.37E8 3.06E8 3.07E8 3.55E8 3.55E8 3.55E8 3.55E8 3.55E8 4.75E8 4.75E8 4.75E8
16 8000000.0 8000000.0 8000000.0 8000000.0 8000000.0 1.37E8 1.51E8 1.53E8 2.42E8 2.43E8 3.04E8 3.05E8 3.7E8 3.71E8 3.85E8 3.87E8 3.89E8 4.84E8 4.88E8 5.22E8
17 4000000.0 1.7E7 4.5E7 4.6E7 5.0E7 1.37E8 1.51E8 1.53E8 2.38E8 2.38E8 3.03E8 3.03E8 3.69E8 3.71E8 3.85E8 3.87E8 3.93E8 4.81E8 4.92E8 5.21E8
18 0.0 1000000.0 1000000.0 2000000.0 3000000.0 5000000.0 5000000.0 5000000.0 5000000.0 8000000.0 8000000.0 8000000.0 8000000.0 8000000.0 9000000.0 1.0E7 1.1E7 1.3E7 1.3E7 1.3E7
19 4000000.0 4000000.0 4.5E7 4.7E7 5.6E7 1.36E8 1.71E8 1.76E8 2.35E8 2.37E8 3.07E8 3.09E8 3.64E8 3.64E8 3.79E8 3.79E8 3.84E8 4.77E8 4.89E8 5.18E8
20 0.0 1000000.0 2000000.0 3000000.0 3000000.0 3000000.0 4000000.0 4000000.0 4000000.0 4000000.0 5000000.0 5000000.0 5000000.0 5000000.0 5000000.0 5000000.0 6000000.0 8000000.0 8000000.0 8000000.0
21 5000000.0 7000000.0 1.4E7 1.5E7 1.5E7 1.22E8 1.71E8 1.96E8 2.38E8 2.38E8 3.06E8 3.06E8 3.52E8 3.52E8 3.53E8 3.54E8 3.55E8 4.75E8 4.79E8 5.14E8
22 1000000.0 1000000.0 2000000.0 2000000.0 5000000.0 6000000.0 6000000.0 7000000.0 7000000.0 8000000.0 9000000.0 9000000.0 1.0E7 1.0E7 1.0E7 1.0E7 1.0E7 1.0E7 1.1E7 1.1E7
23 3000000.0 6000000.0 9000000.0 1.2E7 1.4E7 1.6E7 1.8E7 1.8E7 1.8E7 1.8E7 1.8E7 1.9E7 2.6E7 2.6E7 3.5E7 3.5E7 3.6E7 4.2E7 4.3E7 4.5E7
24 5000000.0 5000000.0 4.4E7 4.5E7 4.6E7 1.32E8 1.7E8 1.94E8 2.35E8 2.38E8 2.91E8 2.91E8 3.54E8 3.55E8 3.63E8 3.63E8 3.67E8 4.73E8 4.75E8 5.15E8
25 1000000.0 2000000.0 2000000.0 3000000.0 5000000.0 5000000.0 7000000.0 8000000.0 1.0E7 1.0E7 1.1E7 1.1E7 1.1E7 1.2E7 1.2E7 1.2E7 1.2E7 1.3E7 1.4E7 1.4E7
26 0.0 2000000.0 2000000.0 7000000.0 9000000.0 1.3E7 1.72E8 1.96E8 2.37E8 2.38E8 3.06E8 3.06E8 3.54E8 3.54E8 3.56E8 3.58E8 3.59E8 4.78E8 4.78E8 5.16E8
27 9000000.0 9000000.0 1.1E7 1.3E7 1.3E7 1.23E8 1.72E8 1.94E8 1.96E8 1.97E8 3.08E8 3.1E8 3.62E8 3.65E8 3.66E8 3.69E8 3.7E8 4.78E8 4.82E8 5.17E8
28 8000000.0 9000000.0 4.3E7 4.7E7 4.7E7 1.24E8 1.45E8 1.48E8 1.81E8 1.83E8 3.09E8 3.1E8 3.63E8 3.65E8 3.66E8 3.69E8 3.69E8 4.8E8 4.82E8 4.84E8
29 7000000.0 1.7E7 4.6E7 4.8E7 5.3E7 1.24E8 1.49E8 1.49E8 2.36E8 2.36E8 3.03E8 3.03E8 3.62E8 3.62E8 3.82E8 3.82E8 3.83E8 4.76E8 4.9E8 5.19E8
30 4000000.0 6000000.0 6000000.0 1.3E7 1.5E7 1.7E7 1.9E7 2.6E7 3.2E7 3.3E7 3.05E8 3.07E8 3.2E8 3.2E8 3.28E8 3.29E8 3.29E8 3.4E8 3.4E8 3.4E8
31 3000000.0 3000000.0 5000000.0 6000000.0 8000000.0 8000000.0 8000000.0 9000000.0 1.0E7 1.1E7 1.4E7 1.5E7 1.5E7 1.6E7 1.6E7 1.6E7 1.7E7 1.8E7 1.8E7 1.8E7
32 5000000.0 1.7E7 4.3E7 4.7E7 5.1E7 1.38E8 1.38E8 1.44E8 2.39E8 2.41E8 3.08E8 3.09E8 3.68E8 3.72E8 3.82E8 3.83E8 3.84E8 4.8E8 4.81E8 5.19E8
33 0.0 1000000.0 2000000.0 3000000.0 4000000.0 7000000.0 7000000.0 8000000.0 8000000.0 1.0E7 1.1E7 1.2E7 1.3E7 1.3E7 1.3E7 1.3E7 1.4E7 1.4E7 1.4E7 1.4E7
34 1000000.0 1000000.0 3000000.0 5000000.0 5000000.0 5000000.0 5000000.0 5000000.0 5000000.0 5000000.0 5000000.0 6000000.0 6000000.0 6000000.0 6000000.0 7000000.0 7000000.0 9000000.0 1.0E7 1.0E7
35 7000000.0 7000000.0 9000000.0 1.1E7 2.2E7 1.22E8 1.72E8 1.96E8 2.39E8 2.42E8 3.09E8 3.11E8 3.56E8 3.58E8 3.68E8 3.68E8 3.79E8 4.79E8 4.8E8 5.18E8
36 1000000.0 1000000.0 1.1E7 1.3E7 1.4E7 1.5E7 1.7E7 1.26E8 1.26E8 1.27E8 1.27E8 1.29E8 1.29E8 1.3E8 1.31E8 1.31E8 1.32E8 1.5E8 1.5E8 1.5E8
37 2000000.0 6000000.0 1.3E7 4.6E7 4.7E7 1.08E8 1.08E8 1.97E8 1.99E8 2.47E8 2.49E8 2.51E8 3.21E8 3.22E8 3.68E8 3.7E8 3.72E8 4.75E8 4.75E8 4.75E8
38 0.0 3000000.0 3000000.0 4000000.0 8000000.0 9000000.0 9000000.0 1.0E7 1.1E7 1.2E7 1.3E7 1.4E7 1.5E7 1.7E7 1.9E7 2.0E7 2.0E7 2.0E7 2.1E7 2.1E7
39 3000000.0 3000000.0 3000000.0 3000000.0 6000000.0 1.4E7 1.5E7 1.5E7 1.5E7 1.6E7 1.7E7 1.7E7 1.8E7 1.9E7 1.9E7 1.9E7 1.9E7 2.0E7 2.0E7 2.2E7
40 2000000.0 3000000.0 6000000.0 8000000.0 9000000.0 9000000.0 9000000.0 9000000.0 9000000.0 9000000.0 9000000.0 1.0E7 1.1E7 1.1E7 1.2E7 1.2E7 1.3E7 1.5E7 1.6E7 1.7E7
41 2000000.0 3000000.0 4000000.0 6000000.0 6000000.0 7000000.0 9000000.0 1.1E7 1.1E7 1.2E7 1.2E7 1.2E7 1.4E7 1.4E7 1.5E7 1.7E7 1.7E7 1.8E7 1.8E7 1.8E7
42 0.0 1000000.0 1000000.0 4000000.0 4000000.0 4000000.0 4000000.0 5000000.0 6000000.0 6000000.0 8000000.0 9000000.0 9000000.0 1.0E7 1.1E7 1.1E7 1.2E7 1.4E7 1.5E7 1.6E7
43 1000000.0 1000000.0 2000000.0 2000000.0 2000000.0 2000000.0 3000000.0 5000000.0 7000000.0 7000000.0 8000000.0 8000000.0 8000000.0 9000000.0 1.0E7 1.1E7 1.4E7 1.5E7 1.5E7 1.7E7
44 0.0 0.0 0.0 0.0 0.0 1000000.0 2000000.0 2000000.0 3000000.0 3000000.0 4000000.0 5000000.0 3.52E8 3.53E8 3.55E8 3.56E8 3.57E8 3.57E8 3.57E8 3.58E8
45 1000000.0 1000000.0 2000000.0 3000000.0 3000000.0 6000000.0 6000000.0 6000000.0 6000000.0 6000000.0 6000000.0 6000000.0 7000000.0 8000000.0 8000000.0 9000000.0 9000000.0 1.0E7 1.1E7 1.3E7
46 2000000.0 2000000.0 4000000.0 4000000.0 4000000.0 5000000.0 5000000.0 5000000.0 6000000.0 7000000.0 7000000.0 7000000.0 7000000.0 9000000.0 1.1E7 1.1E7 1.2E7 1.3E7 1.3E7 1.3E7
47 0.0 0.0 2000000.0 2000000.0 2000000.0 2000000.0 4000000.0 5000000.0 1.2E7 1.3E7 1.3E7 1.4E7 1.4E7 1.5E7 1.5E7 1.6E7 1.7E7 1.7E7 1.8E7 1.8E7
48 6000000.0 6000000.0 7000000.0 8000000.0 8000000.0 9000000.0 1.0E7 1.0E7 1.0E7 1.1E7 1.1E7 1.1E7 1.1E7 1.2E7 1.2E7 1.2E7 1.3E7 1.4E7 1.4E7 1.5E7
49 0.0 1000000.0 2000000.0 2000000.0 2000000.0 2000000.0 3000000.0 3000000.0 3000000.0 4000000.0 4000000.0 5000000.0 8000000.0 1.0E7 1.1E7 1.3E7 1.4E7 1.5E7 1.5E7 1.6E7
50 0.0 3000000.0 4000000.0 7000000.0 7000000.0 8000000.0 1.1E7 1.1E7 1.2E7 1.3E7 1.4E7 1.5E7 1.6E7 1.6E7 2.2E7 2.2E7 2.2E7 2.3E7 2.4E7 2.5E7
51 1000000.0 1000000.0 1000000.0 1000000.0 2000000.0 2000000.0 2000000.0 2000000.0 2000000.0 3000000.0 4000000.0 5000000.0 5000000.0 5000000.0 6000000.0 6000000.0 7000000.0 8000000.0 9000000.0 9000000.0
