0 3349
1 1982
2 4465
3 3279
4 2960
5 2677
6 762
7 1053
8 1528
9 2867
10 545
11 435
12 4370
13 4080
14 2318
15 4024
16 3451
17 976
18 676
19 1392
20 1350
21 2371
22 2489
23 3022
24 3229
25 3092
26 2432
27 2931
28 1996
29 2815
30 3281
31 4085
32 2386
33 2635
34 2410
35 2736
36 2826
37 3207
38 2585
39 3487
40 2589
41 2130
42 4114
43 3604
44 2966
45 2627
46 3217
47 3969
48 3119
49 3944
50 4116
51 3639
52 4258
53 3048
54 1891
55 3722
56 3355
57 3779
58 2782
59 5382
60 3591
61 2390
62 1495
63 3541
64 2375
65 5047
66 3276
67 1991
68 1388
69 3978
70 3166
71 4673
72 3604
73 4762
74 4496
75 4970
76 5465
77 5267
78 5060
79 3919
80 4183
81 5287
82 1441
83 5444
84 2749
85 4152
86 4108
87 5653
88 5245
89 5120
90 4187
91 2014
92 5284
93 1845
94 4157
95 2371
96 657
97 3954
