records: 20
      Record Time
Host  UsedBuffer

  49376.0 98752.0 148128.0 197504.0 246880.0 296256.0 345632.0 395008.0 444384.0 493760.0 543136.0 592512.0 641888.0 691264.0 740640.0 790016.0 839392.0 888768.0 938144.0 987520.0
0 0.0 2.0E9 2.0E9 -1.794967296E9 -7.94967296E8 -7.94967296E8 2.05032704E8 7.05032704E8 1.205032704E9 1.205032704E9 1.205032704E9 1.205032704E9 1.705032704E9 -1.589934592E9 -5.89934592E8 -5.89934592E8 -5.89934592E8 -5.89934592E8 -8.9934592E7 4.10065408E8
1 0.0 0.0 5.0E8 5.0E8 5.0E8 5.0E8 1.0E9 1.5E9 2.0E9 2.0E9 2.0E9 -1.794967296E9 -1.294967296E9 -7.94967296E8 -7.94967296E8 -7.94967296E8 2.05032704E8 2.05032704E8 -2.089934592E9 -1.589934592E9
2 5.0E8 1.0E9 1.5E9 2.0E9 -1.794967296E9 -1.294967296E9 -7.94967296E8 -2.94967296E8 7.05032704E8 7.05032704E8 1.205032704E9 -1.589934592E9 -1.089934592E9 -1.089934592E9 -5.89934592E8 -5.89934592E8 9.10065408E8 9.10065408E8 9.10065408E8 -1.884901888E9
3 0.0 0.0 5.0E8 1.0E9 1.0E9 1.0E9 1.0E9 1.0E9 1.0E9 1.5E9 1.5E9 -1.794967296E9 -1.294967296E9 -7.94967296E8 -2.94967296E8 2.05032704E8 7.05032704E8 7.05032704E8 7.05032704E8 7.05032704E8
4 0.0 0.0 5.0E8 1.0E9 1.5E9 -7.94967296E8 -7.94967296E8 -2.94967296E8 -2.94967296E8 -2.94967296E8 7.05032704E8 1.205032704E9 -1.589934592E9 -1.089934592E9 -8.9934592E7 4.10065408E8 4.10065408E8 4.10065408E8 1.410065408E9 -1.884901888E9
5 5.0E8 1.5E9 2.0E9 -1.794967296E9 -1.294967296E9 -7.94967296E8 -7.94967296E8 -7.94967296E8 -2.94967296E8 -2.94967296E8 -2.94967296E8 -2.94967296E8 7.05032704E8 1.705032704E9 -2.089934592E9 -2.089934592E9 -1.589934592E9 -8.9934592E7 -8.9934592E7 4.10065408E8
6 5.0E8 1.5E9 2.0E9 -1.794967296E9 -1.794967296E9 -1.294967296E9 -7.94967296E8 -2.94967296E8 -2.94967296E8 7.05032704E8 -2.089934592E9 -1.089934592E9 -5.89934592E8 -5.89934592E8 -5.89934592E8 4.10065408E8 4.10065408E8 9.10065408E8 9.10065408E8 9.10065408E8
7 5.0E8 1.5E9 2.0E9 2.0E9 -1.794967296E9 -1.294967296E9 -2.94967296E8 2.05032704E8 2.05032704E8 1.705032704E9 1.705032704E9 1.705032704E9 -2.089934592E9 -1.589934592E9 -1.589934592E9 -1.089934592E9 -5.89934592E8 -5.89934592E8 4.10065408E8 4.10065408E8
8 0.0 5.0E8 1.0E9 1.0E9 1.0E9 1.5E9 2.0E9 -1.294967296E9 -1.294967296E9 -7.94967296E8 -7.94967296E8 -2.94967296E8 2.05032704E8 2.05032704E8 2.05032704E8 7.05032704E8 -2.089934592E9 -1.589934592E9 -1.589934592E9 -1.089934592E9
9 5.0E8 1.0E9 -1.794967296E9 -1.294967296E9 1.705032704E9 1.935228928E9 -1.154705664E9 -1.94967296E9 -4.4967296E8 -4.4967296E8 7.80523264E8 7.80523264E8 -1.604378624E9 -1.604378624E9 -1.604378624E9 -1.604378624E9 -1.604378624E9 -1.104378624E9 -1.104378624E9 -6.04378624E8
10 0.0 5.0E8 5.0E8 5.0E8 5.0E8 1.0E9 1.5E9 1.5E9 -1.794967296E9 -1.794967296E9 -1.794967296E9 -1.794967296E9 -1.294967296E9 -7.94967296E8 -2.94967296E8 -2.94967296E8 -2.94967296E8 2.05032704E8 7.05032704E8 1.205032704E9
11 -1.794967296E9 -7.94967296E8 -7.94967296E8 -7.94967296E8 -7.94967296E8 -7.94967296E8 -2.94967296E8 9.10065408E8 -1.884901888E9 -3.84901888E8 -5.14444032E8 4.85555968E8 -3.09411328E8 -3.09411328E8 1.190588672E9 1.690588672E9 -2.104378624E9 -1.233920768E9 -1.233920768E9 -1.233920768E9
12 0.0 5.0E8 5.0E8 5.0E8 5.0E8 5.0E8 1.0E9 1.5E9 2.0E9 2.0E9 2.0E9 -1.294967296E9 -2.94967296E8 2.05032704E8 2.05032704E8 1.705032704E9 -2.089934592E9 -2.089934592E9 -1.589934592E9 -1.089934592E9
13 5.0E8 5.0E8 1.0E9 1.5E9 1.5E9 1.5E9 1.5E9 2.0E9 2.0E9 2.0E9 2.0E9 2.0E9 2.0E9 2.0E9 2.0E9 -1.794967296E9 -1.294967296E9 -7.94967296E8 1.705032704E9 -1.589934592E9
14 5.0E8 1.0E9 1.0E9 1.5E9 2.0E9 2.0E9 -1.794967296E9 -1.294967296E9 -1.294967296E9 -2.94967296E8 2.05032704E8 2.05032704E8 7.05032704E8 1.205032704E9 1.705032704E9 -1.589934592E9 -1.589934592E9 -5.89934592E8 -5.89934592E8 -8.9934592E7
15 1.0E9 1.0E9 1.0E9 1.0E9 1.0E9 2.0E9 -1.294967296E9 -7.94967296E8 2.05032704E8 2.05032704E8 2.05032704E8 7.05032704E8 1.205032704E9 1.205032704E9 1.205032704E9 1.205032704E9 1.205032704E9 1.205032704E9 1.205032704E9 1.205032704E9
16 5.0E8 5.0E8 5.0E8 5.0E8 5.0E8 5.0E8 1.5E9 -1.794967296E9 -1.294967296E9 -1.294967296E9 -7.94967296E8 -2.94967296E8 7.05032704E8 1.205032704E9 -1.589934592E9 -5.89934592E8 4.10065408E8 1.410065408E9 -1.384901888E9 -8.84901888E8
17 5.0E8 1.5E9 2.0E9 -1.794967296E9 -7.94967296E8 -2.94967296E8 -2.94967296E8 7.05032704E8 1.205032704E9 1.205032704E9 1.205032704E9 1.205032704E9 1.705032704E9 -1.589934592E9 -5.89934592E8 4.10065408E8 4.10065408E8 9.10065408E8 1.910065408E9 -8.84901888E8
18 0.0 5.0E8 5.0E8 1.0E9 1.5E9 -1.794967296E9 -1.794967296E9 -1.794967296E9 -1.794967296E9 -2.94967296E8 -2.94967296E8 -2.94967296E8 -2.94967296E8 -2.94967296E8 2.05032704E8 7.05032704E8 1.205032704E9 -2.089934592E9 -2.089934592E9 -2.089934592E9
19 1.0E9 1.0E9 -7.94967296E8 1.705032704E9 4.10065408E8 -8.59738368E8 -1.54705664E8 2.55359744E8 5.7549056E8 1.57549056E9 -1.194313216E9 -1.94313216E8 -8.741824E8 -8.741824E8 1.1258176E9 1.1258176E9 -6.69149696E8 1.766079232E9 -5.28888064E8 -3724544.0
20 0.0 5.0E8 1.0E9 1.5E9 1.5E9 1.5E9 2.0E9 2.0E9 2.0E9 2.0E9 -1.794967296E9 -1.794967296E9 -1.794967296E9 -1.794967296E9 -1.794967296E9 -1.794967296E9 -1.294967296E9 -2.94967296E8 -2.94967296E8 -2.94967296E8
21 5.0E8 1.5E9 1.5E9 1.5E9 1.5E9 1.5E9 -1.794967296E9 -7.94967296E8 -2.94967296E8 -2.94967296E8 7.05032704E8 7.05032704E8 1.205032704E9 1.205032704E9 1.205032704E9 1.705032704E9 -2.089934592E9 -1.589934592E9 -1.089934592E9 -1.089934592E9
22 1.0E9 1.0E9 1.5E9 1.5E9 -1.294967296E9 1.910065408E9 1.910065408E9 -1.884901888E9 -1.744640256E9 2.55359744E8 -1.514444032E9 -1.514444032E9 4.45948416E8 4.45948416E8 1.945948416E9 1.945948416E9 1.945948416E9 -1.913789952E9 1.086210048E9 -7.9869184E8
23 5.0E8 2.0E9 -7.94967296E8 2.05032704E8 1.205032704E9 -1.589934592E9 -5.89934592E8 -5.89934592E8 -5.89934592E8 -5.89934592E8 -5.89934592E8 -8.9934592E7 -8.9934592E7 -8.9934592E7 4.10065408E8 4.10065408E8 9.10065408E8 -3.84901888E8 1.15098112E8 1.115098112E9
24 1.5E9 1.5E9 -2.94967296E8 2.05032704E8 7.05032704E8 -1.064771072E9 -1.654705664E9 4.60392448E8 -1.42450944E9 7.549056E7 -3.09411328E8 -3.09411328E8 9.20784896E8 1.420784896E9 -1.8741824E9 -1.8741824E9 -3.741824E8 -9.38953472E8 6.1046528E7 -1.503724544E9
25 5.0E8 1.0E9 1.0E9 1.5E9 -1.794967296E9 -1.794967296E9 -7.94967296E8 -2.94967296E8 7.05032704E8 7.05032704E8 1.205032704E9 1.205032704E9 1.205032704E9 1.705032704E9 1.705032704E9 1.705032704E9 1.705032704E9 -2.089934592E9 -1.589934592E9 -1.589934592E9
26 0.0 1.0E9 1.0E9 2.0E9 -1.294967296E9 -7.94967296E8 -2.94967296E8 2.05032704E8 1.205032704E9 1.205032704E9 -1.589934592E9 -1.589934592E9 -1.089934592E9 -1.089934592E9 -5.89934592E8 4.10065408E8 9.10065408E8 9.10065408E8 9.10065408E8 1.410065408E9
27 -1.294967296E9 -1.294967296E9 -2.94967296E8 7.05032704E8 7.05032704E8 4.35228928E8 3.45294336E8 -1.039607552E9 -3.9607552E7 4.60392448E8 -1.104378624E9 -1.04378624E8 -7.9215104E7 1.420784896E9 1.920784896E9 -8.741824E8 -3.741824E8 1.356013824E9 -1.438953472E9 1.881177344E9
28 5.0E8 5.0E8 1.0E9 2.0E9 2.0E9 -1.294967296E9 -1.294967296E9 -7.94967296E8 -2.94967296E8 7.05032704E8 1.205032704E9 1.705032704E9 1.705032704E9 -2.089934592E9 -1.589934592E9 -8.9934592E7 -8.9934592E7 -8.9934592E7 9.10065408E8 1.910065408E9
29 0.0 1.0E9 -1.794967296E9 -1.794967296E9 -1.294967296E9 -7.94967296E8 -7.94967296E8 -7.94967296E8 -2.94967296E8 -2.94967296E8 2.05032704E8 2.05032704E8 7.05032704E8 7.05032704E8 1.705032704E9 1.705032704E9 -2.089934592E9 -1.589934592E9 -1.089934592E9 -1.089934592E9
30 1.0E9 2.0E9 2.0E9 -1.794967296E9 -7.94967296E8 2.05032704E8 1.205032704E9 1.205032704E9 4.10065408E8 9.10065408E8 -6.79869184E8 3.20130816E8 3.20130816E8 3.20130816E8 8.20130816E8 1.320130816E9 1.320130816E9 2.02516352E9 2.02516352E9 2.02516352E9
31 1.5E9 1.5E9 -1.794967296E9 -1.294967296E9 -2.94967296E8 -2.94967296E8 -2.94967296E8 2.05032704E8 7.05032704E8 1.205032704E9 -1.589934592E9 -1.089934592E9 -1.089934592E9 -5.89934592E8 -5.89934592E8 -5.89934592E8 -8.9934592E7 4.10065408E8 4.10065408E8 4.10065408E8
32 1.0E9 1.0E9 1.0E9 2.0E9 -1.294967296E9 -7.94967296E8 -7.94967296E8 -2.94967296E8 2.05032704E8 7.05032704E8 1.705032704E9 -2.089934592E9 -2.089934592E9 -8.9934592E7 -8.9934592E7 4.10065408E8 9.10065408E8 1.910065408E9 -1.884901888E9 -1.384901888E9
33 0.0 5.0E8 1.0E9 1.5E9 2.0E9 -7.94967296E8 -7.94967296E8 -2.94967296E8 -2.94967296E8 7.05032704E8 1.205032704E9 1.705032704E9 -2.089934592E9 -2.089934592E9 -2.089934592E9 -2.089934592E9 -1.589934592E9 -1.589934592E9 -1.589934592E9 -1.589934592E9
34 5.0E8 5.0E8 1.5E9 -1.794967296E9 -1.794967296E9 -1.794967296E9 -1.794967296E9 -1.794967296E9 -1.794967296E9 -1.794967296E9 -1.794967296E9 -1.294967296E9 -1.294967296E9 -1.294967296E9 -1.294967296E9 -7.94967296E8 -7.94967296E8 2.05032704E8 7.05032704E8 7.05032704E8
35 1.5E9 1.5E9 1.5E9 2.0E9 -1.794967296E9 -1.794967296E9 -1.294967296E9 -2.94967296E8 2.05032704E8 1.205032704E9 1.205032704E9 1.705032704E9 1.705032704E9 -1.589934592E9 -1.089934592E9 -1.089934592E9 -5.89934592E8 -5.89934592E8 -8.9934592E7 4.10065408E8
36 5.0E8 5.0E8 1.5E9 1.5E9 2.0E9 -1.794967296E9 -7.94967296E8 -2.94967296E8 -2.94967296E8 2.05032704E8 2.05032704E8 1.205032704E9 1.205032704E9 1.705032704E9 -2.089934592E9 -2.089934592E9 -1.589934592E9 -1.589934592E9 -1.589934592E9 -1.589934592E9
37 1.0E9 1.0E9 1.0E9 1.0E9 1.5E9 2.0E9 2.0E9 -1.294967296E9 -2.94967296E8 1.205032704E9 -2.089934592E9 -1.089934592E9 -5.89934592E8 -8.9934592E7 4.10065408E8 1.410065408E9 -1.884901888E9 -1.884901888E9 -1.884901888E9 -1.884901888E9
38 0.0 1.5E9 1.5E9 2.0E9 -2.94967296E8 2.05032704E8 2.05032704E8 7.05032704E8 1.205032704E9 1.705032704E9 -2.089934592E9 -1.589934592E9 -1.089934592E9 -8.9934592E7 9.10065408E8 1.410065408E9 1.410065408E9 1.410065408E9 1.910065408E9 1.910065408E9
39 1.5E9 1.5E9 1.5E9 1.5E9 -1.294967296E9 -2.94967296E8 2.05032704E8 2.05032704E8 2.05032704E8 7.05032704E8 1.205032704E9 1.205032704E9 1.705032704E9 -2.089934592E9 -2.089934592E9 -2.089934592E9 -2.089934592E9 -1.589934592E9 -1.589934592E9 -5.89934592E8
40 1.0E9 1.5E9 -1.294967296E9 -7.94967296E8 -2.94967296E8 -2.94967296E8 -2.94967296E8 -2.94967296E8 -2.94967296E8 -2.94967296E8 -2.94967296E8 2.05032704E8 7.05032704E8 7.05032704E8 1.205032704E9 1.205032704E9 1.705032704E9 -1.589934592E9 -1.089934592E9 -5.89934592E8
41 1.0E9 1.5E9 2.0E9 -1.294967296E9 -1.294967296E9 -7.94967296E8 2.05032704E8 1.205032704E9 1.205032704E9 1.705032704E9 1.705032704E9 1.705032704E9 -1.589934592E9 -1.589934592E9 -1.089934592E9 -8.9934592E7 -8.9934592E7 4.10065408E8 4.10065408E8 4.10065408E8
42 0.0 5.0E8 5.0E8 2.0E9 2.0E9 2.0E9 2.0E9 -1.794967296E9 -1.294967296E9 -1.294967296E9 -2.94967296E8 2.05032704E8 2.05032704E8 7.05032704E8 1.205032704E9 1.205032704E9 1.705032704E9 -1.589934592E9 -1.089934592E9 -5.89934592E8
43 5.0E8 5.0E8 1.0E9 1.0E9 1.0E9 1.0E9 1.5E9 -1.794967296E9 -7.94967296E8 -7.94967296E8 -2.94967296E8 -2.94967296E8 -2.94967296E8 2.05032704E8 7.05032704E8 1.205032704E9 -1.589934592E9 -1.089934592E9 -1.089934592E9 -8.9934592E7
44 0.0 0.0 0.0 0.0 0.0 5.0E8 1.0E9 1.0E9 1.5E9 1.5E9 2.0E9 -1.794967296E9 2.05032704E8 7.05032704E8 1.705032704E9 -2.089934592E9 -1.589934592E9 -1.589934592E9 -1.589934592E9 -1.089934592E9
45 5.0E8 5.0E8 1.0E9 1.5E9 1.5E9 -1.294967296E9 -1.294967296E9 -1.294967296E9 -1.294967296E9 -1.294967296E9 -1.294967296E9 -1.294967296E9 -7.94967296E8 -2.94967296E8 -2.94967296E8 2.05032704E8 2.05032704E8 7.05032704E8 1.205032704E9 -2.089934592E9
46 1.0E9 1.0E9 2.0E9 2.0E9 2.0E9 -1.794967296E9 -1.794967296E9 -1.794967296E9 -1.294967296E9 -7.94967296E8 -7.94967296E8 -7.94967296E8 -7.94967296E8 2.05032704E8 1.205032704E9 1.205032704E9 1.705032704E9 -2.089934592E9 -2.089934592E9 -2.089934592E9
47 0.0 0.0 1.0E9 1.0E9 1.0E9 1.0E9 2.0E9 -1.794967296E9 -1.794967296E9 -2.089934592E9 -2.089934592E9 -1.589934592E9 -1.589934592E9 -1.089934592E9 -1.089934592E9 -5.89934592E8 -8.9934592E7 -8.9934592E7 4.10065408E8 4.10065408E8
48 0.0 0.0 5.0E8 1.0E9 1.0E9 1.5E9 2.0E9 2.0E9 2.0E9 -1.794967296E9 -1.794967296E9 -1.794967296E9 -1.794967296E9 -1.294967296E9 -1.294967296E9 -1.294967296E9 -7.94967296E8 -2.94967296E8 -2.94967296E8 2.05032704E8
49 0.0 5.0E8 1.0E9 1.0E9 1.0E9 1.0E9 1.5E9 1.5E9 1.5E9 2.0E9 2.0E9 -1.794967296E9 -2.94967296E8 7.05032704E8 1.205032704E9 -2.089934592E9 -1.589934592E9 -1.089934592E9 -1.089934592E9 -5.89934592E8
50 0.0 1.5E9 2.0E9 -7.94967296E8 -7.94967296E8 -2.94967296E8 1.205032704E9 1.205032704E9 1.705032704E9 -2.089934592E9 -1.589934592E9 -1.089934592E9 -5.89934592E8 -5.89934592E8 -8.9934592E7 -8.9934592E7 -8.9934592E7 4.10065408E8 9.10065408E8 1.410065408E9
51 5.0E8 5.0E8 5.0E8 5.0E8 1.0E9 1.0E9 1.0E9 1.0E9 1.0E9 1.5E9 2.0E9 -1.794967296E9 -1.794967296E9 -1.794967296E9 -1.294967296E9 -1.294967296E9 -7.94967296E8 -2.94967296E8 2.05032704E8 2.05032704E8
