records: 20
      Record Time
Host  UsedBuffer

  49376.0 98752.0 148128.0 197504.0 246880.0 296256.0 345632.0 395008.0 444384.0 493760.0 543136.0 592512.0 641888.0 691264.0 740640.0 790016.0 839392.0 888768.0 938144.0 987520.0
0 0.0 1.0E9 1.0E9 1.25E9 1.75E9 1.75E9 -2.044967296E9 -1.794967296E9 -1.544967296E9 -1.544967296E9 -1.544967296E9 -1.544967296E9 -1.294967296E9 -7.94967296E8 -2.94967296E8 -2.94967296E8 -2.94967296E8 -2.94967296E8 -4.4967296E7 2.05032704E8
1 0.0 0.0 2.5E8 2.5E8 2.5E8 2.5E8 5.0E8 7.5E8 1.0E9 1.0E9 1.0E9 1.25E9 1.5E9 1.75E9 1.75E9 1.75E9 -2.044967296E9 -2.044967296E9 -1.044967296E9 -7.94967296E8
2 -2.044967296E9 -1.794967296E9 1.660065408E9 2.115098112E9 3.20130816E8 1.390261632E9 3.45294336E8 1.30032704E9 9.60392448E8 -1.629542144E9 -1.014444032E9 -2.64444032E8 -1.04378624E8 -1.04378624E8 1.85065408E9 -4.44313216E8 -1.489280512E9 -1.669149696E9 -1.669149696E9 -1.714116992E9
3 0.0 0.0 2.5E8 5.0E8 5.0E8 5.0E8 5.0E8 5.0E8 5.0E8 7.5E8 7.5E8 1.25E9 1.5E9 1.75E9 2.0E9 -2.044967296E9 -1.794967296E9 -1.794967296E9 -1.794967296E9 -1.794967296E9
4 1.25E9 1.25E9 -1.884901888E9 -1.634901888E9 -8.84901888E8 8.90261632E8 2.140261632E9 -1.904705664E9 9.60392448E8 6.65425152E8 -1.514444032E9 -1.264444032E9 -1.89934592E9 -1.64934592E9 -1.14934592E9 -8.9934592E8 -8.9934592E8 1.8758176E9 -1.919149696E9 -1.419149696E9
5 2.5E8 7.5E8 1.0E9 1.25E9 1.5E9 1.75E9 1.75E9 1.75E9 2.0E9 2.0E9 2.0E9 2.0E9 -1.794967296E9 -1.294967296E9 -1.044967296E9 -1.044967296E9 -7.94967296E8 -4.4967296E7 -4.4967296E7 2.05032704E8
6 2.0E9 -1.794967296E9 1.660065408E9 1.115098112E9 -6.79869184E8 1.140261632E9 8.45294336E8 2.05032704E9 -1.584574848E9 -1.29542144E8 -2.014444032E9 -1.514444032E9 3.95621376E8 3.95621376E8 -1.694313216E9 -1.194313216E9 5.5686784E7 -1.669149696E9 -1.669149696E9 -1.669149696E9
7 2.5E8 7.5E8 1.0E9 1.0E9 1.25E9 1.5E9 2.0E9 -2.044967296E9 -2.044967296E9 -1.294967296E9 -1.294967296E9 -1.294967296E9 -1.044967296E9 -7.94967296E8 -7.94967296E8 -5.44967296E8 -2.94967296E8 -2.94967296E8 2.05032704E8 2.05032704E8
8 1.0E9 1.25E9 1.5E9 1.5E9 -1.294967296E9 9.80196224E8 -5.64771072E8 8.45294336E8 4.60392448E8 7.10392448E8 -1.514444032E9 -1.264444032E9 -1.809411328E9 -1.809411328E9 -1.809411328E9 -1.559411328E9 -8.09411328E8 -5.59411328E8 -5.59411328E8 -3.09411328E8
9 0.0 2.5E8 2.5E8 5.0E8 5.0E8 7.5E8 7.5E8 7.5E8 1.0E9 1.0E9 1.25E9 1.25E9 1.75E9 1.75E9 1.75E9 1.75E9 1.75E9 2.0E9 2.0E9 -2.044967296E9
10 0.0 2.5E8 2.5E8 2.5E8 2.5E8 5.0E8 7.5E8 7.5E8 1.25E9 1.25E9 1.25E9 1.25E9 1.5E9 1.75E9 2.0E9 2.0E9 2.0E9 -2.044967296E9 -1.794967296E9 -1.544967296E9
11 1.75E9 -2.044967296E9 -2.044967296E9 -2.044967296E9 -2.044967296E9 -2.044967296E9 -1.794967296E9 -1.269803776E9 -5.19803776E8 2.30196224E8 1.780523264E9 -2.014444032E9 -1.89934592E9 -1.89934592E9 -1.694313216E9 -1.444313216E9 -1.194313216E9 -1.919149696E9 -1.919149696E9 -1.919149696E9
12 0.0 2.5E8 2.5E8 2.5E8 2.5E8 2.5E8 5.0E8 7.5E8 1.0E9 1.0E9 1.0E9 1.5E9 2.0E9 -2.044967296E9 -2.044967296E9 -1.294967296E9 -1.044967296E9 -1.044967296E9 -7.94967296E8 -5.44967296E8
13 2.5E8 2.5E8 5.0E8 7.5E8 7.5E8 7.5E8 7.5E8 1.0E9 1.0E9 1.0E9 1.0E9 1.0E9 1.0E9 1.0E9 1.0E9 1.25E9 1.5E9 1.75E9 -1.294967296E9 -7.94967296E8
14 1.0E9 1.25E9 -1.339934592E9 -1.089934592E9 -3.39934592E8 1.640261632E9 -4.04705664E8 5.5032704E8 1.460392448E9 -2.129542144E9 -1.719476736E9 -1.719476736E9 6.45621376E8 8.95621376E8 1.145621376E9 1.645621376E9 -1.39934592E9 -1.241824E8 -1.241824E8 1.258176E8
15 1.5E9 1.5E9 9.55032704E8 1.365098112E9 -1.79869184E8 1.140261632E9 3.45294336E8 2.05032704E9 1.460392448E9 1.665425152E9 -2.014444032E9 -1.764444032E9 1.45621376E8 1.45621376E8 1.10065408E9 1.10065408E9 1.10065408E9 1.70784896E8 1.70784896E8 1.70784896E8
16 1.75E9 1.75E9 1.75E9 1.75E9 1.75E9 3.65098112E8 8.65098112E8 1.365098112E9 -2.084574848E9 -1.129542144E9 -4.69476736E8 -2.19476736E8 -8.9934592E8 -6.4934592E8 -1.444313216E9 -9.44313216E8 -4.44313216E8 -9.19149696E8 8.0850304E7 3.5883008E7
17 1.0E9 -1.794967296E9 -8.39934592E8 -5.89934592E8 4.10065408E8 6.40261632E8 -6.54705664E8 -1.54705664E8 1.710392448E9 1.710392448E9 -9.69476736E8 -9.69476736E8 -8.9934592E8 -3.9934592E8 -1.194313216E9 -6.94313216E8 -6.94313216E8 -1.419149696E9 5.80850304E8 3.5883008E7
18 0.0 2.5E8 2.5E8 5.0E8 7.5E8 1.25E9 1.25E9 1.25E9 1.25E9 2.0E9 2.0E9 2.0E9 2.0E9 2.0E9 -2.044967296E9 -1.794967296E9 -1.544967296E9 -1.044967296E9 -1.044967296E9 -1.044967296E9
19 1.25E9 1.25E9 4.55032704E8 1.205032704E9 -1.79869184E8 -1.09738368E8 -1.154705664E9 -1.19967296E9 7.10392448E8 1.210392448E9 -1.764444032E9 -1.264444032E9 1.145621376E9 1.145621376E9 1.60065408E9 1.60065408E9 -1.444313216E9 2.1258176E9 -1.169149696E9 -9.64116992E8
20 0.0 2.5E8 5.0E8 7.5E8 7.5E8 7.5E8 1.0E9 1.0E9 1.0E9 1.0E9 1.25E9 1.25E9 1.25E9 1.25E9 1.25E9 1.25E9 1.5E9 2.0E9 2.0E9 2.0E9
21 2.5E8 7.5E8 7.5E8 7.5E8 7.5E8 7.5E8 1.25E9 1.75E9 2.0E9 2.0E9 -1.794967296E9 -1.794967296E9 -1.544967296E9 -1.544967296E9 -1.544967296E9 -1.294967296E9 -1.044967296E9 -7.94967296E8 -5.44967296E8 -5.44967296E8
22 2.5E8 2.5E8 5.0E8 5.0E8 1.25E9 1.5E9 1.5E9 1.75E9 1.75E9 2.0E9 -2.044967296E9 -2.044967296E9 -1.794967296E9 -1.794967296E9 -1.794967296E9 -1.794967296E9 -1.794967296E9 -1.794967296E9 -1.544967296E9 -1.544967296E9
23 1.0E9 1.75E9 -1.794967296E9 -1.294967296E9 -7.94967296E8 1.660065408E9 -3.84901888E8 1.02516352E9 1.02516352E9 1.02516352E9 1.02516352E9 1.27516352E9 1.27516352E9 1.27516352E9 1.52516352E9 1.52516352E9 1.77516352E9 -5.19803776E8 -2.69803776E8 2.30196224E8
24 1.25E9 1.25E9 6.60065408E8 1.865098112E9 -1.79869184E8 6.40261632E8 9.5294336E7 -1.994640256E9 -2.084574848E9 -8.79542144E8 8.2549056E8 8.2549056E8 1.45621376E8 3.95621376E8 1.35065408E9 1.35065408E9 -2.034247808E9 1.3758176E9 1.8758176E9 -2.009084288E9
25 1.25E9 1.75E9 -2.044967296E9 -1.794967296E9 1.660065408E9 1.660065408E9 -3.84901888E8 1.52516352E9 -1.769803776E9 -1.769803776E9 -1.519803776E9 -1.519803776E9 -1.519803776E9 -1.269803776E9 -1.269803776E9 -1.269803776E9 -1.269803776E9 -1.9803776E7 4.80196224E8 4.80196224E8
26 0.0 5.0E8 5.0E8 1.0E9 1.5E9 1.75E9 2.0E9 -2.044967296E9 -1.544967296E9 -1.544967296E9 -7.94967296E8 -7.94967296E8 -5.44967296E8 -5.44967296E8 -2.94967296E8 2.05032704E8 4.55032704E8 4.55032704E8 4.55032704E8 7.05032704E8
27 2.5E8 2.5E8 2.5E8 5.0E8 5.0E8 7.5E8 7.5E8 7.5E8 1.25E9 1.25E9 1.25E9 1.75E9 1.75E9 -1.794967296E9 -1.544967296E9 -7.94967296E8 -5.44967296E8 -2.94967296E8 -4.4967296E7 -4.4967296E7
28 1.5E9 1.75E9 -1.339934592E9 -3.39934592E8 -3.39934592E8 4.80196224E8 7.30196224E8 -1.09738368E8 3.90261632E8 -4.04705664E8 -1.764444032E9 -1.514444032E9 3.95621376E8 8.95621376E8 -1.944313216E9 -1.194313216E9 -1.194313216E9 1.6258176E9 2.1258176E9 -1.669149696E9
29 1.5E9 2.0E9 -3.39934592E8 -3.39934592E8 1.660065408E9 -7.2483648E8 1.140261632E9 1.140261632E9 9.60392448E8 9.60392448E8 -9.69476736E8 -9.69476736E8 1.45621376E8 1.45621376E8 2.10065408E9 2.10065408E9 2.010719488E9 -3.29215104E8 1.670784896E9 -1.509084288E9
30 1.0E9 1.5E9 1.5E9 1.75E9 -2.044967296E9 -1.544967296E9 -1.044967296E9 -1.044967296E9 7.05032704E8 9.55032704E8 -3.84901888E8 1.15098112E8 1.15098112E8 1.15098112E8 3.65098112E8 6.15098112E8 6.15098112E8 -1.179869184E9 -1.179869184E9 -1.179869184E9
31 7.5E8 7.5E8 1.25E9 1.5E9 2.0E9 2.0E9 2.0E9 -2.044967296E9 -1.794967296E9 -1.544967296E9 -7.94967296E8 -5.44967296E8 -5.44967296E8 -2.94967296E8 -2.94967296E8 -2.94967296E8 -4.4967296E7 2.05032704E8 2.05032704E8 2.05032704E8
32 5.0E8 5.0E8 5.0E8 1.0E9 1.5E9 1.75E9 1.75E9 2.0E9 -2.044967296E9 -1.794967296E9 -1.294967296E9 -1.044967296E9 -1.044967296E9 -4.4967296E7 -4.4967296E7 2.05032704E8 4.55032704E8 9.55032704E8 1.205032704E9 1.455032704E9
33 1.75E9 2.0E9 -1.634901888E9 -1.929869184E9 5.70130816E8 -1.654705664E9 1.345294336E9 -1.494640256E9 1.65425152E8 1.20457856E8 -1.514444032E9 -1.264444032E9 8.95621376E8 8.95621376E8 5.5686784E7 1.055686784E9 -7.84247808E8 -9.19149696E8 -9.19149696E8 -7.59084288E8
34 2.5E8 2.5E8 7.5E8 1.25E9 1.25E9 1.25E9 1.25E9 1.25E9 1.25E9 1.25E9 1.25E9 1.5E9 1.5E9 1.5E9 1.5E9 1.75E9 1.75E9 -2.044967296E9 -1.794967296E9 -1.794967296E9
35 7.5E8 7.5E8 7.5E8 1.0E9 1.25E9 1.25E9 1.5E9 2.0E9 -2.044967296E9 -1.544967296E9 -1.544967296E9 -1.294967296E9 -1.294967296E9 -7.94967296E8 -5.44967296E8 -5.44967296E8 -2.94967296E8 -2.94967296E8 -4.4967296E7 2.05032704E8
36 2.5E8 2.5E8 7.5E8 7.5E8 1.0E9 1.25E9 1.75E9 2.0E9 2.0E9 -2.044967296E9 -2.044967296E9 -1.544967296E9 -1.544967296E9 -1.294967296E9 -1.044967296E9 -1.044967296E9 -7.94967296E8 -7.94967296E8 -7.94967296E8 -7.94967296E8
37 5.0E8 5.0E8 5.0E8 5.0E8 7.5E8 1.0E9 1.0E9 1.5E9 2.0E9 -1.544967296E9 -1.044967296E9 -5.44967296E8 -2.94967296E8 -4.4967296E7 2.05032704E8 7.05032704E8 1.205032704E9 1.205032704E9 1.205032704E9 1.205032704E9
38 0.0 7.5E8 7.5E8 1.0E9 2.0E9 -2.044967296E9 -2.044967296E9 -1.794967296E9 -1.544967296E9 -1.294967296E9 -1.044967296E9 -7.94967296E8 -5.44967296E8 -4.4967296E7 4.55032704E8 7.05032704E8 7.05032704E8 7.05032704E8 9.55032704E8 9.55032704E8
39 7.5E8 7.5E8 7.5E8 7.5E8 1.5E9 2.0E9 -2.044967296E9 -2.044967296E9 -2.044967296E9 -1.794967296E9 -1.544967296E9 -1.544967296E9 -1.294967296E9 -1.044967296E9 -1.044967296E9 -1.044967296E9 -1.044967296E9 -7.94967296E8 -7.94967296E8 -2.94967296E8
40 5.0E8 7.5E8 1.5E9 1.75E9 2.0E9 2.0E9 2.0E9 2.0E9 2.0E9 2.0E9 2.0E9 -2.044967296E9 -1.794967296E9 -1.794967296E9 -1.544967296E9 -1.544967296E9 -1.294967296E9 -7.94967296E8 -5.44967296E8 -2.94967296E8
41 5.0E8 7.5E8 1.0E9 1.5E9 1.5E9 1.75E9 -2.044967296E9 -1.544967296E9 -1.544967296E9 -1.294967296E9 -1.294967296E9 -1.294967296E9 -7.94967296E8 -7.94967296E8 -5.44967296E8 -4.4967296E7 -4.4967296E7 2.05032704E8 2.05032704E8 2.05032704E8
42 0.0 2.5E8 2.5E8 1.0E9 1.0E9 1.0E9 1.0E9 1.25E9 1.5E9 1.5E9 2.0E9 -2.044967296E9 -2.044967296E9 -1.794967296E9 -1.544967296E9 -1.544967296E9 -1.294967296E9 -7.94967296E8 -5.44967296E8 -2.94967296E8
43 2.5E8 2.5E8 5.0E8 5.0E8 5.0E8 5.0E8 7.5E8 1.25E9 1.75E9 1.75E9 2.0E9 2.0E9 2.0E9 -2.044967296E9 -1.794967296E9 -1.544967296E9 -7.94967296E8 -5.44967296E8 -5.44967296E8 -4.4967296E7
44 0.0 0.0 0.0 0.0 0.0 2.5E8 5.0E8 5.0E8 7.5E8 7.5E8 1.0E9 1.25E9 -2.044967296E9 -1.794967296E9 -1.294967296E9 -1.044967296E9 -7.94967296E8 -7.94967296E8 -7.94967296E8 -5.44967296E8
45 2.5E8 2.5E8 5.0E8 7.5E8 7.5E8 1.5E9 1.5E9 1.5E9 1.5E9 1.5E9 1.5E9 1.5E9 1.75E9 2.0E9 2.0E9 -2.044967296E9 -2.044967296E9 -1.794967296E9 -1.544967296E9 -1.044967296E9
46 5.0E8 5.0E8 1.0E9 1.0E9 1.0E9 1.25E9 1.25E9 1.25E9 1.5E9 1.75E9 1.75E9 1.75E9 1.75E9 -2.044967296E9 -1.544967296E9 -1.544967296E9 -1.294967296E9 -1.044967296E9 -1.044967296E9 -1.044967296E9
47 0.0 0.0 5.0E8 5.0E8 5.0E8 5.0E8 1.0E9 1.25E9 1.25E9 1.25E9 1.25E9 1.5E9 1.5E9 1.75E9 1.75E9 2.0E9 -2.044967296E9 -2.044967296E9 -1.794967296E9 -1.794967296E9
48 0.0 0.0 2.5E8 5.0E8 5.0E8 7.5E8 1.0E9 1.0E9 1.0E9 1.25E9 1.25E9 1.25E9 1.25E9 1.5E9 1.5E9 1.5E9 1.75E9 2.0E9 2.0E9 -2.044967296E9
49 0.0 2.5E8 5.0E8 5.0E8 5.0E8 5.0E8 7.5E8 7.5E8 7.5E8 1.0E9 1.0E9 1.25E9 2.0E9 -1.794967296E9 -1.544967296E9 -1.044967296E9 -7.94967296E8 -5.44967296E8 -5.44967296E8 -2.94967296E8
50 0.0 7.5E8 1.0E9 1.75E9 1.75E9 2.0E9 -1.544967296E9 -1.544967296E9 -1.294967296E9 -1.044967296E9 -7.94967296E8 -5.44967296E8 -2.94967296E8 -2.94967296E8 -4.4967296E7 -4.4967296E7 -4.4967296E7 2.05032704E8 4.55032704E8 7.05032704E8
51 1.25E9 1.25E9 1.25E9 1.25E9 1.5E9 4.55032704E8 4.55032704E8 4.55032704E8 4.55032704E8 -1.589934592E9 -1.339934592E9 -1.089934592E9 9.10065408E8 9.10065408E8 1.160065408E9 1.160065408E9 1.410065408E9 6.15098112E8 8.65098112E8 8.65098112E8
