records: 20
      Record Time
Host  UsedBuffer

  49376.0 98752.0 148128.0 197504.0 246880.0 296256.0 345632.0 395008.0 444384.0 493760.0 543136.0 592512.0 641888.0 691264.0 740640.0 790016.0 839392.0 888768.0 938144.0 987520.0
0 0.0 4.0E8 4.0E8 5.0E8 7.0E8 7.0E8 9.0E8 1.0E9 1.1E9 1.1E9 1.1E9 1.1E9 1.2E9 1.4E9 1.6E9 1.6E9 1.6E9 1.6E9 1.7E9 1.8E9
1 0.0 0.0 1.0E8 1.0E8 1.0E8 1.0E8 2.0E8 3.0E8 4.0E8 4.0E8 4.0E8 5.0E8 6.0E8 7.0E8 7.0E8 7.0E8 9.0E8 9.0E8 1.3E9 1.4E9
2 8.0E8 9.0E8 4.05032704E8 -2.089934592E9 -1.489934592E9 5.15098112E8 1.915098112E9 2.0130816E7 8.2516352E8 -1.269803776E9 5.35228928E8 8.35228928E8 1.40261632E8 1.40261632E8 1.45294336E8 9.45294336E8 2.145294336E9 -1.544640256E9 -1.444640256E9 -2.039607552E9
3 0.0 0.0 1.0E8 2.0E8 2.0E8 2.0E8 2.0E8 2.0E8 2.0E8 3.0E8 3.0E8 5.0E8 6.0E8 7.0E8 8.0E8 9.0E8 1.0E9 1.0E9 1.0E9 1.0E9
4 3.0E8 7.0E8 6.05032704E8 7.05032704E8 1.005032704E9 4.15098112E8 9.15098112E8 1.015098112E9 8.2516352E8 1.92516352E9 1.35228928E8 2.35228928E8 1.040261632E9 1.140261632E9 1.340261632E9 1.440261632E9 1.440261632E9 -1.244640256E9 -1.044640256E9 -8.44640256E8
5 1.0E8 3.0E8 4.0E8 5.0E8 6.0E8 7.0E8 7.0E8 7.0E8 8.0E8 8.0E8 8.0E8 8.0E8 1.0E9 1.2E9 1.3E9 1.3E9 1.4E9 1.7E9 1.7E9 1.8E9
6 1.0E8 3.0E8 4.0E8 5.0E8 5.0E8 6.0E8 7.0E8 8.0E8 8.0E8 1.0E9 1.3E9 1.5E9 1.6E9 1.6E9 1.6E9 1.8E9 1.8E9 1.9E9 1.9E9 1.9E9
7 1.0E8 3.0E8 -8.94967296E8 -8.94967296E8 -1.789934592E9 -7.84901888E8 -5.84901888E8 4.20130816E8 4.20130816E8 7.20130816E8 -2.69803776E8 -2.69803776E8 5.30196224E8 6.30196224E8 6.30196224E8 7.30196224E8 8.30196224E8 9.5032704E8 1.15032704E9 1.15032704E9
8 2.0E8 3.0E8 4.0E8 4.0E8 1.0E9 -3.84901888E8 1.615098112E9 -1.879869184E9 2.2516352E8 3.2516352E8 2.35228928E8 3.35228928E8 1.140261632E9 1.140261632E9 1.140261632E9 1.240261632E9 1.540261632E9 1.640261632E9 1.640261632E9 1.740261632E9
9 1.0E8 2.0E8 -1.394967296E9 -1.294967296E9 -1.094967296E9 -1.284901888E9 1.715098112E9 1.815098112E9 5.20130816E8 5.20130816E8 -6.9803776E7 -6.9803776E7 4.0261632E7 4.0261632E7 4.0261632E7 4.0261632E7 4.0261632E7 1.40261632E8 1.40261632E8 2.40261632E8
10 0.0 1.0E8 1.0E8 1.0E8 1.0E8 2.0E8 3.0E8 3.0E8 5.0E8 5.0E8 5.0E8 5.0E8 6.0E8 7.0E8 8.0E8 8.0E8 8.0E8 9.0E8 1.0E9 1.1E9
11 0.0 2.0E8 2.0E8 2.0E8 2.0E8 2.0E8 3.0E8 6.0E8 9.0E8 1.2E9 1.3E9 1.5E9 1.5E9 1.5E9 1.6E9 1.7E9 1.8E9 1.8E9 1.8E9 1.8E9
12 0.0 1.0E8 1.0E8 1.0E8 1.0E8 1.0E8 2.0E8 3.0E8 4.0E8 4.0E8 4.0E8 6.0E8 8.0E8 9.0E8 9.0E8 1.2E9 1.3E9 1.3E9 1.4E9 1.5E9
13 2.0E8 2.0E8 -1.394967296E9 -1.294967296E9 -1.294967296E9 7.15098112E8 1.815098112E9 -6.79869184E8 1.12516352E9 1.12516352E9 -6.9803776E7 -6.9803776E7 1.240261632E9 1.240261632E9 1.45294336E8 2.45294336E8 8.45294336E8 -1.644640256E9 -5.44640256E8 1.755359744E9
14 1.0E8 2.0E8 -1.494967296E9 -1.394967296E9 -1.094967296E9 7.15098112E8 1.915098112E9 -2.79869184E8 1.32516352E9 -1.869803776E9 1.30196224E8 1.30196224E8 6.40261632E8 7.40261632E8 8.40261632E8 1.040261632E9 1.540261632E9 -1.644640256E9 -1.644640256E9 -1.544640256E9
15 2.0E8 2.0E8 2.0E8 2.0E8 2.0E8 4.0E8 6.0E8 7.0E8 9.0E8 9.0E8 9.0E8 1.0E9 1.1E9 1.1E9 1.1E9 1.1E9 1.1E9 1.1E9 1.1E9 1.1E9
16 1.0E8 1.0E8 1.0E8 1.0E8 1.0E8 1.0E8 3.0E8 5.0E8 6.0E8 6.0E8 7.0E8 8.0E8 1.0E9 1.1E9 1.4E9 1.6E9 1.8E9 2.0E9 -1.994967296E9 -1.894967296E9
17 2.0E8 1.2E9 -1.194967296E9 -1.094967296E9 -6.94967296E8 3.15098112E8 1.615098112E9 1.815098112E9 1.22516352E9 1.22516352E9 3.0196224E7 3.0196224E7 1.540261632E9 1.740261632E9 9.45294336E8 1.145294336E9 1.145294336E9 -7.44640256E8 3.55359744E8 -1.739607552E9
18 0.0 1.0E8 1.0E8 2.0E8 3.0E8 5.0E8 5.0E8 5.0E8 5.0E8 8.0E8 8.0E8 8.0E8 8.0E8 8.0E8 9.0E8 1.0E9 1.1E9 1.3E9 1.3E9 1.3E9
19 2.0E8 2.0E8 -1.394967296E9 -1.194967296E9 -1.689934592E9 2.15098112E8 1.715098112E9 2.115098112E9 9.2516352E8 1.12516352E9 1.35228928E8 3.35228928E8 1.040261632E9 1.040261632E9 4.5294336E7 4.5294336E7 5.45294336E8 -1.044640256E9 -1.44640256E8 -2.039607552E9
20 4.0E8 5.0E8 2.05032704E8 -1.989934592E9 -1.589934592E9 7.15098112E8 -1.979869184E9 7.20130816E8 1.32516352E9 -1.769803776E9 3.35228928E8 3.35228928E8 1.240261632E9 1.240261632E9 6.45294336E8 1.445294336E9 -1.74967296E9 -1.344640256E9 -1.244640256E9 -1.939607552E9
21 1.0E8 3.0E8 3.0E8 3.0E8 3.0E8 3.0E8 5.0E8 7.0E8 8.0E8 8.0E8 1.0E9 1.0E9 1.1E9 1.1E9 1.1E9 1.2E9 1.3E9 1.4E9 1.5E9 1.5E9
22 1.0E8 1.0E8 2.0E8 2.0E8 5.0E8 6.0E8 6.0E8 7.0E8 7.0E8 8.0E8 9.0E8 9.0E8 1.0E9 1.0E9 1.0E9 1.0E9 1.0E9 1.0E9 1.1E9 1.1E9
23 1.0E8 4.0E8 7.0E8 9.0E8 1.1E9 1.9E9 -1.494967296E9 -1.184901888E9 -1.184901888E9 -1.184901888E9 -1.184901888E9 -1.084901888E9 -1.084901888E9 -1.084901888E9 -9.84901888E8 -9.84901888E8 -8.84901888E8 -8.4901888E7 1.5098112E7 2.15098112E8
24 0.0 0.0 0.0 0.0 1.0E8 1.0E8 4.0E8 4.0E8 5.0E8 7.0E8 8.0E8 8.0E8 9.0E8 1.0E9 1.2E9 1.2E9 1.2E9 1.2E9 1.4E9 1.6E9
25 2.0E8 4.0E8 6.0E8 7.0E8 1.4E9 1.8E9 -1.594967296E9 -9.84901888E8 -5.84901888E8 -5.84901888E8 -4.84901888E8 -4.84901888E8 -4.84901888E8 -3.84901888E8 -3.84901888E8 -3.84901888E8 -3.84901888E8 1.15098112E8 3.15098112E8 3.15098112E8
26 0.0 2.0E8 2.0E8 2.005032704E9 -1.789934592E9 5.15098112E8 2.015098112E9 3.20130816E8 1.12516352E9 1.82516352E9 -1.464771072E9 -1.464771072E9 -5.9738368E7 -5.9738368E7 4.45294336E8 6.45294336E8 -1.74967296E9 1.15032704E9 1.15032704E9 2.055359744E9
27 7.0E8 7.0E8 1.05032704E8 2.105032704E9 -1.889934592E9 -1.284901888E9 2.115098112E9 4.20130816E8 6.20130816E8 -8.69803776E8 1.35228928E8 3.35228928E8 1.40261632E8 4.40261632E8 -9.54705664E8 9.45294336E8 2.045294336E9 -1.644640256E9 -1.344640256E9 2.055359744E9
28 1.0E8 1.0E8 2.0E8 4.0E8 4.0E8 6.0E8 6.0E8 7.0E8 8.0E8 1.0E9 1.1E9 1.2E9 1.2E9 1.3E9 1.4E9 1.7E9 1.7E9 1.7E9 1.9E9 2.1E9
29 0.0 2.0E8 5.0E8 5.0E8 6.0E8 7.0E8 7.0E8 7.0E8 8.0E8 8.0E8 9.0E8 9.0E8 1.0E9 1.0E9 1.2E9 1.2E9 1.3E9 1.4E9 1.5E9 1.5E9
30 1.0E8 1.0E8 1.0E8 2.0E8 4.0E8 6.0E8 8.0E8 8.0E8 1.1E9 1.2E9 1.5E9 1.7E9 1.7E9 1.7E9 1.8E9 1.9E9 1.9E9 2.0E9 2.0E9 2.0E9
31 9.0E8 9.0E8 1.05032704E8 2.105032704E9 -1.689934592E9 4.15098112E8 2.015098112E9 3.20130816E8 8.2516352E8 -1.469803776E9 3.5228928E7 1.35228928E8 -4.59738368E8 -3.59738368E8 -1.754705664E9 5.45294336E8 1.845294336E9 -2.144640256E9 -2.144640256E9 1.555359744E9
32 3.0E8 7.0E8 1.05032704E8 3.05032704E8 7.05032704E8 -2.84901888E8 -2.84901888E8 1.5098112E7 1.22516352E9 -1.969803776E9 3.30196224E8 4.30196224E8 1.440261632E9 1.840261632E9 4.45294336E8 5.45294336E8 -2.04967296E9 -9.44640256E8 -8.44640256E8 -2.039607552E9
33 6.0E8 7.0E8 7.05032704E8 -1.989934592E9 -1.389934592E9 1.015098112E9 -1.979869184E9 6.20130816E8 1.32516352E9 -5.69803776E8 -1.164771072E9 -1.064771072E9 3.40261632E8 3.40261632E8 9.45294336E8 1.345294336E9 -1.44967296E9 -1.244640256E9 -1.244640256E9 -1.839607552E9
34 1.0E8 1.0E8 3.0E8 5.0E8 5.0E8 5.0E8 5.0E8 5.0E8 5.0E8 5.0E8 5.0E8 6.0E8 6.0E8 6.0E8 6.0E8 7.0E8 7.0E8 9.0E8 1.0E9 1.0E9
35 3.0E8 3.0E8 3.0E8 4.0E8 5.0E8 5.0E8 6.0E8 8.0E8 9.0E8 1.1E9 1.1E9 1.2E9 1.2E9 1.4E9 1.5E9 1.5E9 1.6E9 1.6E9 1.7E9 1.8E9
36 1.0E8 1.0E8 3.0E8 3.0E8 4.0E8 5.0E8 7.0E8 8.0E8 8.0E8 9.0E8 9.0E8 1.1E9 1.1E9 1.2E9 1.3E9 1.3E9 1.4E9 1.4E9 1.4E9 1.4E9
37 2.0E8 2.0E8 2.0E8 2.0E8 3.0E8 4.0E8 4.0E8 6.0E8 8.0E8 1.1E9 1.3E9 1.5E9 1.6E9 1.7E9 1.8E9 2.0E9 -2.094967296E9 -2.094967296E9 -2.094967296E9 -2.094967296E9
38 0.0 3.0E8 3.0E8 4.0E8 8.0E8 9.0E8 9.0E8 1.0E9 1.1E9 1.2E9 1.3E9 1.4E9 1.5E9 1.7E9 1.9E9 2.0E9 2.0E9 2.0E9 2.1E9 2.1E9
39 3.0E8 3.0E8 3.0E8 3.0E8 6.0E8 8.0E8 9.0E8 9.0E8 9.0E8 1.0E9 1.1E9 1.1E9 1.2E9 1.3E9 1.3E9 1.3E9 1.3E9 1.4E9 1.4E9 1.6E9
40 2.0E8 3.0E8 6.0E8 7.0E8 8.0E8 8.0E8 8.0E8 8.0E8 8.0E8 8.0E8 8.0E8 9.0E8 1.0E9 1.0E9 1.1E9 1.1E9 1.2E9 1.4E9 1.5E9 1.6E9
41 2.0E8 3.0E8 4.0E8 6.0E8 6.0E8 7.0E8 9.0E8 1.1E9 1.1E9 1.2E9 1.2E9 1.2E9 1.4E9 1.4E9 1.5E9 1.7E9 1.7E9 1.8E9 1.8E9 1.8E9
42 0.0 1.0E8 1.0E8 4.0E8 4.0E8 4.0E8 4.0E8 5.0E8 6.0E8 6.0E8 8.0E8 9.0E8 9.0E8 1.0E9 1.1E9 1.1E9 1.2E9 1.4E9 1.5E9 1.6E9
43 1.0E8 1.0E8 2.0E8 2.0E8 2.0E8 2.0E8 3.0E8 5.0E8 7.0E8 7.0E8 8.0E8 8.0E8 8.0E8 9.0E8 1.0E9 1.1E9 1.4E9 1.5E9 1.5E9 1.7E9
44 0.0 0.0 0.0 0.0 0.0 1.0E8 2.0E8 2.0E8 3.0E8 3.0E8 4.0E8 5.0E8 7.10065408E8 8.10065408E8 1.010065408E9 1.110065408E9 1.210065408E9 1.210065408E9 1.210065408E9 1.310065408E9
45 1.0E8 1.0E8 2.0E8 3.0E8 3.0E8 6.0E8 6.0E8 6.0E8 6.0E8 6.0E8 6.0E8 6.0E8 7.0E8 8.0E8 8.0E8 9.0E8 9.0E8 1.0E9 1.1E9 1.3E9
46 2.0E8 2.0E8 4.0E8 4.0E8 4.0E8 5.0E8 5.0E8 5.0E8 6.0E8 7.0E8 7.0E8 7.0E8 7.0E8 9.0E8 1.1E9 1.1E9 1.2E9 1.3E9 1.3E9 1.3E9
47 0.0 0.0 2.0E8 2.0E8 2.0E8 2.0E8 4.0E8 5.0E8 5.0E8 5.0E8 5.0E8 6.0E8 6.0E8 7.0E8 7.0E8 8.0E8 9.0E8 9.0E8 1.0E9 1.0E9
48 0.0 0.0 1.0E8 2.0E8 2.0E8 3.0E8 4.0E8 4.0E8 4.0E8 5.0E8 5.0E8 5.0E8 5.0E8 6.0E8 6.0E8 6.0E8 7.0E8 8.0E8 8.0E8 9.0E8
49 0.0 1.0E8 2.0E8 2.0E8 2.0E8 2.0E8 3.0E8 3.0E8 3.0E8 4.0E8 4.0E8 5.0E8 8.0E8 1.0E9 1.1E9 1.3E9 1.4E9 1.5E9 1.5E9 1.6E9
50 0.0 3.0E8 4.0E8 7.0E8 7.0E8 8.0E8 1.1E9 1.1E9 1.2E9 1.3E9 1.4E9 1.5E9 1.6E9 1.6E9 1.7E9 1.7E9 1.7E9 1.8E9 1.9E9 2.0E9
51 3.0E8 3.0E8 3.0E8 3.0E8 4.0E8 -3.94967296E8 -3.94967296E8 -3.94967296E8 -3.94967296E8 7.05032704E8 8.05032704E8 9.05032704E8 1.505032704E9 1.505032704E9 1.605032704E9 1.605032704E9 1.705032704E9 1.0065408E7 1.10065408E8 1.10065408E8
