records: 20
      Record Time
Host  UsedBuffer

  16870.0 33740.0 50610.0 67480.0 84350.0 101220.0 118090.0 134960.0 151830.0 168700.0 185570.0 202440.0 219310.0 236180.0 253050.0 269920.0 286790.0 303660.0 320530.0 337400.0
0 5.0E8 -2.044967296E9 -2.044967296E9 1.910065408E9 -1.929869184E9 -1.429869184E9 -1.179869184E9 -9.29869184E8 1.980196224E9 1.685228928E9 -1.859738368E9 -1.859738368E9 -1.359738368E9 -9.4967296E8 5.5032704E8 8.0032704E8 8.0032704E8 -1.994640256E9 -4.94640256E8 -1.289607552E9
1 0.0 2.5E8 2.5E8 5.0E8 5.0E8 7.5E8 7.5E8 7.5E8 7.5E8 7.5E8 1.0E9 1.0E9 1.0E9 1.0E9 1.0E9 1.0E9 1.0E9 1.0E9 1.0E9 1.0E9
2 0.0 0.0 0.0 0.0 0.0 5.0E8 5.0E8 7.5E8 7.5E8 7.5E8 7.5E8 1.0E9 1.0E9 1.0E9 1.0E9 1.25E9 1.5E9 1.5E9 1.5E9 1.5E9
3 0.0 0.0 0.0 0.0 0.0 0.0 2.5E8 2.5E8 2.5E8 2.5E8 2.5E8 2.5E8 2.5E8 2.5E8 2.5E8 5.0E8 5.0E8 5.0E8 5.0E8 5.0E8
4 2.5E8 2.5E8 2.5E8 2.5E8 2.5E8 5.0E8 5.0E8 5.0E8 5.0E8 5.0E8 7.5E8 7.5E8 7.5E8 7.5E8 1.0E9 1.0E9 1.0E9 1.25E9 1.5E9 1.5E9
5 0.0 0.0 0.0 0.0 0.0 0.0 5.0E8 5.0E8 5.0E8 5.0E8 7.5E8 1.0E9 1.0E9 1.25E9 1.25E9 1.5E9 1.5E9 1.75E9 1.75E9 1.75E9
6 0.0 0.0 0.0 0.0 0.0 0.0 0.0 0.0 2.5E8 5.0E8 5.0E8 5.0E8 5.0E8 5.0E8 5.0E8 5.0E8 5.0E8 5.0E8 5.0E8 5.0E8
7 0.0 2.0E9 -2.044967296E9 -2.134901888E9 -6.34901888E8 -6.34901888E8 -6.34901888E8 1.615098112E9 7.0130816E7 1.77516352E9 1.77516352E9 1.77516352E9 1.77516352E9 -7.69803776E8 6.85228928E8 9.35228928E8 1.185228928E9 1.185228928E9 -1.359738368E9 -1.44967296E9
8 0.0 0.0 2.5E8 1.0E9 -1.544967296E9 -1.544967296E9 -7.94967296E8 -7.94967296E8 -4.4967296E7 -1.564771072E9 -1.064771072E9 -8.14771072E8 -8.14771072E8 1.85228928E8 -3.59738368E8 -6.54705664E8 -6.54705664E8 -1.54705664E8 5.032704E7 5.032704E7
9 0.0 2.5E8 2.5E8 2.5E8 2.5E8 2.5E8 5.0E8 5.0E8 5.0E8 5.0E8 5.0E8 5.0E8 5.0E8 7.5E8 7.5E8 1.0E9 1.0E9 1.0E9 1.0E9 1.25E9
10 0.0 0.0 0.0 0.0 0.0 0.0 0.0 0.0 2.5E8 5.0E8 7.5E8 7.5E8 7.5E8 7.5E8 7.5E8 7.5E8 7.5E8 7.5E8 7.5E8 1.0E9
11 0.0 0.0 0.0 0.0 0.0 7.5E8 7.5E8 7.5E8 7.5E8 7.5E8 7.5E8 7.5E8 7.5E8 7.5E8 7.5E8 7.5E8 7.5E8 7.5E8 7.5E8 7.5E8
12 5.0E8 1.25E9 1.25E9 1.660065408E9 -1.929869184E9 -1.429869184E9 -6.79869184E8 7.0130816E7 -7.2483648E8 -1.064771072E9 -8.59738368E8 -3.59738368E8 -1.09738368E8 -1.404705664E9 1.095294336E9 -1.69967296E9 -9.4967296E8 -9.4967296E8 1.30032704E9 1.80032704E9
13 0.0 2.5E8 5.0E8 5.0E8 5.0E8 5.0E8 5.0E8 5.0E8 5.0E8 5.0E8 7.5E8 7.5E8 7.5E8 7.5E8 7.5E8 7.5E8 7.5E8 1.0E9 1.0E9 1.0E9
14 0.0 0.0 0.0 0.0 2.5E8 2.5E8 2.5E8 2.5E8 5.0E8 5.0E8 5.0E8 5.0E8 5.0E8 5.0E8 7.5E8 7.5E8 7.5E8 1.0E9 1.0E9 1.0E9
15 0.0 0.0 0.0 0.0 0.0 0.0 0.0 0.0 0.0 0.0 0.0 0.0 0.0 0.0 0.0 0.0 0.0 0.0 0.0 0.0
16 0.0 0.0 0.0 0.0 0.0 0.0 0.0 0.0 0.0 0.0 0.0 0.0 0.0 0.0 0.0 0.0 0.0 0.0 0.0 0.0
17 2.5E8 2.5E8 2.5E8 5.0E8 5.0E8 5.0E8 5.0E8 5.0E8 5.0E8 5.0E8 5.0E8 7.5E8 7.5E8 7.5E8 7.5E8 7.5E8 7.5E8 7.5E8 1.0E9 1.0E9
18 0.0 0.0 0.0 2.5E8 2.5E8 2.5E8 2.5E8 2.5E8 2.5E8 5.0E8 5.0E8 5.0E8 5.0E8 5.0E8 7.5E8 7.5E8 7.5E8 7.5E8 7.5E8 7.5E8
19 0.0 0.0 0.0 0.0 0.0 0.0 2.5E8 7.5E8 7.5E8 7.5E8 7.5E8 7.5E8 7.5E8 7.5E8 7.5E8 7.5E8 7.5E8 7.5E8 7.5E8 7.5E8
20 0.0 0.0 0.0 0.0 0.0 0.0 0.0 0.0 0.0 0.0 0.0 0.0 0.0 2.5E8 2.5E8 2.5E8 2.5E8 2.5E8 2.5E8 5.0E8
21 0.0 0.0 0.0 0.0 0.0 0.0 0.0 5.0E8 5.0E8 5.0E8 5.0E8 5.0E8 5.0E8 5.0E8 5.0E8 5.0E8 5.0E8 5.0E8 5.0E8 5.0E8
22 0.0 0.0 0.0 0.0 0.0 0.0 0.0 0.0 0.0 0.0 0.0 0.0 0.0 0.0 2.5E8 2.5E8 5.0E8 5.0E8 5.0E8 5.0E8
23 0.0 5.0E8 7.5E8 7.5E8 7.5E8 7.5E8 7.5E8 7.5E8 7.5E8 7.5E8 7.5E8 1.0E9 1.0E9 1.0E9 1.0E9 1.0E9 1.0E9 1.0E9 1.0E9 1.0E9
24 0.0 0.0 2.5E8 5.0E8 5.0E8 5.0E8 5.0E8 5.0E8 5.0E8 5.0E8 5.0E8 5.0E8 5.0E8 5.0E8 5.0E8 5.0E8 5.0E8 7.5E8 7.5E8 7.5E8
25 0.0 0.0 0.0 0.0 2.5E8 2.5E8 2.5E8 2.5E8 2.5E8 5.0E8 5.0E8 5.0E8 5.0E8 7.5E8 7.5E8 1.0E9 1.0E9 1.0E9 1.0E9 1.0E9
26 1.5E9 1.5E9 -2.089934592E9 -1.884901888E9 1.615098112E9 1.865098112E9 -1.679869184E9 -1.679869184E9 -6.79869184E8 1.320130816E9 1.320130816E9 1.320130816E9 -1.22483648E9 -3.14771072E8 -6.4771072E7 -6.4771072E7 -6.4771072E7 -6.4771072E7 -6.4771072E7 -6.4771072E7
27 0.0 2.5E8 2.5E8 2.5E8 2.5E8 2.5E8 2.5E8 2.5E8 5.0E8 5.0E8 5.0E8 5.0E8 5.0E8 7.5E8 7.5E8 7.5E8 7.5E8 7.5E8 7.5E8 7.5E8
28 1.25E9 1.25E9 1.705032704E9 1.660065408E9 8.65098112E8 -1.929869184E9 -1.929869184E9 -1.429869184E9 -2.019803776E9 1.185228928E9 -1.859738368E9 -1.859738368E9 -1.859738368E9 -1.859738368E9 -1.609738368E9 -1.609738368E9 -1.609738368E9 -1.609738368E9 -1.9967296E8 -7.44640256E8
29 0.0 0.0 0.0 0.0 0.0 0.0 0.0 0.0 0.0 0.0 0.0 0.0 0.0 0.0 0.0 0.0 0.0 0.0 2.5E8 5.0E8
30 0.0 0.0 0.0 0.0 0.0 0.0 2.5E8 5.0E8 1.0E9 1.0E9 1.0E9 1.0E9 1.0E9 1.0E9 1.0E9 1.25E9 1.25E9 1.25E9 1.25E9 1.25E9
31 0.0 0.0 0.0 0.0 2.5E8 2.5E8 2.5E8 2.5E8 2.5E8 2.5E8 2.5E8 2.5E8 2.5E8 2.5E8 2.5E8 2.5E8 2.5E8 5.0E8 7.5E8 1.0E9
32 0.0 0.0 0.0 0.0 0.0 0.0 0.0 2.5E8 2.5E8 2.5E8 2.5E8 2.5E8 5.0E8 5.0E8 7.5E8 7.5E8 7.5E8 7.5E8 1.0E9 1.0E9
33 0.0 0.0 -2.089934592E9 -1.884901888E9 -1.384901888E9 -1.134901888E9 -1.134901888E9 -9.7483648E8 -2.019803776E9 1.185228928E9 -3.59738368E8 -3.59738368E8 -1.09738368E8 -1.09738368E8 1.40261632E8 1.40261632E8 3.90261632E8 3.90261632E8 3.90261632E8 3.90261632E8
34 0.0 0.0 0.0 0.0 0.0 0.0 2.5E8 2.5E8 7.5E8 7.5E8 7.5E8 7.5E8 7.5E8 7.5E8 7.5E8 7.5E8 7.5E8 7.5E8 7.5E8 7.5E8
35 0.0 0.0 2.5E8 2.5E8 5.0E8 5.0E8 5.0E8 5.0E8 7.5E8 7.5E8 1.0E9 1.0E9 1.25E9 1.25E9 1.25E9 1.25E9 1.25E9 1.25E9 1.25E9 1.25E9
36 0.0 2.5E8 2.5E8 2.5E8 2.5E8 5.0E8 5.0E8 5.0E8 5.0E8 7.5E8 7.5E8 7.5E8 7.5E8 7.5E8 1.0E9 1.0E9 1.25E9 1.25E9 1.5E9 1.5E9
37 0.0 0.0 2.5E8 2.5E8 2.5E8 2.5E8 2.5E8 2.5E8 2.5E8 5.0E8 5.0E8 5.0E8 5.0E8 5.0E8 5.0E8 5.0E8 5.0E8 5.0E8 5.0E8 5.0E8
38 2.5E8 5.0E8 5.0E8 7.5E8 -1.679869184E9 -1.429869184E9 -1.429869184E9 1.070130816E9 1.480196224E9 -8.14771072E8 -1.609738368E9 -1.609738368E9 -1.109738368E9 3.45294336E8 -6.9967296E8 -1.9967296E8 5.032704E7 5.032704E7 5.032704E7 5.032704E7
39 0.0 0.0 0.0 2.5E8 2.5E8 2.5E8 2.5E8 5.0E8 5.0E8 5.0E8 5.0E8 5.0E8 5.0E8 5.0E8 5.0E8 5.0E8 5.0E8 5.0E8 5.0E8 5.0E8
40 0.0 0.0 0.0 0.0 0.0 0.0 0.0 0.0 0.0 0.0 0.0 0.0 0.0 0.0 0.0 2.5E8 2.5E8 2.5E8 2.5E8 2.5E8
41 0.0 2.5E8 2.5E8 2.5E8 2.5E8 2.5E8 2.5E8 2.5E8 2.5E8 2.5E8 2.5E8 2.5E8 2.5E8 2.5E8 7.5E8 7.5E8 7.5E8 1.0E9 1.0E9 1.0E9
42 0.0 0.0 0.0 0.0 0.0 0.0 0.0 0.0 0.0 0.0 2.5E8 2.5E8 2.5E8 2.5E8 2.5E8 2.5E8 7.5E8 7.5E8 7.5E8 7.5E8
43 2.5E8 2.5E8 2.5E8 5.0E8 5.0E8 5.0E8 5.0E8 5.0E8 5.0E8 7.5E8 7.5E8 7.5E8 7.5E8 7.5E8 7.5E8 1.25E9 1.25E9 1.25E9 1.5E9 1.5E9
44 0.0 0.0 2.5E8 2.5E8 2.5E8 2.5E8 2.5E8 2.5E8 2.5E8 2.5E8 2.5E8 2.5E8 2.5E8 2.5E8 2.5E8 2.5E8 2.5E8 2.5E8 2.5E8 2.5E8
45 0.0 2.5E8 2.5E8 2.5E8 2.5E8 2.5E8 2.5E8 2.5E8 2.5E8 5.0E8 7.5E8 7.5E8 1.0E9 1.25E9 1.25E9 1.25E9 1.25E9 1.25E9 1.25E9 1.25E9
46 0.0 0.0 2.5E8 2.5E8 2.5E8 2.5E8 2.5E8 2.5E8 2.5E8 2.5E8 5.0E8 5.0E8 5.0E8 5.0E8 5.0E8 5.0E8 5.0E8 5.0E8 5.0E8 5.0E8
47 0.0 0.0 0.0 0.0 0.0 0.0 0.0 0.0 0.0 0.0 0.0 0.0 0.0 0.0 0.0 0.0 0.0 0.0 0.0 0.0
48 0.0 0.0 0.0 0.0 2.5E8 2.5E8 2.5E8 2.5E8 2.5E8 2.5E8 2.5E8 2.5E8 2.5E8 5.0E8 5.0E8 5.0E8 5.0E8 5.0E8 5.0E8 5.0E8
49 0.0 0.0 0.0 0.0 0.0 0.0 0.0 0.0 0.0 0.0 0.0 0.0 0.0 0.0 0.0 0.0 0.0 0.0 0.0 0.0
50 0.0 2.5E8 2.5E8 2.5E8 5.0E8 5.0E8 7.5E8 7.5E8 7.5E8 7.5E8 7.5E8 7.5E8 1.0E9 1.0E9 1.0E9 1.0E9 1.0E9 1.0E9 1.0E9 1.0E9
51 0.0 0.0 0.0 0.0 2.5E8 2.5E8 5.0E8 5.0E8 5.0E8 5.0E8 5.0E8 5.0E8 7.5E8 7.5E8 7.5E8 1.0E9 1.0E9 1.0E9 1.0E9 1.0E9
52 0.0 0.0 2.5E8 2.5E8 5.0E8 5.0E8 5.0E8 5.0E8 5.0E8 7.5E8 7.5E8 7.5E8 7.5E8 7.5E8 1.0E9 1.0E9 1.0E9 1.25E9 1.25E9 1.5E9
53 2.5E8 2.5E8 2.5E8 2.5E8 7.5E8 7.5E8 7.5E8 7.5E8 7.5E8 7.5E8 7.5E8 1.25E9 1.25E9 1.25E9 1.5E9 1.5E9 1.5E9 1.5E9 1.5E9 1.5E9
54 0.0 0.0 0.0 0.0 0.0 0.0 0.0 0.0 0.0 0.0 0.0 2.5E8 2.5E8 2.5E8 2.5E8 5.0E8 5.0E8 5.0E8 5.0E8 7.5E8
55 0.0 0.0 0.0 0.0 0.0 0.0 0.0 0.0 0.0 0.0 0.0 0.0 0.0 0.0 0.0 2.5E8 2.5E8 2.5E8 5.0E8 5.0E8
56 1.25E9 1.5E9 -1.839934592E9 -1.884901888E9 -1.929869184E9 -1.179869184E9 -9.29869184E8 -9.29869184E8 1.070130816E9 1.070130816E9 1.570130816E9 1.570130816E9 1.570130816E9 1.230196224E9 -1.564771072E9 -6.54705664E8 -6.54705664E8 -6.54705664E8 5.5032704E8 5.5032704E8
57 0.0 0.0 0.0 0.0 0.0 0.0 0.0 0.0 0.0 0.0 0.0 0.0 0.0 0.0 0.0 0.0 0.0 0.0 0.0 0.0
58 0.0 0.0 0.0 0.0 0.0 0.0 0.0 0.0 0.0 0.0 2.5E8 2.5E8 2.5E8 2.5E8 2.5E8 2.5E8 5.0E8 5.0E8 7.5E8 7.5E8
59 0.0 0.0 2.5E8 2.5E8 5.0E8 5.0E8 5.0E8 5.0E8 5.0E8 5.0E8 5.0E8 5.0E8 7.5E8 7.5E8 7.5E8 7.5E8 1.0E9 1.0E9 1.0E9 1.0E9
60 0.0 0.0 0.0 2.5E8 2.5E8 5.0E8 5.0E8 5.0E8 5.0E8 5.0E8 5.0E8 5.0E8 5.0E8 7.5E8 7.5E8 7.5E8 7.5E8 7.5E8 7.5E8 7.5E8
61 2.5E8 2.5E8 2.5E8 2.5E8 2.5E8 2.5E8 2.5E8 2.5E8 2.5E8 2.5E8 2.5E8 2.5E8 2.5E8 2.5E8 2.5E8 2.5E8 2.5E8 2.5E8 2.5E8 2.5E8
62 0.0 0.0 0.0 0.0 0.0 0.0 0.0 0.0 0.0 0.0 0.0 0.0 0.0 0.0 0.0 0.0 0.0 0.0 0.0 2.5E8
63 0.0 0.0 0.0 0.0 0.0 0.0 0.0 0.0 0.0 0.0 0.0 0.0 0.0 0.0 0.0 0.0 0.0 0.0 0.0 2.5E8
64 0.0 0.0 0.0 0.0 0.0 0.0 0.0 0.0 0.0 0.0 0.0 0.0 0.0 0.0 0.0 0.0 2.5E8 5.0E8 5.0E8 7.5E8
65 0.0 0.0 0.0 0.0 2.5E8 2.5E8 2.5E8 2.5E8 2.5E8 2.5E8 2.5E8 2.5E8 2.5E8 2.5E8 2.5E8 2.5E8 2.5E8 2.5E8 5.0E8 5.0E8
66 1.25E9 1.5E9 1.5E9 1.5E9 -1.679869184E9 -1.429869184E9 5.70130816E8 -9.7483648E8 -2.064771072E9 -2.109738368E9 -3.59738368E8 -1.09738368E8 3.90261632E8 -1.404705664E9 -1.154705664E9 -1.154705664E9 -9.04705664E8 -9.04705664E8 1.05032704E9 1.80032704E9
67 7.5E8 1.0E9 1.0E9 1.0E9 1.865098112E9 1.865098112E9 1.865098112E9 2.516352E7 2.7516352E8 -2.109738368E9 -1.859738368E9 -1.859738368E9 3.90261632E8 -1.94967296E9 -1.44967296E9 -1.44967296E9 -1.19967296E9 -1.19967296E9 -9.4967296E8 -9.4967296E8
68 7.5E8 1.0E9 1.0E9 1.0E9 1.705032704E9 1.615098112E9 1.615098112E9 1.615098112E9 1.615098112E9 -2.2483648E8 -2.109738368E9 -2.109738368E9 -1.109738368E9 2.095294336E9 5.5032704E8 8.0032704E8 8.0032704E8 8.0032704E8 8.0032704E8 1.05032704E9
69 0.0 0.0 0.0 0.0 0.0 0.0 2.5E8 2.5E8 2.5E8 2.5E8 2.5E8 2.5E8 2.5E8 2.5E8 5.0E8 5.0E8 5.0E8 5.0E8 5.0E8 5.0E8
70 0.0 0.0 0.0 0.0 0.0 0.0 0.0 0.0 0.0 0.0 2.5E8 7.5E8 7.5E8 7.5E8 7.5E8 7.5E8 7.5E8 7.5E8 1.0E9 1.0E9
71 1.25E9 1.25E9 1.5E9 -1.884901888E9 -1.679869184E9 -1.179869184E9 8.20130816E8 -4.7483648E8 1.980196224E9 1.185228928E9 -6.09738368E8 -6.09738368E8 -3.59738368E8 -1.54705664E8 3.45294336E8 5.95294336E8 5.95294336E8 5.95294336E8 2.095294336E9 2.095294336E9
72 0.0 0.0 0.0 0.0 0.0 0.0 0.0 5.0E8 5.0E8 1.0E9 1.0E9 1.0E9 1.0E9 1.0E9 1.0E9 1.0E9 1.0E9 1.0E9 1.0E9 1.0E9
73 0.0 0.0 0.0 0.0 0.0 0.0 2.5E8 2.5E8 2.5E8 2.5E8 2.5E8 2.5E8 2.5E8 2.5E8 2.5E8 2.5E8 2.5E8 5.0E8 5.0E8 5.0E8
74 0.0 0.0 0.0 0.0 0.0 2.5E8 2.5E8 2.5E8 5.0E8 5.0E8 5.0E8 5.0E8 5.0E8 5.0E8 5.0E8 5.0E8 5.0E8 7.5E8 7.5E8 7.5E8
75 0.0 2.5E8 5.0E8 5.0E8 5.0E8 5.0E8 5.0E8 5.0E8 5.0E8 5.0E8 5.0E8 5.0E8 5.0E8 7.5E8 7.5E8 7.5E8 7.5E8 7.5E8 7.5E8 7.5E8
76 0.0 0.0 0.0 0.0 0.0 0.0 0.0 0.0 0.0 0.0 0.0 0.0 0.0 0.0 0.0 0.0 0.0 0.0 0.0 0.0
77 2.5E8 2.5E8 2.5E8 2.5E8 2.5E8 2.5E8 2.5E8 2.5E8 5.0E8 5.0E8 5.0E8 5.0E8 5.0E8 5.0E8 5.0E8 5.0E8 5.0E8 5.0E8 5.0E8 5.0E8
78 0.0 0.0 0.0 0.0 0.0 0.0 0.0 0.0 0.0 0.0 0.0 0.0 0.0 0.0 0.0 0.0 0.0 0.0 0.0 0.0
79 5.0E8 5.0E8 5.0E8 7.5E8 7.5E8 7.5E8 7.5E8 7.5E8 7.5E8 7.5E8 7.5E8 7.5E8 7.5E8 7.5E8 7.5E8 7.5E8 1.0E9 1.25E9 1.25E9 1.25E9
80 0.0 0.0 0.0 0.0 0.0 0.0 0.0 0.0 0.0 0.0 0.0 0.0 2.5E8 2.5E8 2.5E8 2.5E8 2.5E8 2.5E8 2.5E8 2.5E8
81 0.0 0.0 0.0 0.0 0.0 0.0 0.0 0.0 0.0 0.0 0.0 0.0 0.0 0.0 0.0 0.0 0.0 0.0 0.0 0.0
82 1.25E9 -2.044967296E9 -1.839934592E9 -2.134901888E9 -8.84901888E8 -8.84901888E8 -8.84901888E8 -1.97483648E9 -1.97483648E9 1.52516352E9 2.02516352E9 2.02516352E9 2.02516352E9 2.02516352E9 2.02516352E9 2.02516352E9 2.02516352E9 2.02516352E9 -3.14771072E8 -2.109738368E9
83 1.25E9 1.75E9 1.955032704E9 -1.884901888E9 -1.429869184E9 -1.179869184E9 1.570130816E9 2.7516352E8 1.730196224E9 1.185228928E9 -1.09738368E8 1.140261632E9 1.890261632E9 1.890261632E9 1.05032704E9 1.05032704E9 1.05032704E9 1.05032704E9 1.05032704E9 1.05032704E9
84 0.0 0.0 0.0 0.0 0.0 0.0 0.0 0.0 0.0 0.0 0.0 2.5E8 2.5E8 2.5E8 2.5E8 2.5E8 2.5E8 5.0E8 5.0E8 7.5E8
85 1.25E9 1.5E9 -2.089934592E9 1.410065408E9 -1.679869184E9 -1.179869184E9 1.570130816E9 2.070130816E9 -2.064771072E9 -2.109738368E9 -1.09738368E8 -1.09738368E8 -1.09738368E8 -1.09738368E8 1.40261632E8 6.40261632E8 6.40261632E8 6.40261632E8 -6.54705664E8 -6.9967296E8
86 0.0 0.0 2.5E8 2.5E8 2.5E8 2.5E8 5.0E8 5.0E8 5.0E8 5.0E8 5.0E8 5.0E8 5.0E8 7.5E8 1.0E9 1.0E9 1.0E9 1.0E9 1.0E9 1.0E9
87 1.25E9 1.75E9 -2.089934592E9 -1.884901888E9 -1.929869184E9 -1.679869184E9 -1.429869184E9 -1.179869184E9 1.980196224E9 1.185228928E9 -6.09738368E8 -6.09738368E8 -6.09738368E8 1.595294336E9 1.595294336E9 1.595294336E9 1.595294336E9 1.595294336E9 1.595294336E9 1.595294336E9
88 0.0 0.0 0.0 0.0 0.0 0.0 0.0 0.0 0.0 0.0 0.0 0.0 0.0 0.0 0.0 0.0 0.0 0.0 0.0 0.0
89 5.0E8 5.0E8 5.0E8 5.0E8 5.0E8 5.0E8 5.0E8 5.0E8 5.0E8 5.0E8 5.0E8 7.5E8 1.0E9 1.25E9 1.25E9 1.25E9 1.25E9 1.5E9 1.5E9 1.5E9
90 0.0 0.0 0.0 0.0 0.0 0.0 0.0 0.0 0.0 2.5E8 2.5E8 2.5E8 2.5E8 2.5E8 2.5E8 2.5E8 2.5E8 2.5E8 2.5E8 2.5E8
91 2.5E8 2.5E8 2.5E8 2.5E8 2.5E8 5.0E8 5.0E8 5.0E8 5.0E8 7.5E8 7.5E8 1.0E9 1.0E9 1.0E9 1.0E9 1.0E9 1.0E9 1.0E9 1.0E9 1.0E9
92 1.25E9 1.75E9 1.75E9 -1.884901888E9 -1.679869184E9 -1.429869184E9 8.20130816E8 -4.7483648E8 2.30196224E8 1.480196224E9 -8.59738368E8 -8.59738368E8 -6.09738368E8 -1.94967296E9 -1.9967296E8 5.032704E7 5.032704E7 8.0032704E8 1.255359744E9 1.255359744E9
93 1.0E9 1.0E9 -2.089934592E9 6.60065408E8 1.660065408E9 1.910065408E9 -1.884901888E9 -1.884901888E9 1.480196224E9 1.480196224E9 1.480196224E9 1.480196224E9 1.730196224E9 1.730196224E9 1.730196224E9 1.730196224E9 1.730196224E9 1.730196224E9 1.730196224E9 1.730196224E9
94 1.25E9 1.25E9 1.25E9 -1.884901888E9 -1.429869184E9 -1.429869184E9 5.70130816E8 -9.7483648E8 1.230196224E9 6.85228928E8 6.85228928E8 6.85228928E8 6.85228928E8 6.85228928E8 6.85228928E8 6.85228928E8 9.35228928E8 9.35228928E8 9.35228928E8 9.35228928E8
95 0.0 0.0 0.0 0.0 0.0 0.0 0.0 0.0 0.0 0.0 0.0 2.5E8 2.5E8 2.5E8 2.5E8 2.5E8 2.5E8 2.5E8 2.5E8 2.5E8
96 2.5E8 2.5E8 2.5E8 2.5E8 2.5E8 2.5E8 5.0E8 5.0E8 5.0E8 5.0E8 5.0E8 5.0E8 5.0E8 5.0E8 5.0E8 5.0E8 5.0E8 5.0E8 5.0E8 5.0E8
97 0.0 0.0 2.5E8 2.5E8 2.5E8 2.5E8 2.5E8 2.5E8 2.5E8 2.5E8 2.5E8 2.5E8 5.0E8 1.0E9 1.0E9 1.25E9 1.25E9 1.25E9 1.25E9 1.25E9
