records: 20
      Record Time
Host  UsedBuffer

  49376.0 98752.0 148128.0 197504.0 246880.0 296256.0 345632.0 395008.0 444384.0 493760.0 543136.0 592512.0 641888.0 691264.0 740640.0 790016.0 839392.0 888768.0 938144.0 987520.0
0 3.0E8 7.0E8 1.0E9 1.1E9 1.4E9 3.10065408E8 -1.479869184E9 3.20130816E8 2.02516352E9 -1.069803776E9 -1.364771072E9 -1.264771072E9 -9.59738368E8 -7.59738368E8 -5.59738368E8 -5.59738368E8 -5.59738368E8 -5.59738368E8 -4.59738368E8 -3.59738368E8
1 5.0E8 7.0E8 -4.94967296E8 -4.94967296E8 1.0065408E7 4.15098112E8 -1.679869184E9 1.20130816E8 1.92516352E9 1.92516352E9 -1.364771072E9 -9.64771072E8 -1.559738368E9 -1.459738368E9 -1.459738368E9 -1.459738368E9 -1.259738368E9 -1.259738368E9 -8.59738368E8 -7.59738368E8
2 8.0E8 9.0E8 -9.94967296E8 1.605032704E9 -1.989934592E9 1.215098112E9 -4.79869184E8 1.020130816E9 1.62516352E9 -1.469803776E9 -8.64771072E8 -5.64771072E8 -1.259738368E9 -1.259738368E9 9.40261632E8 1.740261632E9 -1.054705664E9 1.75032704E9 1.85032704E9 8.55359744E8
3 3.0E8 3.0E8 1.0E9 1.1E9 1.3E9 1.15098112E8 -1.779869184E9 -1.79869184E8 1.62516352E9 -1.369803776E9 -1.664771072E9 -9.64771072E8 -1.259738368E9 -1.159738368E9 -1.059738368E9 -9.59738368E8 -8.59738368E8 -8.59738368E8 -8.59738368E8 -8.59738368E8
4 5.0E8 8.0E8 -3.94967296E8 -2.94967296E8 -2.89934592E8 8.15098112E8 8.15098112E8 6.20130816E8 1.62516352E9 -1.669803776E9 -1.264771072E9 -6.64771072E8 -1.359738368E9 -1.259738368E9 -1.059738368E9 -9.59738368E8 -9.59738368E8 1.65032704E9 1.85032704E9 2.05032704E9
5 4.0E8 8.0E8 -1.094967296E9 5032704.0 2.10065408E8 2.15098112E8 -1.879869184E9 7.20130816E8 1.62516352E9 1.62516352E9 1.62516352E9 -7.64771072E8 -1.759738368E9 -1.559738368E9 1.240261632E9 1.240261632E9 1.245294336E9 1.75032704E9 1.75032704E9 1.85032704E9
6 7.0E8 9.0E8 -1.294967296E9 1.805032704E9 -9.89934592E8 6.15098112E8 -2.79869184E8 1.320130816E9 1.92516352E9 -9.69803776E8 -1.264771072E9 -1.064771072E9 -1.159738368E9 -1.159738368E9 1.140261632E9 1.340261632E9 3.45294336E8 2.05032704E9 2.05032704E9 2.05032704E9
7 1.0E8 3.0E8 -1.294967296E9 -1.294967296E9 3.10065408E8 6.15098112E8 8.15098112E8 1.320130816E9 1.320130816E9 1.620130816E9 6.30196224E8 6.30196224E8 7.30196224E8 8.30196224E8 8.30196224E8 9.30196224E8 1.030196224E9 1.15032704E9 1.35032704E9 1.35032704E9
8 4.0E8 5.0E8 6.0E8 6.0E8 6.0E8 6.15098112E8 7.15098112E8 1.120130816E9 1.02516352E9 1.12516352E9 -1.164771072E9 -1.064771072E9 -9.59738368E8 -9.59738368E8 -9.59738368E8 -8.59738368E8 -5.59738368E8 -4.59738368E8 -4.59738368E8 -3.59738368E8
9 3.0E8 4.0E8 7.0E8 8.0E8 -4.89934592E8 1.15098112E8 -1.779869184E9 -1.579869184E9 -1.279869184E9 -1.279869184E9 -1.464771072E9 -5.64771072E8 -1.259738368E9 -1.259738368E9 -1.259738368E9 -1.259738368E9 -1.259738368E9 -1.159738368E9 -1.159738368E9 -1.059738368E9
10 4.0E8 6.0E8 -1.094967296E9 -1.094967296E9 -1.989934592E9 8.15098112E8 1.015098112E9 3.20130816E8 2.02516352E9 -1.669803776E9 -1.264771072E9 -1.264771072E9 -1.359738368E9 -1.259738368E9 1.040261632E9 1.040261632E9 -5.54705664E8 1.95032704E9 2.05032704E9 -2.144640256E9
11 6.0E8 8.0E8 8.0E8 8.0E8 8.0E8 8.0E8 9.0E8 1.220130816E9 1.520130816E9 1.820130816E9 -1.364771072E9 -1.164771072E9 -1.164771072E9 -1.164771072E9 8.40261632E8 9.40261632E8 1.040261632E9 2.05032704E9 2.05032704E9 2.05032704E9
12 0.0 1.0E8 1.0E8 1.0E8 1.0E8 1.0E8 2.0E8 3.0E8 4.0E8 4.0E8 4.0E8 6.0E8 8.0E8 9.0E8 9.0E8 1.2E9 1.3E9 1.3E9 1.4E9 1.5E9
13 4.0E8 4.0E8 8.0E8 9.0E8 9.0E8 1.415098112E9 -1.479869184E9 3.20130816E8 1.82516352E9 1.82516352E9 -1.664771072E9 -1.664771072E9 -1.259738368E9 -1.259738368E9 -8.59738368E8 -7.59738368E8 1.345294336E9 1.45032704E9 -1.744640256E9 5.55359744E8
14 1.0E8 2.0E8 2.0E8 3.0E8 4.0E8 4.0E8 5.0E8 6.0E8 6.0E8 8.0E8 9.0E8 9.0E8 1.0E9 1.1E9 1.2E9 1.4E9 1.4E9 1.6E9 1.6E9 1.7E9
15 5.0E8 5.0E8 -1.694967296E9 1.405032704E9 -2.089934592E9 1.115098112E9 -4.79869184E8 1.120130816E9 1.72516352E9 -1.369803776E9 -1.364771072E9 -1.264771072E9 -1.259738368E9 -1.259738368E9 3.40261632E8 3.40261632E8 3.40261632E8 1.55032704E9 1.55032704E9 1.55032704E9
16 1.0E8 1.0E8 1.0E8 1.0E8 1.0E8 1.0E8 3.0E8 5.0E8 6.0E8 6.0E8 7.0E8 8.0E8 1.0E9 1.1E9 1.4E9 1.6E9 1.8E9 2.0E9 -1.994967296E9 -1.894967296E9
17 1.0E8 3.0E8 4.0E8 5.0E8 7.0E8 8.0E8 8.0E8 1.0E9 1.1E9 1.1E9 1.1E9 1.1E9 1.2E9 1.4E9 1.6E9 1.8E9 1.8E9 1.9E9 2.1E9 -1.894967296E9
18 4.0E8 8.0E8 8.0E8 9.0E8 -5.94967296E8 3.15098112E8 -1.279869184E9 1.320130816E9 1.22516352E9 1.52516352E9 -1.064771072E9 -4.64771072E8 -1.059738368E9 -1.059738368E9 -5.59738368E8 -4.59738368E8 1.745294336E9 -2.044640256E9 -1.944640256E9 1.255359744E9
19 4.0E8 4.0E8 9.0E8 1.05032704E8 -2.89934592E8 3.15098112E8 -1.579869184E9 1.20130816E8 1.72516352E9 1.92516352E9 -1.264771072E9 -4.64771072E8 -1.359738368E9 -1.359738368E9 -9.59738368E8 -9.59738368E8 4.0261632E7 1.85032704E9 -1.544640256E9 8.55359744E8
20 4.0E8 5.0E8 -1.594967296E9 1.605032704E9 -1.989934592E9 9.15098112E8 -7.9869184E7 1.620130816E9 2.12516352E9 -1.069803776E9 -1.064771072E9 -1.064771072E9 -9.59738368E8 -9.59738368E8 1.340261632E9 -2.054705664E9 -5.4705664E7 2.05032704E9 -2.144640256E9 9.55359744E8
21 1.0E8 3.0E8 3.0E8 3.0E8 3.0E8 3.0E8 5.0E8 7.0E8 8.0E8 8.0E8 1.0E9 1.0E9 1.1E9 1.1E9 1.1E9 1.2E9 1.3E9 1.4E9 1.5E9 1.5E9
22 1.0E8 1.0E8 2.0E8 2.0E8 5.0E8 6.0E8 6.0E8 7.0E8 7.0E8 8.0E8 9.0E8 9.0E8 1.0E9 1.0E9 1.0E9 1.0E9 1.0E9 1.0E9 1.1E9 1.1E9
23 5.0E8 8.0E8 1.1E9 1.3E9 1.5E9 -1.494967296E9 1.915098112E9 1.20130816E8 1.20130816E8 1.20130816E8 1.20130816E8 2.20130816E8 2.20130816E8 2.20130816E8 3.20130816E8 3.20130816E8 4.20130816E8 -6.7483648E8 -7.483648E7 1.2516352E8
24 4.0E8 4.0E8 1.9E9 1.805032704E9 -1.889934592E9 6.15098112E8 -6.79869184E8 1.320130816E9 1.62516352E9 -1.269803776E9 2.030196224E9 2.030196224E9 -1.359738368E9 -1.259738368E9 6.40261632E8 6.40261632E8 1.145294336E9 1.45032704E9 1.65032704E9 5.55359744E8
25 6.0E8 8.0E8 1.0E9 1.1E9 -1.994967296E9 -1.594967296E9 2.015098112E9 3.20130816E8 -6.7483648E8 -6.7483648E8 -5.7483648E8 -5.7483648E8 -5.7483648E8 -4.7483648E8 -4.7483648E8 -4.7483648E8 -4.7483648E8 -3.7483648E8 2.2516352E8 2.2516352E8
26 0.0 2.0E8 2.0E8 1.305032704E9 -1.989934592E9 -1.889934592E9 -3.79869184E8 1.220130816E9 1.82516352E9 -1.769803776E9 -1.464771072E9 -1.464771072E9 -1.459738368E9 -1.459738368E9 1.240261632E9 1.440261632E9 -4.54705664E8 1.75032704E9 1.75032704E9 6.55359744E8
27 7.0E8 7.0E8 -1.694967296E9 1.705032704E9 2.105032704E9 3.15098112E8 -2.79869184E8 1.320130816E9 1.520130816E9 -1.069803776E9 -1.264771072E9 -1.064771072E9 -1.259738368E9 -9.59738368E8 8.40261632E8 1.840261632E9 -1.154705664E9 1.75032704E9 2.05032704E9 6.55359744E8
28 1.0E8 1.0E8 2.0E8 4.0E8 4.0E8 6.0E8 6.0E8 7.0E8 8.0E8 1.0E9 1.1E9 1.2E9 1.2E9 1.3E9 1.4E9 1.7E9 1.7E9 1.7E9 1.9E9 2.1E9
29 5.0E8 1.0E9 1.4E9 1.4E9 -1.994967296E9 -8.4901888E7 -8.4901888E7 -8.4901888E7 5.2516352E8 5.2516352E8 -1.464771072E9 -1.464771072E9 2.035228928E9 2.035228928E9 -1.659738368E9 -1.659738368E9 -6.54705664E8 1.65032704E9 -1.344640256E9 8.55359744E8
30 2.0E8 4.0E8 4.0E8 5.0E8 7.0E8 9.0E8 1.1E9 1.2E9 1.9E9 2.0E9 6.05032704E8 8.05032704E8 8.05032704E8 8.05032704E8 9.05032704E8 1.005032704E9 1.005032704E9 2.005032704E9 2.005032704E9 2.005032704E9
31 9.0E8 9.0E8 -1.694967296E9 1.405032704E9 -1.989934592E9 5.15098112E8 -3.79869184E8 1.220130816E9 1.52516352E9 -1.669803776E9 -1.364771072E9 -1.264771072E9 -1.859738368E9 -1.759738368E9 2.40261632E8 1.040261632E9 -9.54705664E8 1.25032704E9 1.25032704E9 1.55359744E8
32 5.0E8 8.0E8 -9.94967296E8 -7.94967296E8 3.10065408E8 7.15098112E8 7.15098112E8 1.120130816E9 1.92516352E9 -1.369803776E9 -1.264771072E9 -3.64771072E8 -9.59738368E8 -5.59738368E8 -2.59738368E8 -1.59738368E8 -8.54705664E8 1.95032704E9 2.05032704E9 9.55359744E8
33 6.0E8 7.0E8 -2.94967296E8 1.905032704E9 3.10065408E8 1.615098112E9 -1.79869184E8 1.420130816E9 2.02516352E9 -8.69803776E8 -1.164771072E9 -1.064771072E9 -1.059738368E9 -1.059738368E9 1.740261632E9 2.140261632E9 4.5294336E7 -2.044640256E9 -2.044640256E9 1.055359744E9
34 6.0E8 6.0E8 -1.194967296E9 -9.94967296E8 -9.94967296E8 -9.94967296E8 -9.94967296E8 -9.94967296E8 -9.94967296E8 -9.94967296E8 -9.94967296E8 -8.94967296E8 -8.94967296E8 -8.94967296E8 -8.94967296E8 -7.94967296E8 -7.94967296E8 -5.94967296E8 -4.94967296E8 -4.94967296E8
35 5.0E8 5.0E8 -1.694967296E9 1.505032704E9 -1.889934592E9 6.15098112E8 -3.79869184E8 1.220130816E9 1.92516352E9 -9.69803776E8 -1.364771072E9 -1.264771072E9 -1.259738368E9 -1.059738368E9 9.40261632E8 1.940261632E9 -3.54705664E8 1.95032704E9 2.05032704E9 7.55359744E8
36 1.0E8 1.0E8 1.0E9 1.0E9 1.1E9 1.2E9 1.4E9 2.1E9 2.1E9 -2.094967296E9 -2.094967296E9 -1.894967296E9 -1.894967296E9 -1.794967296E9 -1.694967296E9 -1.694967296E9 -1.594967296E9 -1.594967296E9 -1.594967296E9 -1.594967296E9
37 2.0E8 4.0E8 4.0E8 8.0E8 9.0E8 1.5E9 1.5E9 1.9E9 2.1E9 -5.94967296E8 -3.94967296E8 -1.94967296E8 4.05032704E8 5.05032704E8 1.005032704E9 1.205032704E9 1.405032704E9 -1.689934592E9 -1.689934592E9 -1.689934592E9
38 0.0 3.0E8 3.0E8 4.0E8 8.0E8 9.0E8 9.0E8 1.0E9 1.1E9 1.2E9 1.3E9 1.4E9 1.5E9 1.7E9 1.9E9 2.0E9 2.0E9 2.0E9 2.1E9 2.1E9
39 3.0E8 3.0E8 3.0E8 3.0E8 6.0E8 8.0E8 9.0E8 9.0E8 9.0E8 1.0E9 1.1E9 1.1E9 1.2E9 1.3E9 1.3E9 1.3E9 1.3E9 1.4E9 1.4E9 1.6E9
40 2.0E8 3.0E8 6.0E8 7.0E8 8.0E8 8.0E8 8.0E8 8.0E8 8.0E8 8.0E8 8.0E8 9.0E8 1.0E9 1.0E9 1.1E9 1.1E9 1.2E9 1.4E9 1.5E9 1.6E9
41 2.0E8 3.0E8 4.0E8 6.0E8 6.0E8 7.0E8 9.0E8 1.1E9 1.1E9 1.2E9 1.2E9 1.2E9 1.4E9 1.4E9 1.5E9 1.7E9 1.7E9 1.8E9 1.8E9 1.8E9
42 0.0 1.0E8 1.0E8 4.0E8 4.0E8 4.0E8 4.0E8 5.0E8 6.0E8 6.0E8 8.0E8 9.0E8 9.0E8 1.0E9 1.1E9 1.1E9 1.2E9 1.4E9 1.5E9 1.6E9
43 1.0E8 1.0E8 2.0E8 2.0E8 2.0E8 2.0E8 3.0E8 5.0E8 7.0E8 7.0E8 8.0E8 8.0E8 8.0E8 9.0E8 1.0E9 1.1E9 1.4E9 1.5E9 1.5E9 1.7E9
44 0.0 0.0 0.0 0.0 0.0 1.0E8 2.0E8 2.0E8 3.0E8 3.0E8 4.0E8 5.0E8 8.10065408E8 9.10065408E8 1.110065408E9 1.210065408E9 1.310065408E9 1.310065408E9 1.310065408E9 1.410065408E9
45 1.0E8 1.0E8 2.0E8 3.0E8 3.0E8 6.0E8 6.0E8 6.0E8 6.0E8 6.0E8 6.0E8 6.0E8 7.0E8 8.0E8 8.0E8 9.0E8 9.0E8 1.0E9 1.1E9 1.3E9
46 2.0E8 2.0E8 4.0E8 4.0E8 4.0E8 5.0E8 5.0E8 5.0E8 6.0E8 7.0E8 7.0E8 7.0E8 7.0E8 9.0E8 1.1E9 1.1E9 1.2E9 1.3E9 1.3E9 1.3E9
47 0.0 0.0 2.0E8 2.0E8 2.0E8 2.0E8 4.0E8 5.0E8 5.0E8 -1.989934592E9 -1.989934592E9 -1.889934592E9 -1.889934592E9 -1.789934592E9 -1.789934592E9 -1.689934592E9 -1.589934592E9 -1.589934592E9 -1.489934592E9 -1.489934592E9
48 0.0 0.0 1.0E8 2.0E8 2.0E8 3.0E8 4.0E8 4.0E8 4.0E8 5.0E8 5.0E8 5.0E8 5.0E8 6.0E8 6.0E8 6.0E8 7.0E8 8.0E8 8.0E8 9.0E8
49 0.0 1.0E8 2.0E8 2.0E8 2.0E8 2.0E8 3.0E8 3.0E8 3.0E8 4.0E8 4.0E8 5.0E8 8.0E8 1.0E9 1.1E9 1.3E9 1.4E9 1.5E9 1.5E9 1.6E9
50 0.0 3.0E8 4.0E8 7.0E8 7.0E8 8.0E8 1.1E9 1.1E9 1.2E9 1.3E9 1.4E9 1.5E9 1.6E9 1.6E9 1.7E9 1.7E9 1.7E9 1.8E9 1.9E9 2.0E9
51 6.0E8 6.0E8 6.0E8 6.0E8 7.0E8 1.5E9 1.5E9 1.5E9 1.5E9 -8.94967296E8 -7.94967296E8 -6.94967296E8 5032704.0 5032704.0 1.05032704E8 1.05032704E8 2.05032704E8 -1.289934592E9 -1.189934592E9 -1.189934592E9
