records: 20
      Record Time
Host  UsedBuffer

  49376.0 98752.0 148128.0 197504.0 246880.0 296256.0 345632.0 395008.0 444384.0 493760.0 543136.0 592512.0 641888.0 691264.0 740640.0 790016.0 839392.0 888768.0 938144.0 987520.0
0 0.0 4000000.0 4000000.0 5000000.0 7000000.0 7000000.0 9000000.0 1.0E7 1.1E7 1.1E7 1.1E7 1.1E7 1.2E7 1.4E7 1.6E7 1.6E7 1.6E7 1.6E7 1.7E7 1.8E7
1 6000000.0 8000000.0 3.8E7 3.8E7 9.0E7 1.31E8 1.7E8 1.88E8 2.45E8 2.49E8 3.02E8 3.08E8 3.43E8 3.44E8 3.52E8 3.52E8 3.54E8 3.54E8 3.58E8 3.59E8
2 1000000.0 2000000.0 3000000.0 4000000.0 5000000.0 6000000.0 7000000.0 8000000.0 1.0E7 1.0E7 1.1E7 1.4E7 1.5E7 1.5E7 1.6E7 1.6E7 1.9E7 1.9E7 1.9E7 2.2E7
3 0.0 0.0 1000000.0 2000000.0 2000000.0 2000000.0 2000000.0 2000000.0 2000000.0 3000000.0 3000000.0 5000000.0 6000000.0 7000000.0 8000000.0 9000000.0 1.0E7 1.0E7 1.0E7 1.0E7
4 7000000.0 1.0E7 4.3E7 4.4E7 8.9E7 1.35E8 1.35E8 1.99E8 2.42E8 2.55E8 3.06E8 3.13E8 3.46E8 3.47E8 3.49E8 3.5E8 3.5E8 4.66E8 4.68E8 4.7E8
5 6000000.0 1.0E7 3.7E7 4.1E7 9.1E7 1.29E8 1.67E8 2.0E8 2.45E8 2.45E8 2.45E8 3.13E8 3.42E8 3.44E8 3.79E8 3.79E8 4.28E8 4.66E8 4.66E8 4.67E8
6 1000000.0 3000000.0 4000000.0 5000000.0 5000000.0 6000000.0 7000000.0 8000000.0 8000000.0 1.0E7 1.3E7 1.5E7 1.6E7 1.6E7 1.6E7 1.8E7 1.8E7 1.9E7 1.9E7 1.9E7
7 1000000.0 3000000.0 4000000.0 4000000.0 5000000.0 6000000.0 8000000.0 9000000.0 9000000.0 1.2E7 1.2E7 1.2E7 1.3E7 1.4E7 1.4E7 1.5E7 1.6E7 1.6E7 1.8E7 1.8E7
8 0.0 1000000.0 2000000.0 2000000.0 2000000.0 3000000.0 4000000.0 6000000.0 6000000.0 7000000.0 7000000.0 8000000.0 9000000.0 9000000.0 9000000.0 1.0E7 1.3E7 1.4E7 1.4E7 1.5E7
9 0.0 1000000.0 1000000.0 2000000.0 2000000.0 3000000.0 3000000.0 3000000.0 4000000.0 4000000.0 5000000.0 5000000.0 7000000.0 7000000.0 7000000.0 7000000.0 7000000.0 8000000.0 8000000.0 9000000.0
10 5000000.0 7000000.0 2.3E7 2.3E7 6.5E7 1.37E8 1.39E8 1.91E8 2.45E8 2.55E8 3.03E8 3.09E8 3.46E8 3.48E8 3.78E8 3.78E8 3.78E8 4.69E8 4.7E8 4.71E8
11 7000000.0 9000000.0 9000000.0 9000000.0 9000000.0 9000000.0 1.0E7 1.97E8 2.0E8 2.05E8 3.03E8 3.05E8 3.05E8 3.05E8 3.79E8 3.8E8 3.81E8 4.95E8 4.95E8 4.95E8
12 7000000.0 8000000.0 1.3E7 1.3E7 8.6E7 1.32E8 1.66E8 1.91E8 2.38E8 2.38E8 2.38E8 2.4E8 2.42E8 2.43E8 2.57E8 2.6E8 4.22E8 4.63E8 4.93E8 5.2E8
13 1000000.0 1000000.0 2000000.0 3000000.0 3000000.0 3000000.0 3000000.0 4000000.0 4000000.0 4000000.0 4000000.0 4000000.0 4000000.0 4000000.0 4000000.0 5000000.0 6000000.0 7000000.0 1.2E7 1.4E7
14 3000000.0 4000000.0 7000000.0 8000000.0 8.8E7 1.38E8 1.72E8 2.05E8 2.49E8 2.59E8 3.06E8 3.12E8 3.44E8 3.45E8 3.46E8 3.48E8 4.24E8 4.62E8 4.62E8 4.63E8
15 6000000.0 6000000.0 3.0E7 5.6E7 6.9E7 1.4E8 1.68E8 1.95E8 2.41E8 2.57E8 3.04E8 3.05E8 3.46E8 3.46E8 3.68E8 3.68E8 3.68E8 4.53E8 4.53E8 4.53E8
16 1000000.0 1000000.0 1000000.0 1000000.0 1000000.0 1000000.0 3000000.0 5000000.0 6000000.0 6000000.0 7000000.0 8000000.0 1.0E7 1.1E7 1.4E7 1.6E7 1.8E7 2.0E7 2.3E7 2.4E7
17 1000000.0 3000000.0 4000000.0 5000000.0 7000000.0 8000000.0 8000000.0 1.0E7 1.1E7 1.1E7 1.1E7 1.1E7 1.2E7 1.4E7 1.6E7 1.8E7 1.8E7 1.9E7 2.1E7 2.4E7
18 5000000.0 9000000.0 1.8E7 1.9E7 8.4E7 1.26E8 1.74E8 2.07E8 2.43E8 2.5E8 3.06E8 3.13E8 3.48E8 3.48E8 3.53E8 3.54E8 4.34E8 4.86E8 4.9E8 5.34E8
19 1000000.0 1000000.0 3000000.0 4000000.0 5000000.0 5000000.0 5000000.0 6000000.0 6000000.0 8000000.0 9000000.0 1.1E7 1.3E7 1.3E7 1.3E7 1.3E7 1.3E7 1.3E7 1.3E7 1.4E7
20 5000000.0 6000000.0 3.2E7 5.8E7 7.0E7 1.38E8 1.72E8 1.99E8 2.46E8 2.61E8 3.08E8 3.08E8 3.5E8 3.5E8 3.81E8 3.9E8 4.28E8 4.7E8 4.94E8 5.31E8
21 5000000.0 7000000.0 2.9E7 5.5E7 6.8E7 1.34E8 1.68E8 1.95E8 2.48E8 2.52E8 3.04E8 3.04E8 3.44E8 3.44E8 3.74E8 3.82E8 4.08E8 4.75E8 4.8E8 5.25E8
22 1000000.0 1000000.0 2000000.0 2000000.0 5000000.0 6000000.0 6000000.0 7000000.0 7000000.0 8000000.0 9000000.0 9000000.0 1.0E7 1.0E7 1.0E7 1.0E7 1.0E7 1.0E7 1.1E7 1.1E7
23 0.0 1000000.0 4000000.0 6000000.0 8000000.0 8000000.0 8000000.0 8000000.0 8000000.0 8000000.0 8000000.0 9000000.0 9000000.0 9000000.0 1.0E7 1.0E7 1.1E7 1.2E7 1.3E7 1.5E7
24 5000000.0 5000000.0 2.5E7 5.7E7 7.1E7 1.35E8 1.65E8 1.94E8 2.4E8 2.57E8 2.85E8 2.85E8 3.45E8 3.46E8 3.75E8 3.75E8 4.27E8 4.74E8 4.76E8 5.26E8
25 1000000.0 2000000.0 2000000.0 3000000.0 5000000.0 5000000.0 7000000.0 8000000.0 1.0E7 1.0E7 1.1E7 1.1E7 1.1E7 1.2E7 1.2E7 1.2E7 1.2E7 1.3E7 1.4E7 1.4E7
26 0.0 2000000.0 2000000.0 4000000.0 6000000.0 7000000.0 8000000.0 9000000.0 1.1E7 1.1E7 1.4E7 1.4E7 1.5E7 1.5E7 1.6E7 1.8E7 1.9E7 1.9E7 1.9E7 2.0E7
27 8000000.0 8000000.0 3.1E7 5.7E7 6.9E7 1.31E8 1.7E8 1.96E8 1.98E8 2.59E8 3.05E8 3.07E8 3.47E8 3.5E8 3.78E8 3.86E8 4.06E8 4.77E8 4.82E8 5.27E8
28 6000000.0 7000000.0 1.1E7 1.5E7 1.5E7 1.33E8 1.37E8 1.94E8 1.98E8 2.55E8 3.06E8 3.18E8 3.47E8 3.49E8 3.76E8 3.79E8 3.79E8 4.79E8 4.81E8 4.83E8
29 6000000.0 1.1E7 1.5E7 1.7E7 2.2E7 1.13E8 1.13E8 1.13E8 2.4E8 2.4E8 3.01E8 3.01E8 3.22E8 3.22E8 3.28E8 3.28E8 4.09E8 4.5E8 4.97E8 5.29E8
30 1000000.0 1000000.0 1000000.0 2000000.0 4000000.0 6000000.0 8000000.0 8000000.0 1.1E7 1.2E7 1.5E7 1.7E7 1.7E7 1.7E7 1.8E7 1.9E7 1.9E7 2.0E7 2.0E7 2.0E7
31 8000000.0 8000000.0 3.1E7 5.6E7 7.0E7 1.35E8 1.69E8 1.95E8 2.44E8 2.54E8 3.05E8 3.06E8 3.41E8 3.42E8 3.72E8 3.81E8 4.05E8 4.66E8 4.66E8 5.23E8
32 2000000.0 2000000.0 2000000.0 4000000.0 6000000.0 7000000.0 7000000.0 8000000.0 9000000.0 1.0E7 1.2E7 1.3E7 1.3E7 1.7E7 1.7E7 1.8E7 1.9E7 2.1E7 2.2E7 2.3E7
33 7000000.0 8000000.0 4.4E7 5.8E7 9.3E7 1.45E8 1.71E8 1.97E8 2.44E8 2.61E8 3.03E8 3.04E8 3.48E8 3.48E8 3.84E8 3.88E8 4.16E8 4.93E8 4.98E8 5.3E8
34 8000000.0 8000000.0 2.3E7 2.5E7 2.5E7 2.5E7 2.5E7 2.5E7 2.5E7 2.5E7 2.5E7 2.6E7 2.6E7 2.6E7 2.6E7 2.7E7 2.7E7 2.9E7 3.0E7 3.0E7
35 3000000.0 3000000.0 3000000.0 4000000.0 5000000.0 5000000.0 6000000.0 8000000.0 9000000.0 1.1E7 1.1E7 1.2E7 1.2E7 1.4E7 1.5E7 1.5E7 1.6E7 1.6E7 1.7E7 1.8E7
36 1000000.0 1000000.0 7000000.0 1.4E7 1.5E7 1.6E7 1.8E7 1.28E8 1.28E8 1.29E8 1.29E8 1.31E8 1.31E8 1.32E8 1.33E8 1.33E8 1.34E8 2.37E8 2.37E8 2.37E8
37 2000000.0 2000000.0 2000000.0 2000000.0 3000000.0 4000000.0 4000000.0 6000000.0 8000000.0 1.1E7 1.3E7 1.5E7 1.6E7 1.7E7 1.8E7 2.0E7 2.2E7 2.2E7 2.2E7 2.2E7
38 0.0 3000000.0 3000000.0 4000000.0 8000000.0 9000000.0 9000000.0 1.0E7 1.1E7 1.2E7 1.3E7 1.4E7 1.5E7 1.7E7 1.9E7 2.0E7 2.0E7 2.0E7 2.1E7 2.1E7
39 3000000.0 3000000.0 3000000.0 3000000.0 6000000.0 8000000.0 9000000.0 9000000.0 9000000.0 1.0E7 1.1E7 1.1E7 1.2E7 1.3E7 1.3E7 1.3E7 1.3E7 1.4E7 1.4E7 1.6E7
40 2000000.0 3000000.0 6000000.0 9000000.0 1.0E7 1.0E7 1.0E7 1.0E7 1.0E7 1.0E7 1.0E7 1.1E7 1.2E7 1.2E7 1.3E7 1.3E7 1.4E7 1.6E7 1.7E7 1.8E7
41 2000000.0 3000000.0 4000000.0 6000000.0 6000000.0 7000000.0 9000000.0 1.1E7 1.1E7 1.2E7 1.2E7 1.2E7 1.4E7 1.4E7 1.5E7 1.7E7 1.7E7 1.8E7 1.8E7 1.8E7
42 0.0 1000000.0 1000000.0 4000000.0 4000000.0 4000000.0 4000000.0 5000000.0 6000000.0 6000000.0 8000000.0 9000000.0 9000000.0 1.0E7 1.1E7 1.1E7 1.2E7 1.4E7 1.5E7 1.6E7
43 1000000.0 1000000.0 2000000.0 2000000.0 2000000.0 2000000.0 3000000.0 5000000.0 7000000.0 7000000.0 8000000.0 8000000.0 8000000.0 9000000.0 1.0E7 1.1E7 1.4E7 1.5E7 1.5E7 1.7E7
44 0.0 0.0 0.0 0.0 0.0 1000000.0 2000000.0 2000000.0 3000000.0 3000000.0 4000000.0 5000000.0 5000000.0 6000000.0 8000000.0 9000000.0 1.0E7 1.0E7 1.0E7 1.1E7
45 1000000.0 1000000.0 2000000.0 3000000.0 3000000.0 6000000.0 6000000.0 6000000.0 6000000.0 6000000.0 6000000.0 6000000.0 7000000.0 8000000.0 8000000.0 9000000.0 9000000.0 1.0E7 1.1E7 1.3E7
46 2000000.0 2000000.0 4000000.0 4000000.0 4000000.0 5000000.0 5000000.0 5000000.0 6000000.0 7000000.0 7000000.0 7000000.0 7000000.0 9000000.0 1.1E7 1.1E7 1.2E7 1.3E7 1.3E7 1.3E7
47 0.0 0.0 2000000.0 2000000.0 2000000.0 2000000.0 4000000.0 5000000.0 5000000.0 5000000.0 5000000.0 6000000.0 6000000.0 7000000.0 7000000.0 8000000.0 9000000.0 9000000.0 1.0E7 1.0E7
48 6000000.0 6000000.0 7000000.0 8000000.0 8000000.0 9000000.0 1.0E7 1.0E7 1.0E7 1.1E7 1.1E7 1.1E7 1.1E7 1.2E7 1.2E7 1.2E7 1.3E7 1.4E7 1.4E7 1.5E7
49 0.0 1000000.0 2000000.0 2000000.0 2000000.0 2000000.0 3000000.0 3000000.0 3000000.0 4000000.0 4000000.0 5000000.0 8000000.0 1.0E7 1.1E7 1.3E7 1.4E7 1.5E7 1.5E7 1.6E7
50 0.0 3000000.0 4000000.0 7000000.0 7000000.0 8000000.0 1.1E7 1.1E7 1.2E7 1.3E7 1.4E7 1.5E7 1.6E7 1.6E7 1.7E7 1.7E7 1.7E7 1.8E7 1.9E7 2.0E7
51 6000000.0 6000000.0 6000000.0 6000000.0 7000000.0 1.5E7 1.5E7 2.2E7 2.2E7 2.01E8 2.02E8 2.03E8 2.06E8 2.06E8 2.07E8 2.07E8 2.15E8 2.55E8 2.56E8 2.56E8
