records: 20
      Record Time
Host  UsedBuffer

  49376.0 98752.0 148128.0 197504.0 246880.0 296256.0 345632.0 395008.0 444384.0 493760.0 543136.0 592512.0 641888.0 691264.0 740640.0 790016.0 839392.0 888768.0 938144.0 987520.0
0 5.0E8 1.5E9 -2.044967296E9 -1.794967296E9 -1.044967296E9 1.410065408E9 6.85228928E8 -6.54705664E8 4.15425152E8 1.870457856E9 -1.514444032E9 -1.264444032E9 -1.14934592E9 -6.4934592E8 -1.4934592E8 -1.4934592E8 -1.4934592E8 -1.4934592E8 1.0065408E8 3.5065408E8
1 1.25E9 1.25E9 -8.9934592E7 -8.9934592E7 4.10065408E8 1.435228928E9 1.685228928E9 -1.154705664E9 -5.84574848E8 -5.84574848E8 -1.014444032E9 -7.64444032E8 1.395621376E9 1.645621376E9 1.645621376E9 1.645621376E9 2.145621376E9 2.145621376E9 -1.14934592E9 -8.9934592E8
2 2.5E8 5.0E8 7.5E8 1.0E9 1.25E9 1.5E9 1.75E9 2.0E9 -1.794967296E9 -1.794967296E9 -1.544967296E9 -7.94967296E8 -5.44967296E8 -5.44967296E8 -2.94967296E8 -2.94967296E8 4.55032704E8 4.55032704E8 4.55032704E8 1.205032704E9
3 5.0E8 5.0E8 -2.044967296E9 -1.794967296E9 -1.294967296E9 1.480196224E9 1.185228928E9 -1.904705664E9 -1.834574848E9 1.120457856E9 2.030523264E9 -1.764444032E9 -1.89934592E9 -1.64934592E9 -1.39934592E9 -1.14934592E9 -8.9934592E8 -8.9934592E8 -8.9934592E8 -8.9934592E8
4 7.5E8 1.5E9 1.160065408E9 1.410065408E9 -2.134901888E9 -2.109738368E9 -2.109738368E9 -1.859738368E9 -1.084574848E9 -1.629542144E9 -7.64444032E8 -5.14444032E8 2.145621376E9 -1.89934592E9 -1.39934592E9 -1.14934592E9 -1.14934592E9 -1.714116992E9 -1.214116992E9 -7.14116992E8
5 2.5E8 7.5E8 1.0E9 1.25E9 1.5E9 1.75E9 1.75E9 1.75E9 2.0E9 2.0E9 2.0E9 2.0E9 -1.794967296E9 -1.294967296E9 -1.044967296E9 -1.044967296E9 -7.94967296E8 -4.4967296E7 -4.4967296E7 2.05032704E8
6 2.0E9 -1.794967296E9 -1.589934592E9 -6.34901888E8 1.115098112E9 1.935228928E9 1.640261632E9 8.0032704E8 6.65425152E8 1.870457856E9 -5.14444032E8 -1.4444032E7 -1.39934592E9 -1.39934592E9 1.055686784E9 1.555686784E9 -1.489280512E9 -1.214116992E9 -1.214116992E9 -1.214116992E9
7 2.5E8 7.5E8 1.0E9 1.0E9 1.25E9 1.5E9 2.0E9 -2.044967296E9 -2.044967296E9 -1.294967296E9 -1.294967296E9 -1.294967296E9 -1.044967296E9 -7.94967296E8 -7.94967296E8 -5.44967296E8 -2.94967296E8 -2.94967296E8 2.05032704E8 2.05032704E8
8 7.5E8 1.0E9 1.25E9 1.25E9 -1.544967296E9 1.935228928E9 -2.109738368E9 -4.04705664E8 -5.84574848E8 -3.34574848E8 -5.14444032E8 -2.64444032E8 1.145621376E9 1.145621376E9 1.145621376E9 1.395621376E9 2.145621376E9 -1.89934592E9 -1.89934592E9 -1.64934592E9
9 5.0E8 7.5E8 1.5E9 1.75E9 -1.044967296E9 1.980196224E9 -3.14771072E8 -1.109738368E9 -3.59738368E8 -3.59738368E8 -1.514444032E9 -1.514444032E9 1.895621376E9 1.895621376E9 1.895621376E9 1.895621376E9 1.895621376E9 2.145621376E9 2.145621376E9 -1.89934592E9
10 1.25E9 1.75E9 -1.544967296E9 -1.544967296E9 1.205032704E9 5.2516352E8 1.02516352E9 -1.109738368E9 -7.44640256E8 1.505359744E9 -5.14444032E8 -5.14444032E8 1.645621376E9 1.895621376E9 1.10065408E9 1.10065408E9 1.60065408E9 3.758176E8 6.258176E8 8.758176E8
11 0.0 5.0E8 5.0E8 5.0E8 5.0E8 5.0E8 7.5E8 1.5E9 -2.044967296E9 -1.294967296E9 -1.044967296E9 -5.44967296E8 -5.44967296E8 -5.44967296E8 -2.94967296E8 -4.4967296E7 2.05032704E8 2.05032704E8 2.05032704E8 2.05032704E8
12 7.5E8 1.0E9 1.75E9 1.75E9 1.365098112E9 -1.314771072E9 -1.064771072E9 -4.4967296E8 -8.34574848E8 -8.34574848E8 -8.34574848E8 -3.34574848E8 1.65425152E8 4.15425152E8 1.415425152E9 -2.129542144E9 -3.79542144E8 4.40588672E8 -9.89280512E8 -1.669149696E9
13 7.5E8 7.5E8 1.75E9 2.0E9 2.0E9 -2.064771072E9 -1.609738368E9 -1.904705664E9 1.65425152E8 1.65425152E8 2.030523264E9 2.030523264E9 1.145621376E9 1.145621376E9 2.145621376E9 -1.89934592E9 -3.9934592E8 -4.19149696E8 2.85883008E8 -8.04051584E8
14 5.0E8 7.5E8 1.5E9 1.75E9 -7.94967296E8 -1.814771072E9 -3.14771072E8 -1.19967296E9 -8.4574848E7 -6.29542144E8 2.80523264E8 2.80523264E8 1.895621376E9 2.145621376E9 -1.89934592E9 -1.39934592E9 -1.4934592E8 -6.69149696E8 -6.69149696E8 -4.19149696E8
15 1.5E9 1.5E9 -1.839934592E9 1.410065408E9 1.615098112E9 1.935228928E9 8.90261632E8 5.5032704E8 -5.84574848E8 -1.29542144E8 -1.264444032E9 -1.014444032E9 2.145621376E9 2.145621376E9 1.10065408E9 1.10065408E9 1.10065408E9 -3.741824E8 -3.741824E8 -3.741824E8
16 1.75E9 1.75E9 1.75E9 1.75E9 1.75E9 -5.44967296E8 -4.4967296E7 4.55032704E8 4.15425152E8 1.620457856E9 -5.14444032E8 -2.64444032E8 -8.9934592E8 -6.4934592E8 1.10065408E9 1.60065408E9 2.10065408E9 1.830850304E9 -1.714116992E9 6.95948416E8
17 2.5E8 7.5E8 1.0E9 1.25E9 1.75E9 2.0E9 2.0E9 -1.794967296E9 -1.544967296E9 -1.544967296E9 -1.544967296E9 -1.544967296E9 -1.294967296E9 -7.94967296E8 -2.94967296E8 2.05032704E8 2.05032704E8 4.55032704E8 9.55032704E8 1.705032704E9
18 1.25E9 -2.044967296E9 -2.044967296E9 -1.794967296E9 -4.4967296E7 1.980196224E9 6.85228928E8 -1.404705664E9 -1.334574848E9 -5.84574848E8 -7.64444032E8 -7.64444032E8 -1.64934592E9 -1.64934592E9 -3.9934592E8 -1.4934592E8 -1.944313216E9 1.830850304E9 1.830850304E9 1.195948416E9
19 7.5E8 7.5E8 2.0E9 -1.044967296E9 4.55032704E8 1.980196224E9 1.685228928E9 -1.154705664E9 -1.084574848E9 -5.84574848E8 -7.64444032E8 -2.64444032E8 1.895621376E9 1.895621376E9 -1.39934592E9 -1.39934592E9 -1.4934592E8 3.30850304E8 -1.464116992E9 -1.804051584E9
20 1.25E9 1.5E9 -1.589934592E9 1.160065408E9 1.865098112E9 -1.859738368E9 1.890261632E9 1.55032704E9 1.415425152E9 -3.79542144E8 -2.64444032E8 -2.64444032E8 -1.39934592E9 -1.39934592E9 -9.44313216E8 -1.489280512E9 -1.784247808E9 6.258176E8 6.258176E8 1.95948416E8
21 2.5E8 7.5E8 7.5E8 7.5E8 7.5E8 7.5E8 1.25E9 1.75E9 2.0E9 2.0E9 -1.794967296E9 -1.794967296E9 -1.544967296E9 -1.544967296E9 -1.544967296E9 -1.294967296E9 -1.044967296E9 -7.94967296E8 -5.44967296E8 -5.44967296E8
22 7.5E8 7.5E8 1.0E9 1.0E9 1.75E9 1.910065408E9 1.910065408E9 -2.134901888E9 1.505359744E9 2.005359744E9 -1.264444032E9 -1.264444032E9 -8.9934592E8 -8.9934592E8 3.05686784E8 3.05686784E8 3.05686784E8 -1.714116992E9 -7.14116992E8 1.490915712E9
23 5.0E8 1.25E9 2.0E9 -1.794967296E9 -1.294967296E9 -5.44967296E8 -4.4967296E7 -4.4967296E7 -4.4967296E7 -4.4967296E7 -4.4967296E7 2.05032704E8 2.05032704E8 2.05032704E8 4.55032704E8 4.55032704E8 7.05032704E8 -2.089934592E9 -1.839934592E9 -1.339934592E9
24 1.25E9 1.25E9 7.05032704E8 -1.384901888E9 1.865098112E9 -7.69803776E8 8.90261632E8 5.032704E7 4.15425152E8 6.20457856E8 -4.69476736E8 -4.69476736E8 2.145621376E9 -1.89934592E9 -1.694313216E9 -1.694313216E9 1.760719488E9 1.3758176E9 1.8758176E9 -5.54051584E8
25 2.5E8 5.0E8 5.0E8 7.5E8 1.25E9 1.25E9 1.75E9 2.0E9 -1.794967296E9 -1.794967296E9 -1.544967296E9 -1.544967296E9 -1.544967296E9 -1.294967296E9 -1.294967296E9 -1.294967296E9 -1.294967296E9 -1.044967296E9 -7.94967296E8 -7.94967296E8
26 0.0 5.0E8 5.0E8 -1.884901888E9 1.615098112E9 1.935228928E9 1.140261632E9 5.5032704E8 -1.334574848E9 1.665425152E9 -2.014444032E9 -2.014444032E9 6.45621376E8 6.45621376E8 -9.44313216E8 -4.44313216E8 2.010719488E9 1.830850304E9 1.830850304E9 -3.04051584E8
27 2.5E8 2.5E8 2.5E8 5.0E8 5.0E8 7.5E8 7.5E8 7.5E8 1.25E9 1.25E9 1.25E9 1.75E9 1.75E9 -1.794967296E9 -1.544967296E9 -7.94967296E8 -5.44967296E8 -2.94967296E8 -4.4967296E7 -4.4967296E7
28 2.5E8 2.5E8 5.0E8 1.0E9 1.0E9 1.5E9 1.5E9 1.75E9 2.0E9 -1.794967296E9 -1.544967296E9 -1.294967296E9 -1.294967296E9 -1.044967296E9 -7.94967296E8 -4.4967296E7 -4.4967296E7 -4.4967296E7 4.55032704E8 9.55032704E8
29 0.0 5.0E8 1.25E9 1.25E9 1.5E9 1.75E9 1.75E9 1.75E9 2.0E9 2.0E9 -2.044967296E9 -2.044967296E9 -1.794967296E9 -1.794967296E9 -1.294967296E9 -1.294967296E9 -1.044967296E9 -7.94967296E8 -5.44967296E8 -5.44967296E8
30 2.5E8 2.5E8 2.5E8 5.0E8 1.0E9 1.5E9 2.0E9 2.0E9 -1.544967296E9 -1.294967296E9 -5.44967296E8 -4.4967296E7 -4.4967296E7 -4.4967296E7 2.05032704E8 4.55032704E8 4.55032704E8 7.05032704E8 7.05032704E8 7.05032704E8
31 2.0E9 2.0E9 -1.839934592E9 1.660065408E9 1.615098112E9 1.435228928E9 1.140261632E9 5.5032704E8 -1.334574848E9 -1.29542144E8 -7.64444032E8 -5.14444032E8 1.145621376E9 1.395621376E9 1.85065408E9 8.05686784E8 7.60719488E8 -3.741824E8 -3.741824E8 -1.304051584E9
32 1.0E9 1.0E9 -1.339934592E9 -8.39934592E8 1.160065408E9 -2.109738368E9 -2.109738368E9 -1.654705664E9 1.165425152E9 -8.79542144E8 -5.14444032E8 -2.64444032E8 -1.64934592E9 -6.4934592E8 1.0065408E8 3.5065408E8 1.510719488E9 -7.14116992E8 -4.64116992E8 6.95948416E8
33 1.75E9 2.0E9 1.410065408E9 -1.134901888E9 -1.679869184E9 -1.359738368E9 1.640261632E9 1.05032704E9 6.65425152E8 1.370457856E9 -7.64444032E8 -5.14444032E8 -1.64934592E9 -1.64934592E9 1.805686784E9 -1.489280512E9 -1.534247808E9 -1.214116992E9 -1.214116992E9 4.45948416E8
34 2.5E8 2.5E8 7.5E8 1.25E9 1.25E9 1.25E9 1.25E9 1.25E9 1.25E9 1.25E9 1.25E9 1.5E9 1.5E9 1.5E9 1.5E9 1.75E9 1.75E9 -2.044967296E9 -1.794967296E9 -1.794967296E9
35 7.5E8 7.5E8 7.5E8 1.0E9 1.25E9 1.25E9 1.5E9 2.0E9 -2.044967296E9 -1.544967296E9 -1.544967296E9 -1.294967296E9 -1.294967296E9 -7.94967296E8 -5.44967296E8 -5.44967296E8 -2.94967296E8 -2.94967296E8 -4.4967296E7 2.05032704E8
36 2.5E8 2.5E8 1.25E9 1.25E9 1.5E9 1.75E9 -2.044967296E9 -1.294967296E9 -1.294967296E9 -1.044967296E9 -1.044967296E9 -5.44967296E8 -5.44967296E8 -2.94967296E8 -4.4967296E7 -4.4967296E7 2.05032704E8 9.55032704E8 9.55032704E8 9.55032704E8
37 5.0E8 7.5E8 7.5E8 1.75E9 2.0E9 -1.544967296E9 -1.544967296E9 -5.44967296E8 -4.4967296E7 1.955032704E9 -1.839934592E9 -1.339934592E9 -5.89934592E8 -3.39934592E8 1.60065408E8 6.60065408E8 1.160065408E9 -1.634901888E9 -1.634901888E9 -1.634901888E9
38 0.0 7.5E8 7.5E8 1.0E9 2.0E9 -2.044967296E9 -2.044967296E9 -1.794967296E9 -1.544967296E9 -1.294967296E9 -1.044967296E9 -7.94967296E8 -5.44967296E8 -4.4967296E7 4.55032704E8 7.05032704E8 7.05032704E8 7.05032704E8 9.55032704E8 9.55032704E8
39 7.5E8 7.5E8 7.5E8 7.5E8 1.5E9 2.0E9 -2.044967296E9 -2.044967296E9 -2.044967296E9 -1.794967296E9 -1.544967296E9 -1.544967296E9 -1.294967296E9 -1.044967296E9 -1.044967296E9 -1.044967296E9 -1.044967296E9 -7.94967296E8 -7.94967296E8 -2.94967296E8
40 5.0E8 7.5E8 1.5E9 1.75E9 2.0E9 2.0E9 2.0E9 2.0E9 2.0E9 2.0E9 2.0E9 -2.044967296E9 -1.794967296E9 -1.794967296E9 -1.544967296E9 -1.544967296E9 -1.294967296E9 -7.94967296E8 -5.44967296E8 -2.94967296E8
41 5.0E8 7.5E8 1.0E9 1.5E9 1.5E9 1.75E9 -2.044967296E9 -1.544967296E9 -1.544967296E9 -1.294967296E9 -1.294967296E9 -1.294967296E9 -7.94967296E8 -7.94967296E8 -5.44967296E8 -4.4967296E7 -4.4967296E7 2.05032704E8 2.05032704E8 2.05032704E8
42 0.0 2.5E8 2.5E8 1.0E9 1.0E9 1.0E9 1.0E9 1.25E9 1.5E9 1.5E9 2.0E9 -2.044967296E9 -2.044967296E9 -1.794967296E9 -1.544967296E9 -1.544967296E9 -1.294967296E9 -7.94967296E8 -5.44967296E8 -2.94967296E8
43 2.5E8 2.5E8 5.0E8 5.0E8 5.0E8 5.0E8 7.5E8 1.25E9 1.75E9 1.75E9 2.0E9 2.0E9 2.0E9 -2.044967296E9 -1.794967296E9 -1.544967296E9 -7.94967296E8 -5.44967296E8 -5.44967296E8 -4.4967296E7
44 0.0 0.0 0.0 0.0 0.0 2.5E8 5.0E8 5.0E8 7.5E8 7.5E8 1.0E9 1.25E9 1.25E9 1.5E9 2.0E9 -2.044967296E9 -1.794967296E9 -1.794967296E9 -1.794967296E9 -1.544967296E9
45 2.5E8 2.5E8 5.0E8 7.5E8 7.5E8 1.5E9 1.5E9 1.5E9 1.5E9 1.5E9 1.5E9 1.5E9 1.75E9 2.0E9 2.0E9 -2.044967296E9 -2.044967296E9 -1.794967296E9 -1.544967296E9 -1.044967296E9
46 5.0E8 5.0E8 1.0E9 1.0E9 1.0E9 1.25E9 1.25E9 1.25E9 1.5E9 1.75E9 1.75E9 1.75E9 1.75E9 -2.044967296E9 -1.544967296E9 -1.544967296E9 -1.294967296E9 -1.044967296E9 -1.044967296E9 -1.044967296E9
47 0.0 0.0 5.0E8 5.0E8 5.0E8 5.0E8 1.0E9 1.25E9 1.25E9 1.25E9 1.25E9 1.5E9 1.5E9 1.75E9 1.75E9 2.0E9 -2.044967296E9 -2.044967296E9 -1.794967296E9 -1.794967296E9
48 0.0 0.0 2.5E8 5.0E8 5.0E8 7.5E8 1.0E9 1.0E9 1.0E9 1.25E9 1.25E9 1.25E9 1.25E9 1.5E9 1.5E9 1.5E9 1.75E9 2.0E9 2.0E9 -2.044967296E9
49 0.0 2.5E8 5.0E8 5.0E8 5.0E8 5.0E8 7.5E8 7.5E8 7.5E8 1.0E9 1.0E9 1.25E9 2.0E9 -1.794967296E9 -1.544967296E9 -1.044967296E9 -7.94967296E8 -5.44967296E8 -5.44967296E8 -2.94967296E8
50 0.0 7.5E8 1.0E9 1.75E9 1.75E9 2.0E9 -1.544967296E9 -1.544967296E9 -1.294967296E9 -1.044967296E9 -7.94967296E8 -5.44967296E8 -2.94967296E8 -2.94967296E8 -4.4967296E7 -4.4967296E7 -4.4967296E7 2.05032704E8 4.55032704E8 7.05032704E8
51 2.5E8 2.5E8 2.5E8 2.5E8 5.0E8 5.0E8 5.0E8 5.0E8 5.0E8 7.5E8 1.0E9 1.25E9 1.25E9 1.25E9 1.5E9 1.5E9 1.75E9 2.0E9 -2.044967296E9 -2.044967296E9
