records: 20
      Record Time
Host  UsedBuffer

  16870.0 33740.0 50610.0 67480.0 84350.0 101220.0 118090.0 134960.0 151830.0 168700.0 185570.0 202440.0 219310.0 236180.0 253050.0 269920.0 286790.0 303660.0 320530.0 337400.0
0 1.0E8 1.0E8 1.0E8 3.0E8 3.0E8 3.0E8 3.0E8 3.0E8 4.0E8 4.0E8 4.0E8 4.0E8 4.0E8 4.0E8 4.0E8 4.0E8 4.0E8 4.0E8 4.0E8 4.0E8
1 0.0 1.0E8 1.0E8 2.0E8 2.0E8 3.0E8 3.0E8 3.0E8 3.0E8 3.0E8 4.0E8 4.0E8 4.0E8 4.0E8 4.0E8 4.0E8 4.0E8 4.0E8 4.0E8 4.0E8
2 0.0 0.0 0.0 0.0 0.0 2.0E8 2.0E8 3.0E8 3.0E8 3.0E8 3.0E8 4.0E8 4.0E8 4.0E8 4.0E8 5.0E8 6.0E8 6.0E8 6.0E8 6.0E8
3 0.0 0.0 0.0 0.0 0.0 0.0 1.0E8 1.0E8 1.0E8 1.0E8 1.0E8 1.0E8 1.0E8 1.0E8 1.0E8 2.0E8 2.0E8 2.0E8 2.0E8 2.0E8
4 2.0E8 9.0E8 9.0E8 1.1E9 1.4E9 1.9E9 -2.094967296E9 -1.694967296E9 3.10065408E8 -9.84901888E8 -6.84901888E8 -5.84901888E8 -5.84901888E8 -1.679869184E9 7.20130816E8 9.20130816E8 1.020130816E9 1.320130816E9 1.32516352E9 1.92516352E9
5 0.0 0.0 0.0 0.0 0.0 0.0 2.0E8 2.0E8 2.0E8 2.0E8 3.0E8 4.0E8 4.0E8 5.0E8 5.0E8 6.0E8 6.0E8 7.0E8 7.0E8 7.0E8
6 0.0 0.0 0.0 1.6E9 2.0E9 2.0E9 2.0E9 -8.94967296E8 1.310065408E9 -2.084901888E9 -1.984901888E9 -1.984901888E9 -1.984901888E9 8.15098112E8 1.915098112E9 1.915098112E9 -2.079869184E9 -2.079869184E9 -8.79869184E8 -8.79869184E8
7 0.0 0.0 1.0E8 1.0E8 1.0E8 1.0E8 1.0E8 1.0E8 1.0E8 1.0E8 1.0E8 1.0E8 1.0E8 1.0E8 1.0E8 1.0E8 2.0E8 2.0E8 2.0E8 3.0E8
8 0.0 0.0 0.0 0.0 0.0 0.0 0.0 0.0 0.0 0.0 0.0 0.0 0.0 0.0 0.0 0.0 0.0 1.0E8 1.0E8 1.0E8
9 0.0 1.0E8 1.0E8 1.0E8 1.0E8 1.0E8 2.0E8 2.0E8 2.0E8 2.0E8 2.0E8 2.0E8 2.0E8 3.0E8 3.0E8 4.0E8 4.0E8 4.0E8 4.0E8 5.0E8
10 0.0 0.0 0.0 0.0 0.0 0.0 0.0 0.0 1.0E8 2.0E8 3.0E8 3.0E8 3.0E8 3.0E8 3.0E8 3.0E8 3.0E8 3.0E8 3.0E8 4.0E8
11 0.0 0.0 0.0 0.0 0.0 3.0E8 3.0E8 3.0E8 3.0E8 3.0E8 3.0E8 3.0E8 3.0E8 3.0E8 3.0E8 3.0E8 3.0E8 3.0E8 3.0E8 3.0E8
12 0.0 0.0 0.0 0.0 0.0 0.0 0.0 0.0 0.0 0.0 0.0 0.0 0.0 0.0 0.0 0.0 1.0E8 1.0E8 1.0E8 2.0E8
13 0.0 1.0E8 2.0E8 2.0E8 2.0E8 2.0E8 2.0E8 2.0E8 2.0E8 2.0E8 3.0E8 3.0E8 3.0E8 3.0E8 3.0E8 3.0E8 3.0E8 4.0E8 4.0E8 4.0E8
14 0.0 0.0 0.0 0.0 1.0E8 1.0E8 1.0E8 1.0E8 2.0E8 2.0E8 2.0E8 2.0E8 2.0E8 2.0E8 3.0E8 3.0E8 3.0E8 4.0E8 4.0E8 4.0E8
15 0.0 0.0 0.0 0.0 0.0 0.0 0.0 0.0 0.0 0.0 0.0 0.0 0.0 0.0 0.0 0.0 0.0 0.0 0.0 0.0
16 0.0 0.0 0.0 0.0 0.0 0.0 0.0 0.0 0.0 0.0 0.0 0.0 0.0 0.0 0.0 0.0 0.0 0.0 0.0 0.0
17 1.0E8 1.0E8 1.0E8 2.0E8 2.0E8 2.0E8 2.0E8 2.0E8 2.0E8 2.0E8 2.0E8 3.0E8 3.0E8 3.0E8 3.0E8 3.0E8 3.0E8 3.0E8 4.0E8 4.0E8
18 0.0 0.0 0.0 1.0E8 1.0E8 1.0E8 1.0E8 1.0E8 1.0E8 2.0E8 2.0E8 2.0E8 2.0E8 2.0E8 3.0E8 3.0E8 3.0E8 3.0E8 3.0E8 3.0E8
19 0.0 0.0 0.0 0.0 0.0 0.0 1.0E8 3.0E8 3.0E8 3.0E8 3.0E8 3.0E8 3.0E8 3.0E8 3.0E8 3.0E8 3.0E8 3.0E8 3.0E8 3.0E8
20 0.0 0.0 0.0 0.0 0.0 0.0 0.0 0.0 0.0 0.0 0.0 0.0 0.0 1.0E8 1.0E8 1.0E8 1.0E8 1.0E8 1.0E8 2.0E8
21 0.0 0.0 0.0 0.0 0.0 0.0 0.0 2.0E8 2.0E8 2.0E8 2.0E8 2.0E8 2.0E8 2.0E8 2.0E8 2.0E8 2.0E8 2.0E8 2.0E8 2.0E8
22 0.0 0.0 0.0 0.0 0.0 0.0 0.0 0.0 0.0 0.0 0.0 0.0 0.0 0.0 1.0E8 1.0E8 2.0E8 2.0E8 2.0E8 2.0E8
23 0.0 2.0E8 -1.694967296E9 -7.94967296E8 1.305032704E9 1.305032704E9 1.605032704E9 1.605032704E9 1.10065408E8 5.10065408E8 2.110065408E9 -2.084901888E9 -2.084901888E9 -4.84901888E8 -1.179869184E9 -9.79869184E8 -9.79869184E8 -9.79869184E8 1.22516352E9 1.52516352E9
24 0.0 0.0 1.0E8 2.0E8 2.0E8 2.0E8 2.0E8 2.0E8 2.0E8 2.0E8 2.0E8 2.0E8 2.0E8 2.0E8 2.0E8 2.0E8 2.0E8 3.0E8 3.0E8 3.0E8
25 0.0 0.0 0.0 0.0 1.0E8 1.0E8 1.0E8 1.0E8 1.0E8 2.0E8 2.0E8 2.0E8 2.0E8 3.0E8 3.0E8 4.0E8 4.0E8 4.0E8 4.0E8 4.0E8
26 0.0 0.0 0.0 2.0E8 3.0E8 4.0E8 4.0E8 4.0E8 4.0E8 4.0E8 4.0E8 4.0E8 4.0E8 4.0E8 4.0E8 4.0E8 4.0E8 4.0E8 4.0E8 4.0E8
27 0.0 1.0E8 1.0E8 1.0E8 1.0E8 1.0E8 1.0E8 1.0E8 2.0E8 2.0E8 2.0E8 2.0E8 2.0E8 3.0E8 3.0E8 3.0E8 3.0E8 3.0E8 3.0E8 3.0E8
28 0.0 0.0 0.0 0.0 0.0 0.0 0.0 0.0 1.0E8 1.0E8 1.0E8 1.0E8 1.0E8 1.0E8 2.0E8 2.0E8 2.0E8 2.0E8 3.0E8 3.0E8
29 4.0E8 4.0E8 -1.394967296E9 -9.4967296E7 1.205032704E9 1.405032704E9 1.405032704E9 1.405032704E9 1.405032704E9 1.405032704E9 1.405032704E9 1.405032704E9 1.505032704E9 2.015098112E9 5.20130816E8 6.20130816E8 6.20130816E8 6.20130816E8 1.12516352E9 1.62516352E9
30 0.0 0.0 0.0 0.0 0.0 0.0 1.0E8 2.0E8 4.0E8 4.0E8 4.0E8 4.0E8 4.0E8 4.0E8 4.0E8 5.0E8 5.0E8 5.0E8 5.0E8 5.0E8
31 0.0 0.0 0.0 0.0 1.0E8 1.0E8 1.0E8 1.0E8 1.0E8 1.0E8 1.0E8 1.0E8 1.0E8 1.0E8 1.0E8 1.0E8 1.0E8 2.0E8 3.0E8 4.0E8
32 0.0 0.0 0.0 0.0 0.0 0.0 0.0 1.0E8 1.0E8 1.0E8 1.0E8 1.0E8 2.0E8 2.0E8 3.0E8 3.0E8 3.0E8 3.0E8 4.0E8 4.0E8
33 0.0 0.0 -1.394967296E9 -9.4967296E7 1.05032704E8 2.05032704E8 2.05032704E8 5.05032704E8 3.10065408E8 -7.84901888E8 -8.4901888E7 -8.4901888E7 1.5098112E7 1.5098112E7 1.15098112E8 1.15098112E8 2.15098112E8 2.15098112E8 2.15098112E8 2.15098112E8
34 0.0 0.0 0.0 0.0 0.0 0.0 1.0E8 1.0E8 3.0E8 3.0E8 3.0E8 3.0E8 3.0E8 3.0E8 3.0E8 3.0E8 3.0E8 3.0E8 3.0E8 3.0E8
35 0.0 0.0 1.0E8 1.0E8 2.0E8 2.0E8 2.0E8 2.0E8 3.0E8 3.0E8 4.0E8 4.0E8 5.0E8 5.0E8 5.0E8 5.0E8 5.0E8 5.0E8 5.0E8 5.0E8
36 0.0 1.0E8 1.0E8 1.0E8 1.0E8 2.0E8 2.0E8 2.0E8 2.0E8 3.0E8 3.0E8 3.0E8 3.0E8 3.0E8 4.0E8 4.0E8 5.0E8 5.0E8 6.0E8 6.0E8
37 0.0 0.0 1.0E8 1.0E8 1.0E8 1.0E8 1.0E8 1.0E8 1.0E8 2.0E8 2.0E8 2.0E8 2.0E8 2.0E8 2.0E8 2.0E8 2.0E8 2.0E8 2.0E8 2.0E8
38 1.0E8 2.0E8 2.0E8 3.0E8 1.405032704E9 1.405032704E9 1.405032704E9 1.505032704E9 1.510065408E9 -1.584901888E9 -3.84901888E8 -3.84901888E8 -1.84901888E8 1.715098112E9 2.015098112E9 -1.579869184E9 -1.479869184E9 -1.479869184E9 -1.479869184E9 -1.479869184E9
39 0.0 0.0 0.0 1.0E8 1.0E8 1.0E8 1.0E8 2.0E8 2.0E8 2.0E8 2.0E8 2.0E8 2.0E8 2.0E8 2.0E8 2.0E8 2.0E8 2.0E8 2.0E8 2.0E8
40 0.0 0.0 0.0 0.0 0.0 0.0 0.0 0.0 0.0 0.0 0.0 0.0 0.0 0.0 0.0 1.0E8 1.0E8 1.0E8 1.0E8 1.0E8
41 4.0E8 6.0E8 -1.594967296E9 -1.594967296E9 -1.594967296E9 -1.594967296E9 -1.594967296E9 -1.394967296E9 3.10065408E8 -1.284901888E9 -6.84901888E8 -6.84901888E8 -5.84901888E8 -1.679869184E9 -1.479869184E9 -1.479869184E9 -1.479869184E9 -1.179869184E9 1.32516352E9 1.62516352E9
42 0.0 0.0 0.0 0.0 0.0 0.0 0.0 0.0 0.0 0.0 1.0E8 1.0E8 1.0E8 1.0E8 1.0E8 1.0E8 3.0E8 3.0E8 3.0E8 3.0E8
43 4.0E8 9.0E8 -1.494967296E9 -1.294967296E9 -1.194967296E9 -1.194967296E9 -9.94967296E8 -9.4967296E7 1.610065408E9 -7.84901888E8 -8.4901888E7 -8.4901888E7 -8.4901888E7 -1.679869184E9 3.20130816E8 7.20130816E8 1.020130816E9 1.020130816E9 1.12516352E9 1.32516352E9
44 0.0 0.0 1.0E8 1.0E8 1.0E8 1.0E8 1.0E8 1.0E8 1.0E8 1.0E8 1.0E8 1.0E8 1.0E8 1.0E8 1.0E8 1.0E8 1.0E8 1.0E8 1.0E8 1.0E8
45 0.0 1.0E8 1.0E8 1.0E8 1.0E8 1.0E8 1.0E8 1.0E8 1.0E8 2.0E8 3.0E8 3.0E8 4.0E8 5.0E8 5.0E8 5.0E8 5.0E8 5.0E8 5.0E8 5.0E8
46 0.0 0.0 1.0E8 1.0E8 1.0E8 1.0E8 1.0E8 1.0E8 1.0E8 1.0E8 2.0E8 2.0E8 2.0E8 2.0E8 2.0E8 2.0E8 2.0E8 2.0E8 2.0E8 2.0E8
47 0.0 0.0 0.0 0.0 0.0 0.0 0.0 0.0 0.0 0.0 0.0 0.0 0.0 0.0 0.0 0.0 0.0 0.0 0.0 0.0
48 0.0 0.0 0.0 0.0 1.0E8 1.0E8 1.0E8 1.0E8 1.0E8 1.0E8 1.0E8 1.0E8 1.0E8 2.0E8 2.0E8 2.0E8 2.0E8 2.0E8 2.0E8 2.0E8
49 0.0 0.0 0.0 0.0 0.0 0.0 0.0 0.0 0.0 0.0 0.0 0.0 0.0 0.0 0.0 0.0 0.0 0.0 0.0 0.0
50 0.0 1.0E8 1.0E8 1.0E8 2.0E8 2.0E8 3.0E8 3.0E8 3.0E8 3.0E8 3.0E8 3.0E8 4.0E8 4.0E8 4.0E8 4.0E8 4.0E8 4.0E8 4.0E8 4.0E8
51 0.0 0.0 0.0 0.0 1.0E8 1.0E8 2.0E8 2.0E8 2.0E8 2.0E8 2.0E8 2.0E8 3.0E8 3.0E8 3.0E8 4.0E8 4.0E8 4.0E8 4.0E8 4.0E8
52 0.0 0.0 1.0E8 1.0E8 2.0E8 2.0E8 2.0E8 2.0E8 2.0E8 3.0E8 3.0E8 3.0E8 3.0E8 3.0E8 4.0E8 4.0E8 4.0E8 5.0E8 5.0E8 6.0E8
53 1.0E8 1.0E8 1.0E8 1.0E8 3.0E8 3.0E8 3.0E8 3.0E8 3.0E8 3.0E8 3.0E8 5.0E8 5.0E8 5.0E8 6.0E8 6.0E8 6.0E8 6.0E8 6.0E8 6.0E8
54 0.0 0.0 0.0 0.0 0.0 0.0 0.0 0.0 0.0 0.0 0.0 1.0E8 1.0E8 1.0E8 1.0E8 2.0E8 2.0E8 2.0E8 2.0E8 3.0E8
55 0.0 0.0 0.0 0.0 0.0 0.0 0.0 0.0 0.0 0.0 0.0 0.0 0.0 0.0 0.0 1.0E8 1.0E8 1.0E8 2.0E8 2.0E8
56 0.0 0.0 0.0 0.0 0.0 0.0 1.0E8 1.0E8 1.0E8 1.0E8 1.0E8 1.0E8 1.0E8 1.0E8 1.0E8 1.0E8 1.0E8 1.0E8 1.0E8 1.0E8
57 0.0 0.0 0.0 0.0 0.0 0.0 0.0 0.0 0.0 0.0 0.0 0.0 0.0 0.0 0.0 0.0 0.0 0.0 0.0 0.0
58 0.0 0.0 0.0 0.0 0.0 0.0 0.0 0.0 0.0 0.0 1.0E8 1.0E8 1.0E8 1.0E8 1.0E8 1.0E8 2.0E8 2.0E8 3.0E8 3.0E8
59 0.0 0.0 1.0E8 1.0E8 2.0E8 2.0E8 2.0E8 2.0E8 2.0E8 2.0E8 2.0E8 2.0E8 3.0E8 3.0E8 3.0E8 3.0E8 4.0E8 4.0E8 4.0E8 4.0E8
60 0.0 0.0 0.0 1.0E8 1.0E8 2.0E8 2.0E8 2.0E8 2.0E8 2.0E8 2.0E8 2.0E8 2.0E8 3.0E8 3.0E8 3.0E8 3.0E8 3.0E8 3.0E8 3.0E8
61 1.0E8 1.0E8 1.0E8 1.0E8 1.0E8 1.0E8 1.0E8 1.0E8 1.0E8 1.0E8 1.0E8 1.0E8 1.0E8 1.0E8 1.0E8 1.0E8 1.0E8 1.0E8 1.0E8 1.0E8
62 0.0 0.0 0.0 0.0 0.0 0.0 0.0 0.0 0.0 0.0 0.0 0.0 0.0 0.0 0.0 0.0 0.0 0.0 0.0 1.0E8
63 0.0 0.0 0.0 0.0 0.0 0.0 0.0 0.0 0.0 0.0 0.0 0.0 0.0 0.0 0.0 0.0 0.0 0.0 0.0 1.0E8
64 0.0 0.0 0.0 0.0 0.0 0.0 0.0 0.0 0.0 0.0 0.0 0.0 0.0 0.0 0.0 0.0 1.0E8 2.0E8 2.0E8 3.0E8
65 0.0 0.0 0.0 0.0 1.0E8 1.0E8 1.0E8 1.0E8 1.0E8 1.0E8 1.0E8 1.0E8 1.0E8 1.0E8 1.0E8 1.0E8 1.0E8 1.0E8 2.0E8 2.0E8
66 0.0 0.0 0.0 0.0 0.0 0.0 0.0 0.0 0.0 0.0 0.0 1.0E8 2.0E8 2.0E8 2.0E8 2.0E8 2.0E8 2.0E8 2.0E8 2.0E8
67 0.0 1.0E8 1.0E8 1.0E8 1.0E8 1.0E8 1.0E8 1.0E8 2.0E8 2.0E8 2.0E8 2.0E8 2.0E8 2.0E8 2.0E8 2.0E8 3.0E8 3.0E8 4.0E8 4.0E8
68 0.0 0.0 0.0 0.0 0.0 0.0 0.0 0.0 0.0 1.0E8 1.0E8 1.0E8 1.0E8 1.0E8 1.0E8 2.0E8 2.0E8 2.0E8 2.0E8 3.0E8
69 0.0 0.0 0.0 0.0 0.0 0.0 1.0E8 1.0E8 1.0E8 1.0E8 1.0E8 1.0E8 1.0E8 1.0E8 2.0E8 2.0E8 2.0E8 2.0E8 2.0E8 2.0E8
70 0.0 0.0 0.0 0.0 0.0 0.0 0.0 0.0 0.0 0.0 1.0E8 3.0E8 3.0E8 3.0E8 3.0E8 3.0E8 3.0E8 3.0E8 4.0E8 4.0E8
71 0.0 0.0 0.0 0.0 0.0 0.0 0.0 0.0 0.0 0.0 0.0 0.0 1.0E8 1.0E8 1.0E8 1.0E8 1.0E8 1.0E8 2.0E8 2.0E8
72 0.0 0.0 0.0 0.0 0.0 0.0 0.0 2.0E8 2.0E8 4.0E8 4.0E8 4.0E8 4.0E8 4.0E8 4.0E8 4.0E8 4.0E8 4.0E8 4.0E8 4.0E8
73 0.0 0.0 0.0 0.0 0.0 0.0 1.0E8 1.0E8 1.0E8 1.0E8 1.0E8 1.0E8 1.0E8 1.0E8 1.0E8 1.0E8 1.0E8 2.0E8 2.0E8 2.0E8
74 0.0 0.0 0.0 0.0 0.0 1.0E8 1.0E8 1.0E8 2.0E8 2.0E8 2.0E8 2.0E8 2.0E8 2.0E8 2.0E8 2.0E8 2.0E8 3.0E8 3.0E8 3.0E8
75 0.0 1.0E8 2.0E8 2.0E8 2.0E8 2.0E8 2.0E8 2.0E8 2.0E8 2.0E8 2.0E8 2.0E8 2.0E8 3.0E8 3.0E8 3.0E8 3.0E8 3.0E8 3.0E8 3.0E8
76 0.0 0.0 0.0 0.0 0.0 0.0 0.0 0.0 0.0 0.0 0.0 0.0 0.0 0.0 0.0 0.0 0.0 0.0 0.0 0.0
77 1.0E8 1.0E8 1.0E8 1.0E8 1.0E8 1.0E8 1.0E8 1.0E8 2.0E8 2.0E8 2.0E8 2.0E8 2.0E8 2.0E8 2.0E8 2.0E8 2.0E8 2.0E8 2.0E8 2.0E8
78 0.0 0.0 0.0 0.0 0.0 0.0 0.0 0.0 0.0 0.0 0.0 0.0 0.0 0.0 0.0 0.0 0.0 0.0 0.0 0.0
79 2.0E8 2.0E8 2.0E8 3.0E8 3.0E8 3.0E8 3.0E8 3.0E8 3.0E8 3.0E8 3.0E8 3.0E8 3.0E8 3.0E8 3.0E8 3.0E8 4.0E8 5.0E8 5.0E8 5.0E8
80 0.0 0.0 0.0 0.0 0.0 0.0 0.0 0.0 0.0 0.0 0.0 0.0 1.0E8 1.0E8 1.0E8 1.0E8 1.0E8 1.0E8 1.0E8 1.0E8
81 0.0 0.0 0.0 0.0 0.0 0.0 0.0 0.0 0.0 0.0 0.0 0.0 0.0 0.0 0.0 0.0 0.0 0.0 0.0 0.0
82 0.0 1.0E8 1.0E8 1.0E8 1.0E8 1.0E8 1.0E8 2.0E8 2.0E8 2.0E8 3.0E8 3.0E8 3.0E8 3.0E8 3.0E8 3.0E8 3.0E8 3.0E8 3.0E8 3.0E8
83 0.0 1.0E8 1.0E8 1.0E8 2.0E8 3.0E8 3.0E8 4.0E8 4.0E8 4.0E8 5.0E8 5.0E8 5.0E8 5.0E8 5.0E8 5.0E8 5.0E8 5.0E8 5.0E8 5.0E8
84 0.0 0.0 0.0 0.0 0.0 0.0 0.0 0.0 0.0 0.0 0.0 1.0E8 1.0E8 1.0E8 1.0E8 1.0E8 1.0E8 2.0E8 2.0E8 3.0E8
85 0.0 0.0 0.0 0.0 0.0 0.0 0.0 0.0 0.0 0.0 1.0E8 1.0E8 1.0E8 1.0E8 2.0E8 2.0E8 2.0E8 2.0E8 2.0E8 2.0E8
86 0.0 0.0 1.0E8 1.0E8 1.0E8 1.0E8 2.0E8 2.0E8 2.0E8 2.0E8 2.0E8 2.0E8 2.0E8 3.0E8 4.0E8 4.0E8 4.0E8 4.0E8 4.0E8 4.0E8
87 0.0 0.0 0.0 0.0 0.0 0.0 0.0 1.0E8 1.0E8 1.0E8 1.0E8 1.0E8 1.0E8 1.0E8 1.0E8 1.0E8 1.0E8 1.0E8 1.0E8 1.0E8
88 0.0 0.0 0.0 0.0 0.0 0.0 0.0 0.0 0.0 0.0 0.0 0.0 0.0 0.0 0.0 0.0 0.0 0.0 0.0 0.0
89 2.0E8 2.0E8 2.0E8 2.0E8 2.0E8 2.0E8 2.0E8 2.0E8 2.0E8 2.0E8 2.0E8 3.0E8 4.0E8 5.0E8 5.0E8 5.0E8 5.0E8 6.0E8 6.0E8 6.0E8
90 0.0 0.0 0.0 0.0 0.0 0.0 0.0 0.0 0.0 1.0E8 1.0E8 1.0E8 1.0E8 1.0E8 1.0E8 1.0E8 1.0E8 1.0E8 1.0E8 1.0E8
91 1.0E8 1.0E8 1.0E8 1.0E8 1.0E8 2.0E8 2.0E8 2.0E8 2.0E8 3.0E8 3.0E8 4.0E8 4.0E8 4.0E8 4.0E8 4.0E8 4.0E8 4.0E8 4.0E8 4.0E8
92 5.0E8 9.0E8 9.0E8 -9.4967296E7 1.505032704E9 1.505032704E9 1.605032704E9 1.705032704E9 1.010065408E9 1.610065408E9 -2.084901888E9 -2.084901888E9 -1.984901888E9 -1.879869184E9 -7.9869184E7 5.20130816E8 5.20130816E8 5.20130816E8 1.02516352E9 1.12516352E9
93 1.0E8 1.0E8 2.0E8 2.0E8 2.0E8 3.0E8 3.0E8 3.0E8 3.0E8 3.0E8 3.0E8 3.0E8 4.0E8 4.0E8 4.0E8 4.0E8 4.0E8 4.0E8 4.0E8 4.0E8
94 0.0 0.0 0.0 1.0E8 1.0E8 1.0E8 1.0E8 1.0E8 1.0E8 1.0E8 1.0E8 1.0E8 1.0E8 1.0E8 1.0E8 1.0E8 2.0E8 2.0E8 2.0E8 2.0E8
95 0.0 0.0 0.0 0.0 0.0 0.0 0.0 0.0 0.0 0.0 0.0 1.0E8 1.0E8 1.0E8 1.0E8 1.0E8 1.0E8 1.0E8 1.0E8 1.0E8
96 6.0E8 1.0E9 1.0E9 1.0E9 1.6E9 1.9E9 2.1E9 2.1E9 2.1E9 2.1E9 2.1E9 2.1E9 2.1E9 -1.294967296E9 -2.79869184E8 -7.9869184E7 -7.9869184E7 -7.9869184E7 -5.7483648E8 1.82516352E9
97 0.0 0.0 1.0E8 1.0E8 1.0E8 1.0E8 1.0E8 1.0E8 1.0E8 1.0E8 1.0E8 1.0E8 2.0E8 4.0E8 4.0E8 5.0E8 5.0E8 5.0E8 5.0E8 5.0E8
