records: 20
      Record Time
Host  UsedBuffer

  16870.0 33740.0 50610.0 67480.0 84350.0 101220.0 118090.0 134960.0 151830.0 168700.0 185570.0 202440.0 219310.0 236180.0 253050.0 269920.0 286790.0 303660.0 320530.0 337400.0
0 1.0E9 2.05032704E8 1.705032704E9 1.820130816E9 -1.064771072E9 1.435228928E9 1.935228928E9 -1.359738368E9 9.60392448E8 1.370457856E9 -1.42450944E9 -1.42450944E9 -4.2450944E8 1.90588672E8 -3.9934592E8 1.0065408E8 1.0065408E8 8.05686784E8 -2.079215104E9 9.20784896E8
1 0.0 5.0E8 5.0E8 1.0E9 1.0E9 1.5E9 1.5E9 1.5E9 1.5E9 1.5E9 2.0E9 2.0E9 2.0E9 2.0E9 2.0E9 2.0E9 2.0E9 2.0E9 2.0E9 2.0E9
2 0.0 0.0 0.0 0.0 0.0 1.0E9 1.0E9 1.5E9 1.5E9 1.5E9 1.5E9 2.0E9 2.0E9 2.0E9 2.0E9 -1.794967296E9 -1.294967296E9 -1.294967296E9 -1.294967296E9 -1.294967296E9
3 0.0 0.0 0.0 0.0 0.0 0.0 5.0E8 5.0E8 5.0E8 5.0E8 5.0E8 5.0E8 5.0E8 5.0E8 5.0E8 1.0E9 1.0E9 1.0E9 1.0E9 1.0E9
4 5.0E8 5.0E8 5.0E8 5.0E8 5.0E8 1.0E9 1.0E9 1.0E9 1.0E9 1.0E9 1.5E9 1.5E9 1.5E9 1.5E9 2.0E9 2.0E9 2.0E9 -1.794967296E9 -1.294967296E9 -1.294967296E9
5 0.0 0.0 0.0 3.20130816E8 4.35228928E8 1.435228928E9 -1.359738368E9 -1.359738368E9 -8.59738368E8 -8.34574848E8 1.665425152E9 3.70457856E8 3.70457856E8 -1.809411328E9 6.0065408E8 2.10065408E9 2.10065408E9 -1.194313216E9 1.920784896E9 -1.8741824E9
6 0.0 0.0 0.0 0.0 0.0 0.0 0.0 0.0 5.0E8 1.0E9 1.0E9 1.0E9 1.0E9 1.0E9 1.0E9 1.0E9 1.0E9 1.0E9 1.0E9 1.0E9
7 1.0E9 1.0E9 1.5E9 -2.089934592E9 1.820130816E9 -2.69803776E8 -2.69803776E8 1.730196224E9 -1.359738368E9 1.255359744E9 1.255359744E9 1.255359744E9 1.255359744E9 -5.39607552E8 -1.42450944E9 -9.2450944E8 -4.2450944E8 -4.2450944E8 -1.514444032E9 -8.9934592E8
8 0.0 0.0 0.0 0.0 0.0 0.0 0.0 0.0 0.0 0.0 0.0 0.0 0.0 0.0 0.0 0.0 0.0 5.0E8 5.0E8 5.0E8
9 0.0 5.0E8 5.0E8 5.0E8 5.0E8 5.0E8 1.0E9 1.0E9 1.0E9 1.0E9 1.0E9 1.0E9 1.0E9 1.5E9 1.5E9 2.0E9 2.0E9 2.0E9 2.0E9 -1.794967296E9
10 0.0 0.0 5.0E8 5.0E8 5.0E8 5.0E8 1.0E9 -1.794967296E9 -1.179869184E9 9.60392448E8 1.460392448E9 1.460392448E9 1.960392448E9 -1.42450944E9 1.985555968E9 -8.09411328E8 -8.09411328E8 -3.09411328E8 1.690588672E9 8.05686784E8
11 0.0 0.0 0.0 0.0 0.0 1.5E9 1.5E9 1.5E9 1.5E9 1.5E9 1.5E9 1.5E9 1.5E9 1.5E9 1.5E9 1.5E9 1.5E9 1.5E9 1.5E9 1.5E9
12 0.0 0.0 0.0 0.0 0.0 0.0 0.0 0.0 0.0 0.0 0.0 0.0 0.0 0.0 0.0 0.0 5.0E8 5.0E8 5.0E8 1.0E9
13 0.0 5.0E8 1.0E9 1.0E9 1.0E9 1.0E9 1.0E9 1.0E9 1.0E9 1.0E9 1.5E9 1.5E9 1.5E9 1.5E9 1.5E9 1.5E9 1.5E9 2.0E9 2.0E9 2.0E9
14 0.0 0.0 0.0 0.0 5.0E8 5.0E8 5.0E8 5.0E8 1.0E9 1.0E9 1.0E9 1.0E9 1.0E9 1.0E9 1.5E9 1.5E9 1.5E9 2.0E9 2.0E9 2.0E9
15 0.0 0.0 0.0 0.0 0.0 0.0 0.0 0.0 0.0 0.0 0.0 0.0 0.0 0.0 0.0 0.0 0.0 0.0 0.0 0.0
16 0.0 0.0 0.0 0.0 0.0 0.0 0.0 0.0 0.0 0.0 0.0 0.0 0.0 0.0 0.0 0.0 0.0 0.0 0.0 0.0
17 5.0E8 5.0E8 5.0E8 1.0E9 1.0E9 1.0E9 1.0E9 1.0E9 1.0E9 1.0E9 1.0E9 1.5E9 1.5E9 1.5E9 1.5E9 1.5E9 1.5E9 1.5E9 2.0E9 2.0E9
18 0.0 0.0 0.0 5.0E8 5.0E8 5.0E8 5.0E8 5.0E8 5.0E8 1.0E9 1.0E9 1.0E9 1.0E9 1.0E9 1.5E9 1.5E9 1.5E9 1.5E9 1.5E9 1.5E9
19 0.0 0.0 0.0 0.0 0.0 0.0 5.0E8 1.5E9 1.5E9 1.5E9 1.5E9 1.5E9 1.5E9 1.5E9 1.5E9 1.5E9 1.5E9 1.5E9 1.5E9 1.5E9
20 0.0 0.0 0.0 0.0 0.0 0.0 0.0 0.0 0.0 0.0 0.0 0.0 0.0 5.0E8 5.0E8 5.0E8 5.0E8 5.0E8 5.0E8 1.0E9
21 0.0 0.0 0.0 0.0 0.0 0.0 0.0 1.0E9 1.0E9 1.0E9 1.0E9 1.0E9 1.0E9 1.0E9 1.0E9 1.0E9 1.0E9 1.0E9 1.0E9 1.0E9
22 0.0 0.0 0.0 0.0 0.0 0.0 0.0 0.0 0.0 0.0 0.0 0.0 0.0 0.0 5.0E8 5.0E8 1.0E9 1.0E9 1.0E9 1.0E9
23 5.0E8 1.5E9 -5.89934592E8 8.20130816E8 -1.064771072E9 -6.4771072E7 1.435228928E9 1.435228928E9 -3.9607552E7 -1.334574848E9 1.07549056E9 1.57549056E9 1.57549056E9 1.485555968E9 1.90588672E8 6.90588672E8 6.90588672E8 6.90588672E8 -2.84247808E8 -3.741824E8
24 0.0 0.0 5.0E8 1.0E9 1.0E9 1.0E9 1.0E9 1.0E9 1.0E9 1.0E9 1.0E9 1.0E9 1.0E9 1.0E9 1.0E9 1.0E9 1.0E9 1.5E9 1.5E9 1.5E9
25 0.0 0.0 0.0 0.0 5.0E8 5.0E8 5.0E8 5.0E8 5.0E8 1.0E9 1.0E9 1.0E9 1.0E9 1.5E9 1.5E9 2.0E9 2.0E9 2.0E9 2.0E9 2.0E9
26 0.0 0.0 0.0 1.0E9 1.5E9 2.0E9 2.0E9 2.0E9 2.0E9 2.0E9 2.0E9 2.0E9 2.0E9 2.0E9 2.0E9 2.0E9 2.0E9 2.0E9 2.0E9 2.0E9
27 -1.794967296E9 2.05032704E8 2.05032704E8 2.05032704E8 -5.64771072E8 9.35228928E8 -1.359738368E9 -1.154705664E9 -6.54705664E8 -1.129542144E9 2.07549056E9 2.07549056E9 -1.719476736E9 2.80523264E8 -8.09411328E8 -8.09411328E8 -8.09411328E8 -8.09411328E8 -8.09411328E8 -8.09411328E8
28 0.0 0.0 0.0 0.0 0.0 0.0 0.0 0.0 5.0E8 5.0E8 5.0E8 5.0E8 5.0E8 5.0E8 1.0E9 1.0E9 1.0E9 1.0E9 1.5E9 1.5E9
29 0.0 0.0 0.0 0.0 0.0 0.0 0.0 0.0 0.0 0.0 0.0 0.0 0.0 0.0 0.0 0.0 0.0 0.0 5.0E8 1.0E9
30 0.0 0.0 0.0 0.0 0.0 0.0 5.0E8 1.0E9 2.0E9 2.0E9 2.0E9 2.0E9 2.0E9 2.0E9 2.0E9 -1.794967296E9 -1.794967296E9 -1.794967296E9 -1.794967296E9 -1.794967296E9
31 0.0 0.0 0.0 0.0 5.0E8 5.0E8 5.0E8 5.0E8 5.0E8 5.0E8 5.0E8 5.0E8 5.0E8 5.0E8 5.0E8 5.0E8 5.0E8 1.0E9 1.5E9 2.0E9
32 0.0 0.0 0.0 0.0 0.0 0.0 0.0 5.0E8 5.0E8 5.0E8 5.0E8 5.0E8 1.0E9 1.0E9 1.5E9 1.5E9 1.5E9 1.5E9 2.0E9 2.0E9
33 0.0 0.0 -5.89934592E8 -1.47483648E9 5.2516352E8 1.02516352E9 1.02516352E9 6.40261632E8 -1.54705664E8 1.870457856E9 2.07549056E9 2.07549056E9 -1.719476736E9 -1.719476736E9 -1.219476736E9 -1.219476736E9 -7.19476736E8 -7.19476736E8 -7.19476736E8 -7.19476736E8
34 -1.794967296E9 7.05032704E8 1.410065408E9 8.20130816E8 -1.269803776E9 -1.269803776E9 -2.69803776E8 7.30196224E8 1.40261632E8 1.345294336E9 -1.29542144E8 3.70457856E8 8.70457856E8 -1.719476736E9 -7.19476736E8 -7.19476736E8 -7.19476736E8 -7.19476736E8 6.0065408E8 -2.84247808E8
35 -1.294967296E9 7.05032704E8 1.410065408E9 1.820130816E9 -2.69803776E8 -2.69803776E8 2.30196224E8 1.730196224E9 -1.859738368E9 4.60392448E8 -1.719476736E9 -1.719476736E9 -2.19476736E8 9.85555968E8 -1.309411328E9 -3.09411328E8 -3.09411328E8 -3.09411328E8 1.60065408E9 1.215752192E9
36 5.0E8 1.0E9 9.10065408E8 -1.47483648E9 5.2516352E8 1.02516352E9 1.02516352E9 2.02516352E9 -1.154705664E9 1.870457856E9 2.07549056E9 2.07549056E9 -1.719476736E9 -1.719476736E9 -1.219476736E9 -1.219476736E9 -7.19476736E8 -7.19476736E8 -2.19476736E8 -2.19476736E8
37 0.0 0.0 5.0E8 5.0E8 5.0E8 5.0E8 5.0E8 5.0E8 5.0E8 1.0E9 1.0E9 1.0E9 1.0E9 1.0E9 1.0E9 1.0E9 1.0E9 1.0E9 1.0E9 1.0E9
38 0.0 0.0 0.0 5.0E8 5.0E8 5.0E8 5.0E8 5.0E8 5.0E8 5.0E8 5.0E8 5.0E8 1.0E9 1.0E9 1.0E9 1.0E9 1.5E9 1.5E9 1.5E9 1.5E9
39 0.0 0.0 0.0 5.0E8 5.0E8 5.0E8 5.0E8 1.0E9 1.0E9 1.0E9 1.0E9 1.0E9 1.0E9 1.0E9 1.0E9 1.0E9 1.0E9 1.0E9 1.0E9 1.0E9
40 0.0 0.0 0.0 0.0 0.0 0.0 0.0 0.0 0.0 0.0 0.0 0.0 0.0 0.0 0.0 5.0E8 5.0E8 5.0E8 5.0E8 5.0E8
41 0.0 5.0E8 5.0E8 5.0E8 5.0E8 5.0E8 5.0E8 5.0E8 5.0E8 5.0E8 5.0E8 5.0E8 5.0E8 5.0E8 1.5E9 1.5E9 1.5E9 2.0E9 2.0E9 2.0E9
42 0.0 0.0 0.0 0.0 0.0 0.0 0.0 0.0 0.0 0.0 5.0E8 5.0E8 5.0E8 5.0E8 5.0E8 5.0E8 1.5E9 1.5E9 1.5E9 1.5E9
43 5.0E8 5.0E8 5.0E8 1.0E9 1.0E9 1.0E9 1.0E9 1.0E9 1.0E9 1.5E9 1.5E9 1.5E9 1.5E9 1.5E9 1.5E9 -1.794967296E9 -1.794967296E9 -1.794967296E9 -1.294967296E9 -1.294967296E9
44 0.0 0.0 5.0E8 5.0E8 5.0E8 5.0E8 5.0E8 5.0E8 5.0E8 5.0E8 5.0E8 5.0E8 5.0E8 5.0E8 5.0E8 5.0E8 5.0E8 5.0E8 5.0E8 5.0E8
45 -1.794967296E9 -1.294967296E9 -1.294967296E9 -7.94967296E8 -5.64771072E8 1.435228928E9 -1.859738368E9 -1.859738368E9 -3.9607552E7 1.165425152E9 1.07549056E9 1.57549056E9 1.280523264E9 -1.604378624E9 1.0065408E8 1.60065408E9 2.10065408E9 1.805686784E9 -2.079215104E9 -1.579215104E9
46 -1.294967296E9 -7.94967296E8 -2.94967296E8 -4.7483648E8 -1.564771072E9 9.35228928E8 9.35228928E8 -8.59738368E8 1.460392448E9 1.870457856E9 -1.719476736E9 -1.719476736E9 -1.719476736E9 2.80523264E8 2.10065408E9 -1.694313216E9 -1.694313216E9 -1.694313216E9 1.420784896E9 -3.741824E8
47 -1.294967296E9 7.05032704E8 -1.884901888E9 1.320130816E9 -7.69803776E8 -2.69803776E8 -1.064771072E9 -8.59738368E8 9.60392448E8 1.370457856E9 1.57549056E9 1.57549056E9 1.57549056E9 4.85555968E8 1.10065408E9 1.60065408E9 1.60065408E9 1.60065408E9 -1.079215104E9 8.30850304E8
48 0.0 0.0 0.0 0.0 5.0E8 5.0E8 5.0E8 5.0E8 5.0E8 5.0E8 5.0E8 5.0E8 5.0E8 1.0E9 1.0E9 1.0E9 1.0E9 1.0E9 1.0E9 1.0E9
49 2.0E9 2.0E9 -1.089934592E9 -1.47483648E9 -6.4771072E7 9.35228928E8 9.35228928E8 1.435228928E9 9.60392448E8 8.70457856E8 8.70457856E8 8.70457856E8 8.70457856E8 -1.014444032E9 1.0065408E8 6.0065408E8 6.0065408E8 6.0065408E8 1.805686784E9 7.15752192E8
50 0.0 5.0E8 5.0E8 5.0E8 1.0E9 1.0E9 1.5E9 1.5E9 1.5E9 1.5E9 1.5E9 1.5E9 2.0E9 2.0E9 2.0E9 2.0E9 2.0E9 2.0E9 2.0E9 2.0E9
51 0.0 0.0 0.0 0.0 5.0E8 5.0E8 1.0E9 1.0E9 1.0E9 1.0E9 1.0E9 1.0E9 1.5E9 1.5E9 1.5E9 2.0E9 2.0E9 2.0E9 2.0E9 2.0E9
52 0.0 0.0 5.0E8 5.0E8 1.0E9 1.0E9 1.0E9 1.0E9 1.0E9 1.5E9 1.5E9 1.5E9 1.5E9 1.5E9 2.0E9 2.0E9 2.0E9 -1.794967296E9 -1.794967296E9 -1.294967296E9
53 5.0E8 5.0E8 5.0E8 5.0E8 1.5E9 1.5E9 1.5E9 1.5E9 1.5E9 1.5E9 1.5E9 -1.794967296E9 -1.794967296E9 -1.794967296E9 -1.294967296E9 -1.294967296E9 -1.294967296E9 -1.294967296E9 -1.294967296E9 -1.294967296E9
54 0.0 0.0 0.0 0.0 0.0 0.0 0.0 0.0 0.0 0.0 0.0 5.0E8 5.0E8 5.0E8 5.0E8 1.0E9 1.0E9 1.0E9 1.0E9 1.5E9
55 -1.794967296E9 2.05032704E8 2.05032704E8 -9.7483648E8 2.02516352E9 -1.859738368E9 1.40261632E8 1.40261632E8 1.460392448E9 1.370457856E9 7.549056E7 7.549056E7 7.549056E7 1.690588672E9 1.10065408E9 -1.694313216E9 -1.694313216E9 8.05686784E8 -7.84247808E8 -1.579215104E9
56 -1.294967296E9 7.05032704E8 -1.884901888E9 -1.47483648E9 -5.64771072E8 1.935228928E9 -1.859738368E9 -1.859738368E9 -1.859738368E9 -1.859738368E9 -8.59738368E8 -8.59738368E8 -8.59738368E8 -1.44967296E9 9.60392448E8 -1.219476736E9 -1.219476736E9 -1.219476736E9 1.280523264E9 1.280523264E9
57 0.0 0.0 0.0 0.0 0.0 0.0 0.0 0.0 0.0 0.0 0.0 0.0 0.0 0.0 0.0 0.0 0.0 0.0 0.0 0.0
58 -1.294967296E9 7.05032704E8 -3.84901888E8 3.20130816E8 1.730196224E9 1.730196224E9 1.730196224E9 1.730196224E9 1.730196224E9 1.65425152E8 2.07549056E9 2.07549056E9 -1.719476736E9 -1.719476736E9 1.190588672E9 -1.104378624E9 -6.04378624E8 -6.04378624E8 3.95621376E8 3.95621376E8
59 0.0 0.0 5.0E8 5.0E8 1.0E9 1.0E9 1.0E9 1.0E9 1.0E9 1.0E9 1.0E9 1.0E9 1.5E9 1.5E9 1.5E9 1.5E9 2.0E9 2.0E9 2.0E9 2.0E9
60 0.0 0.0 0.0 5.0E8 5.0E8 1.0E9 1.0E9 1.0E9 1.0E9 1.0E9 1.0E9 1.0E9 1.0E9 1.5E9 1.5E9 1.5E9 1.5E9 1.5E9 1.5E9 1.5E9
61 5.0E8 5.0E8 5.0E8 5.0E8 5.0E8 5.0E8 5.0E8 5.0E8 5.0E8 5.0E8 5.0E8 5.0E8 5.0E8 5.0E8 5.0E8 5.0E8 5.0E8 5.0E8 5.0E8 5.0E8
62 -1.294967296E9 7.05032704E8 -1.884901888E9 1.320130816E9 1.02516352E9 1.02516352E9 1.52516352E9 2.02516352E9 6.40261632E8 1.845294336E9 -1.44967296E9 3.70457856E8 -1.719476736E9 -7.19476736E8 -1.014444032E9 -1.104378624E9 -1.104378624E9 -1.104378624E9 2.10065408E9 1.215752192E9
63 0.0 0.0 0.0 0.0 0.0 0.0 0.0 0.0 0.0 0.0 0.0 0.0 0.0 0.0 0.0 0.0 0.0 0.0 0.0 5.0E8
64 0.0 0.0 0.0 0.0 0.0 0.0 0.0 0.0 0.0 0.0 0.0 0.0 0.0 0.0 0.0 0.0 5.0E8 1.0E9 1.0E9 1.5E9
65 0.0 0.0 0.0 0.0 5.0E8 5.0E8 5.0E8 5.0E8 5.0E8 5.0E8 5.0E8 5.0E8 5.0E8 5.0E8 5.0E8 5.0E8 5.0E8 5.0E8 1.0E9 1.0E9
66 -1.794967296E9 -2.94967296E8 -2.94967296E8 -2.94967296E8 -7.69803776E8 9.35228928E8 9.35228928E8 9.35228928E8 -2.44640256E8 -3.34574848E8 2.07549056E9 -1.719476736E9 -7.19476736E8 -8.09411328E8 1.90588672E8 1.90588672E8 6.90588672E8 6.90588672E8 1.805686784E9 -4.89280512E8
67 0.0 5.0E8 5.0E8 5.0E8 5.0E8 5.0E8 5.0E8 5.0E8 1.0E9 1.0E9 1.0E9 1.0E9 1.0E9 1.0E9 1.0E9 1.0E9 1.5E9 1.5E9 2.0E9 2.0E9
68 1.5E9 2.0E9 2.0E9 2.0E9 2.0E9 2.0E9 2.0E9 2.0E9 2.0E9 -1.294967296E9 -1.294967296E9 -1.294967296E9 -1.294967296E9 5.5032704E8 1.755359744E9 -2.039607552E9 -2.039607552E9 -2.039607552E9 -2.039607552E9 -1.539607552E9
69 0.0 0.0 0.0 0.0 0.0 0.0 5.0E8 5.0E8 5.0E8 5.0E8 5.0E8 5.0E8 5.0E8 5.0E8 1.0E9 1.0E9 1.0E9 1.0E9 1.0E9 1.0E9
70 -1.294967296E9 -2.94967296E8 -2.94967296E8 1.820130816E9 1.820130816E9 1.820130816E9 -1.97483648E9 -1.47483648E9 7.55359744E8 -6.29542144E8 2.07549056E9 -1.219476736E9 -1.219476736E9 1.485555968E9 -1.104378624E9 -1.104378624E9 -1.104378624E9 -1.104378624E9 -6.04378624E8 -6.04378624E8
71 2.0E9 2.0E9 -1.794967296E9 -1.47483648E9 -5.64771072E8 1.435228928E9 -1.359738368E9 -1.154705664E9 9.60392448E8 8.70457856E8 2.07549056E9 2.07549056E9 -1.719476736E9 1.485555968E9 -8.09411328E8 -3.09411328E8 -3.09411328E8 -3.09411328E8 -1.604378624E9 -1.604378624E9
72 0.0 0.0 0.0 0.0 0.0 0.0 0.0 1.0E9 1.0E9 2.0E9 2.0E9 2.0E9 2.0E9 2.0E9 2.0E9 2.0E9 2.0E9 2.0E9 2.0E9 2.0E9
73 0.0 0.0 0.0 0.0 0.0 0.0 5.0E8 5.0E8 5.0E8 5.0E8 5.0E8 5.0E8 5.0E8 5.0E8 5.0E8 5.0E8 5.0E8 1.0E9 1.0E9 1.0E9
74 0.0 0.0 0.0 0.0 0.0 5.0E8 5.0E8 5.0E8 1.0E9 1.0E9 1.0E9 1.0E9 1.0E9 1.0E9 1.0E9 1.0E9 1.0E9 1.5E9 1.5E9 1.5E9
75 5.0E8 1.0E9 -2.089934592E9 -1.47483648E9 -5.64771072E8 1.435228928E9 -3.59738368E8 2.140261632E9 9.60392448E8 1.870457856E9 2.07549056E9 -1.719476736E9 -1.719476736E9 -1.04378624E8 8.95621376E8 8.95621376E8 8.95621376E8 8.95621376E8 -1.694313216E9 -1.694313216E9
76 0.0 0.0 0.0 0.0 0.0 0.0 0.0 0.0 0.0 0.0 0.0 0.0 0.0 0.0 0.0 0.0 0.0 0.0 0.0 0.0
77 1.0E9 1.0E9 -5.89934592E8 1.820130816E9 -1.564771072E9 4.35228928E8 -1.359738368E9 1.140261632E9 4.60392448E8 1.370457856E9 1.07549056E9 1.57549056E9 -1.719476736E9 -1.014444032E9 1.190588672E9 1.190588672E9 1.690588672E9 1.690588672E9 -1.604378624E9 1.10065408E9
78 0.0 0.0 0.0 0.0 0.0 0.0 0.0 0.0 0.0 0.0 0.0 0.0 0.0 0.0 0.0 0.0 0.0 0.0 0.0 0.0
79 -1.294967296E9 7.05032704E8 7.05032704E8 -5.89934592E8 -8.9934592E7 -1.884901888E9 -1.47483648E9 -1.564771072E9 9.60392448E8 1.370457856E9 1.370457856E9 1.870457856E9 -1.92450944E9 1.690588672E9 1.60065408E9 -1.694313216E9 -1.194313216E9 3.05686784E8 2.15752192E8 2.1258176E9
80 0.0 0.0 0.0 0.0 0.0 0.0 0.0 0.0 0.0 0.0 0.0 0.0 5.0E8 5.0E8 5.0E8 5.0E8 5.0E8 5.0E8 5.0E8 5.0E8
81 0.0 0.0 0.0 0.0 0.0 0.0 0.0 0.0 0.0 0.0 0.0 0.0 0.0 0.0 0.0 0.0 0.0 0.0 0.0 0.0
82 0.0 5.0E8 5.0E8 5.0E8 5.0E8 5.0E8 5.0E8 1.0E9 1.0E9 1.0E9 1.5E9 1.5E9 1.5E9 1.5E9 1.5E9 1.5E9 1.5E9 1.5E9 1.5E9 1.5E9
83 -1.294967296E9 7.05032704E8 -1.384901888E9 -1.47483648E9 -6.4771072E7 1.435228928E9 -1.654705664E9 5.032704E7 1.460392448E9 -1.92450944E9 -1.219476736E9 2.80523264E8 7.80523264E8 7.80523264E8 -1.194313216E9 -1.194313216E9 -1.194313216E9 -1.194313216E9 -1.194313216E9 -1.194313216E9
84 0.0 0.0 0.0 0.0 0.0 0.0 0.0 0.0 0.0 0.0 0.0 5.0E8 5.0E8 5.0E8 5.0E8 5.0E8 5.0E8 1.0E9 1.0E9 1.5E9
85 0.0 0.0 0.0 0.0 0.0 0.0 0.0 0.0 0.0 0.0 5.0E8 5.0E8 5.0E8 5.0E8 1.0E9 1.0E9 1.0E9 1.0E9 1.0E9 1.0E9
86 2.0E9 2.0E9 -1.794967296E9 -1.97483648E9 -1.064771072E9 4.35228928E8 1.935228928E9 2.140261632E9 -3.9607552E7 8.70457856E8 -9.2450944E8 -9.2450944E8 -9.2450944E8 -4.2450944E8 7.549056E7 7.549056E7 7.549056E7 7.549056E7 7.549056E7 7.549056E7
87 0.0 0.0 0.0 0.0 0.0 0.0 0.0 5.0E8 5.0E8 5.0E8 5.0E8 5.0E8 5.0E8 5.0E8 5.0E8 5.0E8 5.0E8 5.0E8 5.0E8 5.0E8
88 -1.294967296E9 -2.94967296E8 9.10065408E8 -1.47483648E9 -1.064771072E9 9.35228928E8 1.435228928E9 1.40261632E8 9.60392448E8 1.370457856E9 2.07549056E9 2.07549056E9 -7.19476736E8 -1.809411328E9 -1.104378624E9 -1.04378624E8 8.95621376E8 8.95621376E8 -1.194313216E9 5.10719488E8
89 1.0E9 1.0E9 1.0E9 1.0E9 1.0E9 1.0E9 1.0E9 1.0E9 1.0E9 1.0E9 1.0E9 1.5E9 2.0E9 -1.794967296E9 -1.794967296E9 -1.794967296E9 -1.794967296E9 -1.294967296E9 -1.294967296E9 -1.294967296E9
90 0.0 0.0 0.0 0.0 0.0 0.0 0.0 0.0 0.0 5.0E8 5.0E8 5.0E8 5.0E8 5.0E8 5.0E8 5.0E8 5.0E8 5.0E8 5.0E8 5.0E8
91 -1.294967296E9 -2.94967296E8 -2.94967296E8 -8.84901888E8 -8.84901888E8 -3.84901888E8 1.320130816E9 1.820130816E9 8.45294336E8 1.65425152E8 1.65425152E8 6.65425152E8 6.65425152E8 6.65425152E8 6.65425152E8 6.65425152E8 6.65425152E8 6.65425152E8 6.65425152E8 6.65425152E8
92 0.0 0.0 0.0 0.0 0.0 0.0 0.0 0.0 0.0 0.0 0.0 0.0 0.0 5.0E8 5.0E8 5.0E8 5.0E8 5.0E8 5.0E8 5.0E8
93 5.0E8 5.0E8 1.0E9 1.0E9 1.0E9 1.5E9 1.5E9 1.5E9 1.5E9 1.5E9 1.5E9 1.5E9 2.0E9 2.0E9 2.0E9 2.0E9 2.0E9 2.0E9 2.0E9 2.0E9
94 0.0 0.0 0.0 5.0E8 5.0E8 5.0E8 5.0E8 5.0E8 5.0E8 5.0E8 5.0E8 5.0E8 5.0E8 5.0E8 5.0E8 5.0E8 1.0E9 1.0E9 1.0E9 1.0E9
95 0.0 0.0 0.0 0.0 0.0 0.0 0.0 0.0 0.0 0.0 0.0 5.0E8 5.0E8 5.0E8 5.0E8 5.0E8 5.0E8 5.0E8 5.0E8 5.0E8
96 -1.294967296E9 7.05032704E8 7.05032704E8 7.05032704E8 1.705032704E9 1.910065408E9 -8.84901888E8 -8.84901888E8 -8.84901888E8 -8.84901888E8 -8.84901888E8 -8.84901888E8 -8.84901888E8 6.15098112E8 -1.744640256E9 4.60392448E8 4.60392448E8 4.60392448E8 -1.334574848E9 -8.34574848E8
97 0.0 0.0 5.0E8 5.0E8 5.0E8 5.0E8 5.0E8 5.0E8 5.0E8 5.0E8 5.0E8 5.0E8 1.0E9 2.0E9 2.0E9 -1.794967296E9 -1.794967296E9 -1.794967296E9 -1.794967296E9 -1.794967296E9
