Selfish Battery Level: [35, 84, 62, 49, 58, 23, 87, 27, 77, 59, 45, 41, 82, 38, 71, 82, 1, 69, 46, 36, 24, 14, 10, 0, 91, 78, 15, 66, 14, 52, 35, 78, 44, 82, 41, 45, 84, 33, 98, 58, 43, 9, 55, 84, 78, 92, 70, 88, 49, 51, 4, 13, 77, 3, 58, 4, 59, 61, 67, 75, 99, 61, 53, 66, 56, 98, 42, 36, 21, 74, 27, 52, 90, 98, 64, 15, 17, 77, 64, 79, 63, 86, 85, 83, 87, 89, 52, 2, 69, 33, 67, 6, 73, 43, 31, 45, 33, 44, 33, 38, 33, 62, 24, 22, 61, 62, 81, 79, 99, 97, 67, 43, 91, 72, 27, 54, 5, 30, 81, 37, 39, 2, 57, 11, 40, 51, 64, 50, 53, 3, 94, 79, 51, 31, 45, 64, 26, 13, 81, 58, 88, 85, 52, 63, 33, 30, 80, 38, 72, 57, 12, 46, 32, 52, 76, 14, 1, 92, 81, 42, 90, 97, 9, 75, 43, 31, 19, 89, 71, 94, 56, 82, 73, 68, 87, 63, 9, 72, 46, 11, 31, 23, 54, 8, 87, 58, 16, 47, 99, 2, 50, 20, 98, 68, 38, 39, 93, 25, 26, 53, 93, 15, 82, 10, 30, 3, 55, 9, 31, 53, 24, 86, 98, 30, 87, 72, 17, 93, 77, 14, 15, 42, 11, 17, 94, 37, 62, 49, 54, 94, 26, 25, 93, 14, 19, 57, 65, 52, 89, 90, 30, 63, 14, 21, 70, 5, 26, 22, 66, 25, 55, 55, 16, 14, 55, 56, 82, 51, 36, 42, 42, 92, 70, 21, 25, 75, 40, 33, 72, 85, 8, 0, 96, 96, 33, 17, 50, 44, 56, 33, 42, 9, 31, 86, 6, 12, 67, 74, 66, 32, 28, 82, 52, 53, 99, 16, 86, 36, 39, 60, 47, 33, 57, 35, 19, 25, 79, 50, 38, 96, 85, 49, 37, 87, 83, 92, 38, 72, 14, 11, 74, 18, 26, 38, 36, 69, 84, 23, 16, 71, 54, 24, 21, 5, 76, 6, 93, 41, 74, 69, 7, 16, 36, 19, 99, 49, 9, 91, 15, 72, 1, 74, 46, 30, 6, 44, 39, 34, 50, 61, 47, 69, 40, 92, 30, 7, 16, 14, 76, 10, 93, 0, 97, 92, 42, 50, 24, 20, 16, 16, 70, 74, 64, 3, 13, 0, 36, 21, 32, 34, 73, 75, 98, 26, 41, 16, 67, 37, 7, 34, 93, 34, 68, 68, 70, 29, 43, 4, 0, 84, 24, 55, 18, 69, 94, 79, 69, 96, 89, 26, 39, 12, 93, 0, 31, 78, 73, 7, 35, 19, 46, 23, 28, 30, 39, 10, 17, 49, 70, 82, 43, 84, 42, 57, 95, 70, 41, 22, 84, 89, 36, 65, 77, 44, 93, 33, 97, 68, 49, 47, 31, 55, 16, 32, 41, 74, 78, 52, 51, 70, 4, 86, 0, 90, 36, 88, 78, 80, 94, 75, 72, 92, 9, 84, 5, 19, 14, 38, 39, 38, 11, 7, 42, 51, 59, 26, 56, 97, 62, 16, 6, 28, 5, 88, 65, 48, 4, 45, 14, 55, 8, 99, 91, 21, 76, 25, 96, 80, 67, 22, 95, 2, 25, 11, 4, 26, 64, 89, 60, 60, 97, 40, 85, 89, 56, 7, 68, 15, 13, 77, 12, 7, 29, 89, 50, 80, 1, 46, 41, 95, 33, 33, 3, 64, 50, 71, 30, 97, 50, 68, 55, 76, 73, 50, 41, 11, 58, 88, 10, 19, 50, 58, 27, 96, 89, 46, 1, 88, 64, 37, 1, 17, 32, 36, 52, 46, 2, 43, 59, 74, 26, 83, 60, 50, 57, 64, 37, 69, 22, 22, 83, 67, 2, 70, 59, 51, 58, 37, 32, 43, 14, 20, 78, 57, 3, 58, 94, 62, 77, 67, 12, 15, 8, 35, 34]
Hosts: 625
Hosts Average Energy Consume/s: 0.5600543864067848
Hosts Average normal Energy Consume/s: 0.5701366206065115
Hosts Average  Selfish Period Consume/s: 0.31058224593723893

Hosts Average Energy Consume: 14135.703475099514
Hosts Average Normal Energy Consume: 9943.735907664013
Hosts Average Selfish Energy Consume: 4191.967567438309

Description:
host number
average energy consumption of all periods  - average energy consumption of Normal periods  -  average energy consumption of all selfish periods
energy consumption of all periods  -  energy consumption of Normal periods  -  energy consumption of selfish periods
Active total time  -  Normal Active Time  -  Selfish Active Time
Normal proportion of time  -  Selfish proportion of time
Number of Recharges 


HOST: 0
0.7090660314077684 0.7090660314077684 0.0
13003.561949987065 13003.561949987065 0.0
18339.0 18339.0 0.0
0


HOST: 1
0.5817425595567903 0.5471286885231491 0.5944542605739304
15457.481549983477 3904.857449989715 11552.624099993762
26571.0 7137.0 19434.0
0


HOST: 2
0.5204886157964762 0.5220064571480941 0.5140967772515469
11446.065149980308 9276.57674997878 2169.488400001528
21991.0 17771.0 4220.0
0


HOST: 3
0.5628418855605256 0.5645341752054224 0.5427114886734958
13456.423799981047 12450.236699980385 1006.1871000006613
23908.0 22054.0 1854.0
0


HOST: 4
0.5610189773384961 0.5593627004899165 0.5664519685042918
13418.451899982152 10253.11829998017 3165.3336000019826
23918.0 18330.0 5588.0
0


HOST: 5
0.5270524946938118 0.5270524946938118 0.0
10183.181249979138 10183.181249979138 0.0
19321.0 19321.0 0.0
0


HOST: 6
0.5573193819413997 0.5237658607016642 0.5750038622120641
9783.741749981273 3173.497349991383 6610.24439998989
17555.0 6059.0 11496.0
0


HOST: 7
0.5355150538096562 0.5355150538096562 0.0
12240.803099981122 12240.803099981122 0.0
22858.0 22858.0 0.0
0


HOST: 8
0.5116155966814462 0.5106536562059197 0.5128543569916375
9993.387449978689 5614.636949984088 4378.750499994601
19533.0 10995.0 8538.0
0


HOST: 9
0.5287433995286136 0.5289978040262112 0.5062500000003638
10117.50494998002 10009.167449979943 108.33750000007785
19135.0 18921.0 214.0
0


HOST: 10
0.5522368680435336 0.5522368680435336 0.0
10420.709699981478 10420.709699981478 0.0
18870.0 18870.0 0.0
0


HOST: 11
0.5401380076609023 0.5408848417132921 0.5274222506397455
15228.110849983817 14403.222449983256 824.8884000005619
28193.0 26629.0 1564.0
0


HOST: 12
0.5333575062057041 0.5208887624452302 0.543380023820126
10096.990949980183 4394.217599987962 5702.7733499922215
18931.0 8436.0 10495.0
0


HOST: 13
0.5435358885863721 0.5435358885863721 0.0
8820.500399979646 8820.500399979646 0.0
16228.0 16228.0 0.0
0


HOST: 14
0.5684466091268161 0.591968421271244 0.5312576414595485
11097.783149982832 7079.3503499828075 4018.432800000024
19523.0 11959.0 7564.0
0


HOST: 15
0.5214269634112216 0.5159792155927417 0.5269127172745509
8850.179849978666 4394.078999987789 4456.100849990877
16973.0 8516.0 8457.0
0


HOST: 16
0.5590234782930058 0.5590234782930058 0.0
14859.962099984681 14859.962099984681 0.0
26582.0 26582.0 0.0
0


HOST: 17
0.5331594532391457 0.519700020600135 0.5605103125873562
11584.488599980159 7567.871699979165 4016.616900000994
21728.0 14562.0 7166.0
0


HOST: 18
0.5237736065092301 0.5237736065092301 0.0
10909.680449980753 10909.680449980753 0.0
20829.0 20829.0 0.0
0


HOST: 19
0.5062499999985448 0.5062499999985448 0.0
4001.9062499884967 4001.9062499884967 0.0
7905.0 7905.0 0.0
0


HOST: 20
0.5456411642573701 0.5456411642573701 0.0
9855.916349980876 9855.916349980876 0.0
18063.0 18063.0 0.0
0


HOST: 21
0.5632816490831235 0.5632816490831235 0.0
14202.583499981876 14202.583499981876 0.0
25214.0 25214.0 0.0
0


HOST: 22
0.5433126185182643 0.5433126185182643 0.0
10772.802599980145 10772.802599980145 0.0
19828.0 19828.0 0.0
0


HOST: 23
0.56806895681375 0.56806895681375 0.0
15193.004249983745 15193.004249983745 0.0
26745.0 26745.0 0.0
0


HOST: 24
0.5062499999990396 0.5062499999985448 0.5062499999991628
11029.162499979078 2197.1249999936845 8832.037499985394
21786.0 4340.0 17446.0
0


HOST: 25
0.5264349487542584 0.5409657534232386 0.5062499999990276
8988.876749978963 5370.7079999859125 3618.1687499930504
17075.0 9928.0 7147.0
0


HOST: 26
0.5677179059046835 0.5677179059046835 0.0
10353.471449983714 10353.471449983714 0.0
18237.0 18237.0 0.0
0


HOST: 27
0.5569369495517921 0.5666364955267871 0.5387509216593508
12508.246949983699 8299.52474998085 4208.722200002849
22459.0 14647.0 7812.0
0


HOST: 28
0.5831983228839136 0.5831983228839136 0.0
9023.827649982795 9023.827649982795 0.0
15473.0 15473.0 0.0
0


HOST: 29
0.6121556565938222 0.6244879876350025 0.5062500000003638
12824.048849983981 11717.892599983186 1106.156250000795
20949.0 18764.0 2185.0
0


HOST: 30
0.5662027872371661 0.5662027872371661 0.0
12635.381399984599 12635.381399984599 0.0
22316.0 22316.0 0.0
0


HOST: 31
0.5709405962470345 0.574958832029553 0.565866330944276
9556.403699982864 5370.690449988055 4185.713249994809
16738.0 9341.0 7397.0
0


HOST: 32
0.6010663511538207 0.6010663511538207 0.0
11557.303799985664 11557.303799985664 0.0
19228.0 19228.0 0.0
0


HOST: 33
0.5419436301711485 0.5136623918620207 0.5690674907492717
9469.381049980479 4393.868099987725 5075.512949992753
17473.0 8554.0 8919.0
0


HOST: 34
0.6527894970028562 0.6527894970028562 0.0
12744.409349986761 12744.409349986761 0.0
19523.0 19523.0 0.0
0


HOST: 35
0.5215779323692235 0.5215779323692235 0.0
8884.558499977353 8884.558499977353 0.0
17034.0 17034.0 0.0
0


HOST: 36
0.7625741198198372 0.8284180593839497 0.7068072480675847
7840.787099987567 3905.991149995323 3934.7959499922435
10282.0 4715.0 5567.0
0


HOST: 37
0.5261747882229807 0.5261747882229807 0.0
11366.953949981053 11366.953949981053 0.0
21603.0 21603.0 0.0
0


HOST: 38
0.5062499999988367 0.5062499999985448 0.5062499999988523
9563.062499978025 488.0249999985972 9075.037499979428
18890.0 964.0 17926.0
0


HOST: 39
0.5858672913729402 0.6027783597873505 0.5062500000003638
12082.341149984146 10253.259899982831 1829.0812500013144
20623.0 17010.0 3613.0
0


HOST: 40
0.590383471219235 0.590383471219235 0.0
13415.873999985895 13415.873999985895 0.0
22724.0 22724.0 0.0
0


HOST: 41
0.5579859248789164 0.5579859248789164 0.0
8497.567649981018 8497.567649981018 0.0
15229.0 15229.0 0.0
0


HOST: 42
0.6528057713270256 0.6812898511619252 0.5062500000003638
12572.386349987184 10985.798849986044 1586.5875000011401
19259.0 16125.0 3134.0
0


HOST: 43
0.6112516669054283 0.6622473550341755 0.5911720508707564
12761.101049984627 3905.9348999915674 8855.16614999306
20877.0 5898.0 14979.0
0


HOST: 44
0.569353622522452 0.6046441904962861 0.5368413494445975
10546.137149983379 5370.449699988014 5175.687449995365
18523.0 8882.0 9641.0
0


HOST: 45
0.5091596000731072 0.508384600363039 0.5093271829074467
10999.883999979409 1952.705249994433 9047.178749984976
21604.0 3841.0 17763.0
0


HOST: 46
0.6355363217650493 0.702717760505261 0.5331580567335408
10969.992449986516 7323.72449998583 3646.2679500006852
17261.0 10422.0 6839.0
0


HOST: 47
0.5738981021424483 0.6490506647450348 0.5473926695834086
9933.602249983638 2929.165649994342 7004.436599989296
17309.0 4513.0 12796.0
0


HOST: 48
0.583563674744129 0.583563674744129 0.0
10643.034299983425 10643.034299983425 0.0
18238.0 18238.0 0.0
0


HOST: 49
0.5593340135706724 0.5593340135706724 0.0
11210.172299983416 11210.172299983416 0.0
20042.0 20042.0 0.0
0


HOST: 50
0.5719724158973933 0.5719724158973933 0.0
5151.755549987822 5151.755549987822 0.0
9007.0 9007.0 0.0
0


HOST: 51
0.5831748370098931 0.5831748370098931 0.0
9302.804999981816 9302.804999981816 0.0
15952.0 15952.0 0.0
0


HOST: 52
0.5681288709200888 0.5897607983179411 0.54963273756033
11734.133699983515 5614.5227999868 6119.610899996715
20654.0 9520.0 11134.0
0


HOST: 53
0.5954039780890843 0.5954039780890843 0.0
10761.33149998211 10761.33149998211 0.0
18074.0 18074.0 0.0
0


HOST: 54
0.5811945890960251 0.5867286952780227 0.5370152809505659
11428.610399984236 10253.083949983447 1175.5264500007888
19664.0 17475.0 2189.0
0


HOST: 55
0.5480414067970676 0.5480414067970676 0.0
11722.057649982478 11722.057649982478 0.0
21389.0 21389.0 0.0
0


HOST: 56
0.6128416998088612 0.6170792848325232 0.5519616031890223
10632.190649983932 10009.025999983525 623.1646500004063
17349.0 16220.0 1129.0
0


HOST: 57
0.6141004106767567 0.6248126066402491 0.5429441586751456
10766.408399984899 9520.894499984115 1245.513900000784
17532.0 15238.0 2294.0
0


HOST: 58
0.5617381921083406 0.5800291345655386 0.526571677741228
11859.978449983397 8056.024649980765 3803.9538000026314
21113.0 13889.0 7224.0
0


HOST: 59
0.573125118752834 0.6036765875357237 0.5448967007858248
12065.42999998466 6103.170299986166 5962.259699998494
21052.0 10110.0 10942.0
0


HOST: 60
0.5062499999990427 0.5062499999985448 0.506249999999054
11054.474999979097 244.0124999992986 10810.462499979798
21836.0 482.0 21354.0
0


HOST: 61
0.559820564011659 0.5728979812252354 0.5163016219466962
12099.401849983988 9520.991549982187 2578.4103000018004
21613.0 16619.0 4994.0
0


HOST: 62
0.5806703178982583 0.5806703178982583 0.0
10922.989349984136 10922.989349984136 0.0
18811.0 18811.0 0.0
0


HOST: 63
0.7087598097294607 0.7949064834311836 0.5822773059621112
12441.569699990954 8300.413499988419 4141.156200002535
17554.0 10442.0 7112.0
0


HOST: 64
0.5514793589863359 0.5529625559837138 0.5062500000003638
11063.778899983872 10741.29764998364 322.48125000023174
20062.0 19425.0 637.0
0


HOST: 65
0.5062499999987279 0.5062499999985448 0.5062499999987385
8927.212499977568 488.0249999985972 8439.18749997897
17634.0 964.0 16670.0
0


HOST: 66
0.5573610030779834 0.5573610030779834 0.0
10318.424249982707 10318.424249982707 0.0
18513.0 18513.0 0.0
0


HOST: 67
0.6103005082923014 0.6103005082923014 0.0
10265.864849984802 10265.864849984802 0.0
16821.0 16821.0 0.0
0


HOST: 68
0.5978836785467249 0.5978836785467249 0.0
13335.795449984698 13335.795449984698 0.0
22305.0 22305.0 0.0
0


HOST: 69
0.5925569907012772 0.6187427471227834 0.565879714966665
12044.905949984863 6347.063099985513 5697.84284999935
20327.0 10258.0 10069.0
0


HOST: 70
0.6848344672582108 0.6848344672582108 0.0
12874.203149987106 12874.203149987106 0.0
18799.0 18799.0 0.0
0


HOST: 71
0.5435452150661998 0.5435452150661998 0.0
8542.356599980396 8542.356599980396 0.0
15716.0 15716.0 0.0
0


HOST: 72
0.525931128132727 0.5070183838788939 0.531885735774189
10573.319399980344 2440.7864999929952 8132.532899987349
20104.0 4814.0 15290.0
0


HOST: 73
0.5062499999988276 0.5062499999985448 0.5062499999988429
9506.362499977984 488.0249999985972 9018.337499979387
18778.0 964.0 17814.0
0


HOST: 74
0.5627897556680159 0.5905277449254765 0.5062500000003638
12484.365149983598 8788.233899980942 3696.131250002656
22183.0 14882.0 7301.0
0


HOST: 75
0.5510513366825636 0.5510513366825636 0.0
10965.921599983016 10965.921599983016 0.0
19900.0 19900.0 0.0
0


HOST: 76
0.5330298655270335 0.5330298655270335 0.0
11733.05339998106 11733.05339998106 0.0
22012.0 22012.0 0.0
0


HOST: 77
0.531503985362161 0.5175962942463413 0.5537595736826232
9368.820749978813 5614.884599984311 3753.9361499945026
17627.0 10848.0 6779.0
0


HOST: 78
0.5463909331064419 0.5500971707548783 0.5318997797360503
10961.694899981438 8788.352399979936 2173.3425000015013
20062.0 15976.0 4086.0
0


HOST: 79
0.546037083229168 0.5181789194365413 0.5897624226549107
8843.616599979605 5126.344049985702 3717.2725499939024
16196.0 9893.0 6303.0
0


HOST: 80
0.5558309900978361 0.5543628636295754 0.6203098382752994
9262.923449980439 9032.788499980303 230.1349500001361
16665.0 16294.0 371.0
0


HOST: 81
0.5445969618494527 0.5127630382581135 0.5559857487918185
13775.580149981906 3417.565649990327 10358.01449999158
25295.0 6665.0 18630.0
0


HOST: 82
0.5532842880810943 0.5247688306090526 0.5694235420546451
10682.259749981687 3661.8368999899685 7020.422849991719
19307.0 6978.0 12329.0
0


HOST: 83
0.530107869633123 0.5175489024680027 0.5413401952025523
9002.821949979327 4149.707099988445 4853.114849990881
16983.0 8018.0 8965.0
0


HOST: 84
0.5503483825235215 0.5325367259592947 0.5591698304512333
9901.317749980675 3173.386349991437 6727.931399989238
17991.0 5959.0 12032.0
0


HOST: 85
0.5062499999990699 0.5062499999985448 0.5062499999992339
11287.349999979264 2685.1499999922817 8602.199999986982
22296.0 5304.0 16992.0
0


HOST: 86
0.5323106735014969 0.5323106735014969 0.0
9136.580399979692 9136.580399979692 0.0
17164.0 17164.0 0.0
0


HOST: 87
0.5563667775572747 0.5563667775572747 0.0
12375.82259998402 12375.82259998402 0.0
22244.0 22244.0 0.0
0


HOST: 88
0.5700894948847383 0.5843243108626183 0.5499259706881372
12595.557299983408 7567.584149981769 5027.973150001639
22094.0 12951.0 9143.0
0


HOST: 89
0.5679836892879546 0.5679836892879546 0.0
8829.306449981255 8829.306449981255 0.0
15545.0 15545.0 0.0
0


HOST: 90
0.6208214302156554 0.6723082992559078 0.5062500000003638
10782.426599985503 8056.270349983544 2726.156250001959
17368.0 11983.0 5385.0
0


HOST: 91
0.5790902561271616 0.5790902561271616 0.0
8953.314449982045 8953.314449982045 0.0
15461.0 15461.0 0.0
0


HOST: 92
0.5612847661009642 0.5896567096067865 0.53231412715805
12418.425449983833 6591.18269998466 5827.242749999174
22125.0 11178.0 10947.0
0


HOST: 93
0.7468281318740821 0.7468281318740821 0.0
12560.902349990187 12560.902349990187 0.0
16819.0 16819.0 0.0
0


HOST: 94
0.5931509809112222 0.5931509809112222 0.0
13424.19299998278 13424.19299998278 0.0
22632.0 22632.0 0.0
0


HOST: 95
0.5696827011929202 0.5696827011929202 0.0
11835.72779998411 11835.72779998411 0.0
20776.0 20776.0 0.0
0


HOST: 96
0.6050573380164324 0.6050573380164324 0.0
11626.176749985749 11626.176749985749 0.0
19215.0 19215.0 0.0
0


HOST: 97
0.5357988681750294 0.5398147699893888 0.5279611128240363
20521.632449971803 13670.809049981272 6850.823400004696
38301.0 25325.0 12976.0
0


HOST: 98
0.5322190697219116 0.5348166939143748 0.5183255508922857
19320.08444997511 16356.298949983324 2963.78550000209
36301.0 30583.0 5718.0
0


HOST: 99
0.5224759893748495 0.5241251090789483 0.5062500000003638
16621.528649982087 15135.684899981869 1485.8437500010677
31813.0 28878.0 2935.0
0


HOST: 100
0.5349640109882766 0.5415476128193463 0.5062500000003638
19862.143799972735 16356.362549982714 3505.7812500025193
37128.0 30203.0 6925.0
0


HOST: 101
0.5321968817076416 0.5268341094945257 0.5375030006746652
18841.89839997734 9276.494999979608 9565.403400006342
35404.0 17608.0 17796.0
0


HOST: 102
0.5372758756130178 0.5393122812620348 0.5062500000003638
19696.533599973234 18553.42109997652 1143.1125000008215
36660.0 34402.0 2258.0
0


HOST: 103
0.5410477027916344 0.5452896724027618 0.5062500000001781
21197.166899970653 19042.060649976847 2155.106250000758
39178.0 34921.0 4257.0
0


HOST: 104
0.5135851573181938 0.5194136661199411 0.5062500000003638
16894.383749981986 9520.85249997852 7373.531250005299
32895.0 18330.0 14565.0
0


HOST: 105
0.5213857233382068 0.5320461459038187 0.5095480512040326
17277.680099981495 9276.756599978982 8000.92350000572
33138.0 17436.0 15702.0
0


HOST: 106
0.5271375916865153 0.5206712192643148 0.5295562696845232
17247.94199998278 4637.618549987252 12610.32344999755
32720.0 8907.0 23813.0
0


HOST: 107
0.5348185462834241 0.5146545778521879 0.5409066700008577
22971.52619996563 5126.474249985644 17845.051949998295
42952.0 9961.0 32991.0
0


HOST: 108
0.5062499999991903 0.5062499999985448 0.5062499999992162
23546.19374996234 244.0124999992986 23302.18124996392
46511.0 482.0 46029.0
0


HOST: 109
0.5393562704575126 0.5193670212751424 0.5401039979830793
21090.98759997057 732.3074999979508 20358.68009997419
39104.0 1410.0 37694.0
0


HOST: 110
0.5266674962285132 0.510266062831093 0.5374605035015315
20950.832999970255 8056.0805999772965 12894.752400008743
39780.0 15788.0 23992.0
0


HOST: 111
0.5322086620661323 0.5451841795949536 0.509333464567293
21289.41089996942 13915.280999981595 7374.129900005268
40002.0 25524.0 14478.0
0


HOST: 112
0.5062499999993589 0.5062499999985448 0.5062499999997102
18666.956249976363 2197.1249999936845 16469.831249990573
36873.0 4340.0 32533.0
0


HOST: 113
0.5808035954980344 0.6190985282116651 0.5105919794084967
9910.251749982961 6835.466849984994 3074.784899997967
17063.0 11041.0 6022.0
0


HOST: 114
0.5826231164610749 0.5826231164610749 0.0
12751.872149983546 12751.872149983546 0.0
21887.0 21887.0 0.0
0


HOST: 115
0.5938657475481767 0.5975535066239134 0.5062500000003638
11630.266799983492 11229.823049983204 400.44375000028776
19584.0 18793.0 791.0
0


HOST: 116
0.571213199781007 0.571213199781007 0.0
12560.407049984564 12560.407049984564 0.0
21989.0 21989.0 0.0
0


HOST: 117
0.568542853810602 0.568542853810602 0.0
10971.171449983187 10971.171449983187 0.0
19297.0 19297.0 0.0
0


HOST: 118
0.5062499999985448 0.5062499999985448 0.5062499999985448
5799.093749983331 4638.2624999866675 1160.8312499966632
11455.0 9162.0 2293.0
0


HOST: 119
0.5721958764402049 0.5721958764402049 0.0
11614.43189998328 11614.43189998328 0.0
20298.0 20298.0 0.0
0


HOST: 120
0.5441968392178864 0.5441968392178864 0.0
11311.675499982988 11311.675499982988 0.0
20786.0 20786.0 0.0
0


HOST: 121
0.5412733271364443 0.5412733271364443 0.0
9318.561599981025 9318.561599981025 0.0
17216.0 17216.0 0.0
0


HOST: 122
0.5422433139364318 0.5422433139364318 0.0
9878.046449979978 9878.046449979978 0.0
18217.0 18217.0 0.0
0


HOST: 123
0.5514671735003872 0.5514671735003872 0.0
8740.754699981137 8740.754699981137 0.0
15850.0 15850.0 0.0
0


HOST: 124
0.5983484407789442 0.5983484407789442 0.0
11972.952299986675 11972.952299986675 0.0
20010.0 20010.0 0.0
0


HOST: 125
0.5738777306774643 0.5738777306774643 0.0
11642.831399984396 11642.831399984396 0.0
20288.0 20288.0 0.0
0


HOST: 126
0.6541186005202756 0.707263713180981 0.5062500000003638
11049.371399988495 8788.45889998687 2260.9125000016247
16892.0 12426.0 4466.0
0


HOST: 127
0.5214787279450902 0.5214787279450902 0.0
6473.115449982404 6473.115449982404 0.0
12413.0 12413.0 0.0
0


HOST: 128
0.5623998746859016 0.5623998746859016 0.0
11444.275049983411 11444.275049983411 0.0
20349.0 20349.0 0.0
0


HOST: 129
0.5626384009860652 0.5626384009860652 0.0
12544.023149984325 12544.023149984325 0.0
22295.0 22295.0 0.0
0


HOST: 130
0.5062499999987986 0.5062499999985448 0.5062499999988459
9330.693749977858 1464.5812499957901 7866.112499982068
18431.0 2893.0 15538.0
0


HOST: 131
0.5381973916317367 0.5573566536189158 0.51179240335513
8542.268999978925 5126.566499986788 3415.7024999921377
15872.0 9198.0 6674.0
0


HOST: 132
0.5146131200364166 0.5146131200364166 0.0
11017.86689997968 11017.86689997968 0.0
21410.0 21410.0 0.0
0


HOST: 133
0.5387232322106865 0.5387232322106865 0.0
12182.148449980254 12182.148449980254 0.0
22613.0 22613.0 0.0
0


HOST: 134
0.5201699195368124 0.5201699195368124 0.0
10085.054399979717 10085.054399979717 0.0
19388.0 19388.0 0.0
0


HOST: 135
0.5893711045204305 0.597562354659809 0.5781667968753561
15004.79894998564 8788.349549981811 6216.4494000038285
25459.0 14707.0 10752.0
0


HOST: 136
0.5295217472109967 0.5295217472109967 0.0
11110.425299981132 11110.425299981132 0.0
20982.0 20982.0 0.0
0


HOST: 137
0.5426411245011167 0.5426411245011167 0.0
10625.998499980868 10625.998499980868 0.0
19582.0 19582.0 0.0
0


HOST: 138
0.5062499999990898 0.5062499999985448 0.5062499999994602
11463.01874997939 4638.2624999866675 6824.756249992723
22643.0 9162.0 13481.0
0


HOST: 139
0.5416575419302285 0.5265503184048873 0.5826337024658803
14435.71514998252 10252.987799979965 4182.727350002555
26651.0 19472.0 7179.0
0


HOST: 140
0.5062499999985828 0.5062499999985448 0.5062499999986039
8199.731249977045 2929.1624999915803 5270.568749985465
16197.0 5786.0 10411.0
0


HOST: 141
0.5130714944542936 0.5073860676166718 0.5164678793137519
9901.253699978957 3661.8052499895202 6239.448449989437
19298.0 7217.0 12081.0
0


HOST: 142
0.5167162695447639 0.5167162695447639 0.0
10409.249249979268 10409.249249979268 0.0
20145.0 20145.0 0.0
0


HOST: 143
0.5554574329850606 0.538416380542393 0.5807230711448651
15603.354749983335 9032.473199979186 6570.881550004149
28091.0 16776.0 11315.0
0


HOST: 144
0.5188252088495611 0.5188252088495611 0.0
9191.507399978824 9191.507399978824 0.0
17716.0 17716.0 0.0
0


HOST: 145
0.5146834338310854 0.5146834338310854 0.0
9559.73009997858 9559.73009997858 0.0
18574.0 18574.0 0.0
0


HOST: 146
0.5347807423672097 0.5114366121921432 0.5478239420541389
14241.745949981161 4882.173899986199 9359.572049994962
26631.0 9546.0 17085.0
0


HOST: 147
0.5410077372849501 0.5410077372849501 0.0
11935.71269998057 11935.71269998057 0.0
22062.0 22062.0 0.0
0


HOST: 148
0.5538269445504735 0.5397919094987084 0.5757332244543935
11506.308599980639 6835.3849499821445 4670.9236499984945
20776.0 12663.0 8113.0
0


HOST: 149
0.5154908567079797 0.5154908567079797 0.0
9170.06684997825 9170.06684997825 0.0
17789.0 17789.0 0.0
0


HOST: 150
0.5759398617501246 0.5759398617501246 0.0
10498.231799981271 10498.231799981271 0.0
18228.0 18228.0 0.0
0


HOST: 151
0.5472124233631238 0.5472124233631238 0.0
9818.085299981167 9818.085299981167 0.0
17942.0 17942.0 0.0
0


HOST: 152
0.5914650648022698 0.5914650648022698 0.0
11637.07514998466 11637.07514998466 0.0
19675.0 19675.0 0.0
0


HOST: 153
0.5062499999985448 0.5062499999985448 0.0
7585.143749978197 7585.143749978197 0.0
14983.0 14983.0 0.0
0


HOST: 154
0.5649565820119691 0.5808848602008344 0.5422719429533844
9699.174599981485 5858.804699985616 3840.3698999958688
17168.0 10086.0 7082.0
0


HOST: 155
0.5329428166337943 0.5329428166337943 0.0
8457.802499978316 8457.802499978316 0.0
15870.0 15870.0 0.0
0


HOST: 156
0.5190001524070005 0.5190001524070005 0.0
10215.998999979398 10215.998999979398 0.0
19684.0 19684.0 0.0
0


HOST: 157
0.5752254009156281 0.5569986023945741 0.5788883125065266
12052.12259998424 1952.8370999953768 10099.285499988864
20952.0 3506.0 17446.0
0


HOST: 158
0.5463562303206349 0.5097342070542747 0.574445566045208
11452.719299981149 4638.071549986846 6814.647749994303
20962.0 9099.0 11863.0
0


HOST: 159
0.5705922240229923 0.5705922240229923 0.0
12668.859149982498 12668.859149982498 0.0
22203.0 22203.0 0.0
0


HOST: 160
0.5242561610818264 0.5172216101680379 0.5268681088723457
9138.833399978397 2441.285999993139 6697.547399985258
17432.0 4720.0 12712.0
0


HOST: 161
0.5062499999988334 0.5062499999985448 0.5062499999988573
9542.30624997801 732.0374999978958 8810.268749980114
18849.0 1446.0 17403.0
0


HOST: 162
0.5516057126019955 0.5516057126019955 0.0
9834.57824998098 9834.57824998098 0.0
17829.0 17829.0 0.0
0


HOST: 163
0.6164333357775067 0.6214018582615123 0.6118429444966583
12606.67814998579 6102.787649986312 6503.8904999994775
20451.0 9821.0 10630.0
0


HOST: 164
0.577883059275761 0.577883059275761 0.0
10051.12004998331 10051.12004998331 0.0
17393.0 17393.0 0.0
0


HOST: 165
0.5217020994494956 0.5217020994494956 0.0
8833.98164997831 8833.98164997831 0.0
16933.0 16933.0 0.0
0


HOST: 166
0.5580310606867863 0.5580310606867863 0.0
10353.708299982633 10353.708299982633 0.0
18554.0 18554.0 0.0
0


HOST: 167
0.5605607909569479 0.6224444367163255 0.5446576487751432
11828.393249982557 2685.2252999942284 9143.167949988328
21101.0 4314.0 16787.0
0


HOST: 168
0.558275466796965 0.5804250430420088 0.5288207806368255
11929.788449984346 7079.444249983382 4850.344200000964
21369.0 12197.0 9172.0
0


HOST: 169
0.5701918916491996 0.7569323590259989 0.5458776438087475
9567.24974998192 1463.1502499972557 8104.099499984664
16779.0 1933.0 14846.0
0


HOST: 170
0.5679262872047726 0.5766676517948643 0.5062500000003638
12078.088349983898 10741.588349982938 1336.5000000009604
21267.0 18627.0 2640.0
0


HOST: 171
0.530235316845547 0.530235316845547 0.0
4116.746999988827 4116.746999988827 0.0
7764.0 7764.0 0.0
0


HOST: 172
0.5388670844849219 0.55237638900395 0.5234921173103332
12080.32229998298 6591.507449984136 5488.814849998844
22418.0 11933.0 10485.0
0


HOST: 173
0.555737816993959 0.5686041451329721 0.5062500000001459
9620.377349982424 7812.052349981903 1808.325000000521
17311.0 13739.0 3572.0
0


HOST: 174
0.5696504165322819 0.6681576437131095 0.5361803713235997
10667.27369998351 3173.080649993557 7494.193049989954
18726.0 4749.0 13977.0
0


HOST: 175
0.5545764775712859 0.5545764775712859 0.0
8407.379399980695 8407.379399980695 0.0
15160.0 15160.0 0.0
0


HOST: 176
0.642838548016969 0.642838548016969 0.0
6747.2333999861075 6747.2333999861075 0.0
10496.0 10496.0 0.0
0


HOST: 177
0.6313507428460763 0.7403757582308137 0.5513158396946851
13768.496999987232 6835.148999986872 6933.34800000036
21808.0 9232.0 12576.0
0


HOST: 178
0.5861001942279219 0.5861001942279219 0.0
12673.830599984583 12673.830599984583 0.0
21624.0 21624.0 0.0
0


HOST: 179
0.5647969362521557 0.5647969362521557 0.0
12793.78019998383 12793.78019998383 0.0
22652.0 22652.0 0.0
0


HOST: 180
0.5691671642867117 0.5691671642867117 0.0
11761.839449984896 11761.839449984896 0.0
20665.0 20665.0 0.0
0


HOST: 181
0.6015562557202888 0.6015562557202888 0.0
7885.199399981546 7885.199399981546 0.0
13108.0 13108.0 0.0
0


HOST: 182
0.6137291990661888 0.6303934826532445 0.5062500000003638
12628.091999985902 11229.829499984897 1398.2625000010048
20576.0 17814.0 2762.0
0


HOST: 183
0.5779548234544056 0.5779548234544056 0.0
10999.636199984248 10999.636199984248 0.0
19032.0 19032.0 0.0
0


HOST: 184
0.5366684535996896 0.5134736893189373 0.5409657118443081
21218.26064997093 3173.267399991033 18044.993249990584
39537.0 6180.0 33357.0
0


HOST: 185
0.556314697062557 0.5407406492262566 0.5759281083956832
18924.157049977002 10252.983449979052 8671.173600005406
34017.0 18961.0 15056.0
0


HOST: 186
0.5735258170264778 0.5791082417886113 0.5141091523894505
22217.243099971696 20506.801949976514 1710.4411499997018
38738.0 35411.0 3327.0
0


HOST: 187
0.545602023747355 0.5450746534938044 0.5464364027198146
21136.622399972533 12938.437049982433 8198.185350005378
38740.0 23737.0 15003.0
0


HOST: 188
0.5357862806665211 0.5062499999985448 0.5361397363317189
21838.6487999674 244.0124999992986 21594.636299968974
40760.0 482.0 40278.0
0


HOST: 189
0.5650357462175168 0.5650357462175168 0.0
21739.18529997274 21739.18529997274 0.0
38474.0 38474.0 0.0
0


HOST: 190
0.5620992842945215 0.5398049442765568 0.5923767387391033
22069.142099971505 12206.069399981501 9863.07270000607
39262.0 22612.0 16650.0
0


HOST: 191
0.5477069968294402 0.5517524832605936 0.5206884905660834
22290.03164996773 19530.382649975232 2759.649000000242
40697.0 35397.0 5300.0
0


HOST: 192
0.5062499999992777 0.5062499999985448 0.5062499999993392
20737.012499970413 488.0249999985972 20248.98749997357
40962.0 964.0 39998.0
0


HOST: 193
0.5370999763936334 0.5375632122198779 0.536875202845172
23890.744049965208 7811.868599979265 16078.875450010055
44481.0 14532.0 29949.0
0


HOST: 194
0.5395859892500966 0.5431630050952027 0.5336489397823614
24095.21234996306 15135.780299982916 8959.432050006066
44655.0 27866.0 16789.0
0


HOST: 195
0.5700671577568529 0.5721182392709139 0.5585884218451087
17489.660399980246 14891.665649982617 2597.9947500016006
30680.0 26029.0 4651.0
0


HOST: 196
0.5062499999993234 0.5062499999985448 0.5062499999995727
19518.974999973914 1708.5937499950887 17810.381249984966
38556.0 3375.0 35181.0
0


HOST: 197
0.5463730586082528 0.5477527432907339 0.5387564244428206
21571.901099971037 18309.730949979363 3262.170150001278
39482.0 33427.0 6055.0
0


HOST: 198
0.5783243770627995 0.5783243770627995 0.0
16641.283949982055 16641.283949982055 0.0
28775.0 28775.0 0.0
0


HOST: 199
0.5357113935003122 0.5389708004500149 0.5318523136822341
21036.31499997026 11473.610399979916 9562.70460000657
39268.0 21288.0 17980.0
0


HOST: 200
0.5770609141478044 0.5117890835564971 0.5836000435050769
21159.66959997169 1708.8637499951437 19450.80584998071
36668.0 3339.0 33329.0
0


HOST: 201
0.5425028796553746 0.5457490558339072 0.5105014907958655
22720.020599967087 20751.016349972655 1969.004249999653
41880.0 38023.0 3857.0
0


HOST: 202
0.5294477572551521 0.5134024710816187 0.5336899221572217
21671.355599967887 4394.211749987575 17277.143849995737
40932.0 8559.0 32373.0
0


HOST: 203
0.5294490888727005 0.5294490888727005 0.0
20570.68544997103 20570.68544997103 0.0
38853.0 38853.0 0.0
0


HOST: 204
0.5511103589323092 0.5521218126003751 0.5469657156099587
21219.4021499707 17088.17009998161 4131.232050002018
38503.0 30950.0 7553.0
0


HOST: 205
0.5513989532831979 0.5513989532831979 0.0
20702.82509997095 20702.82509997095 0.0
37546.0 37546.0 0.0
0


HOST: 206
0.5259573890868346 0.5294088260796556 0.5221216580980464
20734.818149970284 10985.762549978932 9749.055600006723
39423.0 20751.0 18672.0
0


HOST: 207
0.5362125604612266 0.5363080402183922 0.506249999999909
22282.31294996627 22215.48794996646 66.824999999988
41555.0 41423.0 132.0
0


HOST: 208
0.5406711639919347 0.5478357096390564 0.5062500000003638
20084.85239997239 16844.852399981704 3240.0000000023283
37148.0 30748.0 6400.0
0


HOST: 209
0.5483562281404902 0.5451948583910569 0.5513623220825075
23675.280149965663 11473.0805999814 12202.199550007972
43175.0 21044.0 22131.0
0


HOST: 210
0.5534247790211153 0.5494893247439057 0.6244080128208623
19722.398849975485 18553.507049977976 1168.8918000006543
35637.0 33765.0 1872.0
0


HOST: 211
0.5484502309809401 0.515483665156941 0.5550336144575226
21844.772699970847 3417.656699990519 18427.11599998975
39830.0 6630.0 33200.0
0


HOST: 212
0.5062499999992695 0.5062499999985448 0.50624999999933
20974.44374996973 488.0249999985972 20486.418749972887
41431.0 964.0 40467.0
0


HOST: 213
0.5456819406553682 0.544075865197261 0.5521327365731743
21406.556849969442 17088.87884998077 4317.678000002223
39229.0 31409.0 7820.0
0


HOST: 214
0.506641570637099 0.5062499999985448 0.5067064855212571
22334.786999965872 3173.6812499908774 19161.10574998634
44084.0 6269.0 37815.0
0


HOST: 215
0.530872507005713 0.5232007233051283 0.5343670978316017
22162.334549967498 6835.617449981502 15326.717100006003
41747.0 13065.0 28682.0
0


HOST: 216
0.5745310304562954 0.5818245879507774 0.5062499999999222
22145.87309996836 20262.623099973775 1883.2499999997103
38546.0 34826.0 3720.0
0


HOST: 217
0.5062499999993234 0.5062499999985448 0.5062499999995727
19518.974999973914 1708.5937499950887 17810.381249984966
38556.0 3375.0 35181.0
0


HOST: 218
0.5523378577685552 0.5472375438582324 0.5542498465417718
20783.921249972962 5614.657199985464 15169.264050001751
37629.0 10260.0 27369.0
0


HOST: 219
0.5633471534259527 0.5633471534259527 0.0
17969.647499981038 17969.647499981038 0.0
31898.0 31898.0 0.0
0


HOST: 220
0.5438198391717484 0.5438198391717484 0.0
16873.098149981837 16873.098149981837 0.0
31027.0 31027.0 0.0
0


HOST: 221
0.523858561205406 0.523858561205406 0.0
12299.151299980522 12299.151299980522 0.0
23478.0 23478.0 0.0
0


HOST: 222
0.5643171659567185 0.5643171659567185 0.0
19892.18009997433 19892.18009997433 0.0
35250.0 35250.0 0.0
0


HOST: 223
0.5597364832528127 0.5634458233683831 0.5062499999999286
21525.226199970166 20262.638699973795 1262.5874999998218
38456.0 35962.0 2494.0
0


HOST: 224
0.5062499999994703 0.5062499999985448 0.5062499999995655
16421.23124998282 1464.5812499957901 14956.649999987163
32437.0 2893.0 29544.0
0


HOST: 225
1.1085279597167708 1.477514620087048 0.5255908704763289
49148.80414996247 40115.999449983436 9032.804700006189
44337.0 27151.0 17186.0
2


HOST: 226
0.5359881636766437 0.5235449263490703 0.5450331965871607
22562.421749968315 9276.692549979178 13285.729200008627
42095.0 17719.0 24376.0
0


HOST: 227
0.5525112382140493 0.5611772874778407 0.5289146539031602
16759.875899984974 12450.279299983373 4309.596600002949
30334.0 22186.0 8148.0
0


HOST: 228
0.600453848317201 0.5872420619140324 0.6339705624837962
16008.700049984896 11229.82994998204 4778.870100002856
26661.0 19123.0 7538.0
0


HOST: 229
0.5438051603747472 0.51178857442204 0.5475245737939974
14953.554299984798 1464.7388999958785 13488.81539998892
27498.0 2862.0 24636.0
0


HOST: 230
0.5716874004430248 0.5716874004430248 0.0
15719.688449981852 15719.688449981852 0.0
27497.0 27497.0 0.0
0


HOST: 231
0.5485410772358522 0.5485410772358522 0.0
13998.219749981714 13998.219749981714 0.0
25519.0 25519.0 0.0
0


HOST: 232
0.5062499999993479 0.5062499999985448 0.5062499999994563
14376.487499981484 1708.5937499950887 12667.893749986395
28398.0 3375.0 25023.0
0


HOST: 233
0.5722481164974232 0.5722481164974232 0.0
19687.62419997735 19687.62419997735 0.0
34404.0 34404.0 0.0
0


HOST: 234
0.602576425250136 0.602576425250136 0.0
14776.379099983835 14776.379099983835 0.0
24522.0 24522.0 0.0
0


HOST: 235
0.5849363444828791 0.6080877570515352 0.5182703169311345
13604.449499982802 10497.41894998065 3107.0305500021514
23258.0 17263.0 5995.0
0


HOST: 236
0.5656659608274566 0.5896531884045363 0.5486554911176754
19754.752349977265 8544.074699981731 11210.677650007461
34923.0 14490.0 20433.0
0


HOST: 237
0.5824904403404094 0.6082943233132291 0.5266221479153942
16402.93079998593 11717.573549982731 4685.357250003262
28160.0 19263.0 8897.0
0


HOST: 238
0.9054939466769966 2.825653368119988 0.5072789593287591
55563.82504994054 29782.38649998467 25781.438549965525
61363.0 10540.0 50823.0
2


HOST: 239
0.575880416936195 0.5925847414406642 0.5729717247935651
15994.502699985878 2440.856549994096 13553.646149991782
27774.0 4119.0 23655.0
0


HOST: 240
0.5543693137585 0.5632791120041883 0.5180037198980438
20939.0833499723 17088.761699983064 3850.32165000216
37771.0 30338.0 7433.0
0


HOST: 241
0.5367765711835668 0.5403298348973736 0.5339079803934645
20088.326399973805 9032.693849979394 11055.63255000747
37424.0 16717.0 20707.0
0


HOST: 242
0.5647373880278332 0.5705884753356659 0.5102609817812856
23011.35434997012 20994.802949975827 2016.5513999996408
40747.0 36795.0 3952.0
0


HOST: 243
0.5368739140803864 0.5398130363584146 0.5198633808521592
22495.01699996819 19285.900349977077 3209.116650000379
41900.0 35727.0 6173.0
0


HOST: 244
0.566434364853979 0.611334340566217 0.5461537891643886
21809.422349972752 7323.7853999832805 14485.63695000708
38503.0 11980.0 26523.0
0


HOST: 245
0.563037920252321 0.563037920252321 0.0
22960.1233499694 22960.1233499694 0.0
40779.0 40779.0 0.0
0


HOST: 246
0.5563371794864287 0.5587876739864263 0.546618768400562
22521.64169996961 18065.60549998116 4456.036200001381
40482.0 32330.0 8152.0
0


HOST: 247
0.5481484693184129 0.5481484693184129 0.0
16258.083599984127 16258.083599984127 0.0
29660.0 29660.0 0.0
0


HOST: 248
0.5512302249219231 0.5572393252756204 0.5476286817965924
21909.747749971677 8300.079749980365 13609.668000008915
39747.0 14895.0 24852.0
0


HOST: 249
0.5415070334790114 0.5443564664777565 0.532388902102739
23905.369499964436 18309.42974997934 5595.93975000189
44146.0 33635.0 10511.0
0


HOST: 250
1.085766558217227 1.7567316376055582 0.5404808200156623
48890.98234996351 35464.89829998101 13426.084050009069
45029.0 20188.0 24841.0
2


HOST: 251
0.5416023531028864 0.5272146686173789 0.5548706063291972
23522.873399964563 10985.572049980323 12537.30135000821
43432.0 20837.0 22595.0
0


HOST: 252
0.5405544016159161 0.5405544016159161 0.0
19661.585249975717 19661.585249975717 0.0
36373.0 36373.0 0.0
0


HOST: 253
0.5492523677640595 0.5492523677640595 0.0
20923.768949971847 20923.768949971847 0.0
38095.0 38095.0 0.0
0


HOST: 254
0.585683475795201 0.5469597236734117 0.6400347379458647
20144.583149975937 10985.686049980473 9158.897100005324
34395.0 20085.0 14310.0
0


HOST: 255
0.5338400527050685 0.5382674082972715 0.5295211247987166
21574.078049969932 10741.66439998035 10832.413650007345
40413.0 19956.0 20457.0
0


HOST: 256
0.5465090324272007 0.5146041866714633 0.5552035967318818
21790.954649969775 4394.205149987625 17396.749499996786
39873.0 8539.0 31334.0
0


HOST: 257
0.5382407756905772 0.5428596664389103 0.5331201650235038
22558.209149967777 11961.912749981388 10596.29640000716
41911.0 22035.0 19876.0
0


HOST: 258
0.541120846021319 0.5386855606117766 0.5465424777406115
22744.39139996808 15624.035999983971 7120.355400004686
42032.0 29004.0 13028.0
0


HOST: 259
1.1232898401042537 1.5732172877757407 0.5355522825806717
49597.73959996322 39344.5911499835 10253.148450006958
44154.0 25009.0 19145.0
2


HOST: 260
0.5544525720979292 0.5584934741444111 0.5468344140396194
21513.31424997175 14159.485049983256 7353.829200004802
38801.0 25353.0 13448.0
0


HOST: 261
0.5456301893035217 0.5151289237653733 0.5486359939166364
23058.33179996683 1952.8537499945305 21105.478049979087
42260.0 3791.0 38469.0
0


HOST: 262
0.5340977989426982 0.5191533812986234 0.5412148369458142
23355.56264996525 7323.696749979681 16031.865900008906
43729.0 14107.0 29622.0
0


HOST: 263
0.5348008915369943 0.5363287396750428 0.5229731431648039
21715.055399968114 19285.845149974863 2429.2102500005144
40604.0 35959.0 4645.0
0


HOST: 264
0.5703175326610628 0.5603967495096793 0.6139070736956483
22874.295599969904 18309.282599980244 4565.013000000841
40108.0 32672.0 7436.0
0


HOST: 265
0.5492658568942413 0.5286858108094127 0.5578599840834532
21524.63039997153 6103.1489999838595 15421.481400002978
39188.0 11544.0 27644.0
0


HOST: 266
0.548040258800798 0.5554480205522715 0.5362144772689607
23505.446699966225 14647.719749983951 8857.726950005961
42890.0 26371.0 16519.0
0


HOST: 267
0.5738726663154665 0.5720127277490522 0.6029513668674963
17459.501999981752 16356.703949984148 1102.7980500006506
30424.0 28595.0 1829.0
0


HOST: 268
0.5458454728583455 0.5435584055651782 0.5468589294526078
22354.009649967826 6835.246949982116 15518.762700006106
40953.0 12575.0 28378.0
0


HOST: 269
0.5374514867870482 0.5114162011158639 0.5424584069723017
23858.008949963856 3661.739999989586 20196.268949985766
44391.0 7160.0 37231.0
0


HOST: 270
0.5496222075191135 0.5496222075191135 0.0
22014.56789997057 22014.56789997057 0.0
40054.0 40054.0 0.0
0


HOST: 271
0.5460643082976705 0.5460643082976705 0.0
21761.208749970465 21761.208749970465 0.0
39851.0 39851.0 0.0
0


HOST: 272
0.5062499999991432 0.5062499999985448 0.5062499999991964
11964.71249997975 976.0499999971944 10988.662499982556
23634.0 1928.0 21706.0
0


HOST: 273
0.506249999999437 0.5062499999985448 0.5062499999995649
17033.793749981058 976.0499999971944 16057.743749986199
33647.0 1928.0 31719.0
0


HOST: 274
0.5386349003711725 0.5414361100991864 0.5062500000003638
17679.074699982622 16356.243449986321 1322.8312500009506
32822.0 30209.0 2613.0
0


HOST: 275
0.5680175852702636 0.5680175852702636 0.0
19251.251999979773 19251.251999979773 0.0
33892.0 33892.0 0.0
0


HOST: 276
0.5932770805892891 0.6296403636823436 0.5291425848424983
18021.384599980243 12205.57844998223 5815.806150003898
30376.0 19385.0 10991.0
0


HOST: 277
0.5931782302174652 0.604049549290079 0.5192290802528357
15397.720499984962 13670.245349983777 1727.4751500011844
25958.0 22631.0 3327.0
0


HOST: 278
0.549032132543712 0.5614367029051036 0.5224232929704252
15400.900349983665 10741.406999980443 4659.493350003222
28051.0 19132.0 8919.0
0


HOST: 279
0.5933305633109182 0.5933305633109182 0.0
9774.527699984066 9774.527699984066 0.0
16474.0 16474.0 0.0
0


HOST: 280
0.5757038292946497 0.5757038292946497 0.0
9719.607749981571 9719.607749981571 0.0
16883.0 16883.0 0.0
0


HOST: 281
0.5969602322088623 0.5969602322088623 0.0
11954.128649982467 11954.128649982467 0.0
20025.0 20025.0 0.0
0


HOST: 282
0.5675276945107876 0.5675276945107876 0.0
10299.492599981773 10299.492599981773 0.0
18148.0 18148.0 0.0
0


HOST: 283
0.5362005782673864 0.5944262045560595 0.5222502083764266
15948.749999985142 3417.3562499927866 12531.393749992356
29744.0 5749.0 23995.0
0


HOST: 284
0.5525555449716221 0.5525555449716221 0.0
16242.922799985801 16242.922799985801 0.0
29396.0 29396.0 0.0
0


HOST: 285
0.5619755325439048 0.5619755325439048 0.0
15195.818399987185 15195.818399987185 0.0
27040.0 27040.0 0.0
0


HOST: 286
0.5563221837255333 0.6037494828735346 0.5190161380655632
16859.900099986015 8055.829349981572 8804.070750006149
30306.0 13343.0 16963.0
0


HOST: 287
0.5438859753089819 0.5822897064206008 0.5168916715031749
14362.396949984284 6346.95779998455 8015.439149999735
26407.0 10900.0 15507.0
0


HOST: 288
0.549959366549675 0.5919538938797513 0.5187918832375404
18101.912549982553 8300.377499981872 9801.53505000685
32915.0 14022.0 18893.0
0


HOST: 289
0.5439134253652075 0.5439134253652075 0.0
14834.150849985304 14834.150849985304 0.0
27273.0 27273.0 0.0
0


HOST: 290
0.5804895814534885 0.5804895814534885 0.0
16088.268749983434 16088.268749983434 0.0
27715.0 27715.0 0.0
0


HOST: 291
0.5397934315493181 0.605993731897681 0.5168830469642676
15223.794149985419 4394.060549990085 10829.733599995334
28203.0 7251.0 20952.0
0


HOST: 292
0.5363891151627153 0.5429104058553887 0.5092057358056923
14354.845499984585 11718.17819998271 2636.6673000018745
26762.0 21584.0 5178.0
0


HOST: 293
0.542985912968508 0.5601454598702745 0.511161905840111
17119.802849984088 11474.019599982703 5645.783250004026
31529.0 20484.0 11045.0
0


HOST: 294
0.506249999998789 0.5062499999985448 0.5062499999987955
9272.981249977816 244.0124999992986 9028.968749978518
18317.0 482.0 17835.0
0


HOST: 295
0.6811952819213293 0.6846997362262855 0.5778897637794501
21093.89309997588 20506.75709997725 587.1359999999213
30966.0 29950.0 1016.0
0


HOST: 296
0.5765294566388406 0.6393827595869868 0.5631620006363905
17570.888249981945 3417.5008499924443 14153.387399993766
30477.0 5345.0 25132.0
0


HOST: 297
0.5651859160665754 0.5665429509023882 0.5062500000003638
15945.590249986291 15624.12149998606 321.468750000231
28213.0 27578.0 635.0
0


HOST: 298
0.5536053047398147 0.5615705294511868 0.5286941325631602
19374.524849979294 14891.72729998657 4482.797550003035
34997.0 26518.0 8479.0
0


HOST: 299
0.5444127878633521 0.5459258763337138 0.5403936887440531
13403.987249983593 9764.97614998114 3639.0111000024535
24621.0 17887.0 6734.0
0


HOST: 300
0.6163000219581495 0.6211725428522218 0.6006805063879297
16839.781799984477 12937.160549983224 3902.6212500023794
27324.0 20827.0 6497.0
0


HOST: 301
0.6280889607080853 0.6280889607080853 0.0
14818.502849985856 14818.502849985856 0.0
23593.0 23593.0 0.0
0


HOST: 302
0.5811065342924323 0.5989253009633159 0.5320783516486999
13886.702849986255 10497.363749984037 3389.3391000022184
23897.0 17527.0 6370.0
0


HOST: 303
0.6254639082706395 0.6262778959617931 0.5062500000003638
15955.584299984013 15868.00304998395 87.58125000006294
25510.0 25337.0 173.0
0


HOST: 304
0.5677829584839494 0.5713923989360363 0.5062500000001492
20801.864249976454 19774.176749979408 1027.6875000003029
36637.0 34607.0 2030.0
0


HOST: 305
0.6118762926198729 0.6118762926198729 0.0
15289.564799985383 15289.564799985383 0.0
24988.0 24988.0 0.0
0


HOST: 306
0.5470587191611516 0.561006598816791 0.5382892321449665
12949.97399998278 5126.478299987837 7823.495699994943
23672.0 9138.0 14534.0
0


HOST: 307
0.5731237656945594 0.5909812772337122 0.5149946808514289
15473.768549987408 12206.127299985092 3267.641250002316
26999.0 20654.0 6345.0
0


HOST: 308
0.547209704363167 0.5503821042865432 0.5062500000003638
16214.370749985 15136.058249984226 1078.312500000775
29631.0 27501.0 2130.0
0


HOST: 309
0.5062499999993807 0.5062499999985448 0.5062499999994394
14854.893749981828 976.0499999971944 13878.843749984633
29343.0 1928.0 27415.0
0


HOST: 310
0.5501068877545775 0.5252851742920577 0.558248428456936
15526.216799985195 3661.762949989934 11864.453849995261
28224.0 6971.0 21253.0
0


HOST: 311
0.6147560122298513 0.624916014153763 0.5965970709611592
19100.46929998148 12450.20174998542 6650.267550004042
31070.0 19923.0 11147.0
0


HOST: 312
0.5695914387549985 0.5695914387549985 0.0
13183.19384998444 13183.19384998444 0.0
23145.0 23145.0 0.0
0


HOST: 313
0.5468660200007415 0.5364558823515285 0.5492640565374582
17279.87249998343 3173.6729999916424 14106.199499995004
31598.0 5916.0 25682.0
0


HOST: 314
0.5062499999994224 0.5062499999985448 0.5062499999997429
15513.0187499823 4149.731249988072 11363.287499994229
30643.0 8197.0 22446.0
0


HOST: 315
0.5930663850263053 0.6030640871163242 0.5917621267074944
16635.512099987864 1952.1184499955416 14683.393649993059
28050.0 3237.0 24813.0
0


HOST: 316
0.565342423128426 0.565342423128426 0.0
14616.928349985454 14616.928349985454 0.0
25855.0 25855.0 0.0
0


HOST: 317
0.5729057766788347 0.5385574377546485 0.5905248656187525
21446.727749972175 6835.3709999819985 14611.356750004792
37435.0 12692.0 24743.0
0


HOST: 318
0.5664116257352196 0.570624962628032 0.5353140722165636
23663.544899966008 20995.00424997318 2668.5406499995693
41778.0 36793.0 4985.0
0


HOST: 319
0.5769101967966475 0.5769101967966475 0.0
17940.75329998214 17940.75329998214 0.0
31098.0 31098.0 0.0
0


HOST: 320
0.530154909779565 0.5371539099511745 0.5262463986956609
17481.858149981155 6347.010599983078 11134.84755000149
32975.0 11816.0 21159.0
0


HOST: 321
0.5537978696861972 0.5580874742117546 0.5088071929824441
21758.718299970686 20018.59769997564 1740.1205999999588
39290.0 35870.0 3420.0
0


HOST: 322
0.5507419163687987 0.552150403447017 0.5455040350081277
22864.601399967047 18065.256899979504 4799.344500001507
41516.0 32718.0 8798.0
0


HOST: 323
0.5463056519664026 0.5486747589350843 0.5417919296916329
22980.347249966726 15135.741899983237 7844.605350005153
42065.0 27586.0 14479.0
0


HOST: 324
0.5325335707974007 0.5374001186662365 0.5191632111135746
21117.618749970927 15623.833649983493 5493.785100003846
39655.0 29073.0 10582.0
0


HOST: 325
0.5514475964571074 0.5347727475075766 0.5597166526495919
23539.643549964545 7567.569149979718 15972.074400008756
42687.0 14151.0 28536.0
0


HOST: 326
0.5355414241221951 0.5114164266058521 0.5412660887395321
21325.79504996993 3905.6872499888923 17420.1077999931
39821.0 7637.0 32184.0
0


HOST: 327
0.5526167090533335 0.5526167090533335 0.0
17383.111199981657 17383.111199981657 0.0
31456.0 31456.0 0.0
0


HOST: 328
0.5459625725936007 0.5459625725936007 0.0
10434.98264998149 10434.98264998149 0.0
19113.0 19113.0 0.0
0


HOST: 329
0.521587469900493 0.5213686565500955 0.5227213740448999
8448.152249978284 7078.622249980646 1369.5299999976378
16197.0 13577.0 2620.0
0


HOST: 330
0.5321645879566036 0.532259166744765 0.5062500000003638
11268.585149981081 11229.603899981053 38.98125000002801
21175.0 21098.0 77.0
0


HOST: 331
0.5516794036492576 0.5516794036492576 0.0
10398.053399981207 10398.053399981207 0.0
18848.0 18848.0 0.0
0


HOST: 332
0.5654496595211626 0.5654496595211626 0.0
14614.611899983967 14614.611899983967 0.0
25846.0 25846.0 0.0
0


HOST: 333
0.5401471193880263 0.5401471193880263 0.0
9338.063399980198 9338.063399980198 0.0
17288.0 17288.0 0.0
0


HOST: 334
0.5495702183669825 0.512615123806403 0.5789027953329429
14194.299599982423 5858.678249983379 8335.621349999044
25828.0 11429.0 14399.0
0


HOST: 335
0.5421910032292107 0.5421910032292107 0.0
11414.204999981343 11414.204999981343 0.0
21052.0 21052.0 0.0
0


HOST: 336
0.5113394656478703 0.5062499999985448 0.5123162610170187
10717.675199979361 1708.5937499950887 9009.081449984273
20960.0 3375.0 17585.0
0


HOST: 337
0.5675759899037127 0.5675759899037127 0.0
10119.879899983198 10119.879899983198 0.0
17830.0 17830.0 0.0
0


HOST: 338
0.5554133517901736 0.586672682316853 0.5062499999994854
9829.705499982492 6347.211749986032 3482.49374999646
17698.0 10819.0 6879.0
0


HOST: 339
0.6077560050035271 0.618083894150947 0.594214060826936
13116.590099986122 7567.819199984195 5548.770900001928
21582.0 12244.0 9338.0
0


HOST: 340
0.5632751046017725 0.5632751046017725 0.0
11846.80199998448 11846.80199998448 0.0
21032.0 21032.0 0.0
0


HOST: 341
0.5993544219290448 0.5993544219290448 0.0
12659.564099985284 12659.564099985284 0.0
21122.0 21122.0 0.0
0


HOST: 342
0.5951050450705222 0.5951050450705222 0.0
12279.397499985154 12279.397499985154 0.0
20634.0 20634.0 0.0
0


HOST: 343
0.5823614284299944 0.5823614284299944 0.0
11827.178249984756 11827.178249984756 0.0
20309.0 20309.0 0.0
0


HOST: 344
0.5062499999985448 0.5062499999985448 0.5062499999985448
7900.031249977292 244.0124999992986 7656.018749977993
15605.0 482.0 15123.0
0


HOST: 345
0.5646635761582204 0.5655471428564065 0.5062500000003638
12619.10159998391 12450.520349983788 168.58125000012114
22348.0 22015.0 333.0
0


HOST: 346
0.5605472411434078 0.5605472411434078 0.0
9874.600199982273 9874.600199982273 0.0
17616.0 17616.0 0.0
0


HOST: 347
0.6017493165231416 0.8451996535782869 0.5590514176728568
10477.057349984418 2195.8286999963893 8281.228649988028
17411.0 2598.0 14813.0
0


HOST: 348
0.5522033955871979 0.554510766393437 0.506249999999909
21702.145649972466 20750.9018999752 951.2437499998291
39301.0 37422.0 1879.0
0


HOST: 349
0.529971650196129 0.5121472353323437 0.537884324486363
23007.65924996455 6835.629149980792 16172.03010000699
43413.0 13347.0 30066.0
0


HOST: 350
0.5439174018959385 0.5439174018959385 0.0
22884.23684996782 22884.23684996782 0.0
42073.0 42073.0 0.0
0


HOST: 351
0.5568015180714218 0.5147236679898023 0.5734082895916031
24262.626149962205 6347.057549982252 17915.568600000046
43575.0 12331.0 31244.0
0


HOST: 352
0.5405621696080782 0.5401513029575437 0.5418619248221315
17363.39744998108 13182.93269998181 4180.464750002744
32121.0 24406.0 7715.0
0


HOST: 353
0.53448698660692 0.5386518912523591 0.5189822224832612
21511.49774996871 17088.731249981094 4422.766500002352
40247.0 31725.0 8522.0
0


HOST: 354
0.562036278285363 0.562036278285363 0.0
18677.589599979183 18677.589599979183 0.0
33232.0 33232.0 0.0
0


HOST: 355
0.531080511734501 0.536717737122384 0.5221684334661036
22084.45199996749 13671.274199981366 8413.177800005862
41584.0 25472.0 16112.0
0


HOST: 356
0.5557153017356457 0.567649893267664 0.521415118317629
19651.204499975902 14891.727299983897 4759.477200003317
35362.0 26234.0 9128.0
0


HOST: 357
0.5413897007524272 0.5448704321796299 0.531091680840781
21420.624899970535 16112.363549983836 5308.261350003606
39566.0 29571.0 9995.0
0


HOST: 358
0.5215692151711919 0.5262408256081624 0.5110907310708582
17491.345199981093 12206.155949981328 5285.189250003745
33536.0 23195.0 10341.0
0


HOST: 359
0.538840645473422 0.5335885529327802 0.5446275472400812
18340.519049978866 9520.820549979597 8819.698500005876
34037.0 17843.0 16194.0
0


HOST: 360
0.5455694219561464 0.547745453390138 0.5426749901462031
22576.208249967298 12938.84309998184 9637.36515000642
41381.0 23622.0 17759.0
0


HOST: 361
0.5112577177502314 0.5104625463729144 0.511857912021051
17621.008499979478 7567.607249978457 10053.401250005463
34466.0 14825.0 19641.0
0


HOST: 362
0.5404475103723546 0.5404475103723546 0.0
9508.093049980835 9508.093049980835 0.0
17593.0 17593.0 0.0
0


HOST: 363
0.5177197674407594 0.5160253699774046 0.5181374340423708
9906.567749978933 1952.6399999944988 7953.927749984434
19135.0 3784.0 15351.0
0


HOST: 364
0.5549661093922891 0.5549661093922891 0.0
11485.578599982815 11485.578599982815 0.0
20696.0 20696.0 0.0
0


HOST: 365
0.5062499999986662 0.5062499999986662 0.0
8602.706249977335 8602.706249977335 0.0
16993.0 16993.0 0.0
0


HOST: 366
0.5073223654698751 0.5073223654698751 0.0
10860.757199979085 10860.757199979085 0.0
21408.0 21408.0 0.0
0


HOST: 367
0.5644166144755767 0.5644166144755767 0.0
9372.702299981427 9372.702299981427 0.0
16606.0 16606.0 0.0
0


HOST: 368
0.546985675195839 0.5772230246292299 0.5130242835007058
10495.014149982562 5858.813699986684 4636.200449995878
19187.0 10150.0 9037.0
0


HOST: 369
0.5200920317518294 0.5200920317518294 0.0
9532.766849979282 9532.766849979282 0.0
18329.0 18329.0 0.0
0


HOST: 370
0.5552165968762678 0.8529927572413512 0.5147036595299614
9281.555849980568 1707.691499997185 7573.864349983383
16717.0 2002.0 14715.0
0


HOST: 371
0.506671271675079 0.506671271675079 0.0
9203.68364997781 9203.68364997781 0.0
18165.0 18165.0 0.0
0


HOST: 372
0.534379489771056 0.5202713219601672 0.5353790965849304
11363.579849981505 732.0217499979553 10631.55809998355
21265.0 1407.0 19858.0
0


HOST: 373
0.5100867164799038 0.5105370588220859 0.5100002860002827
12117.109949980113 1952.8042499944786 10164.305699985634
23755.0 3825.0 19930.0
0


HOST: 374
0.5077091033171934 0.5077091033171934 0.0
8368.5691499773 8368.5691499773 0.0
16483.0 16483.0 0.0
0


HOST: 375
0.5062499999985448 0.5062499999985448 0.0
7864.087499977395 7864.087499977395 0.0
15534.0 15534.0 0.0
0


HOST: 376
0.524086924280774 0.524086924280774 0.0
10707.619949980493 10707.619949980493 0.0
20431.0 20431.0 0.0
0


HOST: 377
0.6615324989975668 0.6615324989975668 0.0
8259.233249984622 8259.233249984622 0.0
12485.0 12485.0 0.0
0


HOST: 378
0.5871088381605266 0.5871088381605266 0.0
11329.439249983681 11329.439249983681 0.0
19297.0 19297.0 0.0
0


HOST: 379
0.5640541259691345 0.5640541259691345 0.0
12358.425899983737 12358.425899983737 0.0
21910.0 21910.0 0.0
0


HOST: 380
0.5913648387090265 0.6381727779701062 0.5363215032279167
12557.632349986177 7323.670799984939 5233.961550001239
21235.0 11476.0 9759.0
0


HOST: 381
0.5725557942699038 0.617384519986916 0.5160125322043163
10553.348399982866 6347.3302499854835 4206.018149997382
18432.0 10281.0 8151.0
0


HOST: 382
0.5619042994206834 0.5643523309562205 0.5062500000003638
9135.440099981472 8788.658849981222 346.7812500002492
16258.0 15573.0 685.0
0


HOST: 383
0.5778732441107407 0.5778732441107407 0.0
8268.78824998059 8268.78824998059 0.0
14309.0 14309.0 0.0
0


HOST: 384
0.565631199118482 0.565631199118482 0.0
11047.342949983073 11047.342949983073 0.0
19531.0 19531.0 0.0
0


HOST: 385
0.5603454610190443 0.5603454610190443 0.0
11801.996099983111 11801.996099983111 0.0
21062.0 21062.0 0.0
0


HOST: 386
0.5295837649717016 0.5332869854591304 0.5195923335485729
21266.49524996862 15624.242099981604 5642.253150003953
40157.0 29298.0 10859.0
0


HOST: 387
0.5417328913865898 0.5439937960108978 0.506250000000319
20429.830799971074 19286.21204997436 1143.6187500007204
37712.0 35453.0 2259.0
0


HOST: 388
0.5377778720805265 0.5443194471763048 0.5131141364819607
20751.234749971278 16600.654499982942 4150.58025000258
38587.0 30498.0 8089.0
0


HOST: 389
0.5468203907067175 0.5530883907725206 0.5332774567978038
23302.750949966765 16112.57099998507 7190.179950004789
42615.0 29132.0 13483.0
0


HOST: 390
0.5266961538454106 0.5154802025480265 0.5319636592354916
21075.21989997026 6591.445349981615 14483.774550004731
40014.0 12787.0 27227.0
0


HOST: 391
0.5471985289303005 0.540881534165005 0.5500018584071891
20086.563599973473 6102.766349983751 13983.79725000278
36708.0 11283.0 25425.0
0


HOST: 392
0.506249999999327 0.5062499999985448 0.506249999999394
19430.887499974167 488.0249999985972 18942.862499977324
38382.0 964.0 37418.0
0


HOST: 393
0.5829538072468778 0.5938048565223585 0.5235901186839569
20977.009799971653 18065.32514997971 2911.6846500014844
35984.0 30423.0 5561.0
0


HOST: 394
0.5476044446916519 0.5613783938100142 0.5235178707746201
22084.339649969632 14403.285449983534 7681.054200005226
40329.0 25657.0 14672.0
0


HOST: 395
0.549445274175044 0.549445274175044 0.0
18346.527149978894 18346.527149978894 0.0
33391.0 33391.0 0.0
0


HOST: 396
0.5936566234536576 0.5504402295694983 0.622300547957979
21797.8838999714 8056.243199979177 13741.64070000809
36718.0 14636.0 22082.0
0


HOST: 397
0.543333636974644 0.5487542423371421 0.532145529862651
22605.939299967038 15379.935149983081 7226.004150004937
41606.0 28027.0 13579.0
0


HOST: 398
0.566244683325834 0.566244683325834 0.0
17764.79444998139 17764.79444998139 0.0
31373.0 31373.0 0.0
0


HOST: 399
0.5535923900589126 0.5576081519288589 0.5440421481485033
22722.199649968068 16112.087549984379 6610.112100004315
41045.0 28895.0 12150.0
0


HOST: 400
0.541015669290748 0.5160859408019408 0.5438547121135628
17520.792449980872 1708.760549995226 15812.031899989726
32385.0 3311.0 29074.0
0


HOST: 401
0.541528788072546 0.541975500352644 0.5324389117046602
16890.28289998271 16112.389649983754 777.8932500005085
31190.0 29729.0 1461.0
0


HOST: 402
0.533745273601702 0.5274988486716904 0.5371004896630086
22619.59094996653 7811.7304499790625 14807.860500009147
42379.0 14809.0 27570.0
0


HOST: 403
0.563518264069517 0.5734781015989521 0.5568919926743172
19214.28224997832 7811.918699980924 11402.363550006645
34097.0 13622.0 20475.0
0


HOST: 404
0.5388134543171837 0.5340915840125854 0.5414411444807802
20664.57359997263 7323.463799980571 13341.109800006425
38352.0 13712.0 24640.0
0


HOST: 405
0.5442910082761621 0.5524464239038347 0.5141702118895936
21700.882499970583 17333.006549982812 4367.875950002097
39870.0 31375.0 8495.0
0


HOST: 406
0.5658091006480006 0.5786121356390341 0.5350805389225102
19276.55024997673 13915.043249983133 5361.507000003552
34069.0 24049.0 10020.0
0


HOST: 407
0.5558283021751972 0.5558283021751972 0.0
21764.012999972023 21764.012999972023 0.0
39156.0 39156.0 0.0
0


HOST: 408
0.5489470255416369 0.5489470255416369 0.0
21685.05434997128 21685.05434997128 0.0
39503.0 39503.0 0.0
0


HOST: 409
0.5424246471571189 0.5103925323388149 0.550342151669646
20945.727749972146 3906.03404998895 17039.69369999558
38615.0 7653.0 30962.0
0


HOST: 410
0.5603916585955151 0.5632916600880364 0.5452297142858401
21988.64789997082 18553.700699979745 3434.9472000007927
39238.0 32938.0 6300.0
0


HOST: 411
0.5494130678248942 0.5469339490182561 0.5531299880573753
18395.997749980932 10985.715299980691 7410.282450004657
33483.0 20086.0 13397.0
0


HOST: 412
0.5489632453027612 0.5482159682845927 0.5525709837365448
24196.1039999645 20017.009649975334 4179.094349999488
44076.0 36513.0 7563.0
0


HOST: 413
0.5422692977455386 0.5404317467671114 0.543313415030323
20957.08154997183 7567.66574997986 13389.415800007282
38647.0 14003.0 24644.0
0


HOST: 414
0.5062499999993286 0.5062499999985448 0.5062499999995415
19388.86874997429 1464.5812499957901 17924.287499983766
38299.0 2893.0 35406.0
0


HOST: 415
0.5383057727845147 0.531417409555964 0.5406158624765324
20677.939649971566 5126.583749986385 15551.355899999931
38413.0 9647.0 28766.0
0


HOST: 416
0.5473223539732956 0.5852511290682691 0.5236012768430054
18393.862349980547 7567.882349981788 10825.980000005979
33607.0 12931.0 20676.0
0


HOST: 417
0.5112932679440094 0.5062499999985448 0.5116823915472932
13761.969599980957 976.0499999971944 12785.919599983763
26916.0 1928.0 24988.0
0


HOST: 418
0.5489200666233642 0.6146173076909597 0.5375329967061682
16231.017449986257 2684.648399994112 13546.369049992145
29569.0 4368.0 25201.0
0


HOST: 419
0.5645808697322333 0.5645808697322333 0.0
16118.219249985528 16118.219249985528 0.0
28549.0 28549.0 0.0
0


HOST: 420
0.5509150630677312 0.5565666660431622 0.5303003885484172
18780.694499978956 14890.941149984805 3889.75335000264
34090.0 26755.0 7335.0
0


HOST: 421
0.5685344022907205 0.5685344022907205 0.0
18162.968549981648 18162.968549981648 0.0
31947.0 31947.0 0.0
0


HOST: 422
0.6003588132729816 0.7271406382964485 0.5795007000830384
9986.368499982775 1708.7804999966538 8277.58799998612
16634.0 2350.0 14284.0
0


HOST: 423
0.5636218748743663 0.5636218748743663 0.0
14108.019149980262 14108.019149980262 0.0
25031.0 25031.0 0.0
0


HOST: 424
0.5902817616029163 0.6073253605416857 0.5275283751496499
20818.647449973258 16844.776199984197 3973.8712500023125
35269.0 27736.0 7533.0
0


HOST: 425
0.562230182075064 0.6106485673664752 0.5354814572862474
13895.518949985208 5370.65414998815 8524.864799997058
24715.0 8795.0 15920.0
0


HOST: 426
0.5280194520341647 0.5170259491670465 0.545297860929495
11013.957749980642 6591.046799981508 4422.910949999134
20859.0 12748.0 8111.0
0


HOST: 427
0.5362707822526408 0.5362707822526408 0.0
13779.477749981606 13779.477749981606 0.0
25695.0 25695.0 0.0
0


HOST: 428
0.5180368551075429 0.5180368551075429 0.0
9749.971649979067 9749.971649979067 0.0
18821.0 18821.0 0.0
0


HOST: 429
0.5616115088462916 0.5616115088462916 0.0
14441.83994998239 14441.83994998239 0.0
25715.0 25715.0 0.0
0


HOST: 430
0.5193968308788465 0.5193968308788465 0.0
8645.3602499784 8645.3602499784 0.0
16645.0 16645.0 0.0
0


HOST: 431
0.5172506422969952 0.5172506422969952 0.0
8858.43449997834 8858.43449997834 0.0
17126.0 17126.0 0.0
0


HOST: 432
0.5106011755127876 0.5106011755127876 0.0
10359.587249978948 10359.587249978948 0.0
20289.0 20289.0 0.0
0


HOST: 433
0.5076252775116037 0.5076252775116037 0.0
10106.311649978517 10106.311649978517 0.0
19909.0 19909.0 0.0
0


HOST: 434
0.5188763696753649 0.5188763696753649 0.0
9527.60789997905 9527.60789997905 0.0
18362.0 18362.0 0.0
0


HOST: 435
0.6001357013566627 0.6001357013566627 0.0
11936.699099984022 11936.699099984022 0.0
19890.0 19890.0 0.0
0


HOST: 436
0.5322712059990892 0.5322712059990892 0.0
12384.354149980809 12384.354149980809 0.0
23267.0 23267.0 0.0
0


HOST: 437
0.5513417497963552 0.5396106553106212 0.5864847701899091
16967.542349982832 12450.436649981964 4517.105700002679
30775.0 23073.0 7702.0
0


HOST: 438
0.550252380951395 0.5639109378595334 0.520253450025301
10399.769999981365 7323.51134998176 3076.258649999605
18900.0 12987.0 5913.0
0


HOST: 439
0.5673040589378553 0.6421537264343733 0.528133343529575
11300.12954998314 4394.257949990417 6905.871599992723
19919.0 6843.0 13076.0
0


HOST: 440
0.5705091749445041 0.5705091749445041 0.0
8671.168949981518 8671.168949981518 0.0
15199.0 15199.0 0.0
0


HOST: 441
0.5760333946901716 0.6491466262242824 0.5459573494217812
11891.6333999839 3905.915249991507 7985.718149992394
20644.0 6017.0 14627.0
0


HOST: 442
0.6748368600772169 0.6748368600772169 0.0
11956.084649988052 11956.084649988052 0.0
17717.0 17717.0 0.0
0


HOST: 443
0.5889087446193009 0.5892660323332146 0.5062500000003638
10536.166349983912 10497.185099983884 38.98125000002801
17891.0 17814.0 77.0
0


HOST: 444
0.5062499999985448 0.5062499999985448 0.5062499999985448
6243.074999982055 1220.5687499964915 5022.506249985563
12332.0 2411.0 9921.0
0


HOST: 445
0.5936491219169384 0.5936491219169384 0.0
5273.385149988164 5273.385149988164 0.0
8883.0 8883.0 0.0
0


HOST: 446
0.565856340787541 0.565856340787541 0.0
9816.475799982261 9816.475799982261 0.0
17348.0 17348.0 0.0
0


HOST: 447
0.55379887478279 0.55379887478279 0.0
11516.8013999829 11516.8013999829 0.0
20796.0 20796.0 0.0
0


HOST: 448
0.6194975470588224 0.6707530396688417 0.5818890877004377
8523.666749982338 3905.794949991665 4617.871799990673
13759.0 5823.0 7936.0
0


HOST: 449
0.5062499999990391 0.5062499999985448 0.5062499999991983
11024.606249979075 2685.1499999922817 8339.456249986793
21777.0 5304.0 16473.0
0


HOST: 450
0.5369698810689575 0.5369698810689575 0.0
8127.039149978671 8127.039149978671 0.0
15135.0 15135.0 0.0
0


HOST: 451
0.5728874680664345 0.5614632080417779 0.5862959509489908
16146.26039998439 8544.347099979776 7601.913300004615
28184.0 15218.0 12966.0
0


HOST: 452
0.5241756003660842 0.5213895672750135 0.5275680461324502
10280.65604998001 5614.844249984621 4665.81179999539
19613.0 10769.0 8844.0
0


HOST: 453
0.5205951868731832 0.5205951868731832 0.0
10502.487299979597 10502.487299979597 0.0
20174.0 20174.0 0.0
0


HOST: 454
0.5091724305094866 0.5121636690632938 0.5085171394787864
9452.276999978109 1708.5779999951483 7743.69899998296
18564.0 3336.0 15228.0
0


HOST: 455
0.5363012464674073 0.5363012464674073 0.0
14994.446549982242 14994.446549982242 0.0
27959.0 27959.0 0.0
0


HOST: 456
0.5062499999986487 0.5062499999985448 0.5062499999986585
8515.124999977272 732.0374999978958 7783.087499979376
16820.0 1446.0 15374.0
0


HOST: 457
0.5166776967748121 0.5169042579222128 0.515048763082773
8894.60654997839 7811.974049978402 1082.6324999999888
17215.0 15113.0 2102.0
0


HOST: 458
0.7780439332868889 1.0025698369443403 0.5062499999999936
69882.34999996179 49312.39999994432 20569.949999999742
89818.0 49186.0 40632.0
2


HOST: 459
0.5224166892566716 0.5224166892566716 0.0
9249.909899978627 9249.909899978627 0.0
17706.0 17706.0 0.0
0


HOST: 460
0.5411172866234216 0.5411172866234216 0.0
12743.312099981578 12743.312099981578 0.0
23550.0 23550.0 0.0
0


HOST: 461
0.5062499999985784 0.5062499999985784 0.0
8179.987499977031 8179.987499977031 0.0
16158.0 16158.0 0.0
0


HOST: 462
0.5281181264870384 0.5281181264870384 0.0
7983.033599978073 7983.033599978073 0.0
15116.0 15116.0 0.0
0


HOST: 463
0.582874316599268 0.582874316599268 0.0
9381.944999981819 9381.944999981819 0.0
16096.0 16096.0 0.0
0


HOST: 464
0.5239762876873633 0.5239762876873633 0.0
10010.042999979389 10010.042999979389 0.0
19104.0 19104.0 0.0
0


HOST: 465
0.5514782999831005 0.5429856262819406 0.5653553264362192
10390.402649981597 6346.415999983321 4043.9866499982763
18841.0 11688.0 7153.0
0


HOST: 466
0.516817745224592 0.5228070914032064 0.5084737591528663
9120.282749978374 5370.7972499851385 3749.485499993236
17647.0 10273.0 7374.0
0


HOST: 467
0.5425141356285539 0.5484147212982948 0.5172935287060983
14303.92769998245 11717.977349980665 2585.9503500017854
26366.0 21367.0 4999.0
0


HOST: 468
0.5249349777318296 0.5249349777318296 0.0
8369.03834997856 8369.03834997856 0.0
15943.0 15943.0 0.0
0


HOST: 469
0.5356114909084474 0.5263782685243955 0.5450662508281732
14729.315999982304 7323.500849979915 7405.815150002389
27500.0 13913.0 13587.0
0


HOST: 470
0.555740383469989 0.555740383469989 0.0
13072.125299981082 13072.125299981082 0.0
23522.0 23522.0 0.0
0


HOST: 471
0.5062499999987978 0.5062499999985448 0.5062499999989442
9325.631249977854 3417.693749990176 5907.937499987678
18421.0 6751.0 11670.0
0


HOST: 472
0.5375826581257361 0.5375826581257361 0.0
13428.81479998089 13428.81479998089 0.0
24980.0 24980.0 0.0
0


HOST: 473
0.5062499999990342 0.5062499999985448 0.5062499999991741
10983.599999979046 2441.137499992983 8542.462499986063
21696.0 4822.0 16874.0
0


HOST: 474
0.5062499999985448 0.5062499999985448 0.0
4384.631249987397 4384.631249987397 0.0
8661.0 8661.0 0.0
0


HOST: 475
0.5233133215982614 0.5076709705358103 0.5301184460520306
9960.222449979708 2929.261499991626 7030.960949988083
19033.0 5770.0 13263.0
0


HOST: 476
0.5275845300315817 0.5316778586264236 0.5235217696762218
10698.359099980413 5370.478049985504 5327.881049994909
20278.0 10101.0 10177.0
0


HOST: 477
0.5276963117305591 0.5338745379974705 0.522074992537354
10129.658399979813 4882.282649986868 5247.375749992945
19196.0 9145.0 10051.0
0


HOST: 478
0.50624999999871 0.5062499999985448 0.5062499999987429
8830.518749977498 1464.5812499957901 7365.937499981708
17443.0 2893.0 14550.0
0


HOST: 479
0.5219262374651056 0.5228564433196384 0.5204137782106819
9837.787649979775 6102.2575499835 3735.5300999962747
18849.0 11671.0 7178.0
0


HOST: 480
0.5281707389547309 0.5378133988970625 0.5076245180214475
9863.588549979599 6835.6082999816645 3027.980249997934
18675.0 12710.0 5965.0
0


HOST: 481
0.5225567635668983 0.5387930463561712 0.5181781143015073
8915.863499978419 1952.5859999947643 6963.277499983655
17062.0 3624.0 13438.0
0


HOST: 482
0.5296130782082961 0.5296130782082961 0.0
11403.628799981032 11403.628799981032 0.0
21532.0 21532.0 0.0
0


HOST: 483
0.5347032035269439 0.5116200550155885 0.5420446506684113
16916.405249981923 3905.707499989003 13010.697749993878
31637.0 7634.0 24003.0
0


HOST: 484
0.5676233081563374 0.5676233081563374 0.0
22545.997799969722 22545.997799969722 0.0
39720.0 39720.0 0.0
0


HOST: 485
0.5512465663015523 0.555264568122387 0.5062500000000624
21383.95679996982 19774.081799974447 1609.8750000001983
38792.0 35612.0 3180.0
0


HOST: 486
0.581183978805298 0.5877254213082264 0.5167934003856883
22870.170749967285 20994.72749997246 1875.4432499996628
39351.0 35722.0 3629.0
0


HOST: 487
0.5415112160705818 0.539864445712034 0.547055692326529
19690.972349974567 15135.639599982585 4555.332750003006
36363.0 28036.0 8327.0
0


HOST: 488
0.566655072929003 0.5599927153058091 0.5810776154037737
22027.582649969132 14890.206299981464 7137.376350004552
38873.0 26590.0 12283.0
0


HOST: 489
0.5463776944128496 0.5586763177315514 0.5177207491187882
21155.197949971123 15135.65879998319 6019.53915000415
38719.0 27092.0 11627.0
0


HOST: 490
0.547952993748308 0.547952993748308 0.0
9993.56669998164 9993.56669998164 0.0
18238.0 18238.0 0.0
0


HOST: 491
0.8145865574058633 0.8145865574058633 0.0
13643.510249990804 13643.510249990804 0.0
16749.0 16749.0 0.0
0


HOST: 492
0.5716783385751277 0.5716783385751277 0.0
11994.95489998333 11994.95489998333 0.0
20982.0 20982.0 0.0
0


HOST: 493
0.5673375335030127 0.5673375335030127 0.0
9525.029849982082 9525.029849982082 0.0
16789.0 16789.0 0.0
0


HOST: 494
0.5689465576123426 0.5735667955980743 0.5062500000003638
10660.351649982464 10009.314149981996 651.0375000004678
18737.0 17451.0 1286.0
0


HOST: 495
0.5615835988296645 0.5615835988296645 0.0
11140.133849984053 11140.133849984053 0.0
19837.0 19837.0 0.0
0


HOST: 496
0.5119022461421835 0.5119022461421835 0.0
9059.134049978222 9059.134049978222 0.0
17697.0 17697.0 0.0
0


HOST: 497
0.5062499999989889 0.5062499999985448 0.5062499999990218
10622.137499978786 732.0374999978958 9890.09999998089
20982.0 1446.0 19536.0
0


HOST: 498
0.5616261157355777 0.5827086934661766 0.5062500000003638
12345.103649983736 9276.72239998153 3068.381250002205
21981.0 15920.0 6061.0
0


HOST: 499
0.5382244618494798 0.5382244618494798 0.0
9551.33129998087 9551.33129998087 0.0
17746.0 17746.0 0.0
0


HOST: 500
0.5630489027097282 0.5630489027097282 0.0
10365.167249983386 10365.167249983386 0.0
18409.0 18409.0 0.0
0


HOST: 501
0.5699337452040079 0.5699337452040079 0.0
12776.774699983449 12776.774699983449 0.0
22418.0 22418.0 0.0
0


HOST: 502
0.5273524155723475 0.5273524155723475 0.0
8885.360849978482 8885.360849978482 0.0
16849.0 16849.0 0.0
0


HOST: 503
0.6313222794841865 0.7029209863197348 0.587421188933314
6921.186149985137 2929.071749994335 3992.1143999908018
10963.0 4167.0 6796.0
0


HOST: 504
0.5680971158362814 0.5942379407456579 0.513423818182183
12074.336099984324 8544.547349981816 3529.788750002508
21254.0 14379.0 6875.0
0


HOST: 505
0.5568102323884412 0.5568102323884412 0.0
11500.915349983254 11500.915349983254 0.0
20655.0 20655.0 0.0
0


HOST: 506
0.5062499999985448 0.5062499999985448 0.0
7807.893749977557 7807.893749977557 0.0
15423.0 15423.0 0.0
0


HOST: 507
0.5417606570465326 0.5417606570465326 0.0
11188.98284998204 11188.98284998204 0.0
20653.0 20653.0 0.0
0


HOST: 508
0.5224749508374097 0.5224749508374097 0.0
9033.591899978814 9033.591899978814 0.0
17290.0 17290.0 0.0
0


HOST: 509
0.5170483836524936 0.5170483836524936 0.0
10172.409899979159 10172.409899979159 0.0
19674.0 19674.0 0.0
0


HOST: 510
0.5996143477056386 0.5996143477056386 0.0
13057.801649985691 13057.801649985691 0.0
21777.0 21777.0 0.0
0


HOST: 511
0.5062499999991195 0.5062499999985448 0.5062499999991317
11736.393749979587 244.0124999992986 11492.381249980288
23183.0 482.0 22701.0
0


HOST: 512
0.5257556498401178 0.5347797955195348 0.5231372580862651
9603.45269997959 2196.875399994249 7406.577299985342
18266.0 4108.0 14158.0
0


HOST: 513
0.5883473030855959 0.5883473030855959 0.0
12085.83029998431 12085.83029998431 0.0
20542.0 20542.0 0.0
0


HOST: 514
0.5869715753987553 0.6413592282416167 0.5306159482753958
10536.726749983058 5858.816549987168 4677.910199995889
17951.0 9135.0 8816.0
0


HOST: 515
0.564831123971227 0.564831123971227 0.0
10784.320649982637 10784.320649982637 0.0
19093.0 19093.0 0.0
0


HOST: 516
0.5527928042217738 0.5440510033430318 0.5538816600696155
8953.58504998007 976.027499997399 7977.557549982672
16197.0 1794.0 14403.0
0


HOST: 517
0.5693510875010794 0.6122063134782201 0.5350230012046052
10209.034349981855 4882.3453499888055 5326.68899999305
17931.0 7975.0 9956.0
0


HOST: 518
0.5590423833607056 0.5871586880453045 0.5084713686422083
11934.436799984342 8055.817199981577 3878.619600002765
21348.0 13720.0 7628.0
0


HOST: 519
0.6269782378364841 0.6269782378364841 0.0
5799.548699987477 5799.548699987477 0.0
9250.0 9250.0 0.0
0


HOST: 520
0.6482944884612621 0.5406974501094144 0.6618198422425998
13091.658899986727 1219.2727499967295 11872.386149989998
20194.0 2255.0 17939.0
0


HOST: 521
0.5852561507927397 0.5852561507927397 0.0
10618.887599983469 10618.887599983469 0.0
18144.0 18144.0 0.0
0


HOST: 522
0.6911392304171181 0.6911392304171181 0.0
12097.009949990817 12097.009949990817 0.0
17503.0 17503.0 0.0
0


HOST: 523
0.5708881616472622 0.5708881616472622 0.0
10806.912899982673 10806.912899982673 0.0
18930.0 18930.0 0.0
0


HOST: 524
0.5694794805595964 0.5694794805595964 0.0
10809.85949998226 10809.85949998226 0.0
18982.0 18982.0 0.0
0


HOST: 525
0.53648317367493 0.53648317367493 0.0
8176.540049979609 8176.540049979609 0.0
15241.0 15241.0 0.0
0


HOST: 526
0.5433941886780126 0.5433941886780126 0.0
8639.9675999804 8639.9675999804 0.0
15900.0 15900.0 0.0
0


HOST: 527
0.5814265442535893 0.5309764781476564 0.6015627703228633
10306.948349983377 2685.1480499926984 7621.8002999906785
17727.0 5057.0 12670.0
0


HOST: 528
0.5164271519446804 0.5164271519446804 0.0
5519.573399984743 5519.573399984743 0.0
10688.0 10688.0 0.0
0


HOST: 529
0.5177822982413774 0.5177822982413774 0.0
9104.16614997814 9104.16614997814 0.0
17583.0 17583.0 0.0
0


HOST: 530
0.5062499999986813 0.5062499999985448 0.5062499999986938
8679.65624997739 732.0374999978958 7947.618749979494
17145.0 1446.0 15699.0
0


HOST: 531
0.5503259323567512 0.5503259323567512 0.0
9665.374349981621 9665.374349981621 0.0
17563.0 17563.0 0.0
0


HOST: 532
0.5873029326058367 0.7160094837686175 0.5382526827625949
10884.48524998397 3661.67249999271 7222.812749991261
18533.0 5114.0 13419.0
0


HOST: 533
0.5062499999985659 0.5062499999985448 0.5062499999985763
8122.78124997699 2685.1499999922817 5437.631249984708
16045.0 5304.0 10741.0
0


HOST: 534
0.5714218591579929 0.5784541143831843 0.5321844951926752
12512.42444998257 10741.314449981348 1771.110000001223
21897.0 18569.0 3328.0
0


HOST: 535
0.5581901579770412 0.5581901579770412 0.0
10600.031099984013 10600.031099984013 0.0
18990.0 18990.0 0.0
0


HOST: 536
0.5839218854169075 0.6034328518447909 0.5062500000001244
9458.366699983068 7812.041699982663 1646.3250000004045
16198.0 12946.0 3252.0
0


HOST: 537
0.6236860761018409 0.6236860761018409 0.0
10293.314999984783 10293.314999984783 0.0
16504.0 16504.0 0.0
0


HOST: 538
0.571299081389053 0.571299081389053 0.0
12002.993699984005 12002.993699984005 0.0
21010.0 21010.0 0.0
0


HOST: 539
0.5853157674587094 0.6190306174186335 0.5371668634850812
9026.154449980757 5614.607699987006 3411.5467499937513
15421.0 9070.0 6351.0
0


HOST: 540
0.6094004169811459 0.6094004169811459 0.0
7234.192349983183 7234.192349983183 0.0
11871.0 11871.0 0.0
0


HOST: 541
0.6687270197269132 0.6687270197269132 0.0
11389.758599988785 11389.758599988785 0.0
17032.0 17032.0 0.0
0


HOST: 542
0.5662857216835554 0.5662857216835554 0.0
12574.374449983348 12574.374449983348 0.0
22205.0 22205.0 0.0
0


HOST: 543
0.5062499999990485 0.5062499999985448 0.5062499999992092
11103.074999979131 2685.1499999922817 8417.92499998685
21932.0 5304.0 16628.0
0


HOST: 544
0.5244377878566265 0.5244377878566265 0.0
10521.270899979641 10521.270899979641 0.0
20062.0 20062.0 0.0
0


HOST: 545
0.51672168801065 0.5241735344628164 0.5095943006769594
9844.581599978903 4882.152299986672 4962.429299992231
19052.0 9314.0 9738.0
0


HOST: 546
0.526069709555354 0.526069709555354 0.0
8295.593249978378 8295.593249978378 0.0
15769.0 15769.0 0.0
0


HOST: 547
0.5412240662000566 0.5412240662000566 0.0
10693.505099980717 10693.505099980717 0.0
19758.0 19758.0 0.0
0


HOST: 548
0.5844174349186875 0.5844174349186875 0.0
10573.864649983812 10573.864649983812 0.0
18093.0 18093.0 0.0
0


HOST: 549
0.5062499999990926 0.5062499999985448 0.5062499999991578
11488.331249979408 1220.5687499964915 10267.762499982917
22693.0 2411.0 20282.0
0


HOST: 550
0.5947994402760736 0.5947994402760736 0.0
10307.874299984354 10307.874299984354 0.0
17330.0 17330.0 0.0
0


HOST: 551
0.5524447547673703 0.5524447547673703 0.0
9731.866799981995 9731.866799981995 0.0
17616.0 17616.0 0.0
0


HOST: 552
0.5806476502394432 0.5806476502394432 0.0
12454.311449985817 12454.311449985817 0.0
21449.0 21449.0 0.0
0


HOST: 553
0.61991798159781 0.6531609030088803 0.5062500000003638
10780.373699985916 8788.279949984484 1992.0937500014315
17390.0 13455.0 3935.0
0


HOST: 554
0.761016897974018 0.8359040199963951 0.5984385816239213
16230.968399989855 12205.87049998736 4025.0979000024945
21328.0 14602.0 6726.0
0


HOST: 555
0.5512357317647836 0.574919546855911 0.5062499999998377
10361.578049982636 7079.559299983688 3282.018749998948
18797.0 12314.0 6483.0
0


HOST: 556
0.5651568301378698 0.5651568301378698 0.0
12353.763149983695 12353.763149983695 0.0
21859.0 21859.0 0.0
0


HOST: 557
0.5062499999989111 0.5062499999985448 0.5062499999989399
10053.112499978377 732.0374999978958 9321.074999980481
19858.0 1446.0 18412.0
0


HOST: 558
0.6731180576361748 0.6731180576361748 0.0
11678.598299987634 11678.598299987634 0.0
17350.0 17350.0 0.0
0


HOST: 559
0.5592150372145583 0.5631938108269849 0.5062499999996166
8339.573849980708 7812.061349981108 527.5124999996005
14913.0 13871.0 1042.0
0


HOST: 560
0.5834985040785747 0.5834985040785747 0.0
9010.38389998135 9010.38389998135 0.0
15442.0 15442.0 0.0
0


HOST: 561
0.5707990587279854 0.5902750856322901 0.5486269010204353
10642.548449983287 5859.070499986112 4783.4779499971755
18645.0 9926.0 8719.0
0


HOST: 562
0.5463510497080238 0.5463510497080238 0.0
6297.788549984391 6297.788549984391 0.0
11527.0 11527.0 0.0
0


HOST: 563
0.5992393678153234 0.6020094200031433 0.5062500000003638
12512.117999983953 12206.342999983734 305.77500000021973
20880.0 20276.0 604.0
0


HOST: 564
0.5914682797393946 0.5914682797393946 0.0
11201.817749984395 11201.817749984395 0.0
18939.0 18939.0 0.0
0


HOST: 565
0.5844432302045316 0.5844432302045316 0.0
10843.175249984675 10843.175249984675 0.0
18553.0 18553.0 0.0
0


HOST: 566
0.5551690389384969 0.5551690389384969 0.0
10051.335449981487 10051.335449981487 0.0
18105.0 18105.0 0.0
0


HOST: 567
0.5062499999986734 0.5062499999985448 0.5062499999987393
8639.15624997736 2929.1624999915803 5709.993749985781
17065.0 5786.0 11279.0
0


HOST: 568
0.532732073119088 0.532732073119088 0.0
10258.288799981157 10258.288799981157 0.0
19256.0 19256.0 0.0
0


HOST: 569
0.5872288437382986 0.5872288437382986 0.0
11691.139049985788 11691.139049985788 0.0
19909.0 19909.0 0.0
0


HOST: 570
0.5727958744948293 0.5736841119510697 0.5062500000003638
12350.051849983014 12206.27684998291 143.77500000010332
21561.0 21277.0 284.0
0


HOST: 571
0.5253169368281558 0.5253169368281558 0.0
6611.113649982341 6611.113649982341 0.0
12585.0 12585.0 0.0
0


HOST: 572
0.5564595360663382 0.5564595360663382 0.0
9511.56284998192 9511.56284998192 0.0
17093.0 17093.0 0.0
0


HOST: 573
0.5062499999988704 0.5062499999985448 0.5062499999989065
9779.23124997818 976.0499999971944 8803.181249980986
19317.0 1928.0 17389.0
0


HOST: 574
0.522186176675556 0.5634931479524706 0.5062499999988093
8937.738599978817 2685.044849993523 6252.693749985294
17116.0 4765.0 12351.0
0


HOST: 575
0.5719893374512156 0.5719893374512156 0.0
10739.671799984024 10739.671799984024 0.0
18776.0 18776.0 0.0
0


HOST: 576
0.5062499999990279 0.5062499999990279 0.0
10931.456249979008 10931.456249979008 0.0
21593.0 21593.0 0.0
0


HOST: 577
0.5062499999985448 0.5062499999985448 0.5062499999985448
7658.043749977987 2929.1624999915803 4728.881249986407
15127.0 5786.0 9341.0
0


HOST: 578
0.5407606335833883 0.54488376526635 0.5062500000003638
9763.97399998166 8788.430249980958 975.543750000701
18056.0 16129.0 1927.0
0


HOST: 579
0.5626590900051553 0.5626590900051553 0.0
11327.452799983788 11327.452799983788 0.0
20132.0 20132.0 0.0
0


HOST: 580
0.641895482985267 0.641895482985267 0.0
13336.662449984891 13336.662449984891 0.0
20777.0 20777.0 0.0
0


HOST: 581
0.5062499999985448 0.5062499999985448 0.0
4150.743749988069 4150.743749988069 0.0
8199.0 8199.0 0.0
0


HOST: 582
0.6771340574624906 0.6771340574624906 0.0
11595.243599987689 11595.243599987689 0.0
17124.0 17124.0 0.0
0


HOST: 583
0.7937823808969982 0.7937823808969982 0.0
13779.26834999099 13779.26834999099 0.0
17359.0 17359.0 0.0
0


HOST: 584
0.5345307961517309 0.5345307961517309 0.0
11225.681249982501 11225.681249982501 0.0
21001.0 21001.0 0.0
0


HOST: 585
0.620166647643132 0.620166647643132 0.0
11410.446149985986 11410.446149985986 0.0
18399.0 18399.0 0.0
0


HOST: 586
0.657103709724338 0.657103709724338 0.0
13337.891099984612 13337.891099984612 0.0
20298.0 20298.0 0.0
0


HOST: 587
0.512969957029002 0.512969957029002 0.0
8595.32459997796 8595.32459997796 0.0
16756.0 16756.0 0.0
0


HOST: 588
0.5890625909712682 0.6166231641191028 0.5164975912412356
13193.234849983493 10009.027199981276 3184.2076500022176
22397.0 16232.0 6165.0
0


HOST: 589
0.5987710950385686 0.6419634216634023 0.5589164489032694
12335.88209998459 6347.092349986058 5988.789749998532
20602.0 9887.0 10715.0
0


HOST: 590
0.5499877929017227 0.5499877929017227 0.0
16969.873349982656 16969.873349982656 0.0
30855.0 30855.0 0.0
0


HOST: 591
0.5547711923367784 0.550642835344193 0.5559073723799721
19374.274349977313 4150.195049989183 15224.079299997917
34923.0 7537.0 27386.0
0


HOST: 592
0.5553262013002443 0.5289852871061578 0.5765683172429483
22963.293749966404 9765.068399979673 13198.22535000833
41351.0 18460.0 22891.0
0


HOST: 593
0.5456207950155809 0.5591814398269239 0.5297256483921303
22071.45239997028 12206.371649981922 9865.080750006644
40452.0 21829.0 18623.0
0


HOST: 594
0.5419824415244195 0.5422013454872933 0.5417481703613076
20298.32639997256 10497.560249979484 9800.766150006417
37452.0 19361.0 18091.0
0


HOST: 595
0.5419659754085132 0.533917217495718 0.549250439874989
18777.495149978757 8788.277399979517 9989.217750006424
34647.0 16460.0 18187.0
0


HOST: 596
0.5753528972099012 0.5856816146224335 0.5539522250279829
22400.789699970293 15379.999199985103 7020.790500004656
38934.0 26260.0 12674.0
0


HOST: 597
0.5550240118862976 0.5528637492680119 0.5561318222691424
22411.869599968697 7567.598999980546 14844.270600007947
40380.0 13688.0 26692.0
0


HOST: 598
0.6349944241914643 0.6349944241914643 0.0
11496.574049986462 11496.574049986462 0.0
18105.0 18105.0 0.0
0


HOST: 599
0.5208038050222724 0.5208038050222724 0.0
8376.60839997823 8376.60839997823 0.0
16084.0 16084.0 0.0
0


HOST: 600
0.526461243312619 0.5172062811550991 0.5917750659616424
4822.911449986903 4150.063199988515 672.8482499983875
9161.0 8024.0 1137.0
0


HOST: 601
0.5062499999986213 0.506249999998551 0.5062500000003638
8380.968749977175 8055.956249976942 325.01250000023356
16555.0 15913.0 642.0
0


HOST: 602
0.5283044773747536 0.5283044773747536 0.0
10017.709499980077 10017.709499980077 0.0
18962.0 18962.0 0.0
0


HOST: 603
0.549125004316207 0.5234193396212032 0.5883393153075384
12719.931599980619 7323.683399979876 5396.248200000742
23164.0 13992.0 9172.0
0


HOST: 604
0.5526457213496405 0.5231612377158574 0.6169376225214593
15422.131499983068 10009.120799979784 5413.010700003284
27906.0 19132.0 8774.0
0


HOST: 605
0.5223180440084592 0.5223180440084592 0.0
8545.123199978392 8545.123199978392 0.0
16360.0 16360.0 0.0
0


HOST: 606
0.5669520864173403 0.5832005375110375 0.5062500000003638
12635.661149983263 10253.248649981551 2382.412500001712
22287.0 17581.0 4706.0
0


HOST: 607
0.6330402521000603 0.6330402521000603 0.0
11299.768499986078 11299.768499986078 0.0
17850.0 17850.0 0.0
0


HOST: 608
0.5478632480198464 0.5478632480198464 0.0
11901.781199983143 11901.781199983143 0.0
21724.0 21724.0 0.0
0


HOST: 609
0.7213639441816583 0.7245899812533211 0.5062500000003638
14060.825999988883 13915.025999988778 145.80000000010477
19492.0 19204.0 288.0
0


HOST: 610
0.5481083513660118 0.5481083513660118 0.0
8358.104249980313 8358.104249980313 0.0
15249.0 15249.0 0.0
0


HOST: 611
0.5322937718621743 0.5322937718621743 0.0
10499.494649981389 10499.494649981389 0.0
19725.0 19725.0 0.0
0


HOST: 612
0.5154503693530577 0.5232380553376402 0.5062499999992645
9768.815399979148 5370.515399985539 4398.299999993609
18952.0 10264.0 8688.0
0


HOST: 613
0.5299807879232706 0.5319844111079232 0.5062500000003638
11340.528899982146 10497.11639998154 843.4125000006061
21398.0 19732.0 1666.0
0


HOST: 614
0.5189286062071169 0.5189286062071169 0.0
10231.196399979517 10231.196399979517 0.0
19716.0 19716.0 0.0
0


HOST: 615
0.5447479356350982 0.5284384966232083 0.5968216636501879
13880.177399982302 10253.29214998011 3626.8852500021912
25480.0 19403.0 6077.0
0


HOST: 616
0.5062499999990502 0.5062499999985448 0.5062499999991269
11117.249999979142 1464.5812499957901 9652.668749983352
21960.0 2893.0 19067.0
0


HOST: 617
0.5206877806047133 0.5222165728427668 0.5062500000003638
10228.911449979594 9276.65519997891 952.2562500006843
19645.0 17764.0 1881.0
0


HOST: 618
0.5471390849616828 0.5197688298448981 0.5662233539890201
14386.47509998249 5614.54289998459 8771.9321999979
26294.0 10802.0 15492.0
0


HOST: 619
0.5309819080471032 0.5178779506285497 0.5562571915688662
12542.323649980624 8056.109399977719 4486.214250002906
23621.0 15556.0 8065.0
0


HOST: 620
0.6192148131956924 0.6192148131956924 0.0
11336.584799986736 11336.584799986736 0.0
18308.0 18308.0 0.0
0


HOST: 621
0.6307256445006829 0.6307256445006829 0.0
12795.531149985354 12795.531149985354 0.0
20287.0 20287.0 0.0
0


HOST: 622
0.7038133893490431 0.7038133893490431 0.0
12899.491799989262 12899.491799989262 0.0
18328.0 18328.0 0.0
0


HOST: 623
0.5939895748736221 0.5939895748736221 0.0
9948.137399983423 9948.137399983423 0.0
16748.0 16748.0 0.0
0


HOST: 624
0.5084928730748318 0.5084928730748318 0.0
9118.294199977885 9118.294199977885 0.0
17932.0 17932.0 0.0
0


