0 3350
1 1982
2 4464
3 3280
4 2961
5 2675
6 762
7 1053
8 1525
9 2866
10 545
11 435
12 4369
13 4083
14 2319
15 4022
16 3451
17 976
18 676
19 1394
20 1350
21 2371
22 2489
23 3022
24 3229
25 3092
26 2432
27 2931
28 1998
29 2815
30 3281
31 4085
32 2386
33 2635
34 2410
35 2737
36 2827
37 3205
38 2585
39 3487
40 2589
41 2130
42 4115
43 3604
44 2965
45 2627
46 3218
47 3967
48 3118
49 3943
50 4116
51 3639
52 4257
53 3048
54 1891
55 3723
56 3355
57 3779
58 2782
59 5381
60 3591
61 2390
62 1495
63 3542
64 2375
65 5047
66 3276
67 1991
68 1388
69 3980
70 3167
71 4673
72 3604
73 4763
74 4496
75 4970
76 5464
77 5267
78 5057
79 3919
80 4184
81 5285
82 1441
83 5445
84 2749
85 4152
86 4109
87 5653
88 5244
89 5122
90 4186
91 2014
92 5285
93 1845
94 4157
95 2371
96 657
97 3954
