Selfish Battery Level: [35, 84, 62, 49, 58, 23, 87, 27, 77, 59, 45, 41, 82, 38, 71, 82, 1, 69, 46, 36, 24, 14, 10, 0, 91, 78, 15, 66, 14, 52, 35, 78, 44, 82, 41, 45, 84, 33, 98, 58, 43, 9, 55, 84, 78, 92, 70, 88, 49, 51, 4, 13, 77, 3, 58, 4, 59, 61, 67, 75, 99, 61, 53, 66, 56, 98, 42, 36, 21, 74, 27, 52, 90, 98, 64, 15, 17, 77, 64, 79, 63, 86, 85, 83, 87, 89, 52, 2, 69, 33, 67, 6, 73, 43, 31, 45, 33, 44, 33, 38, 33, 62, 24, 22, 61, 62, 81, 79, 99, 97, 67, 43, 91, 72, 27, 54, 5, 30, 81, 37, 39, 2, 57, 11, 40, 51, 64, 50, 53, 3, 94, 79, 51, 31, 45, 64, 26, 13, 81, 58, 88, 85, 52, 63, 33, 30, 80, 38, 72, 57, 12, 46, 32, 52, 76, 14, 1, 92, 81, 42, 90, 97, 9, 75, 43, 31, 19, 89, 71, 94, 56, 82, 73, 68, 87, 63, 9, 72, 46, 11, 31, 23, 54, 8, 87, 58, 16, 47, 99, 2, 50, 20, 98, 68, 38, 39, 93, 25, 26, 53, 93, 15, 82, 10, 30, 3, 55, 9, 31, 53, 24, 86, 98, 30, 87, 72, 17, 93, 77, 14, 15, 42, 11, 17, 94, 37, 62, 49, 54, 94, 26, 25, 93, 14, 19, 57, 65, 52, 89, 90, 30, 63, 14, 21, 70, 5, 26, 22, 66, 25, 55, 55, 16, 14, 55, 56, 82, 51, 36, 42, 42, 92, 70, 21, 25, 75, 40, 33, 72, 85, 8, 0, 96, 96, 33, 17, 50, 44, 56, 33, 42, 9, 31, 86, 6, 12, 67, 74, 66, 32, 28, 82, 52, 53, 99, 16, 86, 36, 39, 60, 47, 33, 57, 35, 19, 25, 79, 50, 38, 96, 85, 49, 37, 87, 83, 92, 38, 72, 14, 11, 74, 18, 26, 38, 36, 69, 84, 23, 16, 71, 54, 24, 21, 5, 76, 6, 93, 41, 74, 69, 7, 16, 36, 19, 99, 49, 9, 91, 15, 72, 1, 74, 46, 30, 6, 44, 39, 34, 50, 61, 47, 69, 40, 92, 30, 7, 16, 14, 76, 10, 93, 0, 97, 92, 42, 50, 24, 20, 16, 16, 70, 74, 64, 3, 13, 0, 36, 21, 32, 34, 73, 75, 98, 26, 41, 16, 67, 37, 7, 34, 93, 34, 68, 68, 70, 29, 43, 4, 0, 84, 24, 55, 18, 69, 94, 79, 69, 96, 89, 26, 39, 12, 93, 0, 31, 78, 73, 7, 35, 19, 46, 23, 28, 30, 39, 10, 17, 49, 70, 82, 43, 84, 42, 57, 95, 70, 41, 22, 84, 89, 36, 65, 77, 44, 93, 33, 97, 68, 49, 47, 31, 55, 16, 32, 41, 74, 78, 52, 51, 70, 4, 86, 0, 90, 36, 88, 78, 80, 94, 75, 72, 92, 9, 84, 5, 19, 14, 38, 39, 38, 11, 7, 42, 51, 59, 26, 56, 97, 62, 16, 6, 28, 5, 88, 65, 48, 4, 45, 14, 55, 8, 99, 91, 21, 76, 25, 96, 80, 67, 22, 95, 2, 25, 11, 4, 26, 64, 89, 60, 60, 97, 40, 85, 89, 56, 7, 68, 15, 13, 77, 12, 7, 29, 89, 50, 80, 1, 46, 41, 95, 33, 33, 3, 64, 50, 71, 30, 97, 50, 68, 55, 76, 73, 50, 41, 11, 58, 88, 10, 19, 50, 58, 27, 96, 89, 46, 1, 88, 64, 37, 1, 17, 32, 36, 52, 46, 2, 43, 59, 74, 26, 83, 60, 50, 57, 64, 37, 69, 22, 22, 83, 67, 2, 70, 59, 51, 58, 37, 32, 43, 14, 20, 78, 57, 3, 58, 94, 62, 77, 67, 12, 15, 8, 35, 34]
Hosts: 625
Hosts Average Energy Consume/s: 0.5222993573089286
Hosts Average normal Energy Consume/s: 0.5286503728034707
Hosts Average  Selfish Period Consume/s: 0.2717166535877437

Hosts Average Energy Consume: 13168.630525338289
Hosts Average Normal Energy Consume: 9467.296819582445
Hosts Average Selfish Energy Consume: 3701.333705758033

Description:
host number
average energy consumption of all periods  - average energy consumption of Normal periods  -  average energy consumption of all selfish periods
energy consumption of all periods  -  energy consumption of Normal periods  -  energy consumption of selfish periods
Active total time  -  Normal Active Time  -  Selfish Active Time
Normal proportion of time  -  Selfish proportion of time
Number of Recharges 


HOST: 0
0.583719294944207 0.583719294944207 0.0
10704.828149981813 10704.828149981813 0.0
18339.0 18339.0 0.0
0


HOST: 1
0.5068996556388876 0.5084973636230732 0.5062499999995795
13468.830749980883 3905.768249988825 9563.062499992058
26571.0 7681.0 18890.0
0


HOST: 2
0.5131187463043908 0.5146295961377131 0.5062500000003638
11283.99434997986 9276.713099978417 2007.2812500014425
21991.0 18026.0 3965.0
0


HOST: 3
0.5154066003003138 0.5154066003003138 0.0
12322.340999979904 12322.340999979904 0.0
23908.0 23908.0 0.0
0


HOST: 4
0.5128587047403783 0.5141767338638444 0.5062500000003638
12266.554499980368 10253.198249978921 2013.3562500014468
23918.0 19941.0 3977.0
0


HOST: 5
0.5101211660875843 0.5101211660875843 0.0
9856.051049978216 9856.051049978216 0.0
19321.0 19321.0 0.0
0


HOST: 6
0.5130014440317917 0.5158539011689138 0.511462523019113
9005.740349978103 3173.5331999911577 5832.207149986945
17555.0 6152.0 11403.0
0


HOST: 7
0.5139582071913498 0.5139582071913498 0.0
11748.056699979872 11748.056699979872 0.0
22858.0 22858.0 0.0
0


HOST: 8
0.5097478651501844 0.5108962056400413 0.5082706016615357
9956.905049978554 5614.749299984054 4342.155749994499
19533.0 10990.0 8543.0
0


HOST: 9
0.5145458348564874 0.5145458348564874 0.0
9845.834549978887 9845.834549978887 0.0
19135.0 19135.0 0.0
0


HOST: 10
0.5186333704281352 0.5186333704281352 0.0
9786.61169997891 9786.61169997891 0.0
18870.0 18870.0 0.0
0


HOST: 11
0.5140794115554108 0.5141291575934904 0.5062500000003638
14493.440849981698 14403.328349981633 90.11250000006476
28193.0 28015.0 178.0
0


HOST: 12
0.507181329564109 0.5082894447643106 0.5062499999990943
9601.449749978148 4394.162249987465 5207.2874999906835
18931.0 8645.0 10286.0
0


HOST: 13
0.5194110303166132 0.5194110303166132 0.0
8429.002199977998 8429.002199977998 0.0
16228.0 16228.0 0.0
0


HOST: 14
0.514789128206674 0.5184586708150987 0.5062499999997826
10050.228149978897 7079.553149980173 2970.674999998724
19523.0 13655.0 5868.0
0


HOST: 15
0.5084293436621379 0.5105476646900756 0.5062499999988029
8629.571249977465 4394.28374998748 4235.287499989985
16973.0 8607.0 8366.0
0


HOST: 16
0.5227463885329073 0.5227463885329073 0.0
13895.644499981743 13895.644499981743 0.0
26582.0 26582.0 0.0
0


HOST: 17
0.5084637702494184 0.5094882388567736 0.506250000000123
11047.900799979361 7567.938299978516 3479.9625000008455
21728.0 14854.0 6874.0
0


HOST: 18
0.5082334077478009 0.5082334077478009 0.0
10585.993649978946 10585.993649978946 0.0
20829.0 20829.0 0.0
0


HOST: 19
0.5062499999985448 0.5062499999985448 0.0
4001.9062499884967 4001.9062499884967 0.0
7905.0 7905.0 0.0
0


HOST: 20
0.516301386811633 0.516301386811633 0.0
9325.951949978526 9325.951949978526 0.0
18063.0 18063.0 0.0
0


HOST: 21
0.5327920163393902 0.5327920163393902 0.0
13433.817899981384 13433.817899981384 0.0
25214.0 25214.0 0.0
0


HOST: 22
0.5149405588046616 0.5149405588046616 0.0
10210.24139997883 10210.24139997883 0.0
19828.0 19828.0 0.0
0


HOST: 23
0.5347365058882825 0.5347365058882825 0.0
14301.527849982114 14301.527849982114 0.0
26745.0 26745.0 0.0
0


HOST: 24
0.5085622831166486 0.5081465995821725 0.5086651863932643
11079.537899979307 2196.7177499937316 8882.820149985575
21786.0 4323.0 17463.0
0


HOST: 25
0.5118973440689747 0.5155059416380182 0.506249999998929
8740.647149977744 5370.540899984873 3370.1062499928703
17075.0 10418.0 6657.0
0


HOST: 26
0.526721393320158 0.526721393320158 0.0
9605.818049979722 9605.818049979722 0.0
18237.0 18237.0 0.0
0


HOST: 27
0.5303881717788801 0.5416248254472608 0.5062500000003638
11911.987949981867 8300.400449979272 3611.5875000025953
22459.0 15325.0 7134.0
0


HOST: 28
0.5329741775983134 0.5329741775983134 0.0
8246.709449978704 8246.709449978704 0.0
15473.0 15473.0 0.0
0


HOST: 29
0.5539141844471118 0.5539141844471118 0.0
11603.948249982546 11603.948249982546 0.0
20949.0 20949.0 0.0
0


HOST: 30
0.5267960476779744 0.5267960476779744 0.0
11755.980599981676 11755.980599981676 0.0
22316.0 22316.0 0.0
0


HOST: 31
0.5263099593726377 0.5400120512806728 0.5062499999989577
8809.37609997921 5370.4198499862905 3438.9562499929198
16738.0 9945.0 6793.0
0


HOST: 32
0.5370826294976597 0.5370826294976597 0.0
10327.024799981002 10327.024799981002 0.0
19228.0 19228.0 0.0
0


HOST: 33
0.5236057717609442 0.5238822603705475 0.5233504953209496
9148.96364997898 4394.324399988152 4754.639249990827
17473.0 8388.0 9085.0
0


HOST: 34
0.5581241996610293 0.5581241996610293 0.0
10896.258749982277 10896.258749982277 0.0
19523.0 19523.0 0.0
0


HOST: 35
0.5370247094035001 0.5370247094035001 0.0
9147.67889997922 9147.67889997922 0.0
17034.0 17034.0 0.0
0


HOST: 36
0.5888888834842981 0.580024962873574 0.6057123449816535
6054.955499985554 3905.888099990647 2149.0673999949067
10282.0 6734.0 3548.0
0


HOST: 37
0.5271973128723245 0.5271973128723245 0.0
11389.043549980826 11389.043549980826 0.0
21603.0 21603.0 0.0
0


HOST: 38
0.5062499999988367 0.5062499999985448 0.5062499999988523
9563.062499978025 488.0249999985972 9075.037499979428
18890.0 964.0 17926.0
0


HOST: 39
0.5444489623227496 0.5483838824400367 0.5062500000003638
11228.170949982066 10253.133449981366 975.0375000007007
20623.0 18697.0 1926.0
0


HOST: 40
0.5360426509410043 0.5360426509410043 0.0
12181.033199983383 12181.033199983383 0.0
22724.0 22724.0 0.0
0


HOST: 41
0.5309343128228157 0.5309343128228157 0.0
8085.5986499786595 8085.5986499786595 0.0
15229.0 15229.0 0.0
0


HOST: 42
0.541592894230278 0.541592894230278 0.0
10430.537549980923 10430.537549980923 0.0
19259.0 19259.0 0.0
0


HOST: 43
0.5495047492447417 0.5574746360248239 0.5454792985359783
11472.010649982472 3905.6672999899165 7566.343349992556
20877.0 7006.0 13871.0
0


HOST: 44
0.5271059196663486 0.5454856489931107 0.5062499999992632
9763.582949979775 5370.851699986168 4392.731249993607
18523.0 9846.0 8677.0
0


HOST: 45
0.5062499999990285 0.5062499999985448 0.5062499999991337
10937.024999979012 1952.6062499943873 8984.418749984625
21604.0 3857.0 17747.0
0


HOST: 46
0.5528363623185985 0.568691931975638 0.5062499999997857
9542.508449981327 7323.614699982267 2218.8937499990607
17261.0 12878.0 4383.0
0


HOST: 47
0.5187970333340253 0.5332118856921021 0.5120940964863507
8979.857849978644 2929.466099992409 6050.391749986235
17309.0 5494.0 11815.0
0


HOST: 48
0.5299630935398383 0.5299630935398383 0.0
9665.46689997957 9665.46689997957 0.0
18238.0 18238.0 0.0
0


HOST: 49
0.536639751520885 0.536639751520885 0.0
10755.333899981579 10755.333899981579 0.0
20042.0 20042.0 0.0
0


HOST: 50
0.5219126179623877 0.5219126179623877 0.0
4700.866949987227 4700.866949987227 0.0
9007.0 9007.0 0.0
0


HOST: 51
0.5361886534590609 0.5361886534590609 0.0
8553.28139997894 8553.28139997894 0.0
15952.0 15952.0 0.0
0


HOST: 52
0.5151690665236537 0.5234229654129399 0.5062499999994902
10640.301899979544 5614.758149984606 5025.5437499949385
20654.0 10727.0 9927.0
0


HOST: 53
0.5288420880811603 0.5288420880811603 0.0
9558.29189997889 9558.29189997889 0.0
18074.0 18074.0 0.0
0


HOST: 54
0.5253998982902752 0.5255520452088737 0.5062500000003638
10331.463599979972 10252.994849979916 78.46875000005639
19664.0 19509.0 155.0
0


HOST: 55
0.5181076090504394 0.5181076090504394 0.0
11081.803649979847 11081.803649979847 0.0
21389.0 21389.0 0.0
0


HOST: 56
0.5369670672649313 0.5369670672649313 0.0
9315.841649979293 9315.841649979293 0.0
17349.0 17349.0 0.0
0


HOST: 57
0.5426933949338018 0.5426933949338018 0.0
9514.500599979412 9514.500599979412 0.0
17532.0 17532.0 0.0
0


HOST: 58
0.5186773291327714 0.5232930789203069 0.5062500000003638
10950.834449980204 8056.096949978124 2894.73750000208
21113.0 15395.0 5718.0
0


HOST: 59
0.5244102318060013 0.5284107272712837 0.5195474952637984
11039.884199979939 6103.143899983326 4936.7402999966125
21052.0 11550.0 9502.0
0


HOST: 60
0.5062499999990427 0.5062499999985448 0.506249999999054
11054.474999979097 244.0124999992986 10810.462499979798
21836.0 482.0 21354.0
0


HOST: 61
0.523797661128981 0.5272533560380668 0.5062500000003638
11320.838849980666 9520.613849979372 1800.2250000012937
21613.0 18057.0 3556.0
0


HOST: 62
0.529773374620173 0.529773374620173 0.0
9965.566949980075 9965.566949980075 0.0
18811.0 18811.0 0.0
0


HOST: 63
0.6011299134091559 0.6333405761146664 0.5062500000003638
10552.234499984323 8299.928249982704 2252.3062500016185
17554.0 13105.0 4449.0
0


HOST: 64
0.5181062057611338 0.5181062057611338 0.0
10394.246699979865 10394.246699979865 0.0
20062.0 20062.0 0.0
0


HOST: 65
0.5062499999987279 0.5062499999985448 0.5062499999987385
8927.212499977568 488.0249999985972 8439.18749997897
17634.0 964.0 16670.0
0


HOST: 66
0.5512564495209403 0.5512564495209403 0.0
10205.410649981168 10205.410649981168 0.0
18513.0 18513.0 0.0
0


HOST: 67
0.5316828161214832 0.5316828161214832 0.0
8943.436649979469 8943.436649979469 0.0
16821.0 16821.0 0.0
0


HOST: 68
0.5305502017476584 0.5305502017476584 0.0
11833.922249981522 11833.922249981522 0.0
22305.0 22305.0 0.0
0


HOST: 69
0.5252272912864677 0.5390074218735529 0.5062499999996574
10676.29514998003 6347.351399982959 4328.94374999707
20327.0 11776.0 8551.0
0


HOST: 70
0.5713355896581043 0.5713355896581043 0.0
10740.537749982703 10740.537749982703 0.0
18799.0 18799.0 0.0
0


HOST: 71
0.5195011198764434 0.5195011198764434 0.0
8164.479599978185 8164.479599978185 0.0
15716.0 15716.0 0.0
0


HOST: 72
0.5079584361310503 0.5134747370620799 0.506249999999056
10211.996399978636 2441.058899993128 7770.937499985508
20104.0 4754.0 15350.0
0


HOST: 73
0.5062499999988276 0.5062499999985448 0.5062499999988429
9506.362499977984 488.0249999985972 9018.337499979387
18778.0 964.0 17814.0
0


HOST: 74
0.5241157350214519 0.5301575586643438 0.5062500000003638
11626.459349980867 8788.421849978828 2838.0375000020395
22183.0 16577.0 5606.0
0


HOST: 75
0.5358655778884771 0.5358655778884771 0.0
10663.724999980694 10663.724999980694 0.0
19900.0 19900.0 0.0
0


HOST: 76
0.5137202889323982 0.5137202889323982 0.0
11308.010999979948 11308.010999979948 0.0
22012.0 22012.0 0.0
0


HOST: 77
0.5100871475564678 0.5092534829917462 0.5114793244462066
8991.306149977858 5614.519649984002 3376.7864999938556
17627.0 11025.0 6602.0
0


HOST: 78
0.5153067640304638 0.5169374183858627 0.5062500000003638
10338.084299979166 8788.453049978052 1549.6312500011136
20062.0 17001.0 3061.0
0


HOST: 79
0.5124032230166397 0.5162860120831464 0.5062499999986998
8298.882599977496 5126.720099985643 3172.162499991853
16196.0 9930.0 6266.0
0


HOST: 80
0.5126923402326914 0.5126923402326914 0.0
8544.017849977801 8544.017849977801 0.0
16665.0 16665.0 0.0
0


HOST: 81
0.5089998240751394 0.5167681914396531 0.5062499999994768
12875.150549980654 3417.388049990426 9457.762499990227
25295.0 6613.0 18682.0
0


HOST: 82
0.5131459444750006 0.5144541022744806 0.5123820206734829
9907.308749978836 3661.8842999897533 6245.424449989083
19307.0 7118.0 12189.0
0


HOST: 83
0.5067005917669068 0.5071852725480462 0.5062499999987802
8605.29614997738 4149.7898999881145 4455.506249989265
16983.0 8182.0 8801.0
0


HOST: 84
0.5096506002989265 0.5162012361729215 0.5062499999988909
9169.123949977986 3173.6051999911215 5995.518749986864
17991.0 6148.0 11843.0
0


HOST: 85
0.5062499999990699 0.5062499999985448 0.5062499999992339
11287.349999979264 2685.1499999922817 8602.199999986982
22296.0 5304.0 16992.0
0


HOST: 86
0.5173877184792582 0.5173877184792582 0.0
8880.44279997799 8880.44279997799 0.0
17164.0 17164.0 0.0
0


HOST: 87
0.525272109332017 0.525272109332017 0.0
11684.152799981386 11684.152799981386 0.0
22244.0 22244.0 0.0
0


HOST: 88
0.5302947813877621 0.5334404842446924 0.5246506576453477
11716.332899981215 7567.920149979451 4148.412750001764
22094.0 14187.0 7907.0
0


HOST: 89
0.5378309199085701 0.5378309199085701 0.0
8360.581649978723 8360.581649978723 0.0
15545.0 15545.0 0.0
0


HOST: 90
0.5364718908325621 0.5415346060754928 0.5062500000003638
9317.443799979937 8055.868799979031 1261.5750000009066
17368.0 14876.0 2492.0
0


HOST: 91
0.5281894476410623 0.5281894476410623 0.0
8166.337049978465 8166.337049978465 0.0
15461.0 15461.0 0.0
0


HOST: 92
0.5204225830499865 0.5308908376949283 0.5070380947475195
11514.34964998095 6591.009749982535 4923.339899998415
22125.0 12415.0 9710.0
0


HOST: 93
0.5939972620241293 0.5939972620241293 0.0
9990.439949983831 9990.439949983831 0.0
16819.0 16819.0 0.0
0


HOST: 94
0.5333836691402432 0.5333836691402432 0.0
12071.539199981982 12071.539199981982 0.0
22632.0 22632.0 0.0
0


HOST: 95
0.5291446669224408 0.5291446669224408 0.0
10993.509599980629 10993.509599980629 0.0
20776.0 20776.0 0.0
0


HOST: 96
0.5290748868061346 0.5290748868061346 0.0
10166.173949979875 10166.173949979875 0.0
19215.0 19215.0 0.0
0


HOST: 97
0.5165729262936553 0.5183392663499986 0.5126665688415473
19785.25964997329 13671.198149981214 6114.061500004293
38301.0 26375.0 11926.0
0


HOST: 98
0.5091133095500745 0.5094876339391746 0.5062500000003638
18481.322249977253 16356.590999983262 2124.731250001527
36301.0 32104.0 4197.0
0


HOST: 99
0.5154743422494802 0.5162593457937737 0.5062500000003638
16398.785249982713 15135.69149998186 1263.0937500009077
31813.0 29318.0 2495.0
0


HOST: 100
0.5169842436968064 0.5188932650207184 0.5062500000003638
19194.59099997503 16356.553499983087 2838.0375000020395
37128.0 31522.0 5606.0
0


HOST: 101
0.510297491808235 0.5137624612305322 0.5066911113676681
18066.57239997875 9276.49499997849 8790.077400006307
35404.0 18056.0 17348.0
0


HOST: 102
0.5151060229126034 0.5152663796927625 0.5062500000003638
18883.786799976042 18553.71179997699 330.0750000002372
36660.0 36008.0 652.0
0


HOST: 103
0.5192641559031043 0.5201785526956116 0.5062500000003545
20343.731099971817 19041.65609997556 1302.0750000009116
39178.0 36606.0 2572.0
0


HOST: 104
0.5092907843131806 0.5116251733020691 0.5062500000003638
16753.120349982077 9520.832849978206 7232.287500005197
32895.0 18609.0 14286.0
0


HOST: 105
0.5115842024256692 0.5160839248944838 0.5062500000003638
16952.877299981825 9276.608549978348 7676.268750005516
33138.0 17975.0 15163.0
0


HOST: 106
0.5129569437647442 0.5125060441974519 0.5131293409377438
16783.95119998243 4638.17969998694 12145.771499996396
32720.0 9050.0 23670.0
0


HOST: 107
0.5154035760841718 0.5125899260059613 0.5162575506054488
22137.614399967344 5126.4118499856195 17011.202550000144
42952.0 10001.0 32951.0
0


HOST: 108
0.5062499999991903 0.5062499999985448 0.5062499999992162
23546.19374996234 244.0124999992986 23302.18124996392
46511.0 482.0 46029.0
0


HOST: 109
0.5062499999993125 0.5062499999985448 0.5062499999994119
19796.399999973117 732.0374999978958 19064.362499977855
39104.0 1446.0 37658.0
0


HOST: 110
0.5109169230762164 0.5078003939474994 0.5129844010039183
20324.27519997189 8056.253249977079 12268.021950008706
39780.0 15865.0 23915.0
0


HOST: 111
0.5161930028491333 0.5211460713074982 0.5062500000003638
20648.75249997103 13915.12124998151 6733.631250004839
40002.0 26701.0 13301.0
0


HOST: 112
0.5062499999993589 0.5062499999985448 0.5062499999997102
18666.956249976363 2197.1249999936845 16469.831249990573
36873.0 4340.0 32533.0
0


HOST: 113
0.5235028746397996 0.5290352786363531 0.5062499999993285
8932.5295499789 6835.135799981683 2097.393749997218
17063.0 12920.0 4143.0
0


HOST: 114
0.5216405606058622 0.5216405606058622 0.0
11417.146949980504 11417.146949980504 0.0
21887.0 21887.0 0.0
0


HOST: 115
0.5365130208323649 0.5365130208323649 0.0
10507.070999981033 10507.070999981033 0.0
19584.0 19584.0 0.0
0


HOST: 116
0.5212148551539774 0.5212148551539774 0.0
11460.993449980808 11460.993449980808 0.0
21989.0 21989.0 0.0
0


HOST: 117
0.5187982613867287 0.5187982613867287 0.0
10011.250049979702 10011.250049979702 0.0
19297.0 19297.0 0.0
0


HOST: 118
0.5062499999985448 0.5062499999985448 0.5062499999985448
5799.093749983331 4638.2624999866675 1160.8312499966632
11455.0 9162.0 2293.0
0


HOST: 119
0.5259972361799307 0.5259972361799307 0.0
10676.691899980233 10676.691899980233 0.0
20298.0 20298.0 0.0
0


HOST: 120
0.5188985807745685 0.5188985807745685 0.0
10785.825899980182 10785.825899980182 0.0
20786.0 20786.0 0.0
0


HOST: 121
0.5193359316902155 0.5193359316902155 0.0
8940.88739997875 8940.88739997875 0.0
17216.0 17216.0 0.0
0


HOST: 122
0.558834399186559 0.558834399186559 0.0
10180.286249981546 10180.286249981546 0.0
18217.0 18217.0 0.0
0


HOST: 123
0.5532522965286889 0.5532522965286889 0.0
8769.04889997972 8769.04889997972 0.0
15850.0 15850.0 0.0
0


HOST: 124
0.552000254871674 0.552000254871674 0.0
11045.525099982198 11045.525099982198 0.0
20010.0 20010.0 0.0
0


HOST: 125
0.5458007590684979 0.5458007590684979 0.0
11073.205799981686 11073.205799981686 0.0
20288.0 20288.0 0.0
0


HOST: 126
0.5475780369394172 0.5499339496890248 0.5062500000003638
9249.688199980636 8788.494449980304 461.1937500003314
16892.0 15981.0 911.0
0


HOST: 127
0.5354067227892187 0.5354067227892187 0.0
6646.003649982573 6646.003649982573 0.0
12413.0 12413.0 0.0
0


HOST: 128
0.5403046071051002 0.5403046071051002 0.0
10994.658449981684 10994.658449981684 0.0
20349.0 20349.0 0.0
0


HOST: 129
0.5228027337959834 0.5228027337959834 0.0
11655.88694998145 11655.88694998145 0.0
22295.0 22295.0 0.0
0


HOST: 130
0.5062499999987986 0.5062499999985448 0.5062499999988459
9330.693749977858 1464.5812499957901 7866.112499982068
18431.0 2893.0 15538.0
0


HOST: 131
0.5098859879017923 0.5120141230508932 0.5062499999985842
8092.910399977247 5126.285399985543 2966.6249999917036
15872.0 10012.0 5860.0
0


HOST: 132
0.5078625175142022 0.5078625175142022 0.0
10873.33649997907 10873.33649997907 0.0
21410.0 21410.0 0.0
0


HOST: 133
0.5172201056905086 0.5172201056905086 0.0
11695.898249979471 11695.898249979471 0.0
22613.0 22613.0 0.0
0


HOST: 134
0.5117953888992531 0.5117953888992531 0.0
9922.68899997872 9922.68899997872 0.0
19388.0 19388.0 0.0
0


HOST: 135
0.5182224026859489 0.5244386501956324 0.5062500000003638
13193.424149981573 8788.542899978407 4404.881250003165
25459.0 16758.0 8701.0
0


HOST: 136
0.5066147126098005 0.5066147126098005 0.0
10629.789899978834 10629.789899978834 0.0
20982.0 20982.0 0.0
0


HOST: 137
0.5187081963016663 0.5187081963016663 0.0
10157.343899979229 10157.343899979229 0.0
19582.0 19582.0 0.0
0


HOST: 138
0.5062499999990898 0.5062499999985448 0.5062499999994602
11463.01874997939 4638.2624999866675 6824.756249992723
22643.0 9162.0 13481.0
0


HOST: 139
0.5136690762065824 0.5162044781744529 0.5062500000003638
13689.794549981627 10253.369549979157 3436.4250000024695
26651.0 19863.0 6788.0
0


HOST: 140
0.5062499999985828 0.5062499999985448 0.5062499999986039
8199.731249977045 2929.1624999915803 5270.568749985465
16197.0 5786.0 10411.0
0


HOST: 141
0.507144496837923 0.5086478330309108 0.506249999999067
9786.874499978238 3661.7557499895265 6125.118749988711
19298.0 7199.0 12099.0
0


HOST: 142
0.5275876619498463 0.5275876619498463 0.0
10628.253449979655 10628.253449979655 0.0
20145.0 20145.0 0.0
0


HOST: 143
0.5136344790139973 0.5181498049551584 0.5062500000003638
14428.506149982199 9032.38739997832 5396.118750003878
28091.0 17432.0 10659.0
0


HOST: 144
0.512752122374023 0.512752122374023 0.0
9083.91659997819 9083.91659997819 0.0
17716.0 17716.0 0.0
0


HOST: 145
0.5090380908785455 0.5090380908785455 0.0
9454.873499978103 9454.873499978103 0.0
18574.0 18574.0 0.0
0


HOST: 146
0.5084289568540843 0.5097068744113276 0.5077110837435498
13539.971549981117 4882.482149986106 8657.48939999501
26631.0 9579.0 17052.0
0


HOST: 147
0.5150037394605962 0.5150037394605962 0.0
11362.012499979674 11362.012499979674 0.0
22062.0 22062.0 0.0
0


HOST: 148
0.510568954561953 0.512402788604252 0.5072791016673498
10607.580599979136 6835.453199980722 3772.1273999984132
20776.0 13340.0 7436.0
0


HOST: 149
0.5109740092179343 0.5109740092179343 0.0
9089.716649977834 9089.716649977834 0.0
17789.0 17789.0 0.0
0


HOST: 150
0.527084924291139 0.527084924291139 0.0
9607.703999978881 9607.703999978881 0.0
18228.0 18228.0 0.0
0


HOST: 151
0.5157550273090319 0.5157550273090319 0.0
9253.67669997865 9253.67669997865 0.0
17942.0 17942.0 0.0
0


HOST: 152
0.5468587013967421 0.5468587013967421 0.0
10759.444949980902 10759.444949980902 0.0
19675.0 19675.0 0.0
0


HOST: 153
0.5062499999985448 0.5062499999985448 0.0
7585.143749978197 7585.143749978197 0.0
14983.0 14983.0 0.0
0


HOST: 154
0.512168849020143 0.5151855258515218 0.5062499999990184
8792.914799977816 5858.6897999835055 2934.2249999943106
17168.0 11372.0 5796.0
0


HOST: 155
0.5176159735335771 0.5176159735335771 0.0
8214.565499977869 8214.565499977869 0.0
15870.0 15870.0 0.0
0


HOST: 156
0.5062499999988983 0.5062499999988983 0.0
9965.024999978314 9965.024999978314 0.0
19684.0 19684.0 0.0
0


HOST: 157
0.5231955612819954 0.5393086578279639 0.5198290202518787
10961.993399980367 1952.836649995057 9009.15674998531
20952.0 3621.0 17331.0
0


HOST: 158
0.5062499999989877 0.5062499999985448 0.5062499999993314
10612.012499978779 4638.2624999866675 5973.749999992111
20962.0 9162.0 11800.0
0


HOST: 159
0.5171621470062602 0.5171621470062602 0.0
11482.551149979996 11482.551149979996 0.0
22203.0 22203.0 0.0
0


HOST: 160
0.5062499999987089 0.5062499999985448 0.5062499999987717
8824.949999977494 2441.137499992983 6383.812499984511
17432.0 4822.0 12610.0
0


HOST: 161
0.5062499999988334 0.5062499999985448 0.5062499999988573
9542.30624997801 732.0374999978958 8810.268749980114
18849.0 1446.0 17403.0
0


HOST: 162
0.5067098687519036 0.5067098687519036 0.0
9034.13024997769 9034.13024997769 0.0
17829.0 17829.0 0.0
0


HOST: 163
0.533424534251632 0.5388101836306031 0.5267385138093257
10909.065149980128 6103.1029499838405 4805.962199996287
20451.0 11327.0 9124.0
0


HOST: 164
0.5062499999987052 0.5062499999987052 0.0
8805.20624997748 8805.20624997748 0.0
17393.0 17393.0 0.0
0


HOST: 165
0.50952673772973 0.50952673772973 0.0
8627.816249977519 8627.816249977519 0.0
16933.0 16933.0 0.0
0


HOST: 166
0.506249999998809 0.506249999998809 0.0
9392.962499977903 9392.962499977903 0.0
18554.0 18554.0 0.0
0


HOST: 167
0.5094469954020739 0.5158941498544697 0.5073359335673533
10749.841049979163 2685.229049992515 8064.611999986648
21101.0 5205.0 15896.0
0


HOST: 168
0.5227757054602793 0.5291462996173313 0.512112612612571
11171.194049980708 7078.390049981041 4092.803999999667
21369.0 13377.0 7992.0
0


HOST: 169
0.530059047021798 0.6961226235727161 0.5062499999987566
8893.860749978749 1464.6419999969949 7429.218749981754
16779.0 2104.0 14675.0
0


HOST: 170
0.5250479686829794 0.5258200215381152 0.5062500000003638
11166.195149980924 10741.451399980619 424.7437500003052
21267.0 20428.0 839.0
0


HOST: 171
0.5113319165364126 0.5113319165364126 0.0
3969.9809999887075 3969.9809999887075 0.0
7764.0 7764.0 0.0
0


HOST: 172
0.5136825809608491 0.5193792727115231 0.5062499999998329
11515.736099980313 6591.442349981939 4924.293749998375
22418.0 12691.0 9727.0
0


HOST: 173
0.5217982178949256 0.52431531981871 0.5062500000000403
9032.848949979058 7811.77394997896 1221.0750000000971
17311.0 14899.0 2412.0
0


HOST: 174
0.5255484940713093 0.5713055535539137 0.5062499999990394
9841.421099979338 3173.60234999199 6667.8187499873475
18726.0 5555.0 13171.0
0


HOST: 175
0.5216908575183665 0.5216908575183665 0.0
7908.833399978437 7908.833399978437 0.0
15160.0 15160.0 0.0
0


HOST: 176
0.5492079077729657 0.5492079077729657 0.0
5764.486199985047 5764.486199985047 0.0
10496.0 10496.0 0.0
0


HOST: 177
0.5386071625083347 0.5645292368667428 0.5062499999999218
11745.944999981764 6835.319999982523 4910.6249999992415
21808.0 12108.0 9700.0
0


HOST: 178
0.5274057436173175 0.5274057436173175 0.0
11404.621799980874 11404.621799980874 0.0
21624.0 21624.0 0.0
0


HOST: 179
0.5184733445162005 0.5184733445162005 0.0
11744.458199980974 11744.458199980974 0.0
22652.0 22652.0 0.0
0


HOST: 180
0.5381046140809015 0.5381046140809015 0.0
11119.93184998183 11119.93184998183 0.0
20665.0 20665.0 0.0
0


HOST: 181
0.5340553860223575 0.5340553860223575 0.0
7000.397999981062 7000.397999981062 0.0
13108.0 13108.0 0.0
0


HOST: 182
0.542493895800052 0.542493895800052 0.0
11162.35439998187 11162.35439998187 0.0
20576.0 20576.0 0.0
0


HOST: 183
0.5352940731389401 0.5352940731389401 0.0
10187.716799980308 10187.716799980308 0.0
19032.0 19032.0 0.0
0


HOST: 184
0.5085587487662817 0.5092177471102268 0.5084354376217589
20106.887249972482 3173.444999990934 16933.44224999268
39537.0 6232.0 33305.0
0


HOST: 185
0.5263763956250815 0.5161230292952188 0.540770669917677
17905.745849978397 10253.300099978816 7652.445750005047
34017.0 19866.0 14151.0
0


HOST: 186
0.530725780886291 0.5307916679601722 0.506249999999909
20559.25529997314 20506.605299973293 52.64999999999054
38738.0 38634.0 104.0
0


HOST: 187
0.521435807949723 0.5293808457092914 0.5078555108752492
20200.42319997227 12938.597249980792 7261.825950005188
38740.0 24441.0 14299.0
0


HOST: 188
0.5062499999992813 0.5062499999985448 0.506249999999312
20634.749999970707 244.0124999992986 20390.73749997229
40760.0 482.0 40278.0
0


HOST: 189
0.5240273821274847 0.5240273821274847 0.0
20161.429499972844 20161.429499972844 0.0
38474.0 38474.0 0.0
0


HOST: 190
0.5112235724102853 0.5144806596408944 0.5062500000003638
20071.65989997262 12206.053649980218 7865.606250005652
39262.0 23725.0 15537.0
0


HOST: 191
0.5192687630530566 0.5189039787967838 0.5237554901962225
21132.680849970246 19529.989049974552 1602.6918000004407
40697.0 37637.0 3060.0
0


HOST: 192
0.5062499999992777 0.5062499999985448 0.5062499999993392
20737.012499970413 488.0249999985972 20248.98749997357
40962.0 964.0 39998.0
0


HOST: 193
0.5092177345375637 0.5133697108102475 0.5070591778859399
22650.51404996537 7810.920149977916 14839.593900009919
44481.0 15215.0 29266.0
0


HOST: 194
0.5198688780643781 0.5146508160761132 0.529934336875604
23214.744749964804 15135.365849982412 8079.3789000054585
44655.0 29409.0 15246.0
0


HOST: 195
0.5184402086043898 0.5192916570764706 0.5062500000003638
15905.745599982678 14891.72684998195 1014.0187500007287
30680.0 28677.0 2003.0
0


HOST: 196
0.5062499999993234 0.5062499999985448 0.5062499999995727
19518.974999973914 1708.5937499950887 17810.381249984966
38556.0 3375.0 35181.0
0


HOST: 197
0.5156710728932771 0.5147714574892565 0.5238462187024384
20359.725299972364 18309.391199977872 2050.334100001344
39482.0 35568.0 3914.0
0


HOST: 198
0.5300636507378639 0.5300636507378639 0.0
15252.581549982035 15252.581549982035 0.0
28775.0 28775.0 0.0
0


HOST: 199
0.5113817968822553 0.5153003637824259 0.5062500000003638
20080.9403999724 11473.677899979495 8607.262500006185
39268.0 22266.0 17002.0
0


HOST: 200
0.5067207646988274 0.5062499999985448 0.5067684873693467
18580.436999976606 1708.5937499950887 16871.843249987658
36668.0 3375.0 33293.0
0


HOST: 201
0.51457074498492 0.5148967531815772 0.506249999999909
21550.222799968447 20750.854049970745 799.3687499998564
41880.0 40301.0 1579.0
0


HOST: 202
0.5072804016410247 0.507133139063752 0.5073199476244692
20764.001399970424 4394.308649987412 16369.692749998747
40932.0 8665.0 32267.0
0


HOST: 203
0.5125610493391184 0.5125610493391184 0.0
19914.534449972765 19914.534449972765 0.0
38853.0 38853.0 0.0
0


HOST: 204
0.5245635651760059 0.5280380666186907 0.5062500000003638
20197.270949971753 17088.895949980688 3108.3750000022337
38503.0 32363.0 6140.0
0


HOST: 205
0.518225086559786 0.518225086559786 0.0
19457.279099973726 19457.279099973726 0.0
37546.0 37546.0 0.0
0


HOST: 206
0.5102824176235217 0.5136833676226944 0.5062500000003638
20116.863749972094 10985.632499978943 9131.231250006562
39423.0 21386.0 18037.0
0


HOST: 207
0.5148658007452477 0.5148658007452477 0.0
21395.248349968766 21395.248349968766 0.0
41555.0 41555.0 0.0
0


HOST: 208
0.5141325347253043 0.5152061217306035 0.5062500000003638
19098.995399975604 16844.664149982083 2254.33125000162
37148.0 32695.0 4453.0
0


HOST: 209
0.5143653074688366 0.519338272302534 0.5091538611141083
22207.72214996702 11473.740449979885 10733.981700007633
43175.0 22093.0 21082.0
0


HOST: 210
0.5219109142177123 0.5219505654479069 0.5062500000003638
18599.339249976612 18553.776749976743 45.56250000003274
35637.0 35547.0 90.0
0


HOST: 211
0.50668339191494 0.5062499999985448 0.5067718416516253
20181.199499972063 3417.693749990176 16763.50574999411
39830.0 6751.0 33079.0
0


HOST: 212
0.5062499999992695 0.5062499999985448 0.50624999999933
20974.44374996973 488.0249999985972 20486.418749972887
41431.0 964.0 40467.0
0


HOST: 213
0.5228805335331391 0.5201015141364325 0.5372104519777609
20512.080449971516 17088.97544998076 3423.1050000022924
39229.0 32857.0 6372.0
0


HOST: 214
0.5062499999992258 0.5062499999985448 0.5062499999996404
22317.52499996587 3173.6812499908774 19143.8437499864
44084.0 6269.0 37815.0
0


HOST: 215
0.5112896004495853 0.509796703459175 0.5119959331665211
21344.806949968835 6835.354199980618 14509.452750006041
41747.0 13408.0 28339.0
0


HOST: 216
0.5170866886310616 0.5170866886310616 0.0
19931.6234999729 19931.6234999729 0.0
38546.0 38546.0 0.0
0


HOST: 217
0.5062499999993234 0.5062499999985448 0.5062499999995727
19518.974999973914 1708.5937499950887 17810.381249984966
38556.0 3375.0 35181.0
0


HOST: 218
0.5101949254557699 0.5151176697233226 0.5081874462195016
19198.124849975167 5614.782599984217 13583.342250001058
37629.0 10900.0 26729.0
0


HOST: 219
0.5197943726874016 0.5197943726874016 0.0
16580.400899982735 16580.400899982735 0.0
31898.0 31898.0 0.0
0


HOST: 220
0.5187734021975334 0.5187734021975334 0.0
16095.98234998287 16095.98234998287 0.0
31027.0 31027.0 0.0
0


HOST: 221
0.511599194990204 0.511599194990204 0.0
12011.32589998001 12011.32589998001 0.0
23478.0 23478.0 0.0
0


HOST: 222
0.5244076340419205 0.5244076340419205 0.0
18485.369099977695 18485.369099977695 0.0
35250.0 35250.0 0.0
0


HOST: 223
0.5211536405235093 0.5211536405235093 0.0
20041.484399972076 20041.484399972076 0.0
38456.0 38456.0 0.0
0


HOST: 224
0.5062499999994703 0.5062499999985448 0.5062499999995655
16421.23124998282 1464.5812499957901 14956.649999987163
32437.0 2893.0 29544.0
0


HOST: 225
0.5193275885781009 0.523108977585195 0.5118850515467521
23026.46594996442 15379.927049982318 7646.538900005384
44339.0 29401.0 14938.0
0


HOST: 226
0.5077637902356311 0.5083767316954206 0.5072947603475771
21374.316749968893 9276.858599978035 12097.458150008673
42095.0 18248.0 23847.0
0


HOST: 227
0.5189693314427205 0.5224401808560748 0.5062500000003638
15742.415699983483 12450.271949981117 3292.143750002366
30334.0 23831.0 6503.0
0


HOST: 228
0.5179129683801131 0.5206670252216405 0.5062500000003638
13808.077649982195 11229.746399980342 2578.331250001853
26661.0 21568.0 5093.0
0


HOST: 229
0.5079909120656562 0.5062499999985448 0.508195604551336
13968.734099981413 1464.5812499957901 12504.152849985623
27498.0 2893.0 24605.0
0


HOST: 230
0.5144916263585771 0.5144916263585771 0.0
14146.976249981795 14146.976249981795 0.0
27497.0 27497.0 0.0
0


HOST: 231
0.5146571476147367 0.5146571476147367 0.0
13133.535749980467 13133.535749980467 0.0
25519.0 25519.0 0.0
0


HOST: 232
0.5062499999993479 0.5062499999985448 0.5062499999994563
14376.487499981484 1708.5937499950887 12667.893749986395
28398.0 3375.0 25023.0
0


HOST: 233
0.5247434251824966 0.5247434251824966 0.0
18053.272799978615 18053.272799978615 0.0
34404.0 34404.0 0.0
0


HOST: 234
0.533852862734737 0.533852862734737 0.0
13091.139899981219 13091.139899981219 0.0
24522.0 24522.0 0.0
0


HOST: 235
0.5247821523768278 0.5279267652373282 0.5062500000003638
12205.383299980262 10497.295799979034 1708.0875000012275
23258.0 19884.0 3374.0
0


HOST: 236
0.5154052787555311 0.5259305244354563 0.5062500000003638
17999.498549979413 8544.267299978423 9455.231250006795
34923.0 16246.0 18677.0
0


HOST: 237
0.5292804545448346 0.5359096359636081 0.5062500000003638
14904.537599982545 11718.200099980255 3186.3375000022897
28160.0 21866.0 6294.0
0


HOST: 238
0.9040791071157005 2.8075308729246387 0.5062499999993264
55477.00624994073 29782.287499984566 25694.71874996581
61363.0 10608.0 50755.0
2


HOST: 239
0.5163316591049832 0.5430068409329215 0.5111808819102334
14340.595499981804 2440.8157499934823 11899.779749988322
27774.0 4495.0 23279.0
0


HOST: 240
0.5153153834945988 0.5166012379449596 0.5062500000003638
19463.97734997449 17088.65234998132 2375.325000001707
37771.0 33079.0 4692.0
0


HOST: 241
0.5119512024362893 0.5184973910784907 0.5062500000003638
19159.26179997569 9032.743049978386 10126.518750007277
37424.0 17421.0 20003.0
0


HOST: 242
0.5236960451068963 0.5239921319283123 0.506249999999909
21339.0427499707 20994.79274997169 344.24999999993815
40747.0 40067.0 680.0
0


HOST: 243
0.519323942720006 0.5210497568480943 0.5062500000000986
21759.673199968252 19286.135699975363 2473.5375000004815
41900.0 37014.0 4886.0
0


HOST: 244
0.5140020349057013 0.5277587266685907 0.5062500000002609
19790.62034997422 7323.707849980034 12466.912500006425
38503.0 13877.0 24626.0
0


HOST: 245
0.5264154380923924 0.5264154380923924 0.0
21466.695149969673 21466.695149969673 0.0
40779.0 40779.0 0.0
0


HOST: 246
0.5185865347554671 0.5206429794218467 0.5062500000002587
20993.42009997082 18065.270099979236 2928.150000001496
40482.0 34698.0 5784.0
0


HOST: 247
0.5151128860412233 0.5151128860412233 0.0
15278.248199982681 15278.248199982681 0.0
29660.0 29660.0 0.0
0


HOST: 248
0.5145483772353179 0.519543027039176 0.5111915758701208
20451.75434997218 8300.219399977876 12151.534950008641
39747.0 15976.0 23771.0
0


HOST: 249
0.5166113011363479 0.5192213864384239 0.5062500000001525
22806.322499965216 18309.303749978142 4497.018750001354
44146.0 35263.0 8883.0
0


HOST: 250
0.5133981823624627 0.521531513481748 0.5062500000003638
23118.83354996406 10985.539799979539 12133.29375000872
45031.0 21064.0 23967.0
0


HOST: 251
0.5129610149191003 0.5161900056376042 0.5098585598197763
22278.922799966364 10985.555699979494 11293.367100008047
43432.0 21282.0 22150.0
0


HOST: 252
0.5176875608274344 0.5176875608274344 0.0
18829.84964997627 18829.84964997627 0.0
36373.0 36373.0 0.0
0


HOST: 253
0.5195314122581262 0.5195314122581262 0.0
19791.549149973318 19791.549149973318 0.0
38095.0 38095.0 0.0
0


HOST: 254
0.5267125207145767 0.5205245131475605 0.5365393002260966
18116.27714997787 10985.669849979266 7130.607300004824
34395.0 21105.0 13290.0
0


HOST: 255
0.5119981849892624 0.5174403945266818 0.5062500000003638
20691.382649971063 10741.545149979387 9949.83750000715
40413.0 20759.0 19654.0
0


HOST: 256
0.5066338386871326 0.5080195456107591 0.5062499999999455
20201.01104997204 4393.861049987456 15807.149999998299
39873.0 8649.0 31224.0
0


HOST: 257
0.5124394156657854 0.5174718636433722 0.5062500000003638
21476.848349968735 11961.879599980191 9514.968750006838
41911.0 23116.0 18795.0
0


HOST: 258
0.5163306480769042 0.5200996521415112 0.5068881786343389
21702.409799968438 15624.313649983138 6078.096150004358
42032.0 30041.0 11991.0
0


HOST: 259
0.5252379291594529 0.5381137555574342 0.5062500000003638
23192.4059999648 14159.387249982768 9033.018750006491
44156.0 26313.0 17843.0
0


HOST: 260
0.5244491701237785 0.5283148483258789 0.515815500000358
20349.15224997273 14159.36624998188 6189.7860000042965
38801.0 26801.0 12000.0
0


HOST: 261
0.5062499999992552 0.5062499999985448 0.5062499999995094
21394.124999968524 1952.6062499943873 19441.518749981158
42260.0 3857.0 38403.0
0


HOST: 262
0.5080531283579881 0.5117596778687198 0.5062500000002776
22216.65524996646 7323.7927499792495 14892.862500008168
43729.0 14311.0 29418.0
0


HOST: 263
0.5182137966695316 0.5172278743254881 0.5292967289721541
21041.55299996966 19285.875749974475 1755.677250000635
40604.0 37287.0 3317.0
0


HOST: 264
0.52480845716494 0.5277026500844247 0.5062500000002422
21049.017599971412 18309.698849979286 2739.318750001311
40108.0 34697.0 5411.0
0


HOST: 265
0.5090895733380892 0.511082962062033 0.5082159705656755
19950.202199973042 6102.841649982736 13847.36055000296
39188.0 11941.0 27247.0
0


HOST: 266
0.5114614245737241 0.5140949389295851 0.5062500000003638
21936.58049996703 14647.59299998174 7288.987500005238
42890.0 28492.0 14398.0
0


HOST: 267
0.5295855903228793 0.5295855903228793 0.0
16112.11199998328 16112.11199998328 0.0
30424.0 30424.0 0.0
0


HOST: 268
0.512390429271855 0.5201307639614188 0.5087327586208996
20983.925249970278 6835.558499980965 14148.36675000584
40953.0 13142.0 27811.0
0


HOST: 269
0.5068390248015464 0.5088201778751433 0.5064557373299925
22499.091149965447 3661.469999989531 18837.62114998907
44391.0 7196.0 37195.0
0


HOST: 270
0.5220687197276335 0.5220687197276335 0.0
20910.94049997063 20910.94049997063 0.0
40054.0 40054.0 0.0
0


HOST: 271
0.5212194210928479 0.5212194210928479 0.0
20771.115149971083 20771.115149971083 0.0
39851.0 39851.0 0.0
0


HOST: 272
0.5062499999991432 0.5062499999985448 0.5062499999991964
11964.71249997975 976.0499999971944 10988.662499982556
23634.0 1928.0 21706.0
0


HOST: 273
0.506249999999437 0.5062499999985448 0.5062499999995649
17033.793749981058 976.0499999971944 16057.743749986199
33647.0 1928.0 31719.0
0


HOST: 274
0.5226707909323495 0.5235001344252903 0.5062500000003638
17155.100699981573 16356.23819998377 798.8625000005741
32822.0 31244.0 1578.0
0


HOST: 275
0.5228165820836829 0.5228165820836829 0.0
17719.29959998018 17719.29959998018 0.0
33892.0 33892.0 0.0
0


HOST: 276
0.5630310244923995 0.5895566267378377 0.5062500000003638
17102.630399981128 12206.180399980192 4896.450000003519
30376.0 20704.0 9672.0
0


HOST: 277
0.5385095808607377 0.5392833017744698 0.5062500000003638
13978.63169998303 13670.83169998281 307.8000000002212
25958.0 25350.0 608.0
0


HOST: 278
0.5190660564679571 0.5237799005256446 0.5062500000003638
14560.321949982665 10741.67819997992 3818.643750002744
28051.0 20508.0 7543.0
0


HOST: 279
0.535086421025814 0.535086421025814 0.0
8815.013699979261 8815.013699979261 0.0
16474.0 16474.0 0.0
0


HOST: 280
0.5385100841070318 0.5385100841070318 0.0
9091.665749979018 9091.665749979018 0.0
16883.0 16883.0 0.0
0


HOST: 281
0.5455364719090972 0.5455364719090972 0.0
10924.367849979672 10924.367849979672 0.0
20025.0 20025.0 0.0
0


HOST: 282
0.5262696605675078 0.5262696605675078 0.0
9550.741799979132 9550.741799979132 0.0
18148.0 18148.0 0.0
0


HOST: 283
0.5310012103275596 0.5370669731244918 0.5293504490822374
15794.099999982933 3417.3571499911413 12376.742849991791
29744.0 6363.0 23381.0
0


HOST: 284
0.5186480337455217 0.5186480337455217 0.0
15246.177599983357 15246.177599983357 0.0
29396.0 29396.0 0.0
0


HOST: 285
0.5160727144963774 0.5160727144963774 0.0
13954.606199982043 13954.606199982043 0.0
27040.0 27040.0 0.0
0


HOST: 286
0.5165295090075723 0.5266141521753187 0.5062500000003638
15653.943299983486 8056.143299978026 7597.80000000546
30306.0 15298.0 15008.0
0


HOST: 287
0.5165829420222601 0.5289903950314709 0.5062499999999446
13641.405749981821 6347.35574998262 7294.049999999201
26407.0 11999.0 14408.0
0


HOST: 288
0.5171451541844863 0.529110585196557 0.5062500000003638
17021.832749982364 8300.157749978389 8721.675000006268
32915.0 15687.0 17228.0
0


HOST: 289
0.5178665438339135 0.5178665438339135 0.0
14123.774249982322 14123.774249982322 0.0
27273.0 27273.0 0.0
0


HOST: 290
0.5316591719279323 0.5316591719279323 0.0
14734.933949982646 14734.933949982646 0.0
27715.0 27715.0 0.0
0


HOST: 291
0.5132824646307808 0.5225560292529198 0.5093428160045522
14476.105349981908 4394.1736499878025 10081.931699994106
28203.0 8409.0 19794.0
0


HOST: 292
0.5236076264846637 0.5271472423402277 0.5062500000003638
14012.78729998257 11717.956049980921 2294.831250001649
26762.0 22229.0 4533.0
0


HOST: 293
0.5194754242121215 0.5253418181393 0.5062500000003638
16378.540649983977 11473.990649980453 4904.5500000035245
31529.0 21841.0 9688.0
0


HOST: 294
0.506249999998789 0.5062499999985448 0.5062499999987955
9272.981249977816 244.0124999992986 9028.968749978518
18317.0 482.0 17835.0
0


HOST: 295
0.5619885777943797 0.5619885777943797 0.0
17402.538299980763 17402.538299980763 0.0
30966.0 30966.0 0.0
0


HOST: 296
0.5472803179440908 0.541199643704013 0.5488695679162434
16679.462249982054 3417.6757499908417 13261.786499992273
30477.0 6315.0 24162.0
0


HOST: 297
0.5267511448616786 0.5267511448616786 0.0
14861.230049982538 14861.230049982538 0.0
28213.0 28213.0 0.0
0


HOST: 298
0.5203903148835277 0.5236516667832828 0.5062500000003638
18212.09984997882 14891.606099982997 3320.493750002386
34997.0 28438.0 6559.0
0


HOST: 299
0.5235681917867472 0.5293643925830356 0.5062500000003638
12890.772449981503 9765.184949979257 3125.587500002246
24621.0 18447.0 6174.0
0


HOST: 300
0.5640665788311808 0.5766596002131037 0.5062500000003638
15412.555199983186 12938.511449981408 2474.043750001778
27324.0 22437.0 4887.0
0


HOST: 301
0.5287903975747585 0.5287903975747585 0.0
12475.75184998128 12475.75184998128 0.0
23593.0 23593.0 0.0
0


HOST: 302
0.5351971063305493 0.5419642340843353 0.5062500000003638
12789.605249981136 10497.305249979489 2292.3000000016473
23897.0 19369.0 4528.0
0


HOST: 303
0.5435961544484996 0.5435961544484996 0.0
13867.137899981226 13867.137899981226 0.0
25510.0 25510.0 0.0
0


HOST: 304
0.5181124341506227 0.5181124341506227 0.0
18982.085249976364 18982.085249976364 0.0
36637.0 36637.0 0.0
0


HOST: 305
0.5342601168553495 0.5342601168553495 0.0
13350.091799981474 13350.091799981474 0.0
24988.0 24988.0 0.0
0


HOST: 306
0.5185862200059471 0.5251916453218072 0.5139513586366631
12275.97299998078 5126.39564998616 7149.577349994621
23672.0 9761.0 13911.0
0


HOST: 307
0.5190824752762168 0.5202818826981496 0.5111290276996296
14014.707749982577 12206.333249981288 1808.3745000012896
26999.0 23461.0 3538.0
0


HOST: 308
0.5180300951700234 0.5182006984381953 0.5062500000003638
15349.749749982962 15135.605999982808 214.1437500001539
29631.0 29208.0 423.0
0


HOST: 309
0.5062499999993807 0.5062499999985448 0.5062499999994394
14854.893749981828 976.0499999971944 13878.843749984633
29343.0 1928.0 27415.0
0


HOST: 310
0.5147778273803156 0.5259142241364786 0.5111327313766054
14529.08939998203 3660.3629999898913 10868.726399992138
28224.0 6960.0 21264.0
0


HOST: 311
0.5452506952038069 0.5353435890261583 0.5747412325614896
16940.93909998228 12450.485849981364 4490.453250002918
31070.0 23257.0 7813.0
0


HOST: 312
0.5258720349959431 0.5258720349959431 0.0
12171.308249981104 12171.308249981104 0.0
23145.0 23145.0 0.0
0


HOST: 313
0.5148130356346506 0.5395433696007391 0.5091564862339455
16267.06229998369 3173.5940999915474 13093.468199992143
31598.0 5882.0 25716.0
0


HOST: 314
0.5062499999994224 0.5062499999985448 0.5062499999997429
15513.0187499823 4149.731249988072 11363.287499994229
30643.0 8197.0 22446.0
0


HOST: 315
0.511858877004707 0.5453639346536983 0.5069554640560356
14357.64149998203 1952.9482499948936 12404.693249987136
28050.0 3581.0 24469.0
0


HOST: 316
0.5247623496415509 0.5247623496415509 0.0
13567.730549982298 13567.730549982298 0.0
25855.0 25855.0 0.0
0


HOST: 317
0.5142500106845392 0.5294475522836093 0.5062500000001889
19250.949149975728 6835.167899981396 12415.781250004633
37435.0 12910.0 24525.0
0


HOST: 318
0.5221272799073289 0.5227665459020129 0.506249999999909
21813.433499968385 20994.82724997074 818.6062499998529
41778.0 40161.0 1617.0
0


HOST: 319
0.5340322882495008 0.5340322882495008 0.0
16607.336099982975 16607.336099982975 0.0
31098.0 31098.0 0.0
0


HOST: 320
0.5118056997719983 0.5109842081943515 0.5123021358373734
16876.792949981646 6346.934849982041 10529.858100001373
32975.0 12421.0 20554.0
0


HOST: 321
0.5164450216332945 0.5165868274360127 0.5062500000003638
20291.124899972143 20018.256149972927 272.8687500001961
39290.0 38751.0 539.0
0


HOST: 322
0.5208805713452267 0.5238635363195204 0.5062500000001967
21624.87779996843 18065.434049978663 3559.443750001383
41516.0 34485.0 7031.0
0


HOST: 323
0.5157791382376726 0.5197519676515944 0.5068411928310186
21696.249449967698 15135.69704998208 6560.552400004704
42065.0 29121.0 12944.0
0


HOST: 324
0.5148808157854412 0.5164215806168644 0.50992237527959
20417.598749971672 15623.818499982615 4793.780250003425
39655.0 30254.0 9401.0
0


HOST: 325
0.5157378909262208 0.5261438190905354 0.5104500000003055
22015.303349967588 7567.526549979171 14447.776800008645
42687.0 14383.0 28304.0
0


HOST: 326
0.5071479432955481 0.5086585167324948 0.5067870543213515
20195.13824997202 3905.988749988828 16289.149499996882
39821.0 7679.0 32142.0
0


HOST: 327
0.5163950089007707 0.5163950089007707 0.0
16243.721399982645 16243.721399982645 0.0
31456.0 31456.0 0.0
0


HOST: 328
0.5208588840045639 0.5208588840045639 0.0
9955.17584997923 9955.17584997923 0.0
19113.0 19113.0 0.0
0


HOST: 329
0.5152602982019937 0.5163551641123393 0.5092246682740332
8345.671049977693 7079.229299980172 1266.4417499975207
16197.0 13710.0 2487.0
0


HOST: 330
0.5200402243201897 0.5200402243201897 0.0
11011.851749980016 11011.851749980016 0.0
21175.0 21175.0 0.0
0


HOST: 331
0.5203102716457407 0.5203102716457407 0.0
9806.80799997892 9806.80799997892 0.0
18848.0 18848.0 0.0
0


HOST: 332
0.5270182736199565 0.5270182736199565 0.0
13621.314299981395 13621.314299981395 0.0
25846.0 25846.0 0.0
0


HOST: 333
0.5221606547882149 0.5221606547882149 0.0
9027.11339997866 9027.11339997866 0.0
17288.0 17288.0 0.0
0


HOST: 334
0.5109958494649602 0.5102454189151121 0.5115964659136816
13198.000799980993 5858.637899983318 7339.362899997675
25828.0 11482.0 14346.0
0


HOST: 335
0.5144177465314169 0.5144177465314169 0.0
10829.522399979389 10829.522399979389 0.0
21052.0 21052.0 0.0
0


HOST: 336
0.5062499999989875 0.5062499999985448 0.5062499999990725
10610.999999978778 1708.5937499950887 8902.40624998369
20960.0 3375.0 17585.0
0


HOST: 337
0.5228042120010785 0.5228042120010785 0.0
9321.59909997923 9321.59909997923 0.0
17830.0 17830.0 0.0
0


HOST: 338
0.5193968414498229 0.5255141828103133 0.5062499999992885
9192.285299978965 6347.160299982963 2845.124999996002
17698.0 12078.0 5620.0
0


HOST: 339
0.5710402140664733 0.5422112667464521 0.6238094754101502
12324.189899982628 7567.642649980233 4756.547250002395
21582.0 13957.0 7625.0
0


HOST: 340
0.5316540034224486 0.5316540034224486 0.0
11181.74699998094 11181.74699998094 0.0
21032.0 21032.0 0.0
0


HOST: 341
0.538458114760984 0.538458114760984 0.0
11373.312299981504 11373.312299981504 0.0
21122.0 21122.0 0.0
0


HOST: 342
0.5180251671988005 0.5180251671988005 0.0
10688.931299980051 10688.931299980051 0.0
20634.0 20634.0 0.0
0


HOST: 343
0.5314449775951912 0.5314449775951912 0.0
10793.116049980737 10793.116049980737 0.0
20309.0 20309.0 0.0
0


HOST: 344
0.5062499999985448 0.5062499999985448 0.5062499999985448
7900.031249977292 244.0124999992986 7656.018749977993
15605.0 482.0 15123.0
0


HOST: 345
0.5172403526033937 0.5172403526033937 0.0
11559.287399980643 11559.287399980643 0.0
22348.0 22348.0 0.0
0


HOST: 346
0.5343670980914789 0.5343670980914789 0.0
9413.410799979492 9413.410799979492 0.0
17616.0 17616.0 0.0
0


HOST: 347
0.536062842454762 0.6628798732636354 0.5062499999988773
9333.390149979861 2196.7838999956875 7136.606249984174
17411.0 3314.0 14097.0
0


HOST: 348
0.5182058637177724 0.5182058637177724 0.0
20366.008649972173 20366.008649972173 0.0
39301.0 39301.0 0.0
0


HOST: 349
0.5062499999992364 0.5062499999985448 0.5062500000002205
21977.831249966846 6835.387499980352 15142.443750006594
43413.0 13502.0 29911.0
0


HOST: 350
0.519870583271182 0.519870583271182 0.0
21872.51504996844 21872.51504996844 0.0
42073.0 42073.0 0.0
0


HOST: 351
0.5062499999992337 0.5062499999985448 0.5062500000001692
22059.84374996661 6347.362499981755 15712.48125000525
43575.0 12538.0 31037.0
0


HOST: 352
0.5152973895576962 0.5176617332906991 0.5062500000003638
16551.86744998276 13182.773699980944 3369.093750002421
32121.0 25466.0 6655.0
0


HOST: 353
0.5156505317159205 0.5177121667468851 0.5062500000003096
20753.38694997065 17088.643199981183 3664.7437500022415
40247.0 33008.0 7239.0
0


HOST: 354
0.5158677660080949 0.5158677660080949 0.0
17143.317599981012 17143.317599981012 0.0
33232.0 33232.0 0.0
0


HOST: 355
0.5154840034621091 0.5205805433906144 0.5067494061218801
21435.886799968343 13670.965649980926 7764.92115000557
41584.0 26261.0 15323.0
0


HOST: 356
0.5190771590967095 0.522154417951698 0.5062500000003638
18355.60649997784 14891.84399998243 3463.762500002489
35362.0 28520.0 6842.0
0


HOST: 357
0.52236107516483 0.5193162154316738 0.5334231147544654
20667.738299971665 16112.304899983112 4555.433400003134
39566.0 31026.0 8540.0
0


HOST: 358
0.5114397781482944 0.5135729435764046 0.5062500000003638
17151.644399981204 12206.088149980409 4945.556250003554
33536.0 23767.0 9769.0
0


HOST: 359
0.5121394732197454 0.5152297066929256 0.5084690512923039
17431.691249980475 9520.929749978572 7910.761500005665
34037.0 18479.0 15558.0
0


HOST: 360
0.5134466651354306 0.5181765198230178 0.5062500000003638
21246.936449969253 12938.867699980754 8308.06875000597
41381.0 24970.0 16411.0
0


HOST: 361
0.5071381100208857 0.5072759284071815 0.5070329343158095
17479.022099979848 7567.542299978333 9911.479800005445
34466.0 14918.0 19548.0
0


HOST: 362
0.5259156624781975 0.5259156624781975 0.0
9252.434249978929 9252.434249978929 0.0
17593.0 17593.0 0.0
0


HOST: 363
0.508118669975346 0.5110903559263131 0.5073772038646862
9722.850749978246 1952.8762499944423 7769.974499983804
19135.0 3821.0 15314.0
0


HOST: 364
0.5212523772700073 0.5212523772700073 0.0
10787.83919998007 10787.83919998007 0.0
20696.0 20696.0 0.0
0


HOST: 365
0.5062499999986662 0.5062499999986662 0.0
8602.706249977335 8602.706249977335 0.0
16993.0 16993.0 0.0
0


HOST: 366
0.5073734304922969 0.5073734304922969 0.0
10861.850399979092 10861.850399979092 0.0
21408.0 21408.0 0.0
0


HOST: 367
0.5193074972888304 0.5193074972888304 0.0
8623.620299978318 8623.620299978318 0.0
16606.0 16606.0 0.0
0


HOST: 368
0.5196366263605322 0.5294606632915574 0.5062499999994038
9970.267949979532 5859.011699984374 4111.256249995158
19187.0 11066.0 8121.0
0


HOST: 369
0.5156438021702716 0.5156438021702716 0.0
9451.235249978909 9451.235249978909 0.0
18329.0 18329.0 0.0
0


HOST: 370
0.5273469073385565 0.6379441747558819 0.5062499999987462
8815.65824997865 1708.4144999962518 7107.243749982397
16717.0 2678.0 14039.0
0


HOST: 371
0.5183322460764426 0.5183322460764426 0.0
9415.50524997858 9415.50524997858 0.0
18165.0 18165.0 0.0
0


HOST: 372
0.5090451281438575 0.5184752124631358 0.50837443459332
10824.84464997913 732.0869999979477 10092.757649981182
21265.0 1412.0 19853.0
0


HOST: 373
0.5062499999991494 0.5062499999985448 0.5062499999992667
12025.968749979795 1952.6062499943873 10073.362499985407
23755.0 3857.0 19898.0
0


HOST: 374
0.5196417976083538 0.5196417976083538 0.0
8565.255749978496 8565.255749978496 0.0
16483.0 16483.0 0.0
0


HOST: 375
0.5062499999985448 0.5062499999985448 0.0
7864.087499977395 7864.087499977395 0.0
15534.0 15534.0 0.0
0


HOST: 376
0.5146505873417684 0.5146505873417684 0.0
10514.82614997967 10514.82614997967 0.0
20431.0 20431.0 0.0
0


HOST: 377
0.5415060672793206 0.5415060672793206 0.0
6760.703249982318 6760.703249982318 0.0
12485.0 12485.0 0.0
0


HOST: 378
0.5507039462083023 0.5507039462083023 0.0
10626.93404998161 10626.93404998161 0.0
19297.0 19297.0 0.0
0


HOST: 379
0.5282661387485752 0.5282661387485752 0.0
11574.311099981283 11574.311099981283 0.0
21910.0 21910.0 0.0
0


HOST: 380
0.5270258229329299 0.5387012394248268 0.5062500000000322
11191.393349980766 7323.643349980521 3867.7500000002456
21235.0 13595.0 7640.0
0


HOST: 381
0.5299452799468191 0.5436591134889383 0.5062499999994695
9767.95139997977 6347.220149983354 3420.7312499964155
18432.0 11675.0 6757.0
0


HOST: 382
0.5360449563279112 0.5360449563279112 0.0
8715.018899979179 8715.018899979179 0.0
16258.0 16258.0 0.0
0


HOST: 383
0.5324314522314232 0.5324314522314232 0.0
7618.561649979434 7618.561649979434 0.0
14309.0 14309.0 0.0
0


HOST: 384
0.5292959474671112 0.5292959474671112 0.0
10337.67914998015 10337.67914998015 0.0
19531.0 19531.0 0.0
0


HOST: 385
0.5486460877401055 0.5486460877401055 0.0
11555.583899982103 11555.583899982103 0.0
21062.0 21062.0 0.0
0


HOST: 386
0.5103935963834677 0.5116994792684282 0.5062500000003638
20495.875649970912 15624.231899982187 4871.643750003501
40157.0 30534.0 9623.0
0


HOST: 387
0.5128690125152294 0.5128881990791823 0.5062500000003638
19341.31619997433 19286.13494997449 55.181250000039654
37712.0 37603.0 109.0
0


HOST: 388
0.5173897517291597 0.518048264885239 0.5141647180196222
19964.518349973085 16600.3385999826 3364.1797500023877
38587.0 32044.0 6543.0
0


HOST: 389
0.5203752657507249 0.5219964671002443 0.5161156792649209
22175.79194996714 16112.464949983241 6063.32700000429
42615.0 30867.0 11748.0
0


HOST: 390
0.5083399835050676 0.5108000774939003 0.5071690114350681
20340.716099971774 6591.36419998129 13749.351900004696
40014.0 12904.0 27110.0
0


HOST: 391
0.5153812030068804 0.5192794392906567 0.5135452594671441
18918.613199976564 6103.091249983088 12815.521950002581
36708.0 11753.0 24955.0
0


HOST: 392
0.506249999999327 0.5062499999985448 0.506249999999394
19430.887499974167 488.0249999985972 18942.862499977324
38382.0 964.0 37418.0
0


HOST: 393
0.531298682747199 0.5328354117501839 0.5062500000003638
19118.25179997521 18065.251799978236 1053.0000000007567
35984.0 33904.0 2080.0
0


HOST: 394
0.5286766012043308 0.5401687099187034 0.5062500000003638
21320.998649969457 14403.598649982225 6917.400000004971
40329.0 26665.0 13664.0
0


HOST: 395
0.5219179045245855 0.5219179045245855 0.0
17427.360749980435 17427.360749980435 0.0
33391.0 33391.0 0.0
0


HOST: 396
0.5129263276860665 0.5221383530998799 0.5062500000003638
18833.62889997699 8056.072649978047 10777.556250007745
36718.0 15429.0 21289.0
0


HOST: 397
0.5157635749643908 0.5196232617062744 0.5062500000003638
21458.859299968448 15379.80929998231 6079.0500000043685
41606.0 29598.0 12008.0
0


HOST: 398
0.5318495537558452 0.5318495537558452 0.0
16685.716049982133 16685.716049982133 0.0
31373.0 31373.0 0.0
0


HOST: 399
0.5170707284680193 0.5141186151877136 0.5266038794439519
21223.16804996985 16112.477399982945 5110.690650003553
41045.0 31340.0 9705.0
0


HOST: 400
0.5062499999994718 0.5062499999985448 0.506249999999581
16394.906249982894 1708.5937499950887 14686.312499987846
32385.0 3375.0 29010.0
0


HOST: 401
0.5210335460077954 0.5211645685076672 0.5062500000003638
16251.03629998314 16112.32379998304 138.71250000009968
31190.0 30916.0 274.0
0


HOST: 402
0.5082707508428347 0.5118611518790414 0.506250000000335
21540.00614996849 7812.024899977929 13727.981250009087
42379.0 15262.0 27117.0
0


HOST: 403
0.513363405870913 0.5224716292120357 0.5062500000003232
17504.15204998052 7811.995799978358 9692.156250006186
34097.0 14952.0 19145.0
0


HOST: 404
0.5163386889855632 0.52049904051028 0.5139280084015452
19802.62139997432 7323.421499979639 12479.19990000632
38352.0 14070.0 24282.0
0


HOST: 405
0.5139731602701685 0.5154061819798008 0.5062500000003386
20492.10989997162 17333.1098999807 3159.0000000021128
39870.0 33630.0 6240.0
0


HOST: 406
0.5233872743543801 0.5256194178967787 0.5156079778834555
17831.281049979378 13914.722849981421 3916.558200002728
34069.0 26473.0 7596.0
0


HOST: 407
0.5252307845533795 0.5252307845533795 0.0
20565.936599972127 20565.936599972127 0.0
39156.0 39156.0 0.0
0


HOST: 408
0.5225344492816232 0.5225344492816232 0.0
20641.67834997196 20641.67834997196 0.0
39503.0 39503.0 0.0
0


HOST: 409
0.5062499999993222 0.5062499999985448 0.5062499999998844
19548.84374997383 3905.718749988773 15643.124999996428
38615.0 7715.0 30900.0
0


HOST: 410
0.524653032773645 0.5267507580268042 0.5062500000003034
20586.335699972282 18553.741949978124 2032.5937500012183
39238.0 35223.0 4015.0
0


HOST: 411
0.5139054251405635 0.5143094662911749 0.5131935288298572
17207.095349981486 10985.650199979496 6221.44515000436
33483.0 21360.0 12123.0
0


HOST: 412
0.5185478763945284 0.5198785046479337 0.5093491023338882
22855.516199965234 20018.441699973337 2837.0744999997573
44076.0 38506.0 5570.0
0


HOST: 413
0.5102081028274863 0.5166936949531487 0.5062500000002949
19718.012549973864 7568.012549978768 12150.000000007076
38647.0 14647.0 24000.0
0


HOST: 414
0.5062499999993286 0.5062499999985448 0.5062499999995415
19388.86874997429 1464.5812499957901 17924.287499983766
38299.0 2893.0 35406.0
0


HOST: 415
0.507089543903736 0.509454750073084 0.506249999999996
19478.83064997421 5126.643149985444 14352.187499999885
38413.0 10063.0 28350.0
0


HOST: 416
0.5201619766709615 0.5326954846188215 0.5109834432992447
17481.083549981005 7568.004749979598 9913.078800005347
33607.0 14207.0 19400.0
0


HOST: 417
0.506249999999292 0.5062499999985448 0.5062499999993497
13626.224999980945 976.0499999971944 12650.17499998375
26916.0 1928.0 24988.0
0


HOST: 418
0.5183771466733155 0.5757319039436831 0.507636227664723
15327.893849983266 2685.213599993338 12642.680249989928
29569.0 4664.0 24905.0
0


HOST: 419
0.5398010525756635 0.5398010525756635 0.0
15410.780249982616 15410.780249982616 0.0
28549.0 28549.0 0.0
0


HOST: 420
0.5166746347896863 0.5186263947894013 0.5062500000003638
17613.438299980407 14891.83829998287 2721.600000001956
34090.0 28714.0 5376.0
0


HOST: 421
0.5243506103854076 0.5243506103854076 0.0
16751.42894998262 16751.42894998262 0.0
31947.0 31947.0 0.0
0


HOST: 422
0.5216680593951041 0.5956414255823845 0.5062499999987141
8677.42649997816 1708.8952499958614 6968.531249982299
16634.0 2869.0 13765.0
0


HOST: 423
0.5251381466973036 0.5251381466973036 0.0
13144.732949980207 13144.732949980207 0.0
25031.0 25031.0 0.0
0


HOST: 424
0.5278271357276124 0.5302035410759287 0.5062500000003638
18615.935249977163 16844.566499982255 1771.368750001273
35269.0 31770.0 3499.0
0


HOST: 425
0.5282016002420085 0.5308699268543479 0.5263523427863955
13054.50254998124 5370.811049985437 7683.691499995803
24715.0 10117.0 14598.0
0


HOST: 426
0.5108728678258363 0.5118027603060229 0.5093721052628887
10656.29714997912 6591.507749981269 4064.7893999978514
20859.0 12879.0 7980.0
0


HOST: 427
0.518673514301649 0.518673514301649 0.0
13327.31594998087 13327.31594998087 0.0
25695.0 25695.0 0.0
0


HOST: 428
0.50855643430095 0.50855643430095 0.0
9571.54064997818 9571.54064997818 0.0
18821.0 18821.0 0.0
0


HOST: 429
0.5208155687334698 0.5208155687334698 0.0
13392.772349981175 13392.772349981175 0.0
25715.0 25715.0 0.0
0


HOST: 430
0.5081874827261886 0.5081874827261886 0.0
8458.78064997741 8458.78064997741 0.0
16645.0 16645.0 0.0
0


HOST: 431
0.5091914574318352 0.5091914574318352 0.0
8720.412899977611 8720.412899977611 0.0
17126.0 17126.0 0.0
0


HOST: 432
0.5080123835565413 0.5080123835565413 0.0
10307.063249978666 10307.063249978666 0.0
20289.0 20289.0 0.0
0


HOST: 433
0.5083869933185218 0.5083869933185218 0.0
10121.47664997845 10121.47664997845 0.0
19909.0 19909.0 0.0
0


HOST: 434
0.5098899302896243 0.5098899302896243 0.0
9362.59889997808 9362.59889997808 0.0
18362.0 18362.0 0.0
0


HOST: 435
0.5398126847652225 0.5398126847652225 0.0
10736.874299980274 10736.874299980274 0.0
19890.0 19890.0 0.0
0


HOST: 436
0.5102141724321958 0.5102141724321958 0.0
11871.153149979898 11871.153149979898 0.0
23267.0 23267.0 0.0
0


HOST: 437
0.5265944549141623 0.5328927635794978 0.5067489209607091
16205.944349983345 12448.907849980647 3757.0365000026977
30775.0 23361.0 7414.0
0


HOST: 438
0.5176015555544465 0.5202645201378004 0.5098291001449768
9782.66939997904 7323.763649979817 2458.905749999223
18900.0 14077.0 4823.0
0


HOST: 439
0.5217162583452779 0.5398595834854695 0.5091807300501998
10392.06614997959 4393.917149988236 5998.148999991354
19919.0 8139.0 11780.0
0


HOST: 440
0.5258947003078019 0.5258947003078019 0.0
7993.073549978282 7993.073549978282 0.0
15199.0 15199.0 0.0
0


HOST: 441
0.5241803623319156 0.5511792125303067 0.5100695899093016
10821.179399980065 3905.6558999897534 6915.523499990311
20644.0 7086.0 13558.0
0


HOST: 442
0.5714562538794314 0.5714562538794314 0.0
10124.490449981888 10124.490449981888 0.0
17717.0 17717.0 0.0
0


HOST: 443
0.5291769353294697 0.5291769353294697 0.0
9467.504549979543 9467.504549979543 0.0
17891.0 17891.0 0.0
0


HOST: 444
0.5062499999985448 0.5062499999985448 0.5062499999985448
6243.074999982055 1220.5687499964915 5022.506249985563
12332.0 2411.0 9921.0
0


HOST: 445
0.5255456433623209 0.5255456433623209 0.0
4668.421949987496 4668.421949987496 0.0
8883.0 8883.0 0.0
0


HOST: 446
0.5327235992609806 0.5327235992609806 0.0
9241.688999979491 9241.688999979491 0.0
17348.0 17348.0 0.0
0


HOST: 447
0.520995701095396 0.520995701095396 0.0
10834.626599979854 10834.626599979854 0.0
20796.0 20796.0 0.0
0


HOST: 448
0.5270415546173617 0.5360605133117639 0.5168898269721564
7251.56474998028 3905.7368999895116 3345.8278499907683
13759.0 7286.0 6473.0
0


HOST: 449
0.5062499999990391 0.5062499999985448 0.5062499999991983
11024.606249979075 2685.1499999922817 8339.456249986793
21777.0 5304.0 16473.0
0


HOST: 450
0.5111313478677296 0.5111313478677296 0.0
7735.972949978088 7735.972949978088 0.0
15135.0 15135.0 0.0
0


HOST: 451
0.5127955648588512 0.5133021086133406 0.5120647685911073
14452.630199981862 8544.426899977667 5908.203300004196
28184.0 16646.0 11538.0
0


HOST: 452
0.5146800107061166 0.5134770507530186 0.5161958400547138
10094.419049979064 5614.871549984258 4479.547499994806
19613.0 10935.0 8678.0
0


HOST: 453
0.5091874838891035 0.5091874838891035 0.0
10272.348299978774 10272.348299978774 0.0
20174.0 20174.0 0.0
0


HOST: 454
0.5081761473808467 0.5117890835564971 0.5073837931023247
9433.781999978039 1708.8637499951437 7724.918249982895
18564.0 3339.0 15225.0
0


HOST: 455
0.5135961854852206 0.5135961854852206 0.0
14359.635749981282 14359.635749981282 0.0
27959.0 27959.0 0.0
0


HOST: 456
0.5062499999986487 0.5062499999985448 0.5062499999986585
8515.124999977272 732.0374999978958 7783.087499979376
16820.0 1446.0 15374.0
0


HOST: 457
0.5077607522496389 0.5079410012989366 0.5062499999999396
8741.101349977534 7812.132599977645 928.968749999889
17215.0 15380.0 1835.0
0


HOST: 458
0.7780439332868889 1.0025698369443403 0.5062499999999936
69882.34999996179 49312.39999994432 20569.949999999742
89818.0 49186.0 40632.0
2


HOST: 459
0.5097771094531711 0.5097771094531711 0.0
9026.113499977848 9026.113499977848 0.0
17706.0 17706.0 0.0
0


HOST: 460
0.5159053885341834 0.5159053885341834 0.0
12149.571899980021 12149.571899980021 0.0
23550.0 23550.0 0.0
0


HOST: 461
0.5062499999985784 0.5062499999985784 0.0
8179.987499977031 8179.987499977031 0.0
16158.0 16158.0 0.0
0


HOST: 462
0.5062499999985448 0.5062499999985448 0.0
7652.474999978003 7652.474999978003 0.0
15116.0 15116.0 0.0
0


HOST: 463
0.5447481486070729 0.5447481486070729 0.0
8768.266199979445 8768.266199979445 0.0
16096.0 16096.0 0.0
0


HOST: 464
0.5071535804008672 0.5071535804008672 0.0
9688.661999978167 9688.661999978167 0.0
19104.0 19104.0 0.0
0


HOST: 465
0.5235423624000499 0.5326605740166854 0.5078524548731435
9864.061649979341 6347.183399982823 3516.878249996518
18841.0 11916.0 6925.0
0


HOST: 466
0.5093063041864235 0.5113856503508636 0.506249999999027
8987.728349977817 5370.572099984769 3617.156249993048
17647.0 10502.0 7145.0
0


HOST: 467
0.5181977508905907 0.520235721895752 0.5062500000003638
13662.801899981314 11717.789399979916 1945.0125000013977
26366.0 22524.0 3842.0
0


HOST: 468
0.5118726807989412 0.5118726807989412 0.0
8160.786149977519 8160.786149977519 0.0
15943.0 15943.0 0.0
0


HOST: 469
0.5093820872720534 0.511733893507037 0.5068302107818834
14008.007399981467 7323.423749979207 6684.58365000226
27500.0 14311.0 13189.0
0


HOST: 470
0.5219892993784514 0.5219892993784514 0.0
12278.232299979933 12278.232299979933 0.0
23522.0 23522.0 0.0
0


HOST: 471
0.5062499999987978 0.5062499999985448 0.5062499999989442
9325.631249977854 3417.693749990176 5907.937499987678
18421.0 6751.0 11670.0
0


HOST: 472
0.5173967173731179 0.5173967173731179 0.0
12924.569999980486 12924.569999980486 0.0
24980.0 24980.0 0.0
0


HOST: 473
0.5062499999990342 0.5062499999985448 0.5062499999991741
10983.599999979046 2441.137499992983 8542.462499986063
21696.0 4822.0 16874.0
0


HOST: 474
0.5062499999985448 0.5062499999985448 0.0
4384.631249987397 4384.631249987397 0.0
8661.0 8661.0 0.0
0


HOST: 475
0.5062499999988481 0.5062499999985448 0.5062499999989807
9635.456249978077 2929.1624999915803 6706.293749986497
19033.0 5786.0 13247.0
0


HOST: 476
0.5103672107692535 0.5135008270374656 0.5070293461649934
10349.226299978924 5370.705149984853 4978.521149994071
20278.0 10459.0 9819.0
0


HOST: 477
0.5100396957688271 0.5139075789459143 0.5062499999991976
9790.721999978407 4882.121999986186 4908.599999992221
19196.0 9500.0 9696.0
0


HOST: 478
0.50624999999871 0.5062499999985448 0.5062499999987429
8830.518749977498 1464.5812499957901 7365.937499981708
17443.0 2893.0 14550.0
0


HOST: 479
0.5100198551635795 0.5096277369505373 0.5107029531561866
9613.36424997831 6102.792149982684 3510.5720999956266
18849.0 11975.0 6874.0
0


HOST: 480
0.5097377429707238 0.5111205301712876 0.5062499999995548
9519.352349978268 6835.214849980628 2684.1374999976397
18675.0 13373.0 5302.0
0


HOST: 481
0.5092024909141711 0.5129379432609626 0.5081296227825803
8688.012899977588 1952.7547499944849 6735.258149983103
17062.0 3807.0 13255.0
0


HOST: 482
0.5161082296108054 0.5161082296108054 0.0
11112.842399979862 11112.842399979862 0.0
21532.0 21532.0 0.0
0


HOST: 483
0.506249999999452 0.5062499999985448 0.5062499999997445
16016.231249982662 3905.718749988773 12110.512499993889
31637.0 7715.0 23922.0
0


HOST: 484
0.5223675679750873 0.5223675679750873 0.0
20748.439799970467 20748.439799970467 0.0
39720.0 39720.0 0.0
0


HOST: 485
0.5220392709829854 0.5224322298539852 0.5062500000003638
20250.94739997197 19774.05989997334 476.8875000003427
38792.0 37850.0 942.0
0


HOST: 486
0.5212488259503115 0.5212488259503115 0.0
20511.662549970708 20511.662549970708 0.0
39351.0 39351.0 0.0
0


HOST: 487
0.5309743626756457 0.5229563193166654 0.5622501347712612
19307.820749974504 15135.924749982247 4171.896000002758
36363.0 28943.0 7420.0
0


HOST: 488
0.5251861716351142 0.5226509335619856 0.5321453757229108
20415.56204997179 14891.893049981654 5523.669000003814
38873.0 28493.0 10380.0
0


HOST: 489
0.5136630116989778 0.5160357011347003 0.5062500000003638
19888.51814997272 15135.843149981896 4752.675000003415
38719.0 29331.0 9388.0
0


HOST: 490
0.5165897850629991 0.5165897850629991 0.0
9421.564499978978 9421.564499978978 0.0
18238.0 18238.0 0.0
0


HOST: 491
0.5914378559903729 0.5914378559903729 0.0
9905.992649982756 9905.992649982756 0.0
16749.0 16749.0 0.0
0


HOST: 492
0.5296129968535318 0.5296129968535318 0.0
11112.339899980805 11112.339899980805 0.0
20982.0 20982.0 0.0
0


HOST: 493
0.5416721573637309 0.5416721573637309 0.0
9094.133849979678 9094.133849979678 0.0
16789.0 16789.0 0.0
0


HOST: 494
0.5247312936958667 0.5247312936958667 0.0
9831.890249979453 9831.890249979453 0.0
18737.0 18737.0 0.0
0


HOST: 495
0.5237451252699665 0.5237451252699665 0.0
10389.532049980326 10389.532049980326 0.0
19837.0 19837.0 0.0
0


HOST: 496
0.5168441006938337 0.5168441006938337 0.0
9146.590049978775 9146.590049978775 0.0
17697.0 17697.0 0.0
0


HOST: 497
0.5062499999989889 0.5062499999985448 0.5062499999990218
10622.137499978786 732.0374999978958 9890.09999998089
20982.0 1446.0 19536.0
0


HOST: 498
0.5259205609381299 0.5309997767589807 0.5062500000003638
11560.259849981034 9276.566099979393 2283.693750001641
21981.0 17470.0 4511.0
0


HOST: 499
0.518930063111627 0.518930063111627 0.0
9208.932899978934 9208.932899978934 0.0
17746.0 17746.0 0.0
0


HOST: 500
0.528799100982126 0.528799100982126 0.0
9734.662649979957 9734.662649979957 0.0
18409.0 18409.0 0.0
0


HOST: 501
0.5288542198225199 0.5288542198225199 0.0
11855.85389998125 11855.85389998125 0.0
22418.0 22418.0 0.0
0


HOST: 502
0.5062499999986517 0.5062499999986517 0.0
8529.806249977282 8529.806249977282 0.0
16849.0 16849.0 0.0
0


HOST: 503
0.5270673675074559 0.5490280318636229 0.5062499999985448
5778.239549984239 2929.0645499924285 2849.17499999181
10963.0 5335.0 5628.0
0


HOST: 504
0.5218011056732903 0.5206042651705055 0.5258578066918164
11090.360699980112 8544.157199978337 2546.203500001775
21254.0 16412.0 4842.0
0


HOST: 505
0.5233548366003461 0.5233548366003461 0.0
10809.894149980148 10809.894149980148 0.0
20655.0 20655.0 0.0
0


HOST: 506
0.5062499999985448 0.5062499999985448 0.0
7807.893749977557 7807.893749977557 0.0
15423.0 15423.0 0.0
0


HOST: 507
0.5173575098038896 0.5173575098038896 0.0
10684.984649979733 10684.984649979733 0.0
20653.0 20653.0 0.0
0


HOST: 508
0.5076726142265817 0.5076726142265817 0.0
8777.659499977597 8777.659499977597 0.0
17290.0 17290.0 0.0
0


HOST: 509
0.5111978499531602 0.5111978499531602 0.0
10057.306499978475 10057.306499978475 0.0
19674.0 19674.0 0.0
0


HOST: 510
0.5323896335574714 0.5323896335574714 0.0
11593.849049981054 11593.849049981054 0.0
21777.0 21777.0 0.0
0


HOST: 511
0.5062499999991195 0.5062499999985448 0.5062499999991317
11736.393749979587 244.0124999992986 11492.381249980288
23183.0 482.0 22701.0
0


HOST: 512
0.5079856180870468 0.5136623918620207 0.5062499999988659
9278.865299977997 2196.9340499938626 7081.931249984134
18266.0 4277.0 13989.0
0


HOST: 513
0.5331497858037448 0.5331497858037448 0.0
10951.962899980526 10951.962899980526 0.0
20542.0 20542.0 0.0
0


HOST: 514
0.5289939474112488 0.5441692532724539 0.5062499999992786
9495.970349979329 5859.070349984511 3636.8999999948173
17951.0 10767.0 7184.0
0


HOST: 515
0.531316537473415 0.531316537473415 0.0
10144.426649979912 10144.426649979912 0.0
19093.0 19093.0 0.0
0


HOST: 516
0.5161580940901234 0.6058660148961899 0.5062499999986265
8360.212649977728 976.0501499977618 7384.162499979966
16197.0 1611.0 14586.0
0


HOST: 517
0.529239794209988 0.5508086642584948 0.5081538270642987
9489.798749979294 4882.367999987298 4607.430749991996
17931.0 8864.0 9067.0
0


HOST: 518
0.5210580663284892 0.5269264732800303 0.5062500000003638
11123.547599980588 8056.178849978383 3067.3687500022043
21348.0 15289.0 6059.0
0


HOST: 519
0.5405295891877613 0.5405295891877613 0.0
4999.898699986792 4999.898699986792 0.0
9250.0 9250.0 0.0
0


HOST: 520
0.5078199118539516 0.5197520442915969 0.506249999998993
10254.915299978698 1220.3777999966696 9034.537499982029
20194.0 2348.0 17846.0
0


HOST: 521
0.52638756613642 0.52638756613642 0.0
9550.775999979205 9550.775999979205 0.0
18144.0 18144.0 0.0
0


HOST: 522
0.5676525252803627 0.5676525252803627 0.0
9935.622149982188 9935.622149982188 0.0
17503.0 17503.0 0.0
0


HOST: 523
0.5330876862113123 0.5330876862113123 0.0
10091.349899980141 10091.349899980141 0.0
18930.0 18930.0 0.0
0


HOST: 524
0.521449894635937 0.521449894635937 0.0
9898.161899979357 9898.161899979357 0.0
18982.0 18982.0 0.0
0


HOST: 525
0.5062499999985448 0.5062499999985448 0.0
7715.756249977821 7715.756249977821 0.0
15241.0 15241.0 0.0
0


HOST: 526
0.5149818490552084 0.5149818490552084 0.0
8188.211399977814 8188.211399977814 0.0
15900.0 15900.0 0.0
0


HOST: 527
0.5158772804184735 0.5406093315870416 0.5062499999988591
9144.956549978278 2685.206549992836 6459.749999985443
17727.0 4967.0 12760.0
0


HOST: 528
0.5062499999985448 0.5062499999985448 0.0
5410.799999984447 5410.799999984447 0.0
10688.0 10688.0 0.0
0


HOST: 529
0.5103772479086498 0.5103772479086498 0.0
8973.96314997779 8973.96314997779 0.0
17583.0 17583.0 0.0
0


HOST: 530
0.5062499999986813 0.5062499999985448 0.5062499999986938
8679.65624997739 732.0374999978958 7947.618749979494
17145.0 1446.0 15699.0
0


HOST: 531
0.5204061806057573 0.5204061806057573 0.0
9139.893749978915 9139.893749978915 0.0
17563.0 17563.0 0.0
0


HOST: 532
0.5254908892235065 0.560866541582259 0.5062499999990567
9738.922649979246 3661.8976499905693 6077.024999988676
18533.0 6529.0 12004.0
0


HOST: 533
0.5062499999985659 0.5062499999985448 0.5062499999985763
8122.78124997699 2685.1499999922817 5437.631249984708
16045.0 5304.0 10741.0
0


HOST: 534
0.5309512741462922 0.5304005925331203 0.537730851064198
11626.24004998136 10741.672799980754 884.5672500006058
21897.0 20252.0 1645.0
0


HOST: 535
0.5186128120052343 0.5186128120052343 0.0
9848.4572999794 9848.4572999794 0.0
18990.0 18990.0 0.0
0


HOST: 536
0.5338814112840815 0.5370174159606605 0.5062499999998923
8647.811099979552 7811.99234997973 835.8187499998221
16198.0 14547.0 1651.0
0


HOST: 537
0.5398014299551251 0.5398014299551251 0.0
8908.882799979385 8908.882799979385 0.0
16504.0 16504.0 0.0
0


HOST: 538
0.5303974155155136 0.5303974155155136 0.0
11143.64969998094 11143.64969998094 0.0
21010.0 21010.0 0.0
0


HOST: 539
0.5280829420905312 0.5385429023580411 0.5062499999986275
8143.567049978081 5614.848299984937 2528.7187499931442
15421.0 10426.0 4995.0
0


HOST: 540
0.5389905610296457 0.5389905610296457 0.0
6398.356949982925 6398.356949982925 0.0
11871.0 11871.0 0.0
0


HOST: 541
0.5528253170491486 0.5528253170491486 0.0
9415.7207999811 9415.7207999811 0.0
17032.0 17032.0 0.0
0


HOST: 542
0.518833301057451 0.518833301057451 0.0
11520.6934499807 11520.6934499807 0.0
22205.0 22205.0 0.0
0


HOST: 543
0.5062499999990485 0.5062499999985448 0.5062499999992092
11103.074999979131 2685.1499999922817 8417.92499998685
21932.0 5304.0 16628.0
0


HOST: 544
0.5109501096589922 0.5109501096589922 0.0
10250.681099978703 10250.681099978703 0.0
20062.0 20062.0 0.0
0


HOST: 545
0.5072854818380306 0.5083039302432093 0.5062499999991671
9664.802999978157 4882.259249986026 4782.543749992132
19052.0 9605.0 9447.0
0


HOST: 546
0.5110479453343443 0.5110479453343443 0.0
8058.715049977274 8058.715049977274 0.0
15769.0 15769.0 0.0
0


HOST: 547
0.5101319921033832 0.5101319921033832 0.0
10079.187899978646 10079.187899978646 0.0
19758.0 19758.0 0.0
0


HOST: 548
0.5200638948753205 0.5200638948753205 0.0
9409.516049979173 9409.516049979173 0.0
18093.0 18093.0 0.0
0


HOST: 549
0.5062499999990926 0.5062499999985448 0.5062499999991578
11488.331249979408 1220.5687499964915 10267.762499982917
22693.0 2411.0 20282.0
0


HOST: 550
0.5394963012106225 0.5394963012106225 0.0
9349.470899980088 9349.470899980088 0.0
17330.0 17330.0 0.0
0


HOST: 551
0.5192459128053452 0.5192459128053452 0.0
9147.03599997896 9147.03599997896 0.0
17616.0 17616.0 0.0
0


HOST: 552
0.5222833069131848 0.5222833069131848 0.0
11202.454649980902 11202.454649980902 0.0
21449.0 21449.0 0.0
0


HOST: 553
0.5354357389292442 0.5372789172818476 0.5062500000003638
9311.227499979557 8788.271249979181 522.9562500003758
17390.0 16357.0 1033.0
0


HOST: 554
0.5712949456105865 0.5712949456105865 0.0
12184.578599982588 12184.578599982588 0.0
21328.0 21328.0 0.0
0


HOST: 555
0.5175136697334222 0.5218568996005193 0.5062499999997118
9727.704449979137 7079.510699980645 2648.1937499984924
18797.0 13566.0 5231.0
0


HOST: 556
0.5208932773677047 0.5208932773677047 0.0
11386.206149980659 11386.206149980659 0.0
21859.0 21859.0 0.0
0


HOST: 557
0.5062499999989111 0.5062499999985448 0.5062499999989399
10053.112499978377 732.0374999978958 9321.074999980481
19858.0 1446.0 18412.0
0


HOST: 558
0.5663867377510883 0.5663867377510883 0.0
9826.809899981381 9826.809899981381 0.0
17350.0 17350.0 0.0
0


HOST: 559
0.5155597565867818 0.5155597565867818 0.0
7688.542649978677 7688.542649978677 0.0
14913.0 14913.0 0.0
0


HOST: 560
0.5266110283627733 0.5266110283627733 0.0
8131.9274999779445 8131.9274999779445 0.0
15442.0 15442.0 0.0
0


HOST: 561
0.5306066210769682 0.5358885621498437 0.5231186203314097
9893.160449980072 5858.869649984241 4034.2907999958315
18645.0 10933.0 7712.0
0


HOST: 562
0.5355017046919113 0.5355017046919113 0.0
6172.728149983661 6172.728149983661 0.0
11527.0 11527.0 0.0
0


HOST: 563
0.5303389942519631 0.5303389942519631 0.0
11073.47819998099 11073.47819998099 0.0
20880.0 20880.0 0.0
0


HOST: 564
0.5139270473614742 0.5139270473614742 0.0
9733.264349978961 9733.264349978961 0.0
18939.0 18939.0 0.0
0


HOST: 565
0.5355433433935548 0.5355433433935548 0.0
9935.935649980622 9935.935649980622 0.0
18553.0 18553.0 0.0
0


HOST: 566
0.5196354183915378 0.5196354183915378 0.0
9407.999249978791 9407.999249978791 0.0
18105.0 18105.0 0.0
0


HOST: 567
0.5062499999986734 0.5062499999985448 0.5062499999987393
8639.15624997736 2929.1624999915803 5709.993749985781
17065.0 5786.0 11279.0
0


HOST: 568
0.5148535625248833 0.5148535625248833 0.0
9914.020199979153 9914.020199979153 0.0
19256.0 19256.0 0.0
0


HOST: 569
0.5278892385343478 0.5278892385343478 0.0
10509.74684998033 10509.74684998033 0.0
19909.0 19909.0 0.0
0


HOST: 570
0.53520141227128 0.53520141227128 0.0
11539.477649981069 11539.477649981069 0.0
21561.0 21561.0 0.0
0


HOST: 571
0.518002038139217 0.518002038139217 0.0
6519.055649982045 6519.055649982045 0.0
12585.0 12585.0 0.0
0


HOST: 572
0.5342378429754706 0.5342378429754706 0.0
9131.727449979719 9131.727449979719 0.0
17093.0 17093.0 0.0
0


HOST: 573
0.5062499999988704 0.5062499999985448 0.5062499999989065
9779.23124997818 976.0499999971944 8803.181249980986
19317.0 1928.0 17389.0
0


HOST: 574
0.5162961439576081 0.5408893634152298 0.5062499999987837
8836.92479997842 2684.9747999932006 6151.94999998522
17116.0 4964.0 12152.0
0


HOST: 575
0.5228590008510612 0.5228590008510612 0.0
9817.200599979524 9817.200599979524 0.0
18776.0 18776.0 0.0
0


HOST: 576
0.5066297063853591 0.5066297063853591 0.0
10939.65524997906 10939.65524997906 0.0
21593.0 21593.0 0.0
0


HOST: 577
0.5062499999985448 0.5062499999985448 0.5062499999985448
7658.043749977987 2929.1624999915803 4728.881249986407
15127.0 5786.0 9341.0
0


HOST: 578
0.5176577758074311 0.5183999911507446 0.5062500000003638
9346.828799978975 8788.435049978574 558.3937500004013
18056.0 16953.0 1103.0
0


HOST: 579
0.527159517185587 0.527159517185587 0.0
10612.775399980237 10612.775399980237 0.0
20132.0 20132.0 0.0
0


HOST: 580
0.5450711580103875 0.5450711580103875 0.0
11324.943449981822 11324.943449981822 0.0
20777.0 20777.0 0.0
0


HOST: 581
0.5468537321610094 0.5468537321610094 0.0
4483.653749988116 4483.653749988116 0.0
8199.0 8199.0 0.0
0


HOST: 582
0.5577301331453435 0.5577301331453435 0.0
9550.570799980862 9550.570799980862 0.0
17124.0 17124.0 0.0
0


HOST: 583
0.5494287775782399 0.5494287775782399 0.0
9537.534149980667 9537.534149980667 0.0
17359.0 17359.0 0.0
0


HOST: 584
0.5171445383543734 0.5171445383543734 0.0
10860.552449980194 10860.552449980194 0.0
21001.0 21001.0 0.0
0


HOST: 585
0.5743639083636504 0.5743639083636504 0.0
10567.721549982803 10567.721549982803 0.0
18399.0 18399.0 0.0
0


HOST: 586
0.56165002955871 0.56165002955871 0.0
11400.372299982695 11400.372299982695 0.0
20298.0 20298.0 0.0
0


HOST: 587
0.5183198257327838 0.5183198257327838 0.0
8684.966999978526 8684.966999978526 0.0
16756.0 16756.0 0.0
0


HOST: 588
0.5311386815189943 0.5343771863309984 0.5145973138809151
11895.913049980916 10008.8846999796 1887.0283500013156
22397.0 18730.0 3667.0
0


HOST: 589
0.5283872391020528 0.5440289148867048 0.507962904308596
10885.833899980491 6347.185349983185 4538.648549997306
20602.0 11667.0 8935.0
0


HOST: 590
0.522258556149181 0.522258556149181 0.0
16114.287749982981 16114.287749982981 0.0
30855.0 30855.0 0.0
0


HOST: 591
0.5079872906101776 0.5116012573949977 0.5068938402146812
17740.44014997923 4150.109399988221 13590.33074999582
34923.0 8112.0 26811.0
0


HOST: 592
0.5096514316454258 0.5132404446535653 0.5065927726767354
21074.59634997 9764.912699978735 11309.683650008117
41351.0 19026.0 22325.0
0


HOST: 593
0.5142561109455921 0.5168622459341305 0.5106004632933049
20802.68819997109 12206.218799980428 8596.46940000608
40452.0 23616.0 16836.0
0


HOST: 594
0.5154167414283629 0.5214139181392388 0.5084458891458598
19303.387799975048 10497.104999979156 8806.282800006291
37452.0 20132.0 17320.0
0


HOST: 595
0.5105135552855868 0.514904757439537 0.5062500000003638
17687.763149979728 8788.394399978019 8899.368750006395
34647.0 17068.0 17579.0
0


HOST: 596
0.5201197796263638 0.5234537982432531 0.5098643216084046
20250.34349997285 15380.119499983262 4870.22400000348
38934.0 29382.0 9552.0
0


HOST: 597
0.5172026448729766 0.5239968633138891 0.513419696969997
20884.642799970796 7567.562699979186 13317.080100007783
40380.0 14442.0 25938.0
0


HOST: 598
0.5321571416724402 0.5321571416724402 0.0
9634.70504997953 9634.70504997953 0.0
18105.0 18105.0 0.0
0


HOST: 599
0.5099684406849844 0.5099684406849844 0.0
8202.33239997729 8202.33239997729 0.0
16084.0 16084.0 0.0
0


HOST: 600
0.5100588636597223 0.5105424098890661 0.5062499999985448
4672.649249986716 4150.199249988218 522.4499999984982
9161.0 8129.0 1032.0
0


HOST: 601
0.5062499999986213 0.506249999998551 0.5062500000003638
8380.968749977175 8055.956249976942 325.01250000023356
16555.0 15913.0 642.0
0


HOST: 602
0.5119025682933555 0.5119025682933555 0.0
9706.696499978605 9706.696499978605 0.0
18962.0 18962.0 0.0
0


HOST: 603
0.5155980486953851 0.5111910064897885 0.5227429727283804
11943.313199979899 7323.833549979201 4619.479650000698
23164.0 14327.0 8837.0
0


HOST: 604
0.5120800365506156 0.5074971858826935 0.5231239002936213
14290.105499981479 10008.859499978482 4281.246000002997
27906.0 19722.0 8184.0
0


HOST: 605
0.514834180927744 0.514834180927744 0.0
8422.687199977892 8422.687199977892 0.0
16360.0 16360.0 0.0
0


HOST: 606
0.5333063467484109 0.5378838684283213 0.5062500000003638
11885.798549981833 10253.14229998066 1632.6562500011732
22287.0 19062.0 3225.0
0


HOST: 607
0.5489004201669897 0.5489004201669897 0.0
9797.872499980765 9797.872499980765 0.0
17850.0 17850.0 0.0
0


HOST: 608
0.5188135150055515 0.5188135150055515 0.0
11270.704799980602 11270.704799980602 0.0
21724.0 21724.0 0.0
0


HOST: 609
0.6027556536006736 0.6027556536006736 0.0
11748.91319998433 11748.91319998433 0.0
19492.0 19492.0 0.0
0


HOST: 610
0.5227201947654421 0.5227201947654421 0.0
7970.960249978227 7970.960249978227 0.0
15249.0 15249.0 0.0
0


HOST: 611
0.5261158250940379 0.5261158250940379 0.0
10377.634649979896 10377.634649979896 0.0
19725.0 19725.0 0.0
0


HOST: 612
0.5156930666936971 0.5185295210954117 0.5122751308893273
9773.414999978948 5370.41024998518 4403.004749993768
18952.0 10357.0 8595.0
0


HOST: 613
0.5171146322076936 0.5177158413878388 0.5062500000003638
11065.218899980227 10497.20639997982 568.0125000004082
21398.0 20276.0 1122.0
0


HOST: 614
0.5063886183799109 0.5063886183799109 0.0
9983.957999978324 9983.957999978324 0.0
19716.0 19716.0 0.0
0


HOST: 615
0.5132897095753922 0.5119539245046446 0.5181967351434281
13078.621799980992 10253.413199979022 2825.20860000197
25480.0 20028.0 5452.0
0


HOST: 616
0.5062499999990502 0.5062499999985448 0.5062499999991269
11117.249999979142 1464.5812499957901 9652.668749983352
21960.0 2893.0 19067.0
0


HOST: 617
0.5115248078380642 0.5119687417206521 0.5062500000003638
10048.904849978771 9276.873599978217 772.0312500005548
19645.0 18120.0 1525.0
0


HOST: 618
0.5101024910618706 0.5077824771623366 0.5117860504034173
13412.634899980825 5614.550849983956 7798.084049996869
26294.0 11057.0 15237.0
0


HOST: 619
0.5084870517751147 0.5095924884544969 0.5062500000003638
12010.972649979984 8056.147649977142 3954.825000002842
23621.0 15809.0 7812.0
0


HOST: 620
0.5372593292539051 0.5372593292539051 0.0
9836.143799980495 9836.143799980495 0.0
18308.0 18308.0 0.0
0


HOST: 621
0.5548793981358746 0.5548793981358746 0.0
11256.838349982489 11256.838349982489 0.0
20287.0 20287.0 0.0
0


HOST: 622
0.5610618398069478 0.5610618398069478 0.0
10283.14139998174 10283.14139998174 0.0
18328.0 18328.0 0.0
0


HOST: 623
0.5433581442548402 0.5433581442548402 0.0
9100.162199980063 9100.162199980063 0.0
16748.0 16748.0 0.0
0


HOST: 624
0.5073501561441975 0.5073501561441975 0.0
9097.80299997775 9097.80299997775 0.0
17932.0 17932.0 0.0
0


