records: 20
      Record Time
Host  UsedBuffer

  16870.0 33740.0 50610.0 67480.0 84350.0 101220.0 118090.0 134960.0 151830.0 168700.0 185570.0 202440.0 219310.0 236180.0 253050.0 269920.0 286790.0 303660.0 320530.0 337400.0
0 -1.294967296E9 -2.089934592E9 1.410065408E9 1.52516352E9 1.935228928E9 1.640261632E9 -1.44967296E9 -1.744640256E9 -1.29542144E8 -7.19476736E8 -1.4444032E7 -8.09411328E8 1.190588672E9 1.305686784E9 1.510719488E9 -2.84247808E8 -2.84247808E8 -2.079215104E9 1.035883008E9 -2.054051584E9
1 -2.94967296E8 -1.089934592E9 9.10065408E8 5.2516352E8 1.935228928E9 1.140261632E9 -1.94967296E9 -1.744640256E9 -1.29542144E8 -2.19476736E8 -1.4444032E7 -8.09411328E8 6.90588672E8 8.05686784E8 1.010719488E9 -7.84247808E8 2.15752192E8 1.715752192E9 8.30850304E8 -1.259084288E9
2 -2.94967296E8 -1.589934592E9 -1.884901888E9 1.02516352E9 9.35228928E8 1.140261632E9 -1.94967296E9 2.05032704E9 -1.129542144E9 -1.719476736E9 -1.514444032E9 1.985555968E9 -8.09411328E8 -1.94313216E8 1.0719488E7 1.510719488E9 -2.84247808E8 -1.079215104E9 1.035883008E9 7.40915712E8
3 -1.294967296E9 -2.089934592E9 1.410065408E9 1.52516352E9 1.435228928E9 1.640261632E9 -1.44967296E9 -1.744640256E9 -1.29542144E8 -7.19476736E8 -1.4444032E7 -8.09411328E8 6.90588672E8 8.05686784E8 5.10719488E8 -7.84247808E8 -7.84247808E8 7.15752192E8 1.535883008E9 1.740915712E9
4 -1.294967296E9 1.705032704E9 9.10065408E8 1.02516352E9 1.435228928E9 1.640261632E9 -1.44967296E9 -1.744640256E9 -1.29542144E8 -7.19476736E8 -1.4444032E7 -8.09411328E8 6.90588672E8 1.305686784E9 1.510719488E9 -1.784247808E9 -7.84247808E8 -1.079215104E9 2.035883008E9 -1.554051584E9
5 0.0 0.0 0.0 2.02516352E9 1.935228928E9 1.640261632E9 -1.44967296E9 -1.744640256E9 -1.29542144E8 -7.19476736E8 4.85555968E8 -8.09411328E8 1.90588672E8 3.05686784E8 5.10719488E8 -7.84247808E8 2.15752192E8 1.715752192E9 -9.64116992E8 -7.59084288E8
6 0.0 0.0 0.0 -9.7483648E8 -7.69803776E8 1.40261632E8 1.40261632E8 1.140261632E9 -6.29542144E8 -1.219476736E9 -2.19476736E8 7.80523264E8 -1.514444032E9 8.05686784E8 5.10719488E8 1.510719488E9 2.15752192E8 2.15752192E8 -1.8741824E9 -1.8741824E9
7 1.0E9 -1.589934592E9 -1.089934592E9 3.20130816E8 2.30196224E8 -1.359738368E9 -1.359738368E9 6.40261632E8 2.05032704E9 -1.42450944E9 -1.42450944E9 -1.42450944E9 -1.42450944E9 2.07549056E9 -1.489280512E9 -9.89280512E8 -4.89280512E8 -4.89280512E8 1.715752192E9 2.035883008E9
8 0.0 0.0 1.0E9 1.320130816E9 1.435228928E9 6.40261632E8 1.845294336E9 1.55032704E9 -1.129542144E9 -1.719476736E9 -1.014444032E9 -1.809411328E9 -3.09411328E8 -6.94313216E8 1.0719488E7 -1.784247808E9 -7.84247808E8 1.215752192E9 -1.964116992E9 -1.259084288E9
9 0.0 5.0E8 5.0E8 2.02516352E9 1.435228928E9 1.140261632E9 -1.94967296E9 -1.744640256E9 -1.29542144E8 -7.19476736E8 4.85555968E8 -8.09411328E8 6.90588672E8 8.05686784E8 1.010719488E9 -2.84247808E8 7.15752192E8 -1.579215104E9 3.5883008E7 7.40915712E8
10 0.0 0.0 1.410065408E9 -1.679869184E9 -1.679869184E9 -1.679869184E9 -1.679869184E9 -1.179869184E9 -1.94967296E9 -2.19476736E8 2.80523264E8 -8.09411328E8 1.190588672E9 8.05686784E8 1.510719488E9 1.510719488E9 2.15752192E8 2.15752192E8 1.035883008E9 7.40915712E8
11 0.0 0.0 0.0 5.2516352E8 -6.4771072E7 -8.59738368E8 -1.154705664E9 1.845294336E9 -3.34574848E8 -1.719476736E9 -7.19476736E8 -7.19476736E8 1.485555968E9 -6.94313216E8 -4.89280512E8 5.10719488E8 5.10719488E8 1.215752192E9 -1.69149696E8 -1.464116992E9
12 -2.94967296E8 -1.089934592E9 -1.884901888E9 2.02516352E9 1.435228928E9 1.140261632E9 -1.94967296E9 -1.744640256E9 -1.29542144E8 -2.19476736E8 4.85555968E8 -8.09411328E8 6.90588672E8 3.05686784E8 5.10719488E8 -7.84247808E8 2.15752192E8 1.715752192E9 3.30850304E8 1.330850304E9
13 -2.94967296E8 -1.589934592E9 1.910065408E9 1.02516352E9 4.35228928E8 1.40261632E8 1.345294336E9 1.55032704E9 -1.129542144E9 -1.219476736E9 -5.14444032E8 -1.809411328E9 -3.09411328E8 -1.94313216E8 -1.94313216E8 -1.94313216E8 -1.94313216E8 3.05686784E8 3.05686784E8 3.05686784E8
14 -1.794967296E9 1.705032704E9 -1.384901888E9 5.2516352E8 4.35228928E8 1.40261632E8 8.45294336E8 1.05032704E9 -1.129542144E9 -1.719476736E9 -1.014444032E9 -1.809411328E9 1.90588672E8 -1.94313216E8 3.05686784E8 3.05686784E8 3.05686784E8 8.05686784E8 8.05686784E8 8.05686784E8
15 -2.94967296E8 -1.589934592E9 -1.384901888E9 2.02516352E9 1.935228928E9 1.640261632E9 -1.44967296E9 -1.244640256E9 3.70457856E8 2.80523264E8 9.85555968E8 -3.09411328E8 1.190588672E9 1.805686784E9 1.510719488E9 -7.84247808E8 1.715752192E9 1.715752192E9 5.35883008E8 -7.59084288E8
16 -2.94967296E8 -1.589934592E9 -1.384901888E9 2.02516352E9 1.935228928E9 1.140261632E9 -1.94967296E9 -1.744640256E9 -1.29542144E8 -2.19476736E8 4.85555968E8 -8.09411328E8 6.90588672E8 8.05686784E8 5.10719488E8 -7.84247808E8 2.15752192E8 -2.079215104E9 -9.64116992E8 2.40915712E8
17 -1.794967296E9 7.05032704E8 -1.089934592E9 9.10065408E8 -1.884901888E9 6.15098112E8 3.20130816E8 -9.7483648E8 -1.064771072E9 -1.359738368E9 -1.654705664E9 3.45294336E8 5.5032704E8 -1.744640256E9 -2.039607552E9 -5.39607552E8 -1.334574848E9 -1.629542144E9 -6.29542144E8 -6.29542144E8
18 2.0E9 7.05032704E8 7.05032704E8 1.705032704E9 -1.089934592E9 -1.089934592E9 -1.884901888E9 -3.84901888E8 1.15098112E8 6.15098112E8 1.115098112E9 3.20130816E8 -9.7483648E8 2.516352E7 1.52516352E9 -7.69803776E8 4.35228928E8 -1.859738368E9 -1.359738368E9 -1.359738368E9
19 -1.794967296E9 1.705032704E9 -1.089934592E9 9.10065408E8 -1.384901888E9 -1.679869184E9 1.820130816E9 1.230196224E9 1.435228928E9 -1.359738368E9 2.140261632E9 -6.54705664E8 2.05032704E9 -1.744640256E9 -1.539607552E9 1.460392448E9 -3.34574848E8 -1.129542144E9 1.370457856E9 1.370457856E9
20 -1.794967296E9 -1.794967296E9 -1.794967296E9 -1.794967296E9 -1.294967296E9 -1.294967296E9 -1.294967296E9 -1.294967296E9 -2.94967296E8 7.05032704E8 7.05032704E8 -6.79869184E8 8.20130816E8 -1.97483648E9 6.0065408E8 -1.94313216E8 -1.94313216E8 -1.94313216E8 1.305686784E9 -1.8741824E9
21 -2.94967296E8 1.205032704E9 -8.9934592E7 -3.84901888E8 -3.84901888E8 1.640261632E9 -1.654705664E9 3.45294336E8 -1.29542144E8 2.07549056E9 1.780523264E9 1.485555968E9 1.485555968E9 1.305686784E9 1.510719488E9 -1.284247808E9 -1.284247808E9 -7.84247808E8 -9.64116992E8 7.40915712E8
22 -2.94967296E8 -2.089934592E9 -8.84901888E8 1.52516352E9 1.230196224E9 -3.59738368E8 -3.59738368E8 1.140261632E9 1.960392448E9 -1.719476736E9 -1.719476736E9 -1.719476736E9 -1.719476736E9 -1.719476736E9 -1.219476736E9 -1.219476736E9 -7.19476736E8 -7.19476736E8 -7.19476736E8 -7.19476736E8
23 5.0E8 -7.94967296E8 6.15098112E8 1.52516352E9 1.435228928E9 -1.859738368E9 -1.154705664E9 8.45294336E8 -1.129542144E9 1.870457856E9 -2.014444032E9 -1.514444032E9 -1.514444032E9 -1.94313216E8 1.0719488E7 2.010719488E9 2.010719488E9 7.15752192E8 5.35883008E8 -2.59084288E8
24 -2.94967296E8 1.205032704E9 -1.089934592E9 -3.84901888E8 1.435228928E9 1.140261632E9 2.140261632E9 1.845294336E9 -1.29542144E8 2.07549056E9 1.780523264E9 9.85555968E8 9.85555968E8 3.05686784E8 5.10719488E8 2.010719488E9 2.010719488E9 -1.784247808E9 -4.64116992E8 -1.759084288E9
25 -2.94967296E8 -2.089934592E9 -2.089934592E9 -2.089934592E9 1.435228928E9 6.40261632E8 1.140261632E9 1.140261632E9 -6.29542144E8 -1.219476736E9 -2.014444032E9 -5.14444032E8 -5.14444032E8 -1.194313216E9 -4.89280512E8 1.010719488E9 1.010719488E9 1.010719488E9 1.715752192E9 -1.69149696E8
26 -7.94967296E8 1.705032704E9 -3.84901888E8 2.02516352E9 1.435228928E9 -3.59738368E8 -6.54705664E8 8.45294336E8 -1.29542144E8 -2.19476736E8 -2.19476736E8 -2.19476736E8 -3.09411328E8 1.305686784E9 -4.89280512E8 -4.89280512E8 -4.89280512E8 -4.89280512E8 -4.89280512E8 -4.89280512E8
27 -2.94967296E8 1.705032704E9 1.705032704E9 -1.589934592E9 1.935228928E9 6.40261632E8 -6.54705664E8 5.5032704E8 -5.39607552E8 -1.219476736E9 -5.14444032E8 -1.4444032E7 4.85555968E8 1.90588672E8 -1.489280512E9 -1.489280512E9 -1.489280512E9 -1.489280512E9 -1.489280512E9 -1.489280512E9
28 -1.294967296E9 1.205032704E9 1.15098112E8 1.02516352E9 4.35228928E8 1.40261632E8 1.40261632E8 1.40261632E8 -6.29542144E8 -1.219476736E9 7.80523264E8 7.80523264E8 7.80523264E8 7.80523264E8 1.280523264E9 1.280523264E9 1.280523264E9 1.280523264E9 -1.3741824E9 1.740915712E9
29 -1.294967296E9 -1.294967296E9 6.15098112E8 2.02516352E9 1.435228928E9 -3.59738368E8 -3.59738368E8 -3.59738368E8 -3.59738368E8 -3.59738368E8 2.140261632E9 2.140261632E9 -1.654705664E9 3.05686784E8 1.0719488E7 1.010719488E9 1.010719488E9 7.15752192E8 1.035883008E9 1.240915712E9
30 2.0E9 -1.294967296E9 1.205032704E9 5.2516352E8 5.2516352E8 1.02516352E9 3.45294336E8 -4.4967296E8 -6.29542144E8 -7.19476736E8 -5.14444032E8 1.985555968E9 1.985555968E9 8.05686784E8 1.010719488E9 2.010719488E9 2.010719488E9 2.010719488E9 2.010719488E9 2.035883008E9
31 -7.94967296E8 -1.589934592E9 1.115098112E9 1.02516352E9 -1.564771072E9 -1.564771072E9 -1.564771072E9 -5.64771072E8 1.165425152E9 2.07549056E9 1.280523264E9 1.280523264E9 1.280523264E9 -1.694313216E9 -1.989280512E9 -1.989280512E9 -1.989280512E9 -1.489280512E9 -1.169149696E9 -1.759084288E9
32 1.5E9 -2.089934592E9 1.115098112E9 -4.7483648E8 -4.7483648E8 7.30196224E8 1.435228928E9 1.935228928E9 -1.29542144E8 -2.19476736E8 -1.014444032E9 -5.14444032E8 -1.4444032E7 -1.94313216E8 1.0719488E7 1.510719488E9 1.510719488E9 1.510719488E9 -4.64116992E8 -2.054051584E9
33 5.0E8 1.0E9 6.15098112E8 2.02516352E9 -7.69803776E8 -2.69803776E8 -2.69803776E8 1.345294336E9 -2.039607552E9 -2.19476736E8 -1.514444032E9 -1.514444032E9 -1.014444032E9 -1.014444032E9 -5.14444032E8 -5.14444032E8 -1.4444032E7 -1.4444032E7 -1.4444032E7 -1.4444032E7
34 -1.294967296E9 1.705032704E9 -1.384901888E9 1.02516352E9 4.35228928E8 4.35228928E8 -1.359738368E9 6.40261632E8 -6.29542144E8 -1.719476736E9 -1.514444032E9 -1.014444032E9 4.85555968E8 -1.94313216E8 -1.989280512E9 -1.989280512E9 -1.989280512E9 -1.989280512E9 -6.69149696E8 -2.59084288E8
35 -2.94967296E8 1.705032704E9 -1.384901888E9 1.02516352E9 -5.64771072E8 -5.64771072E8 -6.4771072E7 -1.44967296E9 3.70457856E8 -1.42450944E9 -1.4444032E7 -1.4444032E7 1.485555968E9 1.305686784E9 2.010719488E9 -1.784247808E9 -1.784247808E9 -1.784247808E9 -1.69149696E8 1.240915712E9
36 1.0E9 1.5E9 -2.089934592E9 2.02516352E9 -7.69803776E8 -2.69803776E8 -2.69803776E8 -2.69803776E8 -5.39607552E8 -2.19476736E8 -1.514444032E9 -1.514444032E9 -1.014444032E9 -1.014444032E9 -5.14444032E8 -5.14444032E8 -1.4444032E7 -1.4444032E7 4.85555968E8 4.85555968E8
37 1.5E9 2.0E9 2.115098112E9 1.52516352E9 1.435228928E9 1.640261632E9 -1.654705664E9 -1.744640256E9 3.70457856E8 -2.19476736E8 -5.14444032E8 -1.4444032E7 6.90588672E8 8.05686784E8 5.10719488E8 -7.84247808E8 2.15752192E8 1.215752192E9 3.30850304E8 2.40915712E8
38 2.0E9 -1.794967296E9 -1.794967296E9 -1.294967296E9 1.435228928E9 1.40261632E8 1.40261632E8 -1.654705664E9 -2.129542144E9 1.57549056E9 1.780523264E9 -5.14444032E8 -1.309411328E9 6.0065408E8 -1.989280512E9 5.10719488E8 1.010719488E9 1.010719488E9 -1.784247808E9 -1.784247808E9
39 -7.94967296E8 1.705032704E9 6.15098112E8 1.52516352E9 1.435228928E9 1.140261632E9 1.640261632E9 2.140261632E9 -1.29542144E8 -7.19476736E8 -1.4444032E7 -1.4444032E7 -1.4444032E7 4.85555968E8 -1.989280512E9 -1.989280512E9 5.10719488E8 -1.284247808E9 8.30850304E8 2.40915712E8
40 5.0E8 5.0E8 -1.384901888E9 1.320130816E9 -1.47483648E9 -1.47483648E9 -1.064771072E9 -3.59738368E8 3.70457856E8 2.80523264E8 4.85555968E8 1.485555968E9 1.485555968E9 1.305686784E9 1.510719488E9 2.010719488E9 2.15752192E8 1.215752192E9 3.5883008E7 -2.054051584E9
41 -7.94967296E8 1.205032704E9 6.15098112E8 6.15098112E8 6.15098112E8 6.15098112E8 6.15098112E8 6.15098112E8 -1.44967296E9 -1.219476736E9 -2.19476736E8 7.80523264E8 1.485555968E9 8.05686784E8 -1.989280512E9 -1.989280512E9 -1.989280512E9 1.010719488E9 -4.64116992E8 -1.554051584E9
42 -1.294967296E9 -2.089934592E9 1.15098112E8 2.516352E7 2.30196224E8 4.35228928E8 -8.59738368E8 2.05032704E9 -6.29542144E8 -7.19476736E8 -1.014444032E9 -1.014444032E9 -1.014444032E9 3.05686784E8 1.010719488E9 1.510719488E9 -1.784247808E9 -1.079215104E9 5.35883008E8 -1.554051584E9
43 -1.294967296E9 -1.294967296E9 1.15098112E8 8.20130816E8 -1.97483648E9 -1.97483648E9 -1.564771072E9 1.140261632E9 -1.29542144E8 -2.19476736E8 -5.14444032E8 9.85555968E8 1.90588672E8 8.05686784E8 1.510719488E9 -1.284247808E9 -2.84247808E8 2.15752192E8 3.5883008E7 -1.259084288E9
44 2.05032704E8 1.705032704E9 -2.089934592E9 -5.89934592E8 -2.69803776E8 1.140261632E9 -1.54705664E8 1.55032704E9 -6.29542144E8 -1.219476736E9 -5.14444032E8 4.85555968E8 9.85555968E8 -6.94313216E8 1.0719488E7 1.510719488E9 1.510719488E9 2.010719488E9 5.35883008E8 7.40915712E8
45 2.0E9 -1.794967296E9 -1.794967296E9 -1.294967296E9 1.935228928E9 6.40261632E8 6.40261632E8 -1.154705664E9 -1.29542144E8 -7.19476736E8 -1.4444032E7 1.985555968E9 1.190588672E9 1.305686784E9 1.0719488E7 -1.784247808E9 -1.284247808E9 -2.079215104E9 -4.64116992E8 3.5883008E7
46 2.05032704E8 7.05032704E8 1.705032704E9 1.52516352E9 1.935228928E9 1.40261632E8 1.40261632E8 1.640261632E9 3.70457856E8 -2.19476736E8 -1.4444032E7 -1.4444032E7 1.90588672E8 6.0065408E8 1.0719488E7 1.010719488E9 1.010719488E9 1.010719488E9 1.535883008E9 -2.59084288E8
47 -7.94967296E8 1.705032704E9 -3.84901888E8 5.2516352E8 4.35228928E8 -1.359738368E9 -6.54705664E8 -1.94967296E9 -1.29542144E8 -7.19476736E8 -1.014444032E9 -1.4444032E7 -8.09411328E8 1.305686784E9 1.010719488E9 2.010719488E9 2.010719488E9 2.010719488E9 1.535883008E9 -1.554051584E9
48 5.0E8 5.0E8 -1.589934592E9 1.52516352E9 4.35228928E8 1.640261632E9 -1.654705664E9 -1.744640256E9 3.70457856E8 -7.19476736E8 -1.4444032E7 4.85555968E8 1.190588672E9 1.805686784E9 1.510719488E9 2.15752192E8 1.215752192E9 1.215752192E9 1.330850304E9 1.240915712E9
49 -1.294967296E9 -2.94967296E8 2.115098112E9 2.02516352E9 1.435228928E9 -1.359738368E9 1.40261632E8 2.140261632E9 -1.29542144E8 -2.19476736E8 1.780523264E9 1.780523264E9 1.780523264E9 1.305686784E9 1.010719488E9 2.010719488E9 2.010719488E9 2.010719488E9 1.715752192E9 1.740915712E9
50 -7.94967296E8 -2.089934592E9 6.15098112E8 2.516352E7 5.2516352E8 7.30196224E8 -2.064771072E9 -2.064771072E9 -1.29542144E8 -2.19476736E8 -1.014444032E9 -1.014444032E9 9.85555968E8 1.305686784E9 1.010719488E9 2.010719488E9 2.010719488E9 -1.784247808E9 5.35883008E8 -1.054051584E9
51 -1.294967296E9 1.705032704E9 -8.84901888E8 1.52516352E9 9.35228928E8 -3.59738368E8 1.140261632E9 1.140261632E9 -6.29542144E8 -1.219476736E9 -1.219476736E9 -1.219476736E9 7.80523264E8 3.05686784E8 1.0719488E7 -1.284247808E9 -7.84247808E8 1.215752192E9 -9.64116992E8 -9.64116992E8
52 -1.294967296E9 1.705032704E9 -8.84901888E8 1.02516352E9 -1.564771072E9 1.40261632E8 1.640261632E9 1.640261632E9 -1.29542144E8 -7.19476736E8 -1.014444032E9 9.85555968E8 -1.309411328E9 8.05686784E8 1.010719488E9 -2.84247808E8 -2.84247808E8 2.15752192E8 -2.079215104E9 3.30850304E8
53 1.0E9 1.5E9 1.5E9 1.5E9 -1.794967296E9 9.10065408E8 1.435228928E9 5.032704E7 3.70457856E8 -2.19476736E8 -1.014444032E9 -1.4444032E7 -1.4444032E7 1.805686784E9 2.010719488E9 2.010719488E9 2.010719488E9 2.010719488E9 5.35883008E8 1.240915712E9
54 5.0E8 5.0E8 1.910065408E9 1.52516352E9 1.935228928E9 -1.859738368E9 1.40261632E8 1.40261632E8 -1.29542144E8 -1.42450944E9 -1.42450944E9 -1.4444032E7 -8.09411328E8 8.05686784E8 1.805686784E9 -1.989280512E9 -7.84247808E8 1.215752192E9 1.035883008E9 2.035883008E9
55 -2.94967296E8 -2.089934592E9 -2.089934592E9 2.02516352E9 1.435228928E9 1.140261632E9 3.45294336E8 -9.4967296E8 -6.29542144E8 -7.19476736E8 -5.14444032E8 4.85555968E8 -3.09411328E8 -1.94313216E8 1.0719488E7 -1.784247808E9 -7.84247808E8 7.15752192E8 -9.64116992E8 -7.59084288E8
56 -2.94967296E8 -1.589934592E9 1.15098112E8 2.02516352E9 1.435228928E9 1.140261632E9 2.140261632E9 2.140261632E9 -1.44967296E9 -1.44967296E9 -1.014444032E9 4.85555968E8 4.85555968E8 -1.694313216E9 1.0719488E7 -1.284247808E9 -1.284247808E9 -1.284247808E9 -1.69149696E8 -1.69149696E8
57 1.5E9 -2.089934592E9 1.15098112E8 2.516352E7 2.516352E7 1.140261632E9 1.640261632E9 1.640261632E9 -1.29542144E8 -2.19476736E8 -5.14444032E8 -5.14444032E8 -1.4444032E7 1.305686784E9 1.510719488E9 2.010719488E9 2.15752192E8 -5.79215104E8 1.035883008E9 -7.59084288E8
58 -2.94967296E8 1.705032704E9 1.15098112E8 5.2516352E8 -1.064771072E9 -1.064771072E9 -1.064771072E9 -1.064771072E9 -1.064771072E9 -7.19476736E8 -1.4444032E7 -1.4444032E7 1.90588672E8 -3.9934592E8 5.10719488E8 1.510719488E9 2.010719488E9 1.215752192E9 4.20784896E8 4.20784896E8
59 -7.94967296E8 -2.089934592E9 1.615098112E9 2.02516352E9 1.935228928E9 6.40261632E8 -1.154705664E9 -1.94967296E9 3.70457856E8 -2.19476736E8 4.85555968E8 9.85555968E8 1.485555968E9 1.305686784E9 1.510719488E9 -1.784247808E9 7.15752192E8 1.215752192E9 -1.259084288E9 -1.554051584E9
60 -7.94967296E8 -7.94967296E8 1.15098112E8 1.52516352E9 1.935228928E9 -1.359738368E9 -1.44967296E9 2.05032704E9 -1.29542144E8 -1.219476736E9 -2.19476736E8 -1.309411328E9 1.90588672E8 8.05686784E8 1.0719488E7 1.510719488E9 2.15752192E8 2.15752192E8 -1.69149696E8 -1.69149696E8
61 1.5E9 1.5E9 -2.089934592E9 2.02516352E9 9.35228928E8 6.40261632E8 -1.54705664E8 -1.44967296E9 -1.29542144E8 -2.19476736E8 1.280523264E9 1.280523264E9 1.280523264E9 8.05686784E8 8.05686784E8 8.05686784E8 8.05686784E8 8.05686784E8 8.05686784E8 8.05686784E8
62 -1.294967296E9 1.705032704E9 -3.84901888E8 1.52516352E9 -1.064771072E9 -1.064771072E9 -1.064771072E9 1.435228928E9 -1.29542144E8 -7.19476736E8 -2.014444032E9 -1.4444032E7 6.90588672E8 1.305686784E9 1.010719488E9 2.010719488E9 2.010719488E9 2.010719488E9 -1.69149696E8 -7.59084288E8
63 2.05032704E8 1.705032704E9 -2.089934592E9 -5.89934592E8 4.10065408E8 1.640261632E9 3.45294336E8 1.55032704E9 -1.29542144E8 -2.19476736E8 -1.4444032E7 1.485555968E9 1.985555968E9 1.305686784E9 1.010719488E9 -1.284247808E9 -1.284247808E9 -7.84247808E8 -1.579215104E9 -2.054051584E9
64 2.0E9 2.0E9 2.0E9 -1.794967296E9 1.52516352E9 1.52516352E9 1.52516352E9 2.30196224E8 3.70457856E8 -2.19476736E8 7.80523264E8 1.780523264E9 1.780523264E9 1.805686784E9 2.010719488E9 2.15752192E8 7.15752192E8 -2.079215104E9 -1.964116992E9 7.40915712E8
65 -2.94967296E8 -2.089934592E9 1.615098112E9 2.02516352E9 1.935228928E9 6.40261632E8 -1.44967296E9 1.05032704E9 3.70457856E8 -7.19476736E8 -1.4444032E7 1.985555968E9 6.90588672E8 1.305686784E9 1.010719488E9 1.510719488E9 1.510719488E9 1.510719488E9 2.010719488E9 2.010719488E9
66 -2.94967296E8 1.205032704E9 1.205032704E9 -5.89934592E8 1.935228928E9 6.40261632E8 2.140261632E9 -1.94967296E9 -1.29542144E8 -7.19476736E8 -1.4444032E7 4.85555968E8 1.485555968E9 -1.94313216E8 5.10719488E8 1.010719488E9 -1.284247808E9 -1.284247808E9 -4.64116992E8 1.240915712E9
67 2.0E9 -1.794967296E9 -1.794967296E9 1.205032704E9 9.35228928E8 9.35228928E8 9.35228928E8 2.05032704E9 -1.244640256E9 -2.19476736E8 1.280523264E9 -1.514444032E9 6.90588672E8 1.305686784E9 1.0719488E7 1.0719488E7 5.10719488E8 5.10719488E8 1.010719488E9 1.010719488E9
68 2.0E9 -1.794967296E9 -1.794967296E9 1.205032704E9 1.410065408E9 4.35228928E8 4.35228928E8 4.35228928E8 4.35228928E8 -1.654705664E9 7.80523264E8 -2.014444032E9 -2.014444032E9 8.05686784E8 1.0719488E7 5.10719488E8 5.10719488E8 5.10719488E8 5.10719488E8 1.010719488E9
69 -2.94967296E8 7.05032704E8 -8.9934592E7 1.02516352E9 9.35228928E8 6.40261632E8 1.640261632E9 1.640261632E9 -6.29542144E8 7.549056E7 -1.014444032E9 -1.4444032E7 4.85555968E8 -1.194313216E9 -1.489280512E9 1.510719488E9 1.510719488E9 1.510719488E9 -1.464116992E9 5.35883008E8
70 -2.94967296E8 -2.089934592E9 -2.089934592E9 1.52516352E9 1.52516352E9 1.52516352E9 -8.59738368E8 -3.59738368E8 -1.29542144E8 -2.19476736E8 -1.4444032E7 -1.809411328E9 -1.809411328E9 1.305686784E9 5.10719488E8 5.10719488E8 5.10719488E8 -2.079215104E9 -1.579215104E9 -1.579215104E9
71 -1.794967296E9 -2.089934592E9 -5.89934592E8 2.02516352E9 1.935228928E9 6.40261632E8 -6.54705664E8 5.5032704E8 -1.29542144E8 -7.19476736E8 -1.4444032E7 4.85555968E8 9.85555968E8 -8.9934592E8 3.05686784E8 1.305686784E9 1.305686784E9 1.305686784E9 -1.284247808E9 -1.284247808E9
72 -2.94967296E8 1.705032704E9 4.10065408E8 1.02516352E9 1.435228928E9 6.40261632E8 1.140261632E9 -1.154705664E9 -2.129542144E9 -1.219476736E9 -1.014444032E9 1.485555968E9 -8.09411328E8 -1.94313216E8 8.05686784E8 8.05686784E8 1.805686784E9 -4.89280512E8 -1.169149696E9 -1.169149696E9
73 -1.294967296E9 -1.589934592E9 -3.84901888E8 2.02516352E9 1.935228928E9 1.640261632E9 3.45294336E8 1.55032704E9 3.70457856E8 -2.19476736E8 -1.4444032E7 1.985555968E9 1.985555968E9 1.305686784E9 1.010719488E9 -1.284247808E9 -1.284247808E9 -7.84247808E8 1.715752192E9 -2.054051584E9
74 -2.94967296E8 -1.589934592E9 -8.9934592E7 2.02516352E9 1.435228928E9 -1.359738368E9 1.640261632E9 1.640261632E9 -6.29542144E8 -1.219476736E9 7.80523264E8 7.80523264E8 7.80523264E8 4.85555968E8 1.010719488E9 1.010719488E9 -1.284247808E9 -7.84247808E8 -7.84247808E8 -7.84247808E8
75 -1.794967296E9 -2.94967296E8 1.15098112E8 2.02516352E9 1.935228928E9 6.40261632E8 -1.44967296E9 2.05032704E9 -1.29542144E8 -2.19476736E8 -1.4444032E7 1.985555968E9 -1.809411328E9 1.305686784E9 1.805686784E9 1.805686784E9 1.805686784E9 1.805686784E9 3.30850304E8 1.830850304E9
76 -2.94967296E8 -1.089934592E9 -8.84901888E8 2.02516352E9 1.935228928E9 1.40261632E8 -1.54705664E8 1.05032704E9 3.70457856E8 2.80523264E8 -1.4444032E7 -1.4444032E7 -1.4444032E7 1.305686784E9 2.010719488E9 2.15752192E8 2.15752192E8 2.15752192E8 1.035883008E9 1.240915712E9
77 1.0E9 1.705032704E9 -3.84901888E8 1.52516352E9 9.35228928E8 -3.59738368E8 1.845294336E9 5.032704E7 -6.29542144E8 -1.219476736E9 -1.014444032E9 9.85555968E8 -3.09411328E8 3.05686784E8 5.10719488E8 5.10719488E8 1.010719488E9 1.010719488E9 1.010719488E9 1.258176E8
78 -2.94967296E8 -2.089934592E9 6.15098112E8 2.02516352E9 1.935228928E9 1.40261632E8 1.40261632E8 -1.154705664E9 3.70457856E8 -2.19476736E8 -5.14444032E8 -5.14444032E8 -1.309411328E9 -1.94313216E8 -9.89280512E8 -9.89280512E8 -9.89280512E8 -9.89280512E8 2.010719488E9 2.010719488E9
79 -2.94967296E8 1.705032704E9 1.705032704E9 4.10065408E8 1.410065408E9 -1.47483648E9 6.40261632E8 6.40261632E8 -1.29542144E8 -2.19476736E8 2.80523264E8 -2.014444032E9 4.85555968E8 8.05686784E8 1.010719488E9 -2.84247808E8 2.15752192E8 -5.79215104E8 2.035883008E9 -2.054051584E9
80 -2.94967296E8 1.205032704E9 1.705032704E9 1.02516352E9 1.435228928E9 1.40261632E8 1.640261632E9 1.845294336E9 -1.29542144E8 -7.19476736E8 -1.4444032E7 4.85555968E8 1.485555968E9 8.05686784E8 1.010719488E9 2.010719488E9 2.010719488E9 2.010719488E9 3.30850304E8 -1.464116992E9
81 -1.294967296E9 -1.589934592E9 -3.84901888E8 1.52516352E9 1.435228928E9 -1.359738368E9 1.345294336E9 5.032704E7 -6.29542144E8 -1.719476736E9 -1.514444032E9 -1.514444032E9 -1.514444032E9 3.05686784E8 1.0719488E7 -1.784247808E9 -1.784247808E9 -1.784247808E9 -9.64116992E8 1.240915712E9
82 2.05032704E8 -2.089934592E9 -8.84901888E8 1.52516352E9 1.230196224E9 1.230196224E9 1.230196224E9 1.40261632E8 1.40261632E8 -1.219476736E9 -2.19476736E8 -2.19476736E8 -2.19476736E8 -1.4444032E7 1.305686784E9 1.305686784E9 1.305686784E9 1.305686784E9 -1.464116992E9 -9.64116992E8
83 -1.294967296E9 -1.589934592E9 6.15098112E8 2.02516352E9 1.935228928E9 1.40261632E8 1.845294336E9 1.55032704E9 3.70457856E8 2.80523264E8 4.85555968E8 -3.09411328E8 -3.09411328E8 -3.09411328E8 2.010719488E9 2.010719488E9 2.010719488E9 2.010719488E9 -1.784247808E9 -1.784247808E9
84 -2.94967296E8 -1.089934592E9 -1.884901888E9 2.02516352E9 1.230196224E9 1.230196224E9 -1.44967296E9 5.5032704E8 -2.039607552E9 -7.19476736E8 7.80523264E8 1.280523264E9 1.280523264E9 1.280523264E9 1.010719488E9 -7.84247808E8 -7.84247808E8 -2.84247808E8 1.330850304E9 -2.054051584E9
85 -2.94967296E8 -2.089934592E9 1.410065408E9 5.2516352E8 1.935228928E9 6.40261632E8 -6.54705664E8 1.345294336E9 3.70457856E8 -2.19476736E8 4.85555968E8 4.85555968E8 4.85555968E8 4.85555968E8 9.85555968E8 -1.104378624E9 -1.104378624E9 -1.104378624E9 2.15752192E8 1.258176E8
86 -1.794967296E9 -2.089934592E9 -5.89934592E8 1.52516352E9 9.35228928E8 -3.59738368E8 -1.654705664E9 -4.4967296E8 -6.29542144E8 -1.219476736E9 -2.014444032E9 -2.014444032E9 -2.014444032E9 -1.514444032E9 -1.014444032E9 -1.014444032E9 -1.014444032E9 -1.014444032E9 -1.014444032E9 -1.014444032E9
87 -7.94967296E8 -2.089934592E9 6.15098112E8 1.52516352E9 1.435228928E9 -1.359738368E9 1.640261632E9 5.032704E7 -1.29542144E8 -7.19476736E8 -5.14444032E8 -1.4444032E7 -1.4444032E7 2.10065408E9 2.10065408E9 2.10065408E9 2.10065408E9 2.10065408E9 2.10065408E9 2.10065408E9
88 -2.94967296E8 -1.589934592E9 -1.884901888E9 1.52516352E9 1.435228928E9 1.40261632E8 8.45294336E8 1.55032704E9 -1.29542144E8 -7.19476736E8 -1.4444032E7 -1.4444032E7 -1.309411328E9 8.05686784E8 5.10719488E8 -1.784247808E9 2.15752192E8 2.15752192E8 5.35883008E8 7.40915712E8
89 -1.294967296E9 1.705032704E9 -2.089934592E9 2.02516352E9 1.935228928E9 6.40261632E8 -1.44967296E9 2.05032704E9 -1.29542144E8 -1.719476736E9 -5.14444032E8 4.85555968E8 -1.309411328E9 3.05686784E8 1.010719488E9 -7.84247808E8 -7.84247808E8 -2.079215104E9 3.5883008E7 5.35883008E8
90 -1.794967296E9 1.705032704E9 -2.089934592E9 2.02516352E9 1.935228928E9 6.40261632E8 -1.44967296E9 -1.744640256E9 -1.29542144E8 -1.219476736E9 -5.14444032E8 1.485555968E9 1.485555968E9 8.05686784E8 1.010719488E9 -7.84247808E8 -7.84247808E8 1.215752192E9 -1.669149696E9 -1.169149696E9
91 -2.94967296E8 -2.089934592E9 -2.089934592E9 -9.7483648E8 -7.69803776E8 -5.64771072E8 -1.859738368E9 -1.359738368E9 -1.629542144E9 -4.2450944E8 -4.2450944E8 7.549056E7 7.549056E7 7.549056E7 7.549056E7 7.549056E7 7.549056E7 7.549056E7 7.549056E7 7.549056E7
92 -2.94967296E8 1.705032704E9 1.705032704E9 1.52516352E9 1.935228928E9 6.40261632E8 -6.54705664E8 5.5032704E8 -6.29542144E8 -1.219476736E9 -1.014444032E9 -5.14444032E8 -1.4444032E7 -1.94313216E8 1.0719488E7 5.10719488E8 -1.784247808E9 -7.84247808E8 3.5883008E7 2.40915712E8
93 2.0E9 2.0E9 -1.384901888E9 -1.47483648E9 -1.769803776E9 -1.269803776E9 -1.54705664E8 -1.44967296E9 -6.29542144E8 -1.29542144E8 -1.29542144E8 -1.29542144E8 3.70457856E8 3.70457856E8 3.70457856E8 3.70457856E8 3.70457856E8 3.70457856E8 3.70457856E8 3.70457856E8
94 -2.94967296E8 -1.589934592E9 -1.089934592E9 -1.769803776E9 1.935228928E9 -8.59738368E8 2.140261632E9 -1.244640256E9 3.70457856E8 -1.219476736E9 -1.219476736E9 -1.219476736E9 -1.219476736E9 -1.219476736E9 -1.219476736E9 -1.219476736E9 -7.19476736E8 -7.19476736E8 -7.19476736E8 -7.19476736E8
95 -1.794967296E9 1.705032704E9 1.705032704E9 1.52516352E9 1.935228928E9 6.40261632E8 -1.44967296E9 5.032704E7 -8.34574848E8 -8.34574848E8 -8.34574848E8 -3.34574848E8 -3.34574848E8 -3.34574848E8 -3.34574848E8 -3.34574848E8 -3.34574848E8 -3.34574848E8 -3.34574848E8 -3.34574848E8
96 2.05032704E8 -2.089934592E9 -5.89934592E8 2.02516352E9 1.730196224E9 1.140261632E9 2.140261632E9 1.345294336E9 5.5032704E8 -3.9607552E7 9.60392448E8 1.960392448E9 1.960392448E9 1.370457856E9 1.0719488E7 1.510719488E9 1.510719488E9 1.510719488E9 2.010719488E9 -2.079215104E9
97 -2.94967296E8 1.705032704E9 1.115098112E9 2.02516352E9 1.935228928E9 -8.59738368E8 -8.59738368E8 -8.59738368E8 -8.59738368E8 -8.59738368E8 -8.59738368E8 -8.59738368E8 -3.59738368E8 6.40261632E8 6.40261632E8 1.140261632E9 1.140261632E9 1.140261632E9 1.140261632E9 1.140261632E9
