0 3350
1 1980
2 4468
3 3280
4 2961
5 2675
6 763
7 1050
8 1530
9 2869
10 546
11 435
12 4372
13 4083
14 2319
15 4024
16 3453
17 976
18 676
19 1394
20 1350
21 2372
22 2486
23 3022
24 3229
25 3094
26 2433
27 2930
28 1998
29 2816
30 3279
31 4083
32 2386
33 2636
34 2409
35 2737
36 2824
37 3203
38 2585
39 3485
40 2590
41 2130
42 4114
43 3604
44 2965
45 2626
46 3217
47 3967
48 3118
49 3944
50 4115
51 3638
52 4258
53 3048
54 1892
55 3719
56 3355
57 3778
58 2782
59 5380
60 3592
61 2390
62 1494
63 3543
64 2375
65 5047
66 3277
67 1991
68 1389
69 3980
70 3167
71 4675
72 3602
73 4763
74 4496
75 4973
76 5464
77 5265
78 5062
79 3919
80 4183
81 5286
82 1441
83 5446
84 2748
85 4153
86 4108
87 5651
88 5244
89 5120
90 4190
91 2013
92 5285
93 1847
94 4157
95 2371
96 657
97 3949
