records: 20
      Record Time
Host  UsedBuffer

  49376.0 98752.0 148128.0 197504.0 246880.0 296256.0 345632.0 395008.0 444384.0 493760.0 543136.0 592512.0 641888.0 691264.0 740640.0 790016.0 839392.0 888768.0 938144.0 987520.0
0 0.0 1.0E9 1.0E9 1.25E9 1.75E9 1.75E9 -2.044967296E9 -1.794967296E9 -1.544967296E9 -1.544967296E9 -1.544967296E9 -1.544967296E9 -1.294967296E9 -7.94967296E8 -2.94967296E8 -2.94967296E8 -2.94967296E8 -2.94967296E8 -4.4967296E7 2.05032704E8
1 0.0 0.0 2.5E8 2.5E8 2.5E8 2.5E8 5.0E8 7.5E8 1.0E9 1.0E9 1.0E9 1.25E9 1.5E9 1.75E9 1.75E9 1.75E9 -2.044967296E9 -2.044967296E9 -1.044967296E9 -7.94967296E8
2 2.5E8 5.0E8 7.5E8 1.0E9 1.25E9 1.5E9 1.75E9 2.0E9 -1.794967296E9 -1.794967296E9 -1.544967296E9 -7.94967296E8 -5.44967296E8 -5.44967296E8 -2.94967296E8 -2.94967296E8 4.55032704E8 4.55032704E8 4.55032704E8 1.205032704E9
3 5.0E8 5.0E8 -2.044967296E9 -1.794967296E9 -1.294967296E9 1.570130816E9 2.516352E7 7.7516352E8 -1.994640256E9 -1.494640256E9 9.15425152E8 1.415425152E9 1.940588672E9 -2.104378624E9 -1.854378624E9 -1.604378624E9 -1.354378624E9 -1.354378624E9 -1.354378624E9 -1.354378624E9
4 0.0 0.0 2.5E8 5.0E8 7.5E8 1.75E9 1.75E9 2.0E9 2.0E9 2.0E9 -1.794967296E9 -1.544967296E9 -7.94967296E8 -5.44967296E8 -4.4967296E7 2.05032704E8 2.05032704E8 2.05032704E8 7.05032704E8 1.205032704E9
5 2.5E8 7.5E8 1.0E9 1.25E9 1.5E9 1.75E9 1.75E9 1.75E9 2.0E9 2.0E9 2.0E9 2.0E9 -1.794967296E9 -1.294967296E9 -1.044967296E9 -1.044967296E9 -7.94967296E8 -4.4967296E7 -4.4967296E7 2.05032704E8
6 2.0E9 -1.794967296E9 -2.94967296E8 2.05032704E8 1.705032704E9 1.820130816E9 -7.69803776E8 4.80196224E8 -6.9967296E8 5.032704E7 -6.7450944E8 -1.7450944E8 -2.104378624E9 -2.104378624E9 -2.104378624E9 -1.604378624E9 -3.54378624E8 -7.9215104E7 -7.9215104E7 -7.9215104E7
7 2.5E8 7.5E8 1.5E9 1.5E9 -7.94967296E8 1.455032704E9 1.955032704E9 1.435228928E9 1.435228928E9 -2.109738368E9 8.45294336E8 8.45294336E8 1.845294336E9 2.095294336E9 2.095294336E9 -1.94967296E9 -1.69967296E9 6.65425152E8 1.165425152E9 1.165425152E9
8 0.0 2.5E8 5.0E8 5.0E8 5.0E8 7.5E8 1.0E9 1.5E9 1.5E9 1.75E9 1.75E9 2.0E9 -2.044967296E9 -2.044967296E9 -2.044967296E9 -1.794967296E9 -1.044967296E9 -7.94967296E8 -7.94967296E8 -5.44967296E8
9 5.0E8 7.5E8 1.5E9 1.75E9 -1.044967296E9 1.570130816E9 2.7516352E8 1.02516352E9 1.77516352E9 1.77516352E9 1.415425152E9 1.415425152E9 4.85555968E8 4.85555968E8 4.85555968E8 4.85555968E8 4.85555968E8 7.35555968E8 7.35555968E8 9.85555968E8
10 0.0 2.5E8 2.5E8 2.5E8 2.5E8 5.0E8 7.5E8 7.5E8 1.25E9 1.25E9 1.25E9 1.25E9 1.5E9 1.75E9 2.0E9 2.0E9 2.0E9 -2.044967296E9 -1.794967296E9 -1.544967296E9
11 0.0 5.0E8 5.0E8 5.0E8 5.0E8 5.0E8 7.5E8 1.5E9 -2.044967296E9 -1.294967296E9 -1.044967296E9 -5.44967296E8 -5.44967296E8 -5.44967296E8 -2.94967296E8 -4.4967296E7 2.05032704E8 2.05032704E8 2.05032704E8 2.05032704E8
12 0.0 2.5E8 2.5E8 2.5E8 2.5E8 2.5E8 5.0E8 7.5E8 1.0E9 1.0E9 1.0E9 1.5E9 2.0E9 -2.044967296E9 -2.044967296E9 -1.294967296E9 -1.044967296E9 -1.044967296E9 -7.94967296E8 -5.44967296E8
13 2.5E8 2.5E8 5.0E8 7.5E8 7.5E8 7.5E8 7.5E8 1.0E9 1.0E9 1.0E9 1.0E9 1.0E9 1.0E9 1.0E9 1.0E9 1.25E9 1.5E9 1.75E9 -1.294967296E9 -7.94967296E8
14 5.0E8 7.5E8 1.5E9 1.75E9 -7.94967296E8 -1.47483648E9 5.2516352E8 -1.09738368E8 1.005359744E9 1.755359744E9 -2.129542144E9 -2.129542144E9 -8.09411328E8 -5.59411328E8 -3.09411328E8 1.90588672E8 1.440588672E9 1.0719488E7 1.0719488E7 2.60719488E8
15 1.0E9 1.0E9 1.5E9 1.75E9 1.75E9 1.570130816E9 -1.519803776E9 6.85228928E8 -1.94967296E9 -1.69967296E9 -6.7450944E8 -4.2450944E8 1.940588672E9 1.940588672E9 1.940588672E9 1.940588672E9 1.940588672E9 1.510719488E9 1.510719488E9 1.510719488E9
16 1.75E9 1.75E9 1.75E9 1.75E9 1.75E9 -5.44967296E8 -4.4967296E7 4.55032704E8 1.80032704E9 2.05032704E9 -1.379542144E9 -1.129542144E9 -1.104378624E9 -8.54378624E8 8.95621376E8 1.395621376E9 1.895621376E9 2.010719488E9 -1.284247808E9 3.758176E8
17 2.5E8 7.5E8 1.0E9 1.25E9 1.75E9 2.0E9 2.0E9 -1.794967296E9 -1.544967296E9 -1.544967296E9 -1.544967296E9 -1.544967296E9 -1.294967296E9 -7.94967296E8 -2.94967296E8 2.05032704E8 2.05032704E8 4.55032704E8 9.55032704E8 1.705032704E9
18 1.25E9 -2.044967296E9 -2.044967296E9 -1.794967296E9 -4.4967296E7 -1.72483648E9 7.7516352E8 4.80196224E8 1.30032704E9 2.05032704E9 1.620457856E9 1.620457856E9 -3.09411328E8 -3.09411328E8 9.40588672E8 1.190588672E9 -1.104378624E9 -5.34247808E8 -2.84247808E8 1.035883008E9
19 2.5E8 2.5E8 7.5E8 1.0E9 1.25E9 1.25E9 1.25E9 1.5E9 1.5E9 2.0E9 -2.044967296E9 -1.544967296E9 -1.044967296E9 -1.044967296E9 -1.044967296E9 -1.044967296E9 -1.044967296E9 -1.044967296E9 -1.044967296E9 -7.94967296E8
20 7.5E8 1.0E9 -1.794967296E9 -1.294967296E9 -1.294967296E9 1.820130816E9 -7.69803776E8 1.185228928E9 1.55032704E9 1.460392448E9 7.549056E7 7.549056E7 -1.604378624E9 -1.604378624E9 -8.54378624E8 -8.54378624E8 -6.04378624E8 -1.784247808E9 -1.534247808E9 2.85883008E8
21 7.5E8 1.25E9 1.75E9 2.0E9 2.0E9 1.070130816E9 -1.519803776E9 4.35228928E8 -1.19967296E9 -1.19967296E9 -1.17450944E9 -1.17450944E9 4.40588672E8 4.40588672E8 6.90588672E8 9.40588672E8 1.190588672E9 1.260719488E9 2.010719488E9 -1.464116992E9
22 7.5E8 7.5E8 1.0E9 1.0E9 1.75E9 1.205032704E9 1.205032704E9 1.455032704E9 -1.69967296E9 -1.19967296E9 -1.629542144E9 -1.629542144E9 -1.854378624E9 -1.854378624E9 -1.104378624E9 -1.104378624E9 -1.104378624E9 1.260719488E9 -1.534247808E9 -1.079215104E9
23 5.0E8 1.25E9 2.0E9 -1.794967296E9 -1.294967296E9 -1.589934592E9 6.60065408E8 7.0130816E7 7.0130816E7 7.0130816E7 7.0130816E7 3.20130816E8 3.20130816E8 3.20130816E8 5.70130816E8 5.70130816E8 8.20130816E8 -2.2483648E8 2.7516352E8 7.7516352E8
24 1.25E9 1.25E9 -1.794967296E9 -1.544967296E9 -1.294967296E9 1.820130816E9 -1.019803776E9 1.685228928E9 -6.9967296E8 5.032704E7 -1.92450944E9 -1.92450944E9 1.940588672E9 -2.104378624E9 -1.604378624E9 -1.604378624E9 -6.04378624E8 -1.784247808E9 -1.284247808E9 -7.14116992E8
25 7.5E8 1.25E9 1.75E9 2.0E9 1.455032704E9 -1.839934592E9 4.10065408E8 7.0130816E7 -1.72483648E9 -1.72483648E9 -1.47483648E9 -1.47483648E9 -1.47483648E9 -1.22483648E9 -1.22483648E9 -1.22483648E9 -1.22483648E9 -9.7483648E8 5.2516352E8 5.2516352E8
26 0.0 5.0E8 5.0E8 1.0E9 1.5E9 1.75E9 2.0E9 -2.044967296E9 -1.544967296E9 -1.544967296E9 -7.94967296E8 -7.94967296E8 -5.44967296E8 -5.44967296E8 -2.94967296E8 2.05032704E8 4.55032704E8 4.55032704E8 4.55032704E8 7.05032704E8
27 2.5E8 2.5E8 2.5E8 5.0E8 5.0E8 7.5E8 7.5E8 7.5E8 1.25E9 1.25E9 1.25E9 1.75E9 1.75E9 -1.794967296E9 -1.544967296E9 -7.94967296E8 -5.44967296E8 -2.94967296E8 -4.4967296E7 -4.4967296E7
28 2.5E8 2.5E8 5.0E8 1.0E9 1.0E9 1.5E9 1.5E9 1.75E9 2.0E9 -1.794967296E9 -1.544967296E9 -1.294967296E9 -1.294967296E9 -1.044967296E9 -7.94967296E8 -4.4967296E7 -4.4967296E7 -4.4967296E7 4.55032704E8 9.55032704E8
29 1.25E9 1.75E9 -7.94967296E8 -7.94967296E8 1.455032704E9 5.70130816E8 5.70130816E8 5.70130816E8 1.890261632E9 1.890261632E9 -1.629542144E9 -1.629542144E9 1.280523264E9 1.280523264E9 -1.514444032E9 -1.514444032E9 -7.64444032E8 -1.694313216E9 5.55686784E8 3.30850304E8
30 7.5E8 1.25E9 1.25E9 1.5E9 2.0E9 -1.794967296E9 -1.294967296E9 -1.294967296E9 4.55032704E8 7.05032704E8 -8.9934592E7 4.10065408E8 4.10065408E8 4.10065408E8 6.60065408E8 9.10065408E8 9.10065408E8 -8.84901888E8 -8.84901888E8 -8.84901888E8
31 1.5E9 1.5E9 -1.794967296E9 -1.294967296E9 -5.44967296E8 1.320130816E9 -1.269803776E9 6.85228928E8 -6.54705664E8 -4.04705664E8 -1.42450944E9 -1.17450944E9 4.40588672E8 6.90588672E8 6.90588672E8 6.90588672E8 9.40588672E8 5.10719488E8 5.10719488E8 -1.964116992E9
32 1.0E9 1.5E9 -2.044967296E9 -1.544967296E9 4.55032704E8 1.27516352E9 1.27516352E9 4.80196224E8 -1.584574848E9 -8.34574848E8 -1.17450944E9 -9.2450944E8 -1.354378624E9 -3.54378624E8 3.95621376E8 6.45621376E8 8.95621376E8 1.760719488E9 2.010719488E9 3.5883008E7
33 0.0 2.5E8 5.0E8 7.5E8 1.0E9 1.75E9 1.75E9 2.0E9 2.0E9 -1.794967296E9 -1.544967296E9 -1.294967296E9 -1.044967296E9 -1.044967296E9 -1.044967296E9 -1.044967296E9 -7.94967296E8 -7.94967296E8 -7.94967296E8 -7.94967296E8
34 2.5E8 2.5E8 7.5E8 1.25E9 1.25E9 1.25E9 1.25E9 1.25E9 1.25E9 1.25E9 1.25E9 1.5E9 1.5E9 1.5E9 1.5E9 1.75E9 1.75E9 -2.044967296E9 -1.794967296E9 -1.794967296E9
35 1.25E9 1.25E9 1.75E9 -2.044967296E9 -1.544967296E9 1.570130816E9 -1.019803776E9 9.35228928E8 -1.69967296E9 -9.4967296E8 7.80523264E8 1.030523264E9 -2.104378624E9 -1.604378624E9 -8.54378624E8 -8.54378624E8 1.45621376E8 -2.034247808E9 -1.784247808E9 -2.14116992E8
36 2.5E8 2.5E8 1.25E9 1.25E9 1.5E9 1.75E9 -2.044967296E9 -1.294967296E9 -1.294967296E9 -1.044967296E9 -1.044967296E9 -5.44967296E8 -5.44967296E8 -2.94967296E8 -4.4967296E7 -4.4967296E7 2.05032704E8 9.55032704E8 9.55032704E8 9.55032704E8
37 5.0E8 5.0E8 5.0E8 5.0E8 7.5E8 1.0E9 1.0E9 1.5E9 2.0E9 -1.544967296E9 -1.044967296E9 -5.44967296E8 -2.94967296E8 -4.4967296E7 2.05032704E8 7.05032704E8 1.205032704E9 1.205032704E9 1.205032704E9 1.205032704E9
38 0.0 7.5E8 7.5E8 1.0E9 2.0E9 -2.044967296E9 -2.044967296E9 -1.794967296E9 -1.544967296E9 -1.294967296E9 -1.044967296E9 -7.94967296E8 -5.44967296E8 -4.4967296E7 4.55032704E8 7.05032704E8 7.05032704E8 7.05032704E8 9.55032704E8 9.55032704E8
39 7.5E8 7.5E8 7.5E8 7.5E8 1.5E9 2.0E9 -2.044967296E9 -2.044967296E9 -2.044967296E9 -1.794967296E9 -1.544967296E9 -1.544967296E9 -1.294967296E9 -1.044967296E9 -1.044967296E9 -1.044967296E9 -1.044967296E9 -7.94967296E8 -7.94967296E8 -2.94967296E8
40 5.0E8 7.5E8 1.5E9 1.75E9 2.0E9 2.0E9 2.0E9 2.0E9 2.0E9 2.0E9 2.0E9 -2.044967296E9 -1.794967296E9 -1.794967296E9 -1.544967296E9 -1.544967296E9 -1.294967296E9 -7.94967296E8 -5.44967296E8 -2.94967296E8
41 5.0E8 7.5E8 1.0E9 1.5E9 1.5E9 1.75E9 -2.044967296E9 -1.544967296E9 -1.544967296E9 -1.294967296E9 -1.294967296E9 -1.294967296E9 -7.94967296E8 -7.94967296E8 -5.44967296E8 -4.4967296E7 -4.4967296E7 2.05032704E8 2.05032704E8 2.05032704E8
42 0.0 2.5E8 2.5E8 1.0E9 1.0E9 1.0E9 1.0E9 1.25E9 1.5E9 1.5E9 2.0E9 -2.044967296E9 -2.044967296E9 -1.794967296E9 -1.544967296E9 -1.544967296E9 -1.294967296E9 -7.94967296E8 -5.44967296E8 -2.94967296E8
43 2.5E8 2.5E8 5.0E8 5.0E8 5.0E8 5.0E8 7.5E8 1.25E9 1.75E9 1.75E9 2.0E9 2.0E9 2.0E9 -2.044967296E9 -1.794967296E9 -1.544967296E9 -7.94967296E8 -5.44967296E8 -5.44967296E8 -4.4967296E7
44 0.0 0.0 0.0 0.0 0.0 2.5E8 5.0E8 5.0E8 7.5E8 7.5E8 1.0E9 1.25E9 1.25E9 1.5E9 2.0E9 -2.044967296E9 -1.794967296E9 -1.794967296E9 -1.794967296E9 -1.544967296E9
45 2.5E8 2.5E8 5.0E8 7.5E8 7.5E8 1.5E9 1.5E9 1.5E9 1.5E9 1.5E9 1.5E9 1.5E9 1.75E9 2.0E9 2.0E9 -2.044967296E9 -2.044967296E9 -1.794967296E9 -1.544967296E9 -1.044967296E9
46 5.0E8 5.0E8 1.0E9 1.0E9 1.0E9 1.25E9 1.25E9 1.25E9 1.5E9 1.75E9 1.75E9 1.75E9 1.75E9 -2.044967296E9 -1.544967296E9 -1.544967296E9 -1.294967296E9 -1.044967296E9 -1.044967296E9 -1.044967296E9
47 0.0 0.0 5.0E8 5.0E8 5.0E8 5.0E8 1.0E9 1.25E9 1.25E9 -1.044967296E9 -1.044967296E9 -7.94967296E8 -7.94967296E8 -5.44967296E8 -5.44967296E8 -2.94967296E8 -4.4967296E7 -4.4967296E7 2.05032704E8 2.05032704E8
48 0.0 0.0 2.5E8 5.0E8 5.0E8 7.5E8 1.0E9 1.0E9 1.0E9 1.25E9 1.25E9 1.25E9 1.25E9 1.5E9 1.5E9 1.5E9 1.75E9 2.0E9 2.0E9 -2.044967296E9
49 0.0 2.5E8 5.0E8 5.0E8 5.0E8 5.0E8 7.5E8 7.5E8 7.5E8 1.0E9 1.0E9 1.25E9 2.0E9 -1.794967296E9 -1.544967296E9 -1.044967296E9 -7.94967296E8 -5.44967296E8 -5.44967296E8 -2.94967296E8
50 0.0 7.5E8 1.0E9 1.75E9 1.75E9 2.0E9 -1.544967296E9 -1.544967296E9 -1.294967296E9 -1.044967296E9 -7.94967296E8 -5.44967296E8 -2.94967296E8 -2.94967296E8 -4.4967296E7 -4.4967296E7 -4.4967296E7 2.05032704E8 4.55032704E8 7.05032704E8
51 7.5E8 7.5E8 7.5E8 7.5E8 1.0E9 -1.294967296E9 -1.294967296E9 -1.294967296E9 -1.294967296E9 1.205032704E9 1.455032704E9 1.705032704E9 1.60065408E8 1.60065408E8 4.10065408E8 4.10065408E8 6.60065408E8 -3.84901888E8 -1.34901888E8 -1.34901888E8
