records: 20
      Record Time
Host  UsedBuffer

  49376.0 98752.0 148128.0 197504.0 246880.0 296256.0 345632.0 395008.0 444384.0 493760.0 543136.0 592512.0 641888.0 691264.0 740640.0 790016.0 839392.0 888768.0 938144.0 987520.0
0 4000000.0 8000000.0 3.9E7 4.0E7 4.3E7 1.31E8 1.8E8 1.83E8 2.44E8 2.46E8 3.02E8 3.04E8 3.56E8 3.58E8 3.6E8 3.6E8 3.6E8 3.6E8 3.61E8 3.62E8
1 6000000.0 1.6E7 4.2E7 4.2E7 7.6E7 1.28E8 1.78E8 1.82E8 2.39E8 2.39E8 3.01E8 3.11E8 3.46E8 3.47E8 3.49E8 3.49E8 3.51E8 3.51E8 3.55E8 3.56E8
2 1000000.0 2000000.0 3000000.0 4000000.0 5000000.0 6000000.0 7000000.0 8000000.0 1.0E7 1.0E7 1.1E7 1.4E7 1.5E7 1.5E7 1.6E7 1.6E7 1.9E7 1.9E7 1.9E7 2.2E7
3 4000000.0 4000000.0 3.9E7 4.0E7 4.2E7 1.27E8 1.77E8 1.79E8 2.41E8 2.43E8 2.99E8 3.11E8 3.53E8 3.54E8 3.55E8 3.56E8 3.57E8 3.57E8 3.57E8 3.57E8
4 6000000.0 1.8E7 2.3E7 2.4E7 7.1E7 1.32E8 1.49E8 2.05E8 2.36E8 2.37E8 3.02E8 3.14E8 3.58E8 3.59E8 3.61E8 3.62E8 3.62E8 4.6E8 4.62E8 4.64E8
5 6000000.0 1.6E7 4.2E7 4.6E7 7.7E7 1.27E8 1.76E8 2.06E8 2.36E8 2.41E8 2.41E8 3.14E8 3.44E8 3.46E8 3.48E8 3.48E8 3.91E8 4.58E8 4.58E8 4.59E8
6 1000000.0 3000000.0 4000000.0 5000000.0 5000000.0 6000000.0 7000000.0 8000000.0 8000000.0 1.0E7 1.3E7 1.5E7 1.6E7 1.6E7 1.6E7 1.8E7 1.8E7 1.9E7 1.9E7 1.9E7
7 1000000.0 3000000.0 4000000.0 4000000.0 5000000.0 6000000.0 8000000.0 9000000.0 9000000.0 1.2E7 1.2E7 1.2E7 1.3E7 1.4E7 1.4E7 1.5E7 1.6E7 1.6E7 1.8E7 1.8E7
8 5000000.0 6000000.0 7000000.0 1.7E7 5.9E7 1.29E8 1.55E8 2.1E8 2.38E8 2.39E8 3.03E8 3.04E8 3.59E8 3.59E8 3.59E8 3.6E8 3.63E8 3.64E8 3.64E8 3.65E8
9 0.0 1000000.0 1000000.0 2000000.0 2000000.0 3000000.0 3000000.0 3000000.0 4000000.0 4000000.0 5000000.0 5000000.0 7000000.0 7000000.0 7000000.0 7000000.0 7000000.0 8000000.0 8000000.0 9000000.0
10 0.0 1000000.0 1000000.0 1000000.0 1000000.0 2000000.0 3000000.0 3000000.0 5000000.0 5000000.0 5000000.0 5000000.0 6000000.0 7000000.0 8000000.0 8000000.0 8000000.0 9000000.0 1.0E7 1.1E7
11 7000000.0 9000000.0 9000000.0 9000000.0 9000000.0 9000000.0 1.0E7 2.1E7 2.4E7 2.9E7 2.98E8 3.0E8 3.57E8 3.57E8 3.58E8 3.59E8 3.6E8 4.87E8 4.87E8 4.87E8
12 0.0 1000000.0 1000000.0 1000000.0 1000000.0 1000000.0 2000000.0 3000000.0 4000000.0 4000000.0 4000000.0 6000000.0 8000000.0 9000000.0 9000000.0 1.2E7 1.3E7 1.3E7 1.4E7 1.5E7
13 1000000.0 1000000.0 2000000.0 3000000.0 3000000.0 3000000.0 3000000.0 4000000.0 4000000.0 4000000.0 4000000.0 4000000.0 4000000.0 4000000.0 4000000.0 5000000.0 6000000.0 7000000.0 1.2E7 1.4E7
14 3000000.0 4000000.0 4.1E7 4.2E7 7.0E7 1.31E8 1.8E8 2.11E8 2.41E8 2.44E8 3.04E8 3.15E8 3.56E8 3.57E8 3.58E8 3.6E8 3.89E8 4.55E8 4.55E8 4.56E8
15 2000000.0 2000000.0 2000000.0 2000000.0 2000000.0 4000000.0 6000000.0 7000000.0 9000000.0 9000000.0 9000000.0 1.0E7 1.1E7 1.1E7 1.1E7 1.1E7 1.1E7 1.1E7 1.1E7 1.1E7
16 7000000.0 7000000.0 7000000.0 7000000.0 7000000.0 1.31E8 1.55E8 1.57E8 2.41E8 2.42E8 3.02E8 3.03E8 3.61E8 3.62E8 3.76E8 3.78E8 3.8E8 4.66E8 4.7E8 5.05E8
17 3000000.0 1.7E7 4.3E7 4.4E7 7.0E7 1.31E8 1.57E8 2.08E8 2.39E8 2.39E8 3.02E8 3.02E8 3.62E8 3.64E8 3.78E8 3.8E8 3.89E8 4.65E8 4.73E8 5.06E8
18 0.0 1000000.0 1000000.0 2000000.0 3000000.0 5000000.0 5000000.0 5000000.0 5000000.0 8000000.0 8000000.0 8000000.0 8000000.0 8000000.0 9000000.0 1.0E7 1.1E7 1.3E7 1.3E7 1.3E7
19 4000000.0 4000000.0 4.4E7 4.8E7 7.0E7 1.3E8 1.76E8 2.06E8 2.36E8 2.38E8 3.01E8 3.15E8 3.57E8 3.57E8 3.72E8 3.72E8 3.86E8 4.58E8 4.64E8 5.03E8
20 5000000.0 6000000.0 4.4E7 4.6E7 4.6E7 1.32E8 1.81E8 2.04E8 2.41E8 2.42E8 3.04E8 3.04E8 3.6E8 3.6E8 3.75E8 3.75E8 3.9E8 4.62E8 4.63E8 5.06E8
21 5000000.0 7000000.0 1.9E7 2.0E7 2.0E7 1.2E8 1.77E8 2.01E8 2.39E8 2.39E8 3.0E8 3.0E8 3.45E8 3.45E8 3.46E8 3.47E8 3.48E8 4.56E8 4.6E8 4.99E8
22 1000000.0 1000000.0 2000000.0 2000000.0 5000000.0 6000000.0 6000000.0 7000000.0 7000000.0 8000000.0 9000000.0 9000000.0 1.0E7 1.0E7 1.0E7 1.0E7 1.0E7 1.0E7 1.1E7 1.1E7
23 0.0 1000000.0 4000000.0 6000000.0 8000000.0 8000000.0 8000000.0 8000000.0 8000000.0 8000000.0 8000000.0 9000000.0 9000000.0 9000000.0 1.0E7 1.0E7 1.1E7 1.2E7 1.3E7 1.5E7
24 5000000.0 5000000.0 4.2E7 4.3E7 4.4E7 1.25E8 1.75E8 1.97E8 2.35E8 2.38E8 2.89E8 2.89E8 3.51E8 3.52E8 3.54E8 3.54E8 3.9E8 4.54E8 4.56E8 5.0E8
25 8000000.0 1.0E7 1.2E7 1.5E7 2.2E7 2.4E7 1.42E8 1.83E8 2.42E8 2.42E8 2.43E8 2.43E8 2.43E8 2.44E8 2.44E8 2.44E8 2.44E8 2.49E8 2.51E8 2.51E8
26 0.0 2000000.0 2000000.0 7000000.0 9000000.0 1.3E7 1.78E8 2.01E8 2.39E8 2.4E8 3.0E8 3.13E8 3.47E8 3.47E8 3.49E8 3.51E8 3.52E8 3.56E8 3.56E8 5.02E8
27 1000000.0 1000000.0 1000000.0 2000000.0 2000000.0 3000000.0 3000000.0 3000000.0 5000000.0 5000000.0 5000000.0 7000000.0 7000000.0 1.0E7 1.1E7 1.4E7 1.5E7 1.6E7 1.7E7 1.7E7
28 6000000.0 7000000.0 4.2E7 4.9E7 4.9E7 1.22E8 1.52E8 1.55E8 1.57E8 1.59E8 3.02E8 3.1E8 3.56E8 3.58E8 3.59E8 3.62E8 3.62E8 4.76E8 4.78E8 4.8E8
29 0.0 2000000.0 5000000.0 5000000.0 6000000.0 7000000.0 7000000.0 7000000.0 8000000.0 8000000.0 9000000.0 9000000.0 1.0E7 1.0E7 1.2E7 1.2E7 1.3E7 1.4E7 1.5E7 1.5E7
30 3000000.0 5000000.0 5000000.0 1.2E7 1.4E7 1.6E7 1.8E7 3.2E7 3.9E7 4.0E7 7.2E7 7.4E7 8.7E7 8.7E7 9.5E7 9.6E7 9.6E7 1.14E8 1.14E8 1.14E8
31 8000000.0 8000000.0 1.2E7 1.4E7 1.7E7 1.19E8 1.77E8 2.0E8 2.36E8 2.37E8 3.01E8 3.02E8 3.47E8 3.48E8 3.48E8 3.48E8 3.49E8 4.58E8 4.58E8 4.97E8
32 6000000.0 1.8E7 4.2E7 4.6E7 7.4E7 1.32E8 1.32E8 2.09E8 2.4E8 2.42E8 3.03E8 3.18E8 3.63E8 3.67E8 3.77E8 3.78E8 3.79E8 4.66E8 4.67E8 5.08E8
33 0.0 1000000.0 2000000.0 3000000.0 4000000.0 7000000.0 7000000.0 8000000.0 8000000.0 1.0E7 1.1E7 1.2E7 1.3E7 1.3E7 1.3E7 1.3E7 1.4E7 1.4E7 1.4E7 1.4E7
34 8000000.0 8000000.0 1.3E7 1.5E7 1.5E7 1.5E7 1.5E7 1.5E7 1.5E7 1.5E7 1.5E7 1.6E7 1.6E7 1.6E7 1.6E7 1.7E7 1.7E7 1.9E7 2.0E7 2.0E7
35 6000000.0 6000000.0 8000000.0 1.0E7 1.2E7 1.2E8 1.78E8 2.01E8 2.4E8 2.43E8 3.02E8 3.04E8 3.53E8 3.55E8 3.56E8 3.56E8 3.6E8 4.6E8 4.61E8 5.03E8
36 1000000.0 1000000.0 1.1E7 1.3E7 1.4E7 1.5E7 1.7E7 1.26E8 1.26E8 1.27E8 1.27E8 1.29E8 1.29E8 1.3E8 1.31E8 1.31E8 1.32E8 2.38E8 2.38E8 2.38E8
37 2000000.0 5000000.0 1.2E7 4.8E7 4.9E7 5.7E7 5.7E7 1.85E8 1.87E8 1.93E8 1.95E8 1.97E8 2.03E8 2.04E8 3.18E8 3.2E8 3.22E8 4.71E8 4.71E8 4.71E8
38 0.0 3000000.0 3000000.0 4000000.0 8000000.0 9000000.0 9000000.0 1.0E7 1.1E7 1.2E7 1.3E7 1.4E7 1.5E7 1.7E7 1.9E7 2.0E7 2.0E7 2.0E7 2.1E7 2.1E7
39 3000000.0 3000000.0 3000000.0 3000000.0 6000000.0 1.4E7 1.5E7 1.5E7 1.5E7 1.6E7 1.7E7 1.7E7 1.8E7 1.9E7 1.9E7 1.9E7 1.9E7 2.0E7 2.0E7 2.2E7
40 2000000.0 3000000.0 6000000.0 8000000.0 9000000.0 9000000.0 9000000.0 9000000.0 9000000.0 9000000.0 9000000.0 1.0E7 1.1E7 1.1E7 1.2E7 1.2E7 1.3E7 1.5E7 1.6E7 1.7E7
41 2000000.0 3000000.0 4000000.0 6000000.0 6000000.0 7000000.0 9000000.0 1.1E7 1.1E7 1.2E7 1.2E7 1.2E7 1.4E7 1.4E7 1.5E7 1.7E7 1.7E7 1.8E7 1.8E7 1.8E7
42 0.0 1000000.0 1000000.0 4000000.0 4000000.0 4000000.0 4000000.0 5000000.0 6000000.0 6000000.0 8000000.0 9000000.0 9000000.0 1.0E7 1.1E7 1.1E7 1.2E7 1.4E7 1.5E7 1.6E7
43 1000000.0 1000000.0 2000000.0 2000000.0 2000000.0 2000000.0 3000000.0 5000000.0 7000000.0 7000000.0 8000000.0 8000000.0 8000000.0 9000000.0 1.0E7 1.1E7 1.4E7 1.5E7 1.5E7 1.7E7
44 0.0 0.0 0.0 0.0 0.0 1000000.0 2000000.0 2000000.0 3000000.0 3000000.0 4000000.0 5000000.0 5000000.0 6000000.0 8000000.0 9000000.0 1.0E7 1.0E7 1.0E7 1.1E7
45 1000000.0 1000000.0 2000000.0 3000000.0 3000000.0 6000000.0 6000000.0 6000000.0 6000000.0 6000000.0 6000000.0 6000000.0 7000000.0 8000000.0 8000000.0 9000000.0 9000000.0 1.0E7 1.1E7 1.3E7
46 2000000.0 2000000.0 4000000.0 4000000.0 4000000.0 5000000.0 5000000.0 5000000.0 6000000.0 7000000.0 7000000.0 7000000.0 7000000.0 9000000.0 1.1E7 1.1E7 1.2E7 1.3E7 1.3E7 1.3E7
47 0.0 0.0 2000000.0 2000000.0 2000000.0 2000000.0 4000000.0 5000000.0 6000000.0 2.35E8 2.35E8 2.36E8 2.36E8 2.37E8 2.37E8 2.38E8 2.39E8 2.39E8 2.4E8 2.4E8
48 2000000.0 2000000.0 3000000.0 4000000.0 4000000.0 5000000.0 6000000.0 6000000.0 6000000.0 7000000.0 7000000.0 7000000.0 7000000.0 8000000.0 8000000.0 8000000.0 9000000.0 1.0E7 1.0E7 1.1E7
49 0.0 1000000.0 2000000.0 2000000.0 2000000.0 2000000.0 3000000.0 3000000.0 3000000.0 4000000.0 4000000.0 5000000.0 8000000.0 1.0E7 1.1E7 1.3E7 1.4E7 1.5E7 1.5E7 1.6E7
50 0.0 3000000.0 4000000.0 7000000.0 7000000.0 8000000.0 1.1E7 1.1E7 1.2E7 1.3E7 1.4E7 1.5E7 1.6E7 1.6E7 2.1E7 2.1E7 2.1E7 2.2E7 2.3E7 2.4E7
51 1000000.0 1000000.0 1000000.0 1000000.0 2000000.0 2000000.0 2000000.0 2000000.0 2000000.0 3000000.0 4000000.0 5000000.0 5000000.0 5000000.0 6000000.0 6000000.0 7000000.0 8000000.0 9000000.0 9000000.0
