records: 20
      Record Time
Host  UsedBuffer

  17959.0 35918.0 53877.0 71836.0 89795.0 107754.0 125713.0 143672.0 161631.0 179590.0 197549.0 215508.0 233467.0 251426.0 269385.0 287344.0 305303.0 323262.0 341221.0 359180.0
0 1.0E9 1.1E9 1.4E9 1.6E9 5.05032704E8 -1.889934592E9 -9.89934592E8 -6.89934592E8 -4.89934592E8 -8.9934592E7 1.210065408E9 1.210065408E9 1.510065408E9 1.610065408E9 -1.984901888E9 -1.784901888E9 -1.684901888E9 -1.584901888E9 -1.284901888E9 1.320130816E9
1 8.0E8 1.1E9 1.1E9 1.1E9 1.605032704E9 -1.589934592E9 -7.89934592E8 -6.89934592E8 -5.89934592E8 -5.89934592E8 -3.89934592E8 -1.884901888E9 -1.484901888E9 -1.084901888E9 3.15098112E8 5.15098112E8 7.15098112E8 8.15098112E8 1.115098112E9 -1.97483648E9
2 7.0E8 1.2E9 1.9E9 -1.994967296E9 1.505032704E9 -1.789934592E9 -1.089934592E9 -7.89934592E8 -5.89934592E8 -3.89934592E8 1.710065408E9 -1.584901888E9 -1.484901888E9 -5.84901888E8 -4.84901888E8 -2.84901888E8 -1.84901888E8 -1.84901888E8 7.15098112E8 1.520130816E9
3 1.1E9 1.4E9 1.5E9 1.6E9 1.505032704E9 -1.889934592E9 -9.89934592E8 -8.89934592E8 -7.89934592E8 -7.89934592E8 1.610065408E9 -1.584901888E9 -1.384901888E9 -1.084901888E9 -4.84901888E8 -3.84901888E8 -3.84901888E8 1.5098112E7 3.15098112E8 -1.47483648E9
4 1.1E9 1.3E9 1.4E9 1.6E9 1.7E9 2.0E9 -1.994967296E9 -1.794967296E9 -1.594967296E9 -1.294967296E9 -1.094967296E9 -7.94967296E8 -6.94967296E8 -3.94967296E8 -2.94967296E8 -9.4967296E7 1.05032704E8 2.05032704E8 3.05032704E8 1.605032704E9
5 0.0 1.0E8 2.0E8 5.0E8 5.0E8 7.0E8 9.0E8 9.0E8 1.3E9 1.4E9 1.6E9 1.7E9 1.7E9 2.0E9 -2.094967296E9 -1.794967296E9 -1.294967296E9 -1.194967296E9 -8.94967296E8 -6.94967296E8
6 3.0E8 3.0E8 4.0E8 7.0E8 1.1E9 1.2E9 1.2E9 1.4E9 1.5E9 1.6E9 1.7E9 1.8E9 2.0E9 2.0E9 2.1E9 -2.094967296E9 -1.794967296E9 -1.494967296E9 -1.194967296E9 -1.194967296E9
7 9.0E8 1.2E9 1.2E9 1.3E9 1.4E9 1.4E9 1.5E9 1.7E9 1.9E9 -2.094967296E9 -2.094967296E9 -1.894967296E9 -1.694967296E9 -1.594967296E9 -1.394967296E9 -1.294967296E9 -1.194967296E9 -1.094967296E9 -2.89934592E8 -8.7483648E8
8 5.0E8 1.0E9 1.8E9 2.1E9 1.705032704E9 -1.989934592E9 -9.89934592E8 -6.89934592E8 -4.89934592E8 -2.89934592E8 1.710065408E9 -1.484901888E9 -1.484901888E9 -6.84901888E8 7.15098112E8 9.15098112E8 9.15098112E8 1.215098112E9 -1.679869184E9 -1.67483648E9
