records: 20
      Record Time
Host  UsedBuffer

  49376.0 98752.0 148128.0 197504.0 246880.0 296256.0 345632.0 395008.0 444384.0 493760.0 543136.0 592512.0 641888.0 691264.0 740640.0 790016.0 839392.0 888768.0 938144.0 987520.0
0 0.0 4000000.0 4000000.0 5000000.0 7000000.0 7000000.0 9000000.0 1.0E7 1.1E7 1.1E7 1.1E7 1.1E7 1.2E7 1.4E7 1.6E7 1.6E7 1.6E7 1.6E7 1.7E7 1.8E7
1 0.0 0.0 1000000.0 1000000.0 1000000.0 1000000.0 2000000.0 3000000.0 4000000.0 4000000.0 4000000.0 5000000.0 6000000.0 7000000.0 7000000.0 7000000.0 9000000.0 9000000.0 1.3E7 1.4E7
2 1000000.0 2000000.0 3000000.0 4000000.0 5000000.0 6000000.0 7000000.0 8000000.0 1.0E7 1.0E7 1.1E7 1.4E7 1.5E7 1.5E7 1.6E7 1.6E7 1.9E7 1.9E7 1.9E7 2.2E7
3 2000000.0 2000000.0 3.5E7 3.6E7 3.8E7 1.38E8 1.6E8 1.62E8 2.36E8 2.49E8 2.88E8 2.99E8 3.47E8 3.48E8 3.49E8 3.5E8 3.51E8 3.51E8 3.51E8 3.51E8
4 0.0 0.0 1000000.0 2000000.0 3000000.0 7000000.0 7000000.0 8000000.0 8000000.0 8000000.0 1.0E7 1.1E7 1.4E7 1.5E7 1.7E7 1.8E7 1.8E7 1.8E7 2.0E7 2.2E7
5 6000000.0 1.6E7 4.9E7 5.3E7 1.0E8 1.39E8 1.6E8 1.71E8 2.36E8 2.41E8 2.41E8 3.05E8 3.37E8 3.39E8 3.99E8 3.99E8 4.39E8 4.72E8 4.72E8 4.73E8
6 1000000.0 3000000.0 4000000.0 5000000.0 5000000.0 6000000.0 7000000.0 8000000.0 8000000.0 1.0E7 1.3E7 1.5E7 1.6E7 1.6E7 1.6E7 1.8E7 1.8E7 1.9E7 1.9E7 1.9E7
7 2000000.0 4000000.0 5.4E7 5.4E7 1.0E8 1.35E8 1.37E8 1.96E8 1.96E8 1.99E8 2.97E8 2.97E8 3.09E8 3.1E8 3.1E8 3.11E8 3.12E8 4.68E8 4.7E8 4.72E8
8 3000000.0 4000000.0 5000000.0 7000000.0 6.8E7 1.34E8 1.58E8 1.74E8 2.36E8 2.37E8 2.97E8 2.98E8 3.52E8 3.52E8 3.52E8 3.53E8 3.56E8 3.57E8 3.57E8 3.58E8
9 1000000.0 2000000.0 3.7E7 3.8E7 9.6E7 1.3E8 1.6E8 1.61E8 2.11E8 2.11E8 2.92E8 3.03E8 3.42E8 3.42E8 3.42E8 3.42E8 3.42E8 3.43E8 3.43E8 3.44E8
10 0.0 1000000.0 1000000.0 1000000.0 1000000.0 2000000.0 3000000.0 3000000.0 5000000.0 5000000.0 5000000.0 5000000.0 6000000.0 7000000.0 8000000.0 8000000.0 8000000.0 9000000.0 1.0E7 1.1E7
11 0.0 2000000.0 2000000.0 2000000.0 2000000.0 2000000.0 3000000.0 6000000.0 9000000.0 1.2E7 1.3E7 1.5E7 1.5E7 1.5E7 1.6E7 1.7E7 1.8E7 1.8E7 1.8E7 1.8E7
12 6000000.0 7000000.0 2.1E7 2.1E7 9.4E7 1.42E8 1.58E8 1.93E8 2.34E8 2.34E8 2.34E8 2.36E8 3.5E8 3.51E8 3.91E8 3.94E8 4.38E8 4.69E8 4.91E8 5.07E8
13 1000000.0 1000000.0 2000000.0 3000000.0 3000000.0 3000000.0 3000000.0 4000000.0 4000000.0 4000000.0 4000000.0 4000000.0 4000000.0 4000000.0 4000000.0 5000000.0 6000000.0 7000000.0 1.2E7 1.4E7
14 1000000.0 2000000.0 2000000.0 3000000.0 4000000.0 4000000.0 5000000.0 6000000.0 6000000.0 8000000.0 9000000.0 9000000.0 1.0E7 1.1E7 1.2E7 1.4E7 1.4E7 1.6E7 1.6E7 1.7E7
15 2000000.0 2000000.0 2000000.0 2000000.0 2000000.0 4000000.0 6000000.0 7000000.0 9000000.0 9000000.0 9000000.0 1.0E7 1.1E7 1.1E7 1.1E7 1.1E7 1.1E7 1.1E7 1.1E7 1.1E7
16 7000000.0 7000000.0 7000000.0 7000000.0 7000000.0 1.42E8 1.6E8 1.62E8 2.39E8 2.54E8 2.95E8 2.96E8 3.59E8 3.6E8 4.03E8 4.05E8 4.12E8 4.83E8 4.93E8 5.16E8
17 2000000.0 1.6E7 4.2E7 4.3E7 9.6E7 1.47E8 1.59E8 1.74E8 2.37E8 2.4E8 2.92E8 2.92E8 3.6E8 3.62E8 4.05E8 4.07E8 4.28E8 4.82E8 4.98E8 5.17E8
18 5000000.0 1.7E7 4.7E7 5.1E7 9.7E7 1.37E8 1.65E8 1.76E8 2.38E8 2.45E8 2.96E8 3.04E8 3.59E8 3.59E8 4.04E8 4.05E8 4.44E8 4.78E8 4.82E8 5.19E8
19 1000000.0 1000000.0 3000000.0 4000000.0 5000000.0 5000000.0 5000000.0 6000000.0 6000000.0 8000000.0 9000000.0 1.1E7 1.3E7 1.3E7 1.3E7 1.3E7 1.3E7 1.3E7 1.3E7 1.4E7
20 5000000.0 6000000.0 5.0E7 6.9E7 7.6E7 1.47E8 1.71E8 1.99E8 2.41E8 2.52E8 2.98E8 2.98E8 3.57E8 3.57E8 4.01E8 4.09E8 4.42E8 4.75E8 4.91E8 5.16E8
21 3000000.0 5000000.0 4.6E7 6.6E7 7.3E7 1.43E8 1.67E8 1.95E8 2.38E8 2.43E8 2.91E8 2.91E8 3.37E8 3.37E8 3.94E8 4.02E8 4.22E8 4.69E8 4.72E8 5.1E8
22 1000000.0 1000000.0 2000000.0 2000000.0 5000000.0 6000000.0 6000000.0 7000000.0 7000000.0 8000000.0 9000000.0 9000000.0 1.0E7 1.0E7 1.0E7 1.0E7 1.0E7 1.0E7 1.1E7 1.1E7
23 0.0 1000000.0 4000000.0 6000000.0 8000000.0 8000000.0 8000000.0 8000000.0 8000000.0 8000000.0 8000000.0 9000000.0 9000000.0 9000000.0 1.0E7 1.0E7 1.1E7 1.2E7 1.3E7 1.5E7
24 5000000.0 5000000.0 4.5E7 6.7E7 7.5E7 1.43E8 1.65E8 1.94E8 2.36E8 2.49E8 2.76E8 2.76E8 3.48E8 3.49E8 3.98E8 3.98E8 4.37E8 4.69E8 4.71E8 5.12E8
25 1000000.0 2000000.0 2000000.0 3000000.0 5000000.0 5000000.0 7000000.0 8000000.0 1.0E7 1.0E7 1.1E7 1.1E7 1.1E7 1.2E7 1.2E7 1.2E7 1.2E7 1.3E7 1.4E7 1.4E7
26 0.0 2000000.0 2000000.0 6.6E7 7.4E7 1.45E8 1.68E8 1.95E8 2.38E8 2.45E8 2.91E8 3.04E8 3.39E8 3.39E8 3.99E8 4.01E8 4.25E8 4.68E8 4.68E8 5.12E8
27 7000000.0 7000000.0 4.9E7 6.8E7 7.4E7 1.32E8 1.68E8 1.96E8 1.98E8 2.5E8 2.95E8 2.97E8 3.49E8 3.52E8 3.98E8 4.05E8 4.2E8 4.72E8 4.75E8 5.13E8
28 1000000.0 1000000.0 2000000.0 4000000.0 4000000.0 6000000.0 6000000.0 7000000.0 8000000.0 1.0E7 1.1E7 1.2E7 1.2E7 1.3E7 1.4E7 1.7E7 1.7E7 1.7E7 1.9E7 2.1E7
29 6000000.0 1.6E7 4.3E7 4.3E7 4.8E7 1.34E8 1.58E8 1.58E8 2.36E8 2.36E8 2.91E8 2.91E8 3.49E8 3.49E8 3.99E8 3.99E8 4.25E8 4.63E8 4.95E8 5.15E8
30 1000000.0 1000000.0 1000000.0 2000000.0 4000000.0 6000000.0 8000000.0 8000000.0 1.1E7 1.2E7 1.5E7 1.7E7 1.7E7 1.7E7 1.8E7 1.9E7 1.9E7 2.0E7 2.0E7 2.0E7
31 6000000.0 6000000.0 4.9E7 6.7E7 7.5E7 1.43E8 1.67E8 1.94E8 2.34E8 2.45E8 2.95E8 2.96E8 3.41E8 3.42E8 3.93E8 4.01E8 4.19E8 4.71E8 4.71E8 5.08E8
32 2000000.0 2000000.0 2000000.0 4000000.0 6000000.0 7000000.0 7000000.0 8000000.0 9000000.0 1.0E7 1.2E7 1.3E7 1.3E7 1.7E7 1.7E7 1.8E7 1.9E7 2.1E7 2.2E7 2.3E7
33 7000000.0 8000000.0 5.5E7 6.9E7 1.01E8 1.5E8 1.71E8 1.99E8 2.4E8 2.53E8 2.94E8 2.95E8 3.49E8 3.49E8 4.05E8 4.09E8 4.31E8 4.75E8 4.8E8 5.16E8
34 1000000.0 1000000.0 3000000.0 5000000.0 5000000.0 5000000.0 5000000.0 5000000.0 5000000.0 5000000.0 5000000.0 6000000.0 6000000.0 6000000.0 6000000.0 7000000.0 7000000.0 9000000.0 1.0E7 1.0E7
35 6000000.0 6000000.0 4.8E7 6.6E7 7.4E7 1.44E8 1.68E8 1.96E8 2.39E8 2.52E8 2.93E8 2.94E8 3.47E8 3.49E8 3.99E8 4.07E8 4.28E8 4.74E8 4.75E8 5.14E8
36 1000000.0 1000000.0 3000000.0 3000000.0 4000000.0 5000000.0 7000000.0 8000000.0 8000000.0 9000000.0 9000000.0 1.1E7 1.1E7 1.2E7 1.3E7 1.3E7 1.4E7 1.4E7 1.4E7 1.4E7
37 2000000.0 2000000.0 2000000.0 2000000.0 3000000.0 4000000.0 4000000.0 6000000.0 8000000.0 1.1E7 1.3E7 1.5E7 1.6E7 1.7E7 1.8E7 2.0E7 2.2E7 2.2E7 2.2E7 2.2E7
38 0.0 3000000.0 3000000.0 4000000.0 8000000.0 9000000.0 9000000.0 1.0E7 1.1E7 1.2E7 1.3E7 1.4E7 1.5E7 1.7E7 1.9E7 2.0E7 2.0E7 2.0E7 2.1E7 2.1E7
39 3000000.0 3000000.0 3000000.0 3000000.0 6000000.0 1.3E7 1.4E7 1.4E7 1.4E7 1.5E7 1.6E7 1.6E7 1.7E7 1.8E7 1.8E7 1.8E7 1.8E7 1.9E7 1.9E7 2.8E7
40 2000000.0 3000000.0 6000000.0 9000000.0 1.0E7 1.0E7 1.0E7 1.0E7 1.0E7 1.0E7 1.0E7 1.1E7 1.2E7 1.2E7 1.3E7 1.3E7 1.4E7 1.6E7 1.7E7 1.8E7
41 2000000.0 3000000.0 4000000.0 6000000.0 6000000.0 7000000.0 9000000.0 1.1E7 1.1E7 1.2E7 1.2E7 1.2E7 1.4E7 1.4E7 1.5E7 1.7E7 1.7E7 1.8E7 1.8E7 1.8E7
42 0.0 1000000.0 1000000.0 4000000.0 4000000.0 4000000.0 4000000.0 5000000.0 6000000.0 6000000.0 8000000.0 9000000.0 9000000.0 1.0E7 1.1E7 1.1E7 1.2E7 1.4E7 1.5E7 1.6E7
43 1000000.0 1000000.0 2000000.0 2000000.0 2000000.0 2000000.0 3000000.0 5000000.0 7000000.0 7000000.0 8000000.0 8000000.0 8000000.0 9000000.0 1.0E7 1.1E7 1.4E7 1.5E7 1.5E7 1.7E7
44 0.0 0.0 0.0 0.0 0.0 1000000.0 2000000.0 2000000.0 3000000.0 3000000.0 4000000.0 5000000.0 9000000.0 1.0E7 1.2E7 1.3E7 1.4E7 1.4E7 1.4E7 1.5E7
45 1000000.0 1000000.0 2000000.0 3000000.0 3000000.0 6000000.0 6000000.0 6000000.0 6000000.0 6000000.0 6000000.0 6000000.0 7000000.0 8000000.0 8000000.0 9000000.0 9000000.0 1.0E7 1.1E7 1.3E7
46 2000000.0 2000000.0 4000000.0 4000000.0 4000000.0 5000000.0 5000000.0 5000000.0 6000000.0 7000000.0 7000000.0 7000000.0 7000000.0 9000000.0 1.1E7 1.1E7 1.2E7 1.3E7 1.3E7 1.3E7
47 0.0 0.0 2000000.0 2000000.0 2000000.0 2000000.0 4000000.0 5000000.0 6000000.0 2.35E8 2.35E8 2.36E8 2.36E8 2.37E8 2.37E8 2.38E8 2.39E8 2.39E8 2.4E8 2.4E8
48 0.0 0.0 1000000.0 2000000.0 2000000.0 3000000.0 4000000.0 4000000.0 4000000.0 5000000.0 5000000.0 5000000.0 5000000.0 6000000.0 6000000.0 6000000.0 7000000.0 8000000.0 8000000.0 9000000.0
49 0.0 1000000.0 2000000.0 2000000.0 2000000.0 2000000.0 3000000.0 3000000.0 3000000.0 4000000.0 4000000.0 5000000.0 8000000.0 1.0E7 1.1E7 1.3E7 1.4E7 1.5E7 1.5E7 1.6E7
50 0.0 3000000.0 4000000.0 7000000.0 7000000.0 8000000.0 1.1E7 1.1E7 1.2E7 1.3E7 1.4E7 1.5E7 1.6E7 1.6E7 3.1E7 3.1E7 3.1E7 3.2E7 3.3E7 3.4E7
51 1000000.0 1000000.0 1000000.0 1000000.0 2000000.0 2000000.0 2000000.0 2000000.0 2000000.0 3000000.0 4000000.0 5000000.0 5000000.0 5000000.0 6000000.0 6000000.0 7000000.0 8000000.0 9000000.0 9000000.0
