0 3350
1 1982
2 4464
3 3281
4 2960
5 2677
6 762
7 1053
8 1526
9 2868
10 545
11 435
12 4371
13 4082
14 2319
15 4024
16 3452
17 976
18 676
19 1394
20 1350
21 2371
22 2488
23 3022
24 3229
25 3092
26 2433
27 2931
28 1997
29 2815
30 3281
31 4084
32 2386
33 2635
34 2411
35 2737
36 2826
37 3207
38 2585
39 3487
40 2590
41 2130
42 4115
43 3605
44 2965
45 2628
46 3217
47 3967
48 3119
49 3944
50 4116
51 3639
52 4257
53 3048
54 1891
55 3722
56 3354
57 3779
58 2782
59 5383
60 3591
61 2390
62 1495
63 3542
64 2375
65 5047
66 3276
67 1991
68 1388
69 3978
70 3167
71 4673
72 3604
73 4764
74 4496
75 4970
76 5465
77 5266
78 5061
79 3919
80 4185
81 5287
82 1441
83 5445
84 2749
85 4152
86 4107
87 5653
88 5245
89 5121
90 4187
91 2014
92 5285
93 1845
94 4154
95 2371
96 657
97 3953
