records: 20
      Record Time
Host  UsedBuffer

  49376.0 98752.0 148128.0 197504.0 246880.0 296256.0 345632.0 395008.0 444384.0 493760.0 543136.0 592512.0 641888.0 691264.0 740640.0 790016.0 839392.0 888768.0 938144.0 987520.0
0 1.0E9 2.0E9 -1.089934592E9 -8.39934592E8 -8.9934592E7 1.230196224E9 3.45294336E8 -6.9967296E8 -1.129542144E9 -1.42450944E9 -2.64444032E8 -1.4444032E7 -1.4934592E8 3.5065408E8 8.5065408E8 8.5065408E8 8.5065408E8 8.5065408E8 1.10065408E9 1.35065408E9
1 1.25E9 1.25E9 6.60065408E8 6.60065408E8 -7.2483648E8 6.40261632E8 -1.54705664E8 1.05032704E9 -1.379542144E9 -1.379542144E9 -2.64444032E8 1.235555968E9 -1.89934592E9 -1.64934592E9 -1.64934592E9 -1.64934592E9 -1.14934592E9 -1.14934592E9 -1.4934592E8 1.0065408E8
2 -2.044967296E9 -1.794967296E9 1.455032704E9 -8.84901888E8 -1.179869184E9 1.390261632E9 1.595294336E9 -2.44640256E8 -2.129542144E9 1.870457856E9 1.235555968E9 1.985555968E9 -8.9934592E8 -8.9934592E8 8.05686784E8 -1.989280512E9 -1.034247808E9 -1.714116992E9 -1.714116992E9 -2.054051584E9
3 1.0E9 1.0E9 -1.089934592E9 -8.39934592E8 -3.39934592E8 6.40261632E8 -4.04705664E8 -1.69967296E9 -2.129542144E9 2.120457856E9 -1.014444032E9 7.35555968E8 -8.9934592E8 -6.4934592E8 -3.9934592E8 -1.4934592E8 1.0065408E8 1.0065408E8 1.0065408E8 1.0065408E8
4 1.25E9 1.25E9 1.910065408E9 -2.134901888E9 -2.2483648E8 1.390261632E9 -1.404705664E9 -1.994640256E9 -2.129542144E9 3.70457856E8 2.35555968E8 -1.559411328E9 1.0065408E8 3.5065408E8 8.5065408E8 1.10065408E9 1.10065408E9 -1.964116992E9 -1.464116992E9 -9.64116992E8
5 1.25E9 1.75E9 4.10065408E8 -1.134901888E9 -4.7483648E8 1.40261632E8 -6.54705664E8 1.55032704E9 -2.129542144E9 -8.79542144E8 -8.79542144E8 -1.809411328E9 2.145621376E9 -1.64934592E9 1.35065408E9 1.35065408E9 -7.39280512E8 -1.714116992E9 -1.714116992E9 -1.464116992E9
6 2.0E9 -1.794967296E9 1.160065408E9 1.410065408E9 8.65098112E8 8.90261632E8 2.095294336E9 5.05359744E8 -1.379542144E9 -9.2450944E8 2.35555968E8 7.35555968E8 -6.4934592E8 -6.4934592E8 -4.89280512E8 1.0719488E7 1.0719488E7 -9.64116992E8 -9.64116992E8 -9.64116992E8
7 2.5E8 7.5E8 -7.94967296E8 -7.94967296E8 -1.839934592E9 1.480196224E9 1.980196224E9 5.05359744E8 5.05359744E8 1.255359744E9 -1.084574848E9 -1.084574848E9 -8.4574848E7 1.65425152E8 1.65425152E8 4.15425152E8 6.65425152E8 -1.29542144E8 3.70457856E8 3.70457856E8
8 1.0E9 1.25E9 1.5E9 1.5E9 1.5E9 9.35228928E8 -1.859738368E9 -1.9967296E8 6.65425152E8 9.15425152E8 4.85555968E8 7.35555968E8 1.90588672E8 1.90588672E8 1.90588672E8 4.40588672E8 1.190588672E9 1.440588672E9 1.440588672E9 1.690588672E9
9 1.0E9 1.25E9 -2.089934592E9 -1.839934592E9 8.65098112E8 1.935228928E9 -4.04705664E8 -4.04705664E8 -1.19967296E9 -1.19967296E9 -5.14444032E8 -1.559411328E9 -1.14934592E9 -1.14934592E9 -1.14934592E9 -1.14934592E9 -1.14934592E9 -8.9934592E8 -8.9934592E8 -6.4934592E8
10 1.25E9 1.75E9 1.205032704E9 1.205032704E9 -6.79869184E8 -1.109738368E9 -6.09738368E8 3.0032704E8 -1.129542144E9 3.70457856E8 2.35555968E8 2.35555968E8 -8.9934592E8 -6.4934592E8 -1.444313216E9 -1.444313216E9 -3.4247808E7 -1.464116992E9 -1.214116992E9 -9.64116992E8
11 1.75E9 -2.044967296E9 -2.044967296E9 -2.044967296E9 -2.044967296E9 -2.044967296E9 -1.794967296E9 2.02516352E9 -1.519803776E9 -2.69803776E8 -1.4444032E7 4.85555968E8 6.0065408E8 6.0065408E8 1.305686784E9 1.555686784E9 1.805686784E9 -9.64116992E8 -9.64116992E8 -9.64116992E8
12 1.25E9 1.5E9 -1.044967296E9 -1.044967296E9 -1.22483648E9 -1.09738368E8 -9.04705664E8 -7.44640256E8 1.665425152E9 1.665425152E9 1.665425152E9 -2.129542144E9 1.620457856E9 1.870457856E9 7.80523264E8 1.530523264E9 -1.739280512E9 1.830850304E9 -2.14116992E8 2.40915712E8
13 1.25E9 1.25E9 -1.839934592E9 -1.589934592E9 -1.589934592E9 1.640261632E9 9.5294336E7 -9.4967296E8 -1.629542144E9 -1.629542144E9 -1.264444032E9 -1.264444032E9 1.10065408E9 1.10065408E9 1.10065408E9 1.35065408E9 -2.39280512E8 1.830850304E9 7.85883008E8 1.490915712E9
14 1.0E9 1.25E9 1.955032704E9 -2.089934592E9 -2.2483648E8 1.390261632E9 5.95294336E8 -1.244640256E9 -1.129542144E9 1.370457856E9 -7.64444032E8 -1.559411328E9 -3.9934592E8 -1.4934592E8 1.0065408E8 6.0065408E8 -9.89280512E8 3.30850304E8 3.30850304E8 5.80850304E8
15 5.0E8 5.0E8 5.0E8 5.0E8 5.0E8 1.0E9 1.5E9 1.75E9 -2.044967296E9 -2.044967296E9 -2.044967296E9 -1.794967296E9 -1.544967296E9 -1.544967296E9 -1.544967296E9 -1.544967296E9 -1.544967296E9 -1.544967296E9 -1.544967296E9 -1.544967296E9
16 1.75E9 1.75E9 1.75E9 1.75E9 1.75E9 1.160065408E9 1.660065408E9 -2.134901888E9 -8.79542144E8 1.870457856E9 -2.64444032E8 -1.4444032E7 8.5065408E8 1.10065408E9 -1.739280512E9 -1.239280512E9 -7.39280512E8 -7.14116992E8 7.85883008E8 -1.554051584E9
17 1.0E9 -1.794967296E9 -1.839934592E9 -1.589934592E9 7.0130816E7 1.390261632E9 -1.154705664E9 -1.244640256E9 -1.129542144E9 -1.129542144E9 2.35555968E8 2.35555968E8 1.35065408E9 1.85065408E9 -9.89280512E8 -4.89280512E8 -4.89280512E8 -7.14116992E8 1.035883008E9 -1.304051584E9
18 0.0 2.5E8 2.5E8 5.0E8 7.5E8 1.25E9 1.25E9 1.25E9 1.25E9 2.0E9 2.0E9 2.0E9 2.0E9 2.0E9 -2.044967296E9 -1.794967296E9 -1.544967296E9 -1.044967296E9 -1.044967296E9 -1.044967296E9
19 1.25E9 1.25E9 -1.794967296E9 -8.84901888E8 -2.2483648E8 8.90261632E8 -1.54705664E8 5.032704E7 -2.129542144E9 -1.629542144E9 -1.4444032E7 -1.309411328E9 -1.4934592E8 -1.4934592E8 -1.694313216E9 -1.694313216E9 -9.89280512E8 -1.714116992E9 5.35883008E8 1.990915712E9
20 1.25E9 1.5E9 1.60065408E8 4.10065408E8 7.0130816E7 1.640261632E9 1.845294336E9 1.255359744E9 -8.79542144E8 1.870457856E9 7.35555968E8 7.35555968E8 8.5065408E8 8.5065408E8 2.60719488E8 1.260719488E9 1.215752192E9 -9.64116992E8 -4.64116992E8 -1.554051584E9
21 2.5E8 7.5E8 7.5E8 7.5E8 7.5E8 7.5E8 1.25E9 1.75E9 2.0E9 2.0E9 -1.794967296E9 -1.794967296E9 -1.544967296E9 -1.544967296E9 -1.544967296E9 -1.294967296E9 -1.044967296E9 -7.94967296E8 -5.44967296E8 -5.44967296E8
22 2.5E8 2.5E8 5.0E8 5.0E8 1.25E9 1.5E9 1.5E9 1.75E9 1.75E9 2.0E9 -2.044967296E9 -2.044967296E9 -1.794967296E9 -1.794967296E9 -1.794967296E9 -1.794967296E9 -1.794967296E9 -1.794967296E9 -1.544967296E9 -1.544967296E9
23 1.0E9 1.75E9 -1.794967296E9 -1.294967296E9 -7.94967296E8 9.10065408E8 9.35228928E8 -6.9967296E8 -6.9967296E8 -6.9967296E8 -6.9967296E8 -4.4967296E8 -4.4967296E8 -4.4967296E8 -1.9967296E8 -1.9967296E8 5.032704E7 -9.94640256E8 2.005359744E9 -1.789607552E9
24 1.25E9 1.25E9 -8.39934592E8 -8.39934592E8 7.0130816E7 -6.09738368E8 1.595294336E9 2.55359744E8 -2.129542144E9 -1.92450944E9 5.30523264E8 5.30523264E8 -1.14934592E9 -8.9934592E8 1.055686784E9 1.055686784E9 -2.84247808E8 1.830850304E9 -1.964116992E9 1.740915712E9
25 1.25E9 1.75E9 -2.044967296E9 -1.794967296E9 6.60065408E8 1.660065408E9 1.185228928E9 1.55032704E9 5.05359744E8 5.05359744E8 7.55359744E8 7.55359744E8 7.55359744E8 1.005359744E9 1.005359744E9 1.005359744E9 1.005359744E9 1.255359744E9 -1.539607552E9 -1.539607552E9
26 0.0 5.0E8 5.0E8 -8.84901888E8 -1.79869184E8 8.90261632E8 1.345294336E9 2.55359744E8 1.665425152E9 -1.29542144E8 -2.64444032E8 -2.64444032E8 -1.39934592E9 -1.39934592E9 1.305686784E9 1.805686784E9 9.65752192E8 -1.714116992E9 -1.714116992E9 1.990915712E9
27 2.0E9 2.0E9 2.05032704E8 -1.634901888E9 -9.29869184E8 -1.109738368E9 1.595294336E9 5.05359744E8 1.005359744E9 -1.42450944E9 -1.4444032E7 4.85555968E8 -8.9934592E8 -1.4934592E8 1.555686784E9 1.010719488E9 -1.034247808E9 -1.464116992E9 -7.14116992E8 -2.054051584E9
28 1.5E9 1.75E9 2.0E9 -1.294967296E9 -1.294967296E9 -1.814771072E9 -8.59738368E8 2.095294336E9 -7.44640256E8 -2.44640256E8 2.35555968E8 4.85555968E8 -6.4934592E8 -1.4934592E8 1.555686784E9 -1.989280512E9 -1.989280512E9 2.080850304E9 -1.714116992E9 -1.214116992E9
29 1.5E9 2.0E9 -1.339934592E9 -1.339934592E9 6.60065408E8 2.30196224E8 -1.404705664E9 -1.404705664E9 6.65425152E8 6.65425152E8 -1.4444032E7 -1.4444032E7 -8.9934592E8 -8.9934592E8 -9.44313216E8 -9.44313216E8 -3.4247808E7 2.1258176E9 2.035883008E9 -1.804051584E9
30 1.0E9 1.5E9 1.5E9 1.75E9 -2.044967296E9 -1.544967296E9 -1.044967296E9 -1.044967296E9 -2.134901888E9 -1.884901888E9 5.70130816E8 1.070130816E9 1.070130816E9 1.070130816E9 1.320130816E9 1.570130816E9 1.570130816E9 -5.19803776E8 -5.19803776E8 -5.19803776E8
31 -1.794967296E9 -1.794967296E9 9.55032704E8 -8.84901888E8 7.0130816E7 6.40261632E8 -1.94967296E9 2.55359744E8 1.915425152E9 1.370457856E9 -1.4444032E7 2.35555968E8 1.895621376E9 2.145621376E9 5.5686784E7 -9.89280512E8 -7.84247808E8 1.330850304E9 1.330850304E9 7.40915712E8
32 5.0E8 5.0E8 5.0E8 1.0E9 1.5E9 1.75E9 1.75E9 2.0E9 -2.044967296E9 -1.794967296E9 -1.294967296E9 -1.044967296E9 -1.044967296E9 -4.4967296E7 -4.4967296E7 2.05032704E8 4.55032704E8 9.55032704E8 1.205032704E9 1.455032704E9
33 1.75E9 2.0E9 -2.134901888E9 1.15098112E8 1.02516352E9 -1.904705664E9 -1.69967296E9 7.55359744E8 -1.129542144E9 -9.2450944E8 4.85555968E8 7.35555968E8 -3.9934592E8 -3.9934592E8 1.010719488E9 1.010719488E9 1.715752192E9 -7.14116992E8 -7.14116992E8 -1.304051584E9
34 2.5E8 2.5E8 7.5E8 1.25E9 1.25E9 1.25E9 1.25E9 1.25E9 1.25E9 1.25E9 1.25E9 1.5E9 1.5E9 1.5E9 1.5E9 1.75E9 1.75E9 -2.044967296E9 -1.794967296E9 -1.794967296E9
35 1.5E9 1.5E9 -1.089934592E9 -1.34901888E8 3.20130816E8 6.40261632E8 1.845294336E9 2.55359744E8 -1.379542144E9 -1.17450944E9 -1.4444032E7 2.35555968E8 -8.9934592E8 -3.9934592E8 1.555686784E9 1.555686784E9 7.15752192E8 -1.214116992E9 -9.64116992E8 -2.054051584E9
36 2.5E8 2.5E8 1.25E9 1.25E9 1.5E9 1.75E9 -2.044967296E9 -1.794967296E9 -1.794967296E9 -1.544967296E9 -1.544967296E9 -1.044967296E9 -1.044967296E9 -7.94967296E8 -5.44967296E8 -5.44967296E8 -2.94967296E8 -2.94967296E8 -2.94967296E8 -2.94967296E8
37 5.0E8 5.0E8 5.0E8 5.0E8 7.5E8 1.0E9 1.0E9 1.5E9 2.0E9 -1.544967296E9 -1.044967296E9 -5.44967296E8 -2.94967296E8 -4.4967296E7 2.05032704E8 7.05032704E8 1.205032704E9 1.205032704E9 1.205032704E9 1.205032704E9
38 0.0 7.5E8 7.5E8 1.0E9 2.0E9 -2.044967296E9 -2.044967296E9 -1.794967296E9 -1.544967296E9 -1.294967296E9 -1.044967296E9 -7.94967296E8 -5.44967296E8 -4.4967296E7 4.55032704E8 7.05032704E8 7.05032704E8 7.05032704E8 9.55032704E8 9.55032704E8
39 7.5E8 7.5E8 7.5E8 7.5E8 1.5E9 2.0E9 -2.044967296E9 -2.044967296E9 -2.044967296E9 -1.794967296E9 -1.544967296E9 -1.544967296E9 -1.294967296E9 -1.044967296E9 -1.044967296E9 -1.044967296E9 -1.044967296E9 -7.94967296E8 -7.94967296E8 -2.94967296E8
40 5.0E8 7.5E8 1.5E9 1.75E9 2.0E9 2.0E9 2.0E9 2.0E9 2.0E9 2.0E9 2.0E9 -2.044967296E9 -1.794967296E9 -1.794967296E9 -1.544967296E9 -1.544967296E9 -1.294967296E9 -7.94967296E8 -5.44967296E8 -2.94967296E8
41 5.0E8 7.5E8 1.0E9 1.5E9 1.5E9 1.75E9 -2.044967296E9 -1.544967296E9 -1.544967296E9 -1.294967296E9 -1.294967296E9 -1.294967296E9 -7.94967296E8 -7.94967296E8 -5.44967296E8 -4.4967296E7 -4.4967296E7 2.05032704E8 2.05032704E8 2.05032704E8
42 0.0 2.5E8 2.5E8 1.0E9 1.0E9 1.0E9 1.0E9 1.25E9 1.5E9 1.5E9 2.0E9 -2.044967296E9 -2.044967296E9 -1.794967296E9 -1.544967296E9 -1.544967296E9 -1.294967296E9 -7.94967296E8 -5.44967296E8 -2.94967296E8
43 2.5E8 2.5E8 5.0E8 5.0E8 5.0E8 5.0E8 7.5E8 1.25E9 1.75E9 1.75E9 2.0E9 2.0E9 2.0E9 -2.044967296E9 -1.794967296E9 -1.544967296E9 -7.94967296E8 -5.44967296E8 -5.44967296E8 -4.4967296E7
44 0.0 0.0 0.0 0.0 0.0 2.5E8 5.0E8 5.0E8 7.5E8 7.5E8 1.0E9 1.25E9 -3.39934592E8 -8.9934592E7 4.10065408E8 6.60065408E8 9.10065408E8 9.10065408E8 9.10065408E8 1.160065408E9
45 2.5E8 2.5E8 5.0E8 7.5E8 7.5E8 1.5E9 1.5E9 1.5E9 1.5E9 1.5E9 1.5E9 1.5E9 1.75E9 2.0E9 2.0E9 -2.044967296E9 -2.044967296E9 -1.794967296E9 -1.544967296E9 -1.044967296E9
46 5.0E8 5.0E8 1.0E9 1.0E9 1.0E9 1.25E9 1.25E9 1.25E9 1.5E9 1.75E9 1.75E9 1.75E9 1.75E9 -2.044967296E9 -1.544967296E9 -1.544967296E9 -1.294967296E9 -1.044967296E9 -1.044967296E9 -1.044967296E9
47 0.0 0.0 5.0E8 5.0E8 5.0E8 5.0E8 1.0E9 1.25E9 1.25E9 1.25E9 1.25E9 1.5E9 1.5E9 1.75E9 1.75E9 2.0E9 -2.044967296E9 -2.044967296E9 -1.794967296E9 -1.794967296E9
48 0.0 0.0 2.5E8 5.0E8 5.0E8 7.5E8 1.0E9 1.0E9 1.0E9 1.25E9 1.25E9 1.25E9 1.25E9 1.5E9 1.5E9 1.5E9 1.75E9 2.0E9 2.0E9 -2.044967296E9
49 0.0 2.5E8 5.0E8 5.0E8 5.0E8 5.0E8 7.5E8 7.5E8 7.5E8 1.0E9 1.0E9 1.25E9 2.0E9 -1.794967296E9 -1.544967296E9 -1.044967296E9 -7.94967296E8 -5.44967296E8 -5.44967296E8 -2.94967296E8
50 0.0 7.5E8 1.0E9 1.75E9 1.75E9 2.0E9 -1.544967296E9 -1.544967296E9 -1.294967296E9 -1.044967296E9 -7.94967296E8 -5.44967296E8 -2.94967296E8 -2.94967296E8 -4.4967296E7 -4.4967296E7 -4.4967296E7 2.05032704E8 4.55032704E8 7.05032704E8
51 2.5E8 2.5E8 2.5E8 2.5E8 5.0E8 5.0E8 5.0E8 5.0E8 5.0E8 7.5E8 1.0E9 1.25E9 1.25E9 1.25E9 1.5E9 1.5E9 1.75E9 2.0E9 -2.044967296E9 -2.044967296E9
