records: 20
      Record Time
Host  UsedBuffer

  17959.0 35918.0 53877.0 71836.0 89795.0 107754.0 125713.0 143672.0 161631.0 179590.0 197549.0 215508.0 233467.0 251426.0 269385.0 287344.0 305303.0 323262.0 341221.0 359180.0
0 1.205032704E9 -1.589934592E9 -8.9934592E7 9.10065408E8 6.15098112E8 -8.59738368E8 -6.54705664E8 8.45294336E8 1.845294336E9 -4.4967296E8 1.05032704E9 1.05032704E9 -1.744640256E9 -1.244640256E9 -1.539607552E9 -3.9607552E7 4.60392448E8 9.60392448E8 -1.834574848E9 1.870457856E9
1 -2.94967296E8 -2.089934592E9 -2.089934592E9 -2.089934592E9 1.910065408E9 6.40261632E8 3.45294336E8 8.45294336E8 1.345294336E9 1.345294336E9 -1.94967296E9 -1.334574848E9 6.65425152E8 -1.129542144E9 -1.719476736E9 -7.19476736E8 2.80523264E8 7.80523264E8 1.780523264E9 1.690588672E9
2 2.05032704E8 -1.089934592E9 -1.884901888E9 1.15098112E8 2.516352E7 -3.59738368E8 -1.654705664E9 -1.54705664E8 8.45294336E8 1.845294336E9 -3.9607552E7 6.65425152E8 1.165425152E9 1.665425152E9 -1.92450944E9 1.57549056E9 2.07549056E9 2.07549056E9 -1.719476736E9 -3.09411328E8
3 1.705032704E9 -8.9934592E7 4.10065408E8 9.10065408E8 2.516352E7 -8.59738368E8 -1.154705664E9 -6.54705664E8 -1.54705664E8 -1.54705664E8 -5.39607552E8 1.65425152E8 1.165425152E9 -1.629542144E9 -6.29542144E8 -1.29542144E8 -1.29542144E8 1.870457856E9 -9.2450944E8 -1.014444032E9
4 1.705032704E9 -1.089934592E9 -5.89934592E8 4.10065408E8 9.10065408E8 -1.884901888E9 -3.84901888E8 6.15098112E8 1.615098112E9 -1.179869184E9 -1.79869184E8 1.320130816E9 1.820130816E9 -9.7483648E8 -4.7483648E8 5.2516352E8 1.52516352E9 2.02516352E9 -1.769803776E9 -1.269803776E9
5 1.705032704E9 -5.89934592E8 -8.9934592E7 1.410065408E9 1.15098112E8 -3.59738368E8 6.40261632E8 6.40261632E8 -1.654705664E9 -1.154705664E9 -1.54705664E8 3.45294336E8 3.45294336E8 1.845294336E9 -1.44967296E9 5.032704E7 -1.744640256E9 -1.244640256E9 2.55359744E8 -1.334574848E9
6 7.05032704E8 -2.089934592E9 -1.589934592E9 -8.9934592E7 1.15098112E8 -1.359738368E9 -8.59738368E8 1.40261632E8 6.40261632E8 1.140261632E9 1.640261632E9 2.140261632E9 -1.154705664E9 -1.54705664E8 -1.129542144E9 2.07549056E9 -7.19476736E8 7.80523264E8 -2.014444032E9 -3.09411328E8
7 7.05032704E8 -1.589934592E9 -1.589934592E9 -1.089934592E9 -5.89934592E8 -5.89934592E8 -8.9934592E7 9.10065408E8 1.910065408E9 -8.84901888E8 -8.84901888E8 1.15098112E8 1.115098112E9 1.615098112E9 -1.679869184E9 -1.179869184E9 -6.79869184E8 -1.79869184E8 -1.79869184E8 -4.4967296E8
8 2.05032704E8 -1.089934592E9 -1.884901888E9 1.15098112E8 1.820130816E9 -1.359738368E9 -1.154705664E9 3.45294336E8 1.345294336E9 -1.94967296E9 -3.9607552E7 1.165425152E9 1.165425152E9 8.70457856E8 -2.19476736E8 7.80523264E8 7.80523264E8 -2.014444032E9 -5.14444032E8 1.485555968E9
