records: 20
      Record Time
Host  UsedBuffer

  49376.0 98752.0 148128.0 197504.0 246880.0 296256.0 345632.0 395008.0 444384.0 493760.0 543136.0 592512.0 641888.0 691264.0 740640.0 790016.0 839392.0 888768.0 938144.0 987520.0
0 0.0 1.0E9 1.0E9 1.25E9 1.75E9 1.75E9 -2.044967296E9 -1.794967296E9 -1.544967296E9 -1.544967296E9 -1.544967296E9 -1.544967296E9 -1.294967296E9 -7.94967296E8 -2.94967296E8 -2.94967296E8 -2.94967296E8 -2.94967296E8 -4.4967296E7 2.05032704E8
1 1.25E9 1.25E9 6.60065408E8 6.60065408E8 3.20130816E8 -1.09738368E8 -1.654705664E9 8.45294336E8 1.65425152E8 1.65425152E8 -1.014444032E9 -7.64444032E8 -1.04378624E8 1.45621376E8 1.45621376E8 1.45621376E8 6.45621376E8 6.45621376E8 1.645621376E9 1.895621376E9
2 -2.044967296E9 -1.794967296E9 1.455032704E9 -1.134901888E9 8.65098112E8 1.40261632E8 1.095294336E9 -1.744640256E9 -3.34574848E8 -8.79542144E8 4.85555968E8 1.235555968E9 1.395621376E9 1.395621376E9 2.10065408E9 2.10065408E9 5.10719488E8 -4.19149696E8 -4.19149696E8 -7.59084288E8
3 1.0E9 1.0E9 -1.839934592E9 -1.589934592E9 -1.089934592E9 -1.859738368E9 2.140261632E9 9.5294336E7 -3.34574848E8 -6.29542144E8 -1.469476736E9 -9.69476736E8 1.395621376E9 1.645621376E9 1.895621376E9 2.145621376E9 -1.89934592E9 -1.89934592E9 -1.89934592E9 -1.89934592E9
4 1.25E9 1.25E9 1.910065408E9 -2.134901888E9 8.20130816E8 3.90261632E8 6.40261632E8 3.45294336E8 -8.34574848E8 1.665425152E9 -5.14444032E8 9.85555968E8 -1.64934592E9 -1.39934592E9 -8.9934592E8 -6.4934592E8 -6.4934592E8 -6.69149696E8 -1.69149696E8 3.30850304E8
5 1.25E9 1.75E9 4.55032704E8 1.410065408E9 -2.2483648E8 -1.859738368E9 1.890261632E9 -1.9967296E8 -8.34574848E8 -8.34574848E8 -8.34574848E8 7.35555968E8 1.45621376E8 6.45621376E8 -1.4934592E8 -1.4934592E8 -3.4247808E7 -4.19149696E8 -4.19149696E8 -1.69149696E8
6 2.0E9 -1.794967296E9 1.60065408E8 4.10065408E8 -1.134901888E9 -1.09738368E8 5.95294336E8 -1.244640256E9 -8.4574848E7 3.70457856E8 1.280523264E9 1.780523264E9 1.645621376E9 1.645621376E9 1.805686784E9 -1.989280512E9 -1.489280512E9 3.30850304E8 3.30850304E8 3.30850304E8
7 2.5E8 7.5E8 -7.94967296E8 -7.94967296E8 -2.089934592E9 1.230196224E9 1.730196224E9 -7.44640256E8 -7.44640256E8 5359744.0 -1.584574848E9 -1.584574848E9 -5.84574848E8 -3.34574848E8 -3.34574848E8 -8.4574848E7 1.65425152E8 -4.69476736E8 3.0523264E7 3.0523264E7
8 1.25E9 1.5E9 1.75E9 1.75E9 1.75E9 -1.109738368E9 1.140261632E9 1.345294336E9 -1.334574848E9 -1.084574848E9 -2.64444032E8 -1.4444032E7 1.895621376E9 1.895621376E9 1.895621376E9 2.145621376E9 -1.39934592E9 -1.14934592E9 -1.14934592E9 -8.9934592E8
9 0.0 2.5E8 2.5E8 5.0E8 5.0E8 7.5E8 7.5E8 7.5E8 1.0E9 1.0E9 1.25E9 1.25E9 1.75E9 1.75E9 1.75E9 1.75E9 1.75E9 2.0E9 2.0E9 -2.044967296E9
10 0.0 2.5E8 2.5E8 2.5E8 2.5E8 5.0E8 7.5E8 7.5E8 1.25E9 1.25E9 1.25E9 1.25E9 1.5E9 1.75E9 2.0E9 2.0E9 2.0E9 -2.044967296E9 -1.794967296E9 -1.544967296E9
11 1.75E9 -2.044967296E9 -2.044967296E9 -2.044967296E9 -2.044967296E9 -2.044967296E9 -1.794967296E9 1.27516352E9 2.02516352E9 -1.519803776E9 7.80523264E8 1.280523264E9 -1.14934592E9 -1.14934592E9 -6.94313216E8 -4.44313216E8 -1.94313216E8 3.30850304E8 3.30850304E8 3.30850304E8
12 1.25E9 1.5E9 1.5E9 1.5E9 1.115098112E9 -8.59738368E8 1.890261632E9 2.05032704E9 1.960392448E9 1.960392448E9 1.960392448E9 -1.834574848E9 1.915425152E9 -2.129542144E9 -4.69476736E8 2.80523264E8 -1.239280512E9 -1.169149696E9 2.080850304E9 1.035883008E9
13 2.5E8 2.5E8 5.0E8 7.5E8 7.5E8 7.5E8 7.5E8 1.0E9 1.0E9 1.0E9 1.0E9 1.0E9 1.0E9 1.0E9 1.0E9 1.25E9 1.5E9 1.75E9 -1.294967296E9 -7.94967296E8
14 1.0E9 1.25E9 1.955032704E9 -2.089934592E9 5.70130816E8 3.90261632E8 -1.154705664E9 1.55032704E9 4.15425152E8 -1.379542144E9 2.030523264E9 9.85555968E8 1.895621376E9 2.145621376E9 -1.89934592E9 -1.39934592E9 1.805686784E9 -1.419149696E9 -1.419149696E9 -1.169149696E9
15 1.5E9 1.5E9 4.55032704E8 4.55032704E8 -1.179869184E9 -1.09738368E8 8.45294336E8 -1.244640256E9 -5.84574848E8 -1.879542144E9 -7.64444032E8 -5.14444032E8 8.95621376E8 8.95621376E8 1.60065408E9 1.60065408E9 1.60065408E9 -1.1241824E9 -1.1241824E9 -1.1241824E9
16 1.75E9 1.75E9 1.75E9 1.75E9 1.75E9 7.05032704E8 1.205032704E9 1.705032704E9 4.15425152E8 -1.129542144E9 1.530523264E9 1.780523264E9 -8.9934592E8 -6.4934592E8 -1.694313216E9 -1.194313216E9 -6.94313216E8 5.80850304E8 -1.964116992E9 -9084288.0
17 1.0E9 -1.794967296E9 -1.339934592E9 -1.089934592E9 3.20130816E8 1.40261632E8 1.390261632E9 1.30032704E9 1.65425152E8 1.65425152E8 -4.69476736E8 -4.69476736E8 -3.9934592E8 1.0065408E8 -9.44313216E8 -4.44313216E8 -4.44313216E8 5.80850304E8 -1.464116992E9 2.40915712E8
18 1.0E9 1.25E9 7.05032704E8 9.55032704E8 -3.39934592E8 4.35228928E8 6.40261632E8 1.845294336E9 -8.4574848E7 6.65425152E8 3.0523264E7 3.0523264E7 -1.89934592E9 -1.89934592E9 -9.44313216E8 -6.94313216E8 -5.34247808E8 8.30850304E8 1.330850304E9 4.90915712E8
19 2.5E8 2.5E8 7.5E8 1.0E9 1.25E9 1.25E9 1.25E9 1.5E9 1.5E9 2.0E9 -2.044967296E9 -1.544967296E9 -1.044967296E9 -1.044967296E9 -1.044967296E9 -1.044967296E9 -1.044967296E9 -1.044967296E9 -1.044967296E9 -7.94967296E8
20 1.25E9 1.5E9 6.60065408E8 9.10065408E8 -9.29869184E8 6.40261632E8 1.845294336E9 -2.44640256E8 6.65425152E8 -1.129542144E9 -1.4444032E7 -1.4444032E7 -1.89934592E9 -1.89934592E9 -1.239280512E9 -1.239280512E9 -1.284247808E9 5.80850304E8 8.30850304E8 -9084288.0
21 1.25E9 1.75E9 -5.44967296E8 -5.44967296E8 -1.429869184E9 -3.59738368E8 8.45294336E8 -1.244640256E9 -8.4574848E7 9.15425152E8 -1.014444032E9 -1.014444032E9 3.95621376E8 3.95621376E8 -1.694313216E9 5.5686784E7 1.010719488E9 -1.169149696E9 -4.19149696E8 -1.759084288E9
22 1.25E9 1.25E9 1.5E9 1.5E9 -2.044967296E9 2.7516352E8 -2.69803776E8 -1.9803776E7 -8.4574848E7 -1.379542144E9 -7.64444032E8 1.485555968E9 -1.14934592E9 -1.14934592E9 -1.739280512E9 -1.739280512E9 -1.739280512E9 -1.69149696E8 1.330850304E9 -1.009084288E9
23 1.0E9 1.75E9 -1.794967296E9 -1.294967296E9 -7.94967296E8 1.660065408E9 1.435228928E9 5.95294336E8 5.95294336E8 5.95294336E8 5.95294336E8 8.45294336E8 8.45294336E8 8.45294336E8 1.095294336E9 1.095294336E9 1.345294336E9 -9.4967296E8 -6.9967296E8 -1.9967296E8
24 0.0 0.0 0.0 0.0 2.5E8 2.5E8 1.0E9 1.0E9 1.25E9 1.75E9 2.0E9 2.0E9 -2.044967296E9 -1.794967296E9 -1.294967296E9 -1.294967296E9 -1.294967296E9 -1.294967296E9 -7.94967296E8 -2.94967296E8
25 1.25E9 1.75E9 -2.044967296E9 -1.794967296E9 1.160065408E9 1.160065408E9 1.685228928E9 1.095294336E9 2.095294336E9 2.095294336E9 -1.94967296E9 -1.94967296E9 -1.94967296E9 -1.69967296E9 -1.69967296E9 -1.69967296E9 -1.69967296E9 -4.4967296E8 5.032704E7 5.032704E7
26 0.0 5.0E8 5.0E8 1.15098112E8 -1.179869184E9 -1.79869184E8 1.390261632E9 -1.244640256E9 -8.4574848E7 1.415425152E9 5.30523264E8 5.30523264E8 8.95621376E8 8.95621376E8 -6.94313216E8 -1.94313216E8 -1.784247808E9 -4.19149696E8 -4.19149696E8 -1.009084288E9
27 2.0E9 2.0E9 2.05032704E8 1.60065408E8 1.615098112E9 1.935228928E9 -4.04705664E8 -7.44640256E8 -2.44640256E8 1.20457856E8 -7.64444032E8 -2.64444032E8 1.395621376E9 2.145621376E9 -1.194313216E9 -1.239280512E9 1.010719488E9 -4.19149696E8 3.30850304E8 -1.009084288E9
28 1.5E9 1.75E9 1.705032704E9 -1.589934592E9 -1.589934592E9 -1.769803776E9 -1.019803776E9 1.935228928E9 -1.859738368E9 -1.09738368E8 -5.14444032E8 -2.64444032E8 1.645621376E9 2.145621376E9 -1.444313216E9 -6.94313216E8 -6.94313216E8 -9.19149696E8 -4.19149696E8 8.0850304E7
29 1.5E9 2.0E9 -8.39934592E8 -8.39934592E8 1.160065408E9 2.02516352E9 1.390261632E9 1.390261632E9 -1.334574848E9 -1.334574848E9 -4.69476736E8 -4.69476736E8 1.395621376E9 1.395621376E9 1.35065408E9 1.35065408E9 1.760719488E9 -1.241824E8 -7.14116992E8 -5.09084288E8
30 1.0E9 1.5E9 1.5E9 1.75E9 -2.044967296E9 -1.544967296E9 -1.044967296E9 -1.044967296E9 -2.134901888E9 -1.884901888E9 3.20130816E8 8.20130816E8 8.20130816E8 8.20130816E8 1.070130816E9 1.320130816E9 1.320130816E9 -7.69803776E8 -7.69803776E8 -7.69803776E8
31 -1.794967296E9 -1.794967296E9 4.55032704E8 9.10065408E8 -9.29869184E8 -6.09738368E8 5.95294336E8 -1.494640256E9 -1.084574848E9 -1.629542144E9 -7.64444032E8 -5.14444032E8 -1.04378624E8 1.45621376E8 1.85065408E9 1.305686784E9 7.60719488E8 -1.669149696E9 -1.669149696E9 2.035883008E9
32 1.5E9 1.5E9 6.60065408E8 1.160065408E9 1.570130816E9 -8.59738368E8 -8.59738368E8 1.595294336E9 4.15425152E8 -1.629542144E9 -5.14444032E8 1.735555968E9 -6.4934592E8 3.5065408E8 -1.694313216E9 -1.444313216E9 7.60719488E8 3.30850304E8 5.80850304E8 -9084288.0
33 1.75E9 2.0E9 -2.134901888E9 -3.84901888E8 -4.7483648E8 8.90261632E8 1.095294336E9 -7.44640256E8 4.15425152E8 3.70457856E8 1.280523264E9 1.530523264E9 1.895621376E9 1.895621376E9 -9.89280512E8 -9.89280512E8 -1.034247808E9 8.30850304E8 8.30850304E8 -9084288.0
34 2.5E8 2.5E8 7.5E8 1.25E9 1.25E9 1.25E9 1.25E9 1.25E9 1.25E9 1.25E9 1.25E9 1.5E9 1.5E9 1.5E9 1.5E9 1.75E9 1.75E9 -2.044967296E9 -1.794967296E9 -1.794967296E9
35 1.5E9 1.5E9 4.55032704E8 -3.84901888E8 -9.29869184E8 -1.09738368E8 8.45294336E8 -1.244640256E9 1.65425152E8 1.20457856E8 -7.64444032E8 -5.14444032E8 1.395621376E9 1.895621376E9 -1.444313216E9 -1.444313216E9 -1.784247808E9 8.0850304E7 3.30850304E8 -7.59084288E8
36 2.5E8 2.5E8 1.25E9 1.25E9 1.5E9 1.75E9 -2.044967296E9 -1.794967296E9 -1.794967296E9 -1.544967296E9 -1.544967296E9 -1.044967296E9 -1.044967296E9 -7.94967296E8 -5.44967296E8 -5.44967296E8 -2.94967296E8 -2.94967296E8 -2.94967296E8 -2.94967296E8
37 5.0E8 5.0E8 5.0E8 5.0E8 7.5E8 1.0E9 1.0E9 1.5E9 2.0E9 -1.544967296E9 -1.044967296E9 -5.44967296E8 -2.94967296E8 -4.4967296E7 2.05032704E8 7.05032704E8 1.205032704E9 1.205032704E9 1.205032704E9 1.205032704E9
38 0.0 7.5E8 7.5E8 1.0E9 2.0E9 -2.044967296E9 -2.044967296E9 -1.794967296E9 -1.544967296E9 -1.294967296E9 -1.044967296E9 -7.94967296E8 -5.44967296E8 -4.4967296E7 4.55032704E8 7.05032704E8 7.05032704E8 7.05032704E8 9.55032704E8 9.55032704E8
39 7.5E8 7.5E8 7.5E8 7.5E8 1.5E9 2.0E9 -2.044967296E9 -2.044967296E9 -2.044967296E9 -1.794967296E9 -1.544967296E9 -1.544967296E9 -1.294967296E9 -1.044967296E9 -1.044967296E9 -1.044967296E9 -1.044967296E9 -7.94967296E8 -7.94967296E8 -2.94967296E8
40 5.0E8 7.5E8 1.5E9 1.75E9 2.0E9 2.0E9 2.0E9 2.0E9 2.0E9 2.0E9 2.0E9 -2.044967296E9 -1.794967296E9 -1.794967296E9 -1.544967296E9 -1.544967296E9 -1.294967296E9 -7.94967296E8 -5.44967296E8 -2.94967296E8
41 5.0E8 7.5E8 1.0E9 1.5E9 1.5E9 1.75E9 -2.044967296E9 -1.544967296E9 -1.544967296E9 -1.294967296E9 -1.294967296E9 -1.294967296E9 -7.94967296E8 -7.94967296E8 -5.44967296E8 -4.4967296E7 -4.4967296E7 2.05032704E8 2.05032704E8 2.05032704E8
42 0.0 2.5E8 2.5E8 1.0E9 1.0E9 1.0E9 1.0E9 1.25E9 1.5E9 1.5E9 2.0E9 -2.044967296E9 -2.044967296E9 -1.794967296E9 -1.544967296E9 -1.544967296E9 -1.294967296E9 -7.94967296E8 -5.44967296E8 -2.94967296E8
43 2.5E8 2.5E8 5.0E8 5.0E8 5.0E8 5.0E8 7.5E8 1.25E9 1.75E9 1.75E9 2.0E9 2.0E9 2.0E9 -2.044967296E9 -1.794967296E9 -1.544967296E9 -7.94967296E8 -5.44967296E8 -5.44967296E8 -4.4967296E7
44 0.0 0.0 0.0 0.0 0.0 2.5E8 5.0E8 5.0E8 7.5E8 7.5E8 1.0E9 1.25E9 -2.044967296E9 -1.794967296E9 -1.294967296E9 -1.044967296E9 -7.94967296E8 -7.94967296E8 -7.94967296E8 -5.44967296E8
45 2.5E8 2.5E8 5.0E8 7.5E8 7.5E8 1.5E9 1.5E9 1.5E9 1.5E9 1.5E9 1.5E9 1.5E9 1.75E9 2.0E9 2.0E9 -2.044967296E9 -2.044967296E9 -1.794967296E9 -1.544967296E9 -1.044967296E9
46 5.0E8 5.0E8 1.0E9 1.0E9 1.0E9 1.25E9 1.25E9 1.25E9 1.5E9 1.75E9 1.75E9 1.75E9 1.75E9 -2.044967296E9 -1.544967296E9 -1.544967296E9 -1.294967296E9 -1.044967296E9 -1.044967296E9 -1.044967296E9
47 0.0 0.0 5.0E8 5.0E8 5.0E8 5.0E8 1.0E9 1.25E9 1.25E9 -1.839934592E9 -1.839934592E9 -1.589934592E9 -1.589934592E9 -1.339934592E9 -1.339934592E9 -1.089934592E9 -8.39934592E8 -8.39934592E8 -5.89934592E8 -5.89934592E8
48 0.0 0.0 2.5E8 5.0E8 5.0E8 7.5E8 1.0E9 1.0E9 1.0E9 1.25E9 1.25E9 1.25E9 1.25E9 1.5E9 1.5E9 1.5E9 1.75E9 2.0E9 2.0E9 -2.044967296E9
49 0.0 2.5E8 5.0E8 5.0E8 5.0E8 5.0E8 7.5E8 7.5E8 7.5E8 1.0E9 1.0E9 1.25E9 2.0E9 -1.794967296E9 -1.544967296E9 -1.044967296E9 -7.94967296E8 -5.44967296E8 -5.44967296E8 -2.94967296E8
50 0.0 7.5E8 1.0E9 1.75E9 1.75E9 2.0E9 -1.544967296E9 -1.544967296E9 -1.294967296E9 -1.044967296E9 -7.94967296E8 -5.44967296E8 -2.94967296E8 -2.94967296E8 -4.4967296E7 -4.4967296E7 -4.4967296E7 2.05032704E8 4.55032704E8 7.05032704E8
51 1.5E9 1.5E9 1.5E9 1.5E9 1.75E9 7.05032704E8 7.05032704E8 7.05032704E8 7.05032704E8 -1.339934592E9 -1.089934592E9 -8.39934592E8 -1.884901888E9 -1.884901888E9 -1.634901888E9 -1.634901888E9 -1.384901888E9 1.865098112E9 2.115098112E9 2.115098112E9
