records: 20
      Record Time
Host  UsedBuffer

  49376.0 98752.0 148128.0 197504.0 246880.0 296256.0 345632.0 395008.0 444384.0 493760.0 543136.0 592512.0 641888.0 691264.0 740640.0 790016.0 839392.0 888768.0 938144.0 987520.0
0 0.0 4.0E8 4.0E8 5.0E8 7.0E8 7.0E8 9.0E8 1.0E9 1.1E9 1.1E9 1.1E9 1.1E9 1.2E9 1.4E9 1.6E9 1.6E9 1.6E9 1.6E9 1.7E9 1.8E9
1 5.0E8 8.0E8 6.05032704E8 6.05032704E8 8.05032704E8 1.115098112E9 -9.79869184E8 -1.79869184E8 1.42516352E9 1.42516352E9 -6.4771072E7 3.5228928E7 -5.59738368E8 -4.59738368E8 -4.59738368E8 -4.59738368E8 -2.59738368E8 -2.59738368E8 1.40261632E8 2.40261632E8
2 9.0E8 1.0E9 4.05032704E8 -1.889934592E9 -1.389934592E9 1.515098112E9 -4.79869184E8 8.20130816E8 1.32516352E9 -1.269803776E9 5.35228928E8 8.35228928E8 4.0261632E7 4.0261632E7 3.45294336E8 1.245294336E9 2.145294336E9 -5.44640256E8 -4.44640256E8 -1.539607552E9
3 4.0E8 4.0E8 -6.94967296E8 -5.94967296E8 -3.94967296E8 1.015098112E9 -1.079869184E9 -1.079869184E9 1.12516352E9 -1.169803776E9 2.130196224E9 -1.964771072E9 4.0261632E7 1.40261632E8 2.40261632E8 3.40261632E8 4.40261632E8 4.40261632E8 4.40261632E8 4.40261632E8
4 5.0E8 9.0E8 8.05032704E8 9.05032704E8 1.205032704E9 1.415098112E9 1.715098112E9 1.815098112E9 1.12516352E9 -1.869803776E9 1.35228928E8 2.35228928E8 9.40261632E8 1.040261632E9 1.240261632E9 1.340261632E9 1.340261632E9 -1.044640256E9 -8.44640256E8 -6.44640256E8
5 1.0E8 3.0E8 4.0E8 5.0E8 6.0E8 7.0E8 7.0E8 7.0E8 8.0E8 8.0E8 8.0E8 8.0E8 1.0E9 1.2E9 1.3E9 1.3E9 1.4E9 1.7E9 1.7E9 1.8E9
6 8.0E8 1.0E9 4.05032704E8 -1.789934592E9 -1.589934592E9 1.515098112E9 -2.79869184E8 1.120130816E9 1.62516352E9 -1.169803776E9 -1.64771072E8 3.5228928E7 1.40261632E8 1.40261632E8 5.45294336E8 7.45294336E8 1.345294336E9 -7.44640256E8 -7.44640256E8 -7.44640256E8
7 1.0E8 3.0E8 4.0E8 4.0E8 5.0E8 6.0E8 8.0E8 9.0E8 9.0E8 1.2E9 1.2E9 1.2E9 1.3E9 1.4E9 1.4E9 1.5E9 1.6E9 1.6E9 1.8E9 1.8E9
8 0.0 1.0E8 2.0E8 2.0E8 2.0E8 3.0E8 4.0E8 6.0E8 6.0E8 7.0E8 7.0E8 8.0E8 9.0E8 9.0E8 9.0E8 1.0E9 1.3E9 1.4E9 1.4E9 1.5E9
9 4.0E8 5.0E8 -8.94967296E8 -7.94967296E8 -5.94967296E8 1.15098112E8 -1.079869184E9 -9.79869184E8 9.20130816E8 9.20130816E8 -1.964771072E9 -1.964771072E9 -5.9738368E7 -5.9738368E7 -5.9738368E7 -5.9738368E7 -5.9738368E7 4.0261632E7 4.0261632E7 1.40261632E8
10 0.0 1.0E8 1.0E8 1.0E8 1.0E8 2.0E8 3.0E8 3.0E8 5.0E8 5.0E8 5.0E8 5.0E8 6.0E8 7.0E8 8.0E8 8.0E8 8.0E8 9.0E8 1.0E9 1.1E9
11 7.0E8 9.0E8 9.0E8 9.0E8 9.0E8 9.0E8 1.0E9 1.220130816E9 1.520130816E9 1.820130816E9 -2.64771072E8 -6.4771072E7 1.140261632E9 1.140261632E9 -6.54705664E8 -5.54705664E8 -4.54705664E8 -8.44640256E8 -8.44640256E8 -8.44640256E8
12 0.0 1.0E8 1.0E8 1.0E8 1.0E8 1.0E8 2.0E8 3.0E8 4.0E8 4.0E8 4.0E8 6.0E8 8.0E8 9.0E8 9.0E8 1.2E9 1.3E9 1.3E9 1.4E9 1.5E9
13 1.0E8 1.0E8 2.0E8 3.0E8 3.0E8 3.0E8 3.0E8 4.0E8 4.0E8 4.0E8 4.0E8 4.0E8 4.0E8 4.0E8 4.0E8 5.0E8 6.0E8 7.0E8 1.2E9 1.4E9
14 1.0E8 2.0E8 2.0E8 3.0E8 4.0E8 4.0E8 5.0E8 6.0E8 6.0E8 8.0E8 9.0E8 9.0E8 1.0E9 1.1E9 1.2E9 1.4E9 1.4E9 1.6E9 1.6E9 1.7E9
15 2.0E8 2.0E8 2.0E8 2.0E8 2.0E8 4.0E8 6.0E8 7.0E8 9.0E8 9.0E8 9.0E8 1.0E9 1.1E9 1.1E9 1.1E9 1.1E9 1.1E9 1.1E9 1.1E9 1.1E9
16 7.0E8 7.0E8 7.0E8 7.0E8 7.0E8 1.415098112E9 -1.779869184E9 -1.579869184E9 1.62516352E9 -1.269803776E9 -1.864771072E9 -1.764771072E9 1.240261632E9 1.340261632E9 8.45294336E8 1.045294336E9 1.245294336E9 -5.44640256E8 -1.44640256E8 -1.539607552E9
17 4.0E8 1.1E9 -7.94967296E8 -6.94967296E8 -2.94967296E8 1.315098112E9 -1.979869184E9 -1.779869184E9 1.62516352E9 1.72516352E9 -1.764771072E9 -1.764771072E9 1.440261632E9 1.640261632E9 1.145294336E9 1.345294336E9 1.345294336E9 -5.44640256E8 2.55359744E8 -1.339607552E9
18 0.0 1.0E8 1.0E8 2.0E8 3.0E8 5.0E8 5.0E8 5.0E8 5.0E8 8.0E8 8.0E8 8.0E8 8.0E8 8.0E8 9.0E8 1.0E9 1.1E9 1.3E9 1.3E9 1.3E9
19 1.0E8 1.0E8 3.0E8 4.0E8 5.0E8 5.0E8 5.0E8 6.0E8 6.0E8 8.0E8 9.0E8 1.1E9 1.3E9 1.3E9 1.3E9 1.3E9 1.3E9 1.3E9 1.3E9 1.4E9
20 5.0E8 6.0E8 3.05032704E8 -1.789934592E9 -1.389934592E9 1.715098112E9 -7.9869184E7 1.520130816E9 1.82516352E9 -1.269803776E9 3.35228928E8 3.35228928E8 8.40261632E8 8.40261632E8 7.45294336E8 1.645294336E9 -1.44967296E9 -5.44640256E8 -4.44640256E8 -1.339607552E9
21 1.0E8 3.0E8 3.0E8 3.0E8 3.0E8 3.0E8 5.0E8 7.0E8 8.0E8 8.0E8 1.0E9 1.0E9 1.1E9 1.1E9 1.1E9 1.2E9 1.3E9 1.4E9 1.5E9 1.5E9
22 1.0E8 1.0E8 2.0E8 2.0E8 5.0E8 6.0E8 6.0E8 7.0E8 7.0E8 8.0E8 9.0E8 9.0E8 1.0E9 1.0E9 1.0E9 1.0E9 1.0E9 1.0E9 1.1E9 1.1E9
23 4.0E8 7.0E8 1.0E9 1.2E9 1.4E9 5.05032704E8 1.005032704E9 -7.84901888E8 -7.84901888E8 -7.84901888E8 -7.84901888E8 -6.84901888E8 -6.84901888E8 -6.84901888E8 -5.84901888E8 -5.84901888E8 -4.84901888E8 7.15098112E8 8.15098112E8 1.015098112E9
24 5.0E8 5.0E8 -2.94967296E8 -1.989934592E9 -1.489934592E9 1.315098112E9 -5.79869184E8 1.020130816E9 1.32516352E9 -1.169803776E9 1.530196224E9 1.530196224E9 -5.9738368E7 4.0261632E7 -7.54705664E8 -7.54705664E8 -1.84967296E9 -1.244640256E9 -1.044640256E9 -1.839607552E9
25 5.0E8 7.0E8 9.0E8 1.0E9 1.05032704E8 5.05032704E8 1.005032704E9 -6.84901888E8 1.15098112E8 1.15098112E8 2.15098112E8 2.15098112E8 2.15098112E8 3.15098112E8 3.15098112E8 3.15098112E8 3.15098112E8 8.15098112E8 1.015098112E9 1.015098112E9
26 0.0 2.0E8 2.0E8 -2.089934592E9 -1.589934592E9 1.515098112E9 -3.79869184E8 1.120130816E9 1.62516352E9 -1.969803776E9 -3.64771072E8 -3.64771072E8 -1.59738368E8 -1.59738368E8 5.45294336E8 7.45294336E8 -1.64967296E9 -1.144640256E9 -1.144640256E9 -1.839607552E9
27 8.0E8 8.0E8 2.05032704E8 -1.989934592E9 -1.689934592E9 3.15098112E8 -3.79869184E8 1.220130816E9 1.420130816E9 -9.69803776E8 1.35228928E8 3.35228928E8 4.0261632E7 3.40261632E8 -6.54705664E8 1.245294336E9 2.045294336E9 -9.44640256E8 -6.44640256E8 -1.739607552E9
28 1.0E8 1.0E8 2.0E8 4.0E8 4.0E8 6.0E8 6.0E8 7.0E8 8.0E8 1.0E9 1.1E9 1.2E9 1.2E9 1.3E9 1.4E9 1.7E9 1.7E9 1.7E9 1.9E9 2.1E9
29 6.0E8 1.2E9 -6.94967296E8 -6.94967296E8 1.05032704E8 4.15098112E8 -2.079869184E9 -2.079869184E9 -7.7483648E8 -7.7483648E8 -1.764771072E9 -1.764771072E9 3.40261632E8 3.40261632E8 -5.4705664E7 -5.4705664E7 -1.64967296E9 -1.744640256E9 -9.44640256E8 -1.539607552E9
30 1.0E8 1.0E8 1.0E8 2.0E8 4.0E8 6.0E8 8.0E8 8.0E8 1.1E9 1.2E9 1.5E9 1.7E9 1.7E9 1.7E9 1.8E9 1.9E9 1.9E9 2.0E9 2.0E9 2.0E9
31 1.0E9 1.0E9 2.05032704E8 -1.989934592E9 -1.489934592E9 1.315098112E9 -4.79869184E8 1.020130816E9 1.22516352E9 -1.569803776E9 3.5228928E7 1.35228928E8 -5.59738368E8 -4.59738368E8 -1.154705664E9 8.45294336E8 2.045294336E9 -1.044640256E9 -1.044640256E9 2.055359744E9
32 2.0E8 2.0E8 2.0E8 4.0E8 6.0E8 7.0E8 7.0E8 8.0E8 9.0E8 1.0E9 1.2E9 1.3E9 1.3E9 1.7E9 1.7E9 1.8E9 1.9E9 2.1E9 -2.094967296E9 -1.994967296E9
33 7.0E8 8.0E8 9.05032704E8 -1.789934592E9 -1.189934592E9 2.015098112E9 -7.9869184E7 1.420130816E9 1.82516352E9 -6.69803776E8 -6.4771072E7 3.5228928E7 2.40261632E8 2.40261632E8 1.245294336E9 1.645294336E9 -1.14967296E9 -5.44640256E8 -5.44640256E8 -1.339607552E9
34 1.0E8 1.0E8 3.0E8 5.0E8 5.0E8 5.0E8 5.0E8 5.0E8 5.0E8 5.0E8 5.0E8 6.0E8 6.0E8 6.0E8 6.0E8 7.0E8 7.0E8 9.0E8 1.0E9 1.0E9
35 6.0E8 6.0E8 1.05032704E8 -2.089934592E9 -1.589934592E9 1.415098112E9 -3.79869184E8 1.120130816E9 1.62516352E9 -8.69803776E8 -6.4771072E7 3.5228928E7 4.0261632E7 2.40261632E8 -3.54705664E8 1.345294336E9 -1.54967296E9 -7.44640256E8 -6.44640256E8 -1.639607552E9
36 1.0E8 1.0E8 3.0E8 3.0E8 4.0E8 5.0E8 7.0E8 8.0E8 8.0E8 9.0E8 9.0E8 1.1E9 1.1E9 1.2E9 1.3E9 1.3E9 1.4E9 1.4E9 1.4E9 1.4E9
37 2.0E8 2.0E8 2.0E8 2.0E8 3.0E8 4.0E8 4.0E8 6.0E8 8.0E8 1.1E9 1.3E9 1.5E9 1.6E9 1.7E9 1.8E9 2.0E9 -2.094967296E9 -2.094967296E9 -2.094967296E9 -2.094967296E9
38 0.0 3.0E8 3.0E8 4.0E8 8.0E8 9.0E8 9.0E8 1.0E9 1.1E9 1.2E9 1.3E9 1.4E9 1.5E9 1.7E9 1.9E9 2.0E9 2.0E9 2.0E9 2.1E9 2.1E9
39 3.0E8 3.0E8 3.0E8 3.0E8 6.0E8 8.0E8 9.0E8 9.0E8 9.0E8 1.0E9 1.1E9 1.1E9 1.2E9 1.3E9 1.3E9 1.3E9 1.3E9 1.4E9 1.4E9 1.6E9
40 2.0E8 3.0E8 6.0E8 7.0E8 8.0E8 8.0E8 8.0E8 8.0E8 8.0E8 8.0E8 8.0E8 9.0E8 1.0E9 1.0E9 1.1E9 1.1E9 1.2E9 1.4E9 1.5E9 1.6E9
41 2.0E8 3.0E8 4.0E8 6.0E8 6.0E8 7.0E8 9.0E8 1.1E9 1.1E9 1.2E9 1.2E9 1.2E9 1.4E9 1.4E9 1.5E9 1.7E9 1.7E9 1.8E9 1.8E9 1.8E9
42 0.0 1.0E8 1.0E8 4.0E8 4.0E8 4.0E8 4.0E8 5.0E8 6.0E8 6.0E8 8.0E8 9.0E8 9.0E8 1.0E9 1.1E9 1.1E9 1.2E9 1.4E9 1.5E9 1.6E9
43 1.0E8 1.0E8 2.0E8 2.0E8 2.0E8 2.0E8 3.0E8 5.0E8 7.0E8 7.0E8 8.0E8 8.0E8 8.0E8 9.0E8 1.0E9 1.1E9 1.4E9 1.5E9 1.5E9 1.7E9
44 0.0 0.0 0.0 0.0 0.0 1.0E8 2.0E8 2.0E8 3.0E8 3.0E8 4.0E8 5.0E8 9.0E8 1.0E9 1.2E9 1.3E9 1.4E9 1.4E9 1.4E9 1.5E9
45 1.0E8 1.0E8 2.0E8 3.0E8 3.0E8 6.0E8 6.0E8 6.0E8 6.0E8 6.0E8 6.0E8 6.0E8 7.0E8 8.0E8 8.0E8 9.0E8 9.0E8 1.0E9 1.1E9 1.3E9
46 2.0E8 2.0E8 4.0E8 4.0E8 4.0E8 5.0E8 5.0E8 5.0E8 6.0E8 7.0E8 7.0E8 7.0E8 7.0E8 9.0E8 1.1E9 1.1E9 1.2E9 1.3E9 1.3E9 1.3E9
47 0.0 0.0 2.0E8 2.0E8 2.0E8 2.0E8 4.0E8 5.0E8 5.0E8 1.3E9 1.3E9 1.4E9 1.4E9 1.5E9 1.5E9 1.6E9 1.7E9 1.7E9 1.8E9 1.8E9
48 0.0 0.0 1.0E8 2.0E8 2.0E8 3.0E8 4.0E8 4.0E8 4.0E8 5.0E8 5.0E8 5.0E8 5.0E8 6.0E8 6.0E8 6.0E8 7.0E8 8.0E8 8.0E8 9.0E8
49 0.0 1.0E8 2.0E8 2.0E8 2.0E8 2.0E8 3.0E8 3.0E8 3.0E8 4.0E8 4.0E8 5.0E8 8.0E8 1.0E9 1.1E9 1.3E9 1.4E9 1.5E9 1.5E9 1.6E9
50 0.0 3.0E8 4.0E8 7.0E8 7.0E8 8.0E8 1.1E9 1.1E9 1.2E9 1.3E9 1.4E9 1.5E9 1.6E9 1.6E9 1.7E9 1.7E9 1.7E9 1.8E9 1.9E9 2.0E9
51 6.0E8 6.0E8 6.0E8 6.0E8 7.0E8 -9.4967296E7 -9.4967296E7 -9.4967296E7 -9.4967296E7 1.905032704E9 2.005032704E9 2.105032704E9 -1.589934592E9 -1.589934592E9 -1.489934592E9 -1.489934592E9 -1.389934592E9 4.10065408E8 5.10065408E8 5.10065408E8
