0 3350
1 1982
2 4466
3 3280
4 2962
5 2675
6 762
7 1053
8 1526
9 2865
10 545
11 435
12 4369
13 4083
14 2319
15 4023
16 3450
17 976
18 676
19 1394
20 1350
21 2371
22 2487
23 3022
24 3229
25 3092
26 2433
27 2931
28 1996
29 2814
30 3281
31 4084
32 2386
33 2635
34 2411
35 2737
36 2828
37 3205
38 2585
39 3487
40 2589
41 2130
42 4115
43 3604
44 2966
45 2628
46 3218
47 3968
48 3119
49 3943
50 4116
51 3639
52 4257
53 3048
54 1891
55 3721
56 3353
57 3779
58 2783
59 5381
60 3592
61 2390
62 1495
63 3542
64 2375
65 5047
66 3276
67 1991
68 1388
69 3979
70 3167
71 4673
72 3604
73 4763
74 4496
75 4969
76 5464
77 5267
78 5058
79 3920
80 4184
81 5284
82 1441
83 5446
84 2749
85 4152
86 4108
87 5652
88 5244
89 5120
90 4186
91 2014
92 5285
93 1845
94 4156
95 2371
96 657
97 3953
