records: 20
      Record Time
Host  UsedBuffer

  49376.0 98752.0 148128.0 197504.0 246880.0 296256.0 345632.0 395008.0 444384.0 493760.0 543136.0 592512.0 641888.0 691264.0 740640.0 790016.0 839392.0 888768.0 938144.0 987520.0
0 0.0 4000000.0 4000000.0 5000000.0 7000000.0 7000000.0 9000000.0 1.0E7 1.1E7 1.1E7 1.1E7 1.1E7 1.2E7 1.4E7 1.6E7 1.6E7 1.6E7 1.6E7 1.7E7 1.8E7
1 6000000.0 1.6E7 4.1E7 4.1E7 4.3E7 1.38E8 1.76E8 1.84E8 2.45E8 2.45E8 3.02E8 3.03E8 3.38E8 3.39E8 3.39E8 3.39E8 3.41E8 3.41E8 3.45E8 3.46E8
2 1000000.0 2000000.0 3000000.0 4000000.0 5000000.0 6000000.0 7000000.0 8000000.0 1.0E7 1.0E7 1.1E7 1.4E7 1.5E7 1.5E7 1.6E7 1.6E7 1.9E7 1.9E7 1.9E7 2.2E7
3 5000000.0 5000000.0 3.8E7 3.9E7 4.1E7 1.37E8 1.75E8 1.81E8 2.43E8 2.45E8 2.99E8 3.01E8 3.45E8 3.46E8 3.47E8 3.48E8 3.49E8 3.49E8 3.49E8 3.49E8
4 7000000.0 1.8E7 2.3E7 2.4E7 2.8E7 1.42E8 1.46E8 1.47E8 2.42E8 2.43E8 3.03E8 3.04E8 3.53E8 3.54E8 3.56E8 3.57E8 3.57E8 4.58E8 4.6E8 4.62E8
5 1000000.0 3000000.0 4000000.0 5000000.0 6000000.0 7000000.0 7000000.0 7000000.0 8000000.0 8000000.0 8000000.0 8000000.0 1.0E7 1.2E7 1.3E7 1.3E7 1.4E7 1.7E7 1.7E7 1.8E7
6 9000000.0 1.1E7 3.5E7 3.7E7 3.9E7 1.39E8 1.77E8 1.87E8 2.45E8 2.48E8 3.03E8 3.05E8 3.46E8 3.46E8 3.46E8 3.48E8 3.53E8 4.66E8 4.66E8 4.66E8
7 4000000.0 6000000.0 9000000.0 9000000.0 1.7E7 1.34E8 1.36E8 2.03E8 2.03E8 2.06E8 2.2E8 2.2E8 2.34E8 2.35E8 2.35E8 2.36E8 2.37E8 2.48E8 2.5E8 2.59E8
8 5000000.0 6000000.0 7000000.0 1.7E7 2.3E7 1.4E8 1.51E8 1.86E8 2.41E8 2.42E8 3.04E8 3.05E8 3.54E8 3.54E8 3.54E8 3.55E8 3.58E8 3.59E8 3.59E8 3.6E8
9 4000000.0 5000000.0 4.2E7 4.3E7 4.5E7 1.24E8 1.75E8 1.76E8 2.11E8 2.11E8 3.02E8 3.02E8 3.4E8 3.4E8 3.4E8 3.4E8 3.4E8 3.41E8 3.41E8 3.42E8
10 5000000.0 7000000.0 1.6E7 1.6E7 1.9E7 1.29E8 1.31E8 1.85E8 2.46E8 2.46E8 3.03E8 3.03E8 3.52E8 3.53E8 3.54E8 3.54E8 3.57E8 4.61E8 4.62E8 4.63E8
11 8000000.0 1.0E7 1.0E7 1.0E7 1.0E7 1.0E7 1.1E7 2.2E7 2.5E7 1.55E8 3.0E8 3.02E8 3.53E8 3.53E8 3.54E8 3.55E8 3.56E8 4.72E8 4.72E8 4.72E8
12 7000000.0 8000000.0 2.2E7 2.2E7 2.7E7 1.01E8 1.73E8 1.99E8 2.4E8 2.4E8 2.4E8 2.42E8 3.48E8 3.49E8 3.55E8 3.58E8 3.64E8 4.56E8 4.85E8 5.02E8
13 1000000.0 1000000.0 2000000.0 3000000.0 3000000.0 3000000.0 3000000.0 4000000.0 4000000.0 4000000.0 4000000.0 4000000.0 4000000.0 4000000.0 4000000.0 5000000.0 6000000.0 7000000.0 1.2E7 1.4E7
14 4000000.0 5000000.0 4.0E7 4.1E7 4.7E7 1.41E8 1.78E8 2.03E8 2.47E8 2.5E8 3.05E8 3.05E8 3.51E8 3.52E8 3.53E8 3.55E8 3.6E8 4.55E8 4.55E8 4.56E8
15 2000000.0 2000000.0 2000000.0 2000000.0 2000000.0 4000000.0 6000000.0 7000000.0 9000000.0 9000000.0 9000000.0 1.0E7 1.1E7 1.1E7 1.1E7 1.1E7 1.1E7 1.1E7 1.1E7 1.1E7
16 8000000.0 8000000.0 8000000.0 8000000.0 8000000.0 1.4E8 1.52E8 1.54E8 2.47E8 2.48E8 3.03E8 3.04E8 3.56E8 3.57E8 3.71E8 3.73E8 3.75E8 4.76E8 4.86E8 5.12E8
17 4000000.0 1.7E7 4.2E7 4.3E7 4.7E7 1.41E8 1.53E8 1.55E8 2.45E8 2.45E8 3.02E8 3.02E8 3.57E8 3.59E8 3.73E8 3.75E8 3.8E8 4.76E8 4.92E8 5.13E8
18 5000000.0 1.8E7 3.7E7 3.8E7 4.1E7 1.31E8 1.8E8 1.93E8 2.43E8 2.46E8 3.06E8 3.06E8 3.58E8 3.58E8 3.75E8 3.76E8 3.82E8 4.65E8 4.69E8 5.16E8
19 5000000.0 5000000.0 4.3E7 4.5E7 5.0E7 1.4E8 1.74E8 1.82E8 2.42E8 2.44E8 3.02E8 3.04E8 3.52E8 3.52E8 3.67E8 3.67E8 3.72E8 4.59E8 4.87E8 5.09E8
20 5000000.0 6000000.0 4.3E7 4.5E7 4.5E7 1.42E8 1.79E8 2.05E8 2.47E8 2.48E8 3.05E8 3.05E8 3.55E8 3.55E8 3.7E8 3.7E8 3.76E8 4.62E8 4.85E8 5.12E8
21 5000000.0 7000000.0 1.4E7 1.5E7 1.5E7 1.26E8 1.75E8 2.02E8 2.45E8 2.45E8 3.01E8 3.01E8 3.37E8 3.37E8 3.38E8 3.39E8 3.4E8 4.57E8 4.6E8 5.06E8
22 5000000.0 5000000.0 6000000.0 6000000.0 9000000.0 1.41E8 1.47E8 1.48E8 2.44E8 2.46E8 3.02E8 3.02E8 3.54E8 3.54E8 3.6E8 3.6E8 3.6E8 4.74E8 4.8E8 5.08E8
23 7000000.0 1.0E7 1.3E7 1.6E7 1.8E7 5.7E7 6.2E7 1.84E8 1.84E8 1.84E8 1.84E8 1.85E8 1.85E8 1.85E8 1.97E8 1.97E8 1.98E8 2.06E8 2.07E8 2.09E8
24 5000000.0 5000000.0 4.1E7 4.2E7 4.3E7 1.36E8 1.74E8 1.98E8 2.41E8 2.44E8 2.93E8 2.93E8 3.42E8 3.43E8 3.45E8 3.45E8 3.49E8 4.55E8 4.57E8 5.07E8
25 8000000.0 1.0E7 1.2E7 1.5E7 5.5E7 5.7E7 6.4E7 1.86E8 1.9E8 1.9E8 1.91E8 1.91E8 1.91E8 1.92E8 1.92E8 1.92E8 1.92E8 2.08E8 2.1E8 2.1E8
26 0.0 2000000.0 2000000.0 7000000.0 9000000.0 1.3E7 1.76E8 2.02E8 2.44E8 2.45E8 3.01E8 3.01E8 3.39E8 3.39E8 3.41E8 3.43E8 3.44E8 4.61E8 4.61E8 5.09E8
27 1000000.0 1000000.0 1000000.0 2000000.0 2000000.0 3000000.0 3000000.0 3000000.0 5000000.0 5000000.0 5000000.0 7000000.0 7000000.0 1.0E7 1.1E7 1.4E7 1.5E7 1.6E7 1.7E7 1.7E7
28 1000000.0 1000000.0 2000000.0 4000000.0 4000000.0 6000000.0 6000000.0 7000000.0 8000000.0 1.0E7 1.1E7 1.2E7 1.2E7 1.3E7 1.4E7 1.7E7 1.7E7 1.7E7 1.9E7 2.1E7
29 7000000.0 1.7E7 4.3E7 4.5E7 5.5E7 1.27E8 1.5E8 1.5E8 2.41E8 2.41E8 3.02E8 3.02E8 3.51E8 3.51E8 3.71E8 3.71E8 3.72E8 4.51E8 4.9E8 5.12E8
30 4000000.0 6000000.0 6000000.0 1.3E7 1.5E7 1.7E7 1.9E7 3.3E7 2.4E8 2.41E8 2.53E8 2.55E8 2.67E8 2.67E8 2.75E8 2.76E8 2.76E8 4.64E8 4.64E8 4.64E8
31 3000000.0 3000000.0 5000000.0 6000000.0 8000000.0 8000000.0 8000000.0 9000000.0 1.0E7 1.1E7 1.4E7 1.5E7 1.5E7 1.6E7 1.6E7 1.6E7 1.7E7 1.8E7 1.8E7 1.8E7
32 6000000.0 1.8E7 4.1E7 4.5E7 4.9E7 1.42E8 1.42E8 1.91E8 2.46E8 2.48E8 3.04E8 3.05E8 3.58E8 3.62E8 3.72E8 3.73E8 3.74E8 4.77E8 4.78E8 5.14E8
33 0.0 1000000.0 2000000.0 3000000.0 4000000.0 7000000.0 7000000.0 8000000.0 8000000.0 1.0E7 1.1E7 1.2E7 1.3E7 1.3E7 1.3E7 1.3E7 1.4E7 1.4E7 1.4E7 1.4E7
34 8000000.0 8000000.0 1.6E7 1.8E7 1.8E7 1.8E7 1.8E7 1.8E7 1.8E7 1.8E7 1.8E7 1.9E7 1.9E7 1.9E7 1.9E7 2.0E7 2.0E7 2.2E7 2.3E7 2.3E7
35 7000000.0 7000000.0 9000000.0 1.1E7 2.0E7 1.26E8 1.76E8 2.02E8 2.46E8 2.49E8 3.03E8 3.04E8 3.46E8 3.48E8 3.49E8 3.49E8 3.59E8 4.62E8 4.63E8 5.11E8
36 1000000.0 1000000.0 7000000.0 1.3E7 1.4E7 1.5E7 1.7E7 2.4E7 2.4E7 2.5E7 2.5E7 2.7E7 2.7E7 2.8E7 2.9E7 2.9E7 3.0E7 1.32E8 1.32E8 1.32E8
37 2000000.0 6000000.0 1.6E7 2.3E7 2.4E7 3.7E7 3.7E7 1.65E8 1.67E8 1.73E8 1.75E8 1.77E8 2.35E8 2.36E8 3.5E8 3.52E8 3.54E8 3.6E8 3.6E8 3.6E8
38 0.0 3000000.0 3000000.0 4000000.0 8000000.0 9000000.0 9000000.0 1.0E7 1.1E7 1.2E7 1.3E7 1.4E7 1.9E7 2.1E7 2.3E7 2.4E7 2.4E7 2.4E7 2.5E7 2.5E7
39 3000000.0 3000000.0 3000000.0 3000000.0 6000000.0 1.3E7 1.4E7 1.4E7 1.4E7 1.5E7 1.6E7 1.6E7 1.7E7 1.8E7 1.8E7 1.8E7 1.8E7 1.9E7 1.9E7 2.1E7
40 2000000.0 3000000.0 6000000.0 8000000.0 9000000.0 9000000.0 9000000.0 9000000.0 9000000.0 9000000.0 9000000.0 1.0E7 1.1E7 1.1E7 1.2E7 1.2E7 1.3E7 1.5E7 1.6E7 1.7E7
41 2000000.0 3000000.0 4000000.0 6000000.0 6000000.0 7000000.0 9000000.0 1.1E7 1.1E7 1.2E7 1.2E7 1.2E7 1.4E7 1.4E7 1.5E7 1.7E7 1.7E7 1.8E7 1.8E7 1.8E7
42 0.0 1000000.0 1000000.0 4000000.0 4000000.0 4000000.0 4000000.0 5000000.0 6000000.0 6000000.0 8000000.0 9000000.0 9000000.0 1.0E7 1.1E7 1.1E7 1.2E7 1.4E7 1.5E7 1.6E7
43 1000000.0 1000000.0 2000000.0 2000000.0 2000000.0 2000000.0 3000000.0 5000000.0 7000000.0 7000000.0 8000000.0 8000000.0 8000000.0 9000000.0 1.0E7 1.1E7 1.4E7 1.5E7 1.5E7 1.7E7
44 0.0 0.0 0.0 0.0 0.0 1000000.0 2000000.0 2000000.0 3000000.0 3000000.0 4000000.0 5000000.0 9000000.0 1.0E7 1.2E7 1.3E7 1.4E7 1.4E7 1.4E7 1.5E7
45 1000000.0 1000000.0 2000000.0 3000000.0 3000000.0 6000000.0 6000000.0 6000000.0 6000000.0 6000000.0 6000000.0 6000000.0 7000000.0 8000000.0 8000000.0 9000000.0 9000000.0 1.0E7 1.1E7 1.3E7
46 2000000.0 2000000.0 4000000.0 4000000.0 4000000.0 5000000.0 5000000.0 5000000.0 6000000.0 7000000.0 7000000.0 7000000.0 7000000.0 9000000.0 1.1E7 1.1E7 1.2E7 1.3E7 1.3E7 1.3E7
47 0.0 0.0 2000000.0 2000000.0 2000000.0 2000000.0 4000000.0 5000000.0 1.2E7 1.3E7 1.3E7 1.4E7 1.4E7 1.5E7 1.5E7 1.6E7 1.7E7 1.7E7 1.8E7 1.8E7
48 2000000.0 2000000.0 3000000.0 4000000.0 4000000.0 5000000.0 6000000.0 6000000.0 6000000.0 7000000.0 7000000.0 7000000.0 7000000.0 8000000.0 8000000.0 8000000.0 9000000.0 1.0E7 1.0E7 1.1E7
49 0.0 1000000.0 2000000.0 2000000.0 2000000.0 2000000.0 3000000.0 3000000.0 3000000.0 4000000.0 1.1E7 1.2E7 1.5E7 1.7E7 1.8E7 2.0E7 2.1E7 2.2E7 2.2E7 2.3E7
50 0.0 3000000.0 4000000.0 7000000.0 7000000.0 8000000.0 1.1E7 1.1E7 1.2E7 1.3E7 1.4E7 1.5E7 1.6E7 1.6E7 2.2E7 2.2E7 2.2E7 2.3E7 2.4E7 2.5E7
51 6000000.0 6000000.0 6000000.0 6000000.0 7000000.0 1.41E8 1.41E8 1.43E8 1.43E8 1.55E8 1.56E8 1.57E8 3.4E8 3.4E8 3.41E8 3.41E8 3.49E8 4.73E8 4.74E8 4.74E8
