0 3349
1 1981
2 4463
3 3280
4 2958
5 2676
6 763
7 1052
8 1526
9 2867
10 545
11 435
12 4369
13 4086
14 2319
15 4025
16 3454
17 976
18 676
19 1394
20 1350
21 2372
22 2488
23 3021
24 3230
25 3092
26 2433
27 2930
28 1995
29 2816
30 3280
31 4086
32 2386
33 2636
34 2410
35 2741
36 2828
37 3206
38 2584
39 3483
40 2591
41 2131
42 4115
43 3609
44 2965
45 2626
46 3218
47 3968
48 3120
49 3943
50 4120
51 3638
52 4258
53 3048
54 1892
55 3720
56 3354
57 3778
58 2784
59 5383
60 3590
61 2390
62 1494
63 3542
64 2375
65 5052
66 3276
67 1992
68 1389
69 3978
70 3167
71 4677
72 3602
73 4765
74 4497
75 4972
76 5463
77 5268
78 5062
79 3919
80 4187
81 5282
82 1441
83 5447
84 2749
85 4152
86 4107
87 5655
88 5245
89 5118
90 4186
91 2012
92 5285
93 1843
94 4156
95 2371
96 657
97 3953
