Selfish Battery Level: [35, 84, 62, 49, 58, 23, 87, 27, 77, 59, 45, 41, 82, 38, 71, 82, 1, 69, 46, 36, 24, 14, 10, 0, 91, 78, 15, 66, 14, 52, 35, 78, 44, 82, 41, 45, 84, 33, 98, 58, 43, 9, 55, 84, 78, 92, 70, 88, 49, 51, 4, 13, 77, 3, 58, 4, 59, 61, 67, 75, 99, 61, 53, 66, 56, 98, 42, 36, 21, 74, 27, 52, 90, 98, 64, 15, 17, 77, 64, 79, 63, 86, 85, 83, 87, 89, 52, 2, 69, 33, 67, 6, 73, 43, 31, 45, 33, 44, 33, 38, 33, 62, 24, 22, 61, 62, 81, 79, 99, 97, 67, 43, 91, 72, 27, 54, 5, 30, 81, 37, 39, 2, 57, 11, 40, 51, 64, 50, 53, 3, 94, 79, 51, 31, 45, 64, 26, 13, 81, 58, 88, 85, 52, 63, 33, 30, 80, 38, 72, 57, 12, 46, 32, 52, 76, 14, 1, 92, 81, 42, 90, 97, 9, 75, 43, 31, 19, 89, 71, 94, 56, 82, 73, 68, 87, 63, 9, 72, 46, 11, 31, 23, 54, 8, 87, 58, 16, 47, 99, 2, 50, 20, 98, 68, 38, 39, 93, 25, 26, 53, 93, 15, 82, 10, 30, 3, 55, 9, 31, 53, 24, 86, 98, 30, 87, 72, 17, 93, 77, 14, 15, 42, 11, 17, 94, 37, 62, 49, 54, 94, 26, 25, 93, 14, 19, 57, 65, 52, 89, 90, 30, 63, 14, 21, 70, 5, 26, 22, 66, 25, 55, 55, 16, 14, 55, 56, 82, 51, 36, 42, 42, 92, 70, 21, 25, 75, 40, 33, 72, 85, 8, 0, 96, 96, 33, 17, 50, 44, 56, 33, 42, 9, 31, 86, 6, 12, 67, 74, 66, 32, 28, 82, 52, 53, 99, 16, 86, 36, 39, 60, 47, 33, 57, 35, 19, 25, 79, 50, 38, 96, 85, 49, 37, 87, 83, 92, 38, 72, 14, 11, 74, 18, 26, 38, 36, 69, 84, 23, 16, 71, 54, 24, 21, 5, 76, 6, 93, 41, 74, 69, 7, 16, 36, 19, 99, 49, 9, 91, 15, 72, 1, 74, 46, 30, 6, 44, 39, 34, 50, 61, 47, 69, 40, 92, 30, 7, 16, 14, 76, 10, 93, 0, 97, 92, 42, 50, 24, 20, 16, 16, 70, 74, 64, 3, 13, 0, 36, 21, 32, 34, 73, 75, 98, 26, 41, 16, 67, 37, 7, 34, 93, 34, 68, 68, 70, 29, 43, 4, 0, 84, 24, 55, 18, 69, 94, 79, 69, 96, 89, 26, 39, 12, 93, 0, 31, 78, 73, 7, 35, 19, 46, 23, 28, 30, 39, 10, 17, 49, 70, 82, 43, 84, 42, 57, 95, 70, 41, 22, 84, 89, 36, 65, 77, 44, 93, 33, 97, 68, 49, 47, 31, 55, 16, 32, 41, 74, 78, 52, 51, 70, 4, 86, 0, 90, 36, 88, 78, 80, 94, 75, 72, 92, 9, 84, 5, 19, 14, 38, 39, 38, 11, 7, 42, 51, 59, 26, 56, 97, 62, 16, 6, 28, 5, 88, 65, 48, 4, 45, 14, 55, 8, 99, 91, 21, 76, 25, 96, 80, 67, 22, 95, 2, 25, 11, 4, 26, 64, 89, 60, 60, 97, 40, 85, 89, 56, 7, 68, 15, 13, 77, 12, 7, 29, 89, 50, 80, 1, 46, 41, 95, 33, 33, 3, 64, 50, 71, 30, 97, 50, 68, 55, 76, 73, 50, 41, 11, 58, 88, 10, 19, 50, 58, 27, 96, 89, 46, 1, 88, 64, 37, 1, 17, 32, 36, 52, 46, 2, 43, 59, 74, 26, 83, 60, 50, 57, 64, 37, 69, 22, 22, 83, 67, 2, 70, 59, 51, 58, 37, 32, 43, 14, 20, 78, 57, 3, 58, 94, 62, 77, 67, 12, 15, 8, 35, 34]
Hosts: 625
Hosts Average Energy Consume/s: 0.5385642266388011
Hosts Average normal Energy Consume/s: 0.5483449645614218
Hosts Average  Selfish Period Consume/s: 0.2909075724223936

Hosts Average Energy Consume: 13540.433673499054
Hosts Average Normal Energy Consume: 9668.767070303355
Hosts Average Selfish Energy Consume: 3871.6666031981235

Description:
host number
average energy consumption of all periods  - average energy consumption of Normal periods  -  average energy consumption of all selfish periods
energy consumption of all periods  -  energy consumption of Normal periods  -  energy consumption of selfish periods
Active total time  -  Normal Active Time  -  Selfish Active Time
Normal proportion of time  -  Selfish proportion of time
Number of Recharges 


HOST: 0
0.6384795108776734 0.6384795108776734 0.0
11709.075749985652 11709.075749985652 0.0
18339.0 18339.0 0.0
0


HOST: 1
0.5149930958556971 0.5382666482896242 0.5062499999995969
13683.881549981726 3905.6627999895136 9778.218749992213
26571.0 7256.0 19315.0
0


HOST: 2
0.515538336136604 0.5176477903006852 0.5062500000003638
11337.20354998006 9276.76604997858 2060.4375000014807
21991.0 17921.0 4070.0
0


HOST: 3
0.5422808683277934 0.5438800017464842 0.5062500000003638
12964.850999980887 12450.500999980517 514.3500000003696
23908.0 22892.0 1016.0
0


HOST: 4
0.522968145329072 0.5259770852559323 0.5097094936712477
12508.352099980744 10253.397299979144 2254.9548000016002
23918.0 19494.0 4424.0
0


HOST: 5
0.5240773691827072 0.5240773691827072 0.0
10125.698849979086 10125.698849979086 0.0
19321.0 19321.0 0.0
0


HOST: 6
0.5333005496997755 0.5278122754476905 0.5361590357782243
9362.091149979558 3173.2073999915156 6188.883749988043
17555.0 6012.0 11543.0
0


HOST: 7
0.5189276183384444 0.5189276183384444 0.0
11861.647499980161 11861.647499980161 0.0
22858.0 22858.0 0.0
0


HOST: 8
0.5097478651501844 0.5124861993413752 0.5062499999993526
9956.905049978554 5614.798799984106 4342.106249994447
19533.0 10956.0 8577.0
0


HOST: 9
0.5251840371037189 0.5252635292563439 0.5062500000003638
10049.396549979661 10008.896549979632 40.500000000029104
19135.0 19055.0 80.0
0


HOST: 10
0.5320116852135585 0.5320116852135585 0.0
10039.060499979849 10039.060499979849 0.0
18870.0 18870.0 0.0
0


HOST: 11
0.5260298460604501 0.5266395137104922 0.5062500000003638
14830.35944998227 14403.590699981964 426.7687500003067
28193.0 27350.0 843.0
0


HOST: 12
0.5192864270233575 0.5287956317675252 0.5118463091979142
9830.61134997918 4394.2916999881345 5436.319649991046
18931.0 8310.0 10621.0
0


HOST: 13
0.5342929751034636 0.5342929751034636 0.0
8670.506399979007 8670.506399979007 0.0
16228.0 16228.0 0.0
0


HOST: 14
0.5401103390862557 0.5583919309024996 0.5062499999998655
10544.57414998097 7079.2928999818905 3465.2812499990796
19523.0 12678.0 6845.0
0


HOST: 15
0.5113277116583854 0.516378569748238 0.5062499999988207
8678.765249977776 4393.865249987757 4284.899999990019
16973.0 8509.0 8464.0
0


HOST: 16
0.5301303250313122 0.5301303250313122 0.0
14091.924299982342 14091.924299982342 0.0
26582.0 26582.0 0.0
0


HOST: 17
0.5161275773186698 0.5210259036130184 0.506250000000134
11214.419999980057 7567.9012499790915 3646.518750000965
21728.0 14525.0 7203.0
0


HOST: 18
0.5192032190686026 0.5192032190686026 0.0
10814.483849979923 10814.483849979923 0.0
20829.0 20829.0 0.0
0


HOST: 19
0.5062499999985448 0.5062499999985448 0.0
4001.9062499884967 4001.9062499884967 0.0
7905.0 7905.0 0.0
0


HOST: 20
0.5309023501068392 0.5309023501068392 0.0
9589.689149979837 9589.689149979837 0.0
18063.0 18063.0 0.0
0


HOST: 21
0.55561583643936 0.55561583643936 0.0
14009.297699982022 14009.297699982022 0.0
25214.0 25214.0 0.0
0


HOST: 22
0.5243972160570759 0.5243972160570759 0.0
10397.747999979701 10397.747999979701 0.0
19828.0 19828.0 0.0
0


HOST: 23
0.5382340942225822 0.5382340942225822 0.0
14395.070849982962 14395.070849982962 0.0
26745.0 26745.0 0.0
0


HOST: 24
0.5062499999990396 0.5062499999985448 0.5062499999991628
11029.162499979078 2197.1249999936845 8832.037499985394
21786.0 4340.0 17446.0
0


HOST: 25
0.5122279326487774 0.5160581291424041 0.5062499999989314
8746.291949977875 5370.616949985 3375.6749999928743
17075.0 10407.0 6668.0
0


HOST: 26
0.5613395542019941 0.5613395542019941 0.0
10237.149449981767 10237.149449981767 0.0
18237.0 18237.0 0.0
0


HOST: 27
0.5376418696283284 0.5532426014783653 0.5062500000003638
12074.898749982627 8300.298749979915 3774.6000000027125
22459.0 15003.0 7456.0
0


HOST: 28
0.5488255703470558 0.5488255703470558 0.0
8491.978049979994 8491.978049979994 0.0
15473.0 15473.0 0.0
0


HOST: 29
0.5537238364591642 0.5537238364591642 0.0
11599.960649983032 11599.960649983032 0.0
20949.0 20949.0 0.0
0


HOST: 30
0.5395986108613844 0.5395986108613844 0.0
12041.682599982654 12041.682599982654 0.0
22316.0 22316.0 0.0
0


HOST: 31
0.5388393416167151 0.563482231663782 0.5062499999990385
9019.092899980576 5370.549149987506 3648.5437499930704
16738.0 9531.0 7207.0
0


HOST: 32
0.5688878718527262 0.5688878718527262 0.0
10938.575999984218 10938.575999984218 0.0
19228.0 19228.0 0.0
0


HOST: 33
0.5464824157260225 0.5373296038137433 0.5545353146844538
9548.68724998079 4394.281499988792 5154.405749991998
17473.0 8178.0 9295.0
0


HOST: 34
0.6171135148278969 0.6171135148278969 0.0
12047.90714998503 12047.90714998503 0.0
19523.0 19523.0 0.0
0


HOST: 35
0.5295597569553537 0.5295597569553537 0.0
9020.520899977495 9020.520899977495 0.0
17034.0 17034.0 0.0
0


HOST: 36
0.7012159210257255 0.7706644830295981 0.6337120253150186
7209.90209998651 3905.727599994003 3304.1744999925068
10282.0 5068.0 5214.0
0


HOST: 37
0.5402071170662512 0.5402071170662512 0.0
11670.094349982226 11670.094349982226 0.0
21603.0 21603.0 0.0
0


HOST: 38
0.5062499999988367 0.5062499999985448 0.5062499999988523
9563.062499978025 488.0249999985972 9075.037499979428
18890.0 964.0 17926.0
0


HOST: 39
0.5375951777133351 0.5403157462047592 0.5062500000003638
11086.82534998211 10253.03159998151 833.7937500005992
20623.0 18976.0 1647.0
0


HOST: 40
0.5502292290082704 0.5502292290082704 0.0
12503.408999983938 12503.408999983938 0.0
22724.0 22724.0 0.0
0


HOST: 41
0.5454888732011239 0.5454888732011239 0.0
8307.250049979917 8307.250049979917 0.0
15229.0 15229.0 0.0
0


HOST: 42
0.5748171114794849 0.5754204991872264 0.5062500000003638
11070.4027499834 10985.352749983338 85.05000000006112
19259.0 19091.0 168.0
0


HOST: 43
0.5539969176598232 0.6012054255796998 0.5326677329619485
11565.793649984129 3906.0316499913097 7659.761999992819
20877.0 6497.0 14380.0
0


HOST: 44
0.5469446606911 0.5889021052617736 0.5062499999993482
10131.055949981246 5370.787199987375 4760.268749993871
18523.0 9120.0 9403.0
0


HOST: 45
0.5062499999990285 0.5062499999985448 0.5062499999991337
10937.024999979012 1952.6062499943873 8984.418749984625
21604.0 3857.0 17747.0
0


HOST: 46
0.5701266583617544 0.5959704817302438 0.5062499999998545
9840.956249982242 7323.8812499829655 2517.0749999992768
17261.0 12289.0 4972.0
0


HOST: 47
0.5351467820197757 0.5882116867457293 0.5137125030405196
9262.855649980298 2929.294199993732 6333.561449986566
17309.0 4980.0 12329.0
0


HOST: 48
0.5710072979484078 0.5710072979484078 0.0
10414.031099983062 10414.031099983062 0.0
18238.0 18238.0 0.0
0


HOST: 49
0.5485454794922471 0.5485454794922471 0.0
10993.948499983615 10993.948499983615 0.0
20042.0 20042.0 0.0
0


HOST: 50
0.5491926001984379 0.5491926001984379 0.0
4946.577749987329 4946.577749987329 0.0
9007.0 9007.0 0.0
0


HOST: 51
0.5693341023057421 0.5693341023057421 0.0
9082.017599981198 9082.017599981198 0.0
15952.0 15952.0 0.0
0


HOST: 52
0.5333308753742981 0.549759840398075 0.5172606694756453
11015.415899980753 5614.69724998554 5400.718649995213
20654.0 10213.0 10441.0
0


HOST: 53
0.5661084154022785 0.5661084154022785 0.0
10231.843499980781 10231.843499980781 0.0
18074.0 18074.0 0.0
0


HOST: 54
0.5487119914555186 0.5491189267341984 0.5410524193552074
10789.872599981318 10253.148599980952 536.7240000003658
19664.0 18672.0 992.0
0


HOST: 55
0.5482177684782849 0.5482177684782849 0.0
11725.829849982034 11725.829849982034 0.0
21389.0 21389.0 0.0
0


HOST: 56
0.5791579716399672 0.5794830013884763 0.5062500000003638
10047.811649981792 10008.830399981764 38.98125000002801
17349.0 17272.0 77.0
0


HOST: 57
0.5612749828873257 0.5574887633200892 0.7037002202645621
9840.272999980594 9520.793099980483 319.47990000011123
17532.0 17078.0 454.0
0


HOST: 58
0.53812161464415 0.5523899753140128 0.5062500000003638
11361.361649981938 8056.055399979563 3305.3062500023752
21113.0 14584.0 6529.0
0


HOST: 59
0.5588090252699605 0.5776447751997728 0.5398331791739877
11764.047599983207 6102.817049985599 5661.230549997608
21052.0 10565.0 10487.0
0


HOST: 60
0.507301346399489 0.5062499999985448 0.5073250772679565
11077.432199979241 244.0124999992986 10833.419699979942
21836.0 482.0 21354.0
0


HOST: 61
0.5539721394522524 0.537535602979908 0.6286001666243018
11972.999849981532 9520.83059998013 2452.1692500014015
21613.0 17712.0 3901.0
0


HOST: 62
0.5574381239690576 0.5574381239690576 0.0
10485.968549981942 10485.968549981942 0.0
18811.0 18811.0 0.0
0


HOST: 63
0.6965743135461863 0.7724280362947611 0.5768727052434345
12227.665499989753 8299.739249987208 3927.926250002545
17554.0 10745.0 6809.0
0


HOST: 64
0.529751475425251 0.529751475425251 0.0
10627.874099981385 10627.874099981385 0.0
20062.0 20062.0 0.0
0


HOST: 65
0.5062499999987279 0.5062499999985448 0.5062499999987385
8927.212499977568 488.0249999985972 8439.18749997897
17634.0 964.0 16670.0
0


HOST: 66
0.5901377653532326 0.5901377653532326 0.0
10925.220449984396 10925.220449984396 0.0
18513.0 18513.0 0.0
0


HOST: 67
0.5667920724084253 0.5667920724084253 0.0
9534.009449982123 9534.009449982123 0.0
16821.0 16821.0 0.0
0


HOST: 68
0.562073618022142 0.562073618022142 0.0
12537.052049983877 12537.052049983877 0.0
22305.0 22305.0 0.0
0


HOST: 69
0.5610813868245644 0.5851314971867383 0.5335632911390689
11405.101349982922 6346.92134998455 5058.179999998372
20327.0 10847.0 9480.0
0


HOST: 70
0.6117673041111396 0.6117673041111396 0.0
11500.613549985312 11500.613549985312 0.0
18799.0 18799.0 0.0
0


HOST: 71
0.5335173962827422 0.5335173962827422 0.0
8384.759399979577 8384.759399979577 0.0
15716.0 15716.0 0.0
0


HOST: 72
0.5080286012723139 0.5101160117042309 0.507376762401146
10213.406999978599 2440.394999993041 7773.011999985558
20104.0 4784.0 15320.0
0


HOST: 73
0.5062499999988276 0.5062499999985448 0.5062499999988429
9506.362499977984 488.0249999985972 9018.337499979387
18778.0 964.0 17814.0
0


HOST: 74
0.5485603728072375 0.5667795369521811 0.5062500000003638
12168.71474998295 8788.48349998052 3380.231250002429
22183.0 15506.0 6677.0
0


HOST: 75
0.5696523316574633 0.5696523316574633 0.0
11336.08139998352 11336.08139998352 0.0
19900.0 19900.0 0.0
0


HOST: 76
0.524465882245165 0.524465882245165 0.0
11544.542999980571 11544.542999980571 0.0
22012.0 22012.0 0.0
0


HOST: 77
0.5096919583580763 0.511126249429588 0.5073198283640151
8984.340149977812 5614.721849984024 3369.6182999937882
17627.0 10985.0 6642.0
0


HOST: 78
0.5337871647881997 0.5402072561300314 0.5062500000003638
10708.838099980861 8788.631849979482 1920.2062500013799
20062.0 16269.0 3793.0
0


HOST: 79
0.5108649172621254 0.5137400491016684 0.5062499999986865
8273.968199977382 5126.611949985549 3147.3562499918335
16196.0 9979.0 6217.0
0


HOST: 80
0.5398680017989576 0.5398680017989576 0.0
8996.900249979628 8996.900249979628 0.0
16665.0 16665.0 0.0
0


HOST: 81
0.5102099288389345 0.5215355791226304 0.5062499999994798
12905.760149980848 3417.622649990597 9488.137499990251
25295.0 6553.0 18742.0
0


HOST: 82
0.5278041306251582 0.5239393976233979 0.5299969069646048
10190.31434997993 3661.8124499899277 6528.501899990002
19307.0 6989.0 12318.0
0


HOST: 83
0.5073390302053464 0.508516266387468 0.506249999998784
8616.1387499774 4150.001249988127 4466.137499989272
16983.0 8161.0 8822.0
0


HOST: 84
0.5173144655649258 0.5373634439538657 0.5075164294569341
9307.00454997858 3173.6684999915306 6133.336049987049
17991.0 5906.0 12085.0
0


HOST: 85
0.5083338266944545 0.512192437534323 0.5071474843128542
11333.810999979558 2685.4249499924554 8648.386049987103
22296.0 5243.0 17053.0
0


HOST: 86
0.5269235376356948 0.5269235376356948 0.0
9044.115599979064 9044.115599979064 0.0
17164.0 17164.0 0.0
0


HOST: 87
0.5427465833475398 0.5427465833475398 0.0
12072.854999982676 12072.854999982676 0.0
22244.0 22244.0 0.0
0


HOST: 88
0.5479419344610386 0.5627936751677464 0.524845906094773
12106.229099982187 7567.886549980685 4538.342550001502
22094.0 13447.0 8647.0
0


HOST: 89
0.5612536539067379 0.5612536539067379 0.0
8724.688049980241 8724.688049980241 0.0
15545.0 15545.0 0.0
0


HOST: 90
0.5664111239050026 0.5816979312571886 0.5062500000003638
9837.428399982085 8055.934649980805 1781.4937500012802
17368.0 13849.0 3519.0
0


HOST: 91
0.5406848619092984 0.5406848619092984 0.0
8359.528649979664 8359.528649979664 0.0
15461.0 15461.0 0.0
0


HOST: 92
0.5411898508466689 0.5735121769758851 0.5062499999998781
11973.82544998255 6591.375449983847 5382.449999998704
22125.0 11493.0 10632.0
0


HOST: 93
0.6608413074492228 0.6608413074492228 0.0
11114.689949988477 11114.689949988477 0.0
16819.0 16819.0 0.0
0


HOST: 94
0.5573086161180111 0.5573086161180111 0.0
12613.008599982828 12613.008599982828 0.0
22632.0 22632.0 0.0
0


HOST: 95
0.5621197728139736 0.5621197728139736 0.0
11678.600399983115 11678.600399983115 0.0
20776.0 20776.0 0.0
0


HOST: 96
0.5574851288046887 0.5574851288046887 0.0
10712.076749982094 10712.076749982094 0.0
19215.0 19215.0 0.0
0


HOST: 97
0.5223210895269836 0.5301182694164744 0.5062500000003638
20005.420049973 13671.22004998146 6334.200000004552
38301.0 25789.0 12512.0
0


HOST: 98
0.5129094529070046 0.5121984812420436 0.5181084840855498
18619.126049977174 16356.54629998342 2262.579750001596
36301.0 31934.0 4367.0
0


HOST: 99
0.5173052918612684 0.5182933517098189 0.5062500000003638
16457.03324998253 15135.720749981843 1321.3125000009495
31813.0 29203.0 2610.0
0


HOST: 100
0.5194719295403614 0.5219143096455808 0.5062500000003638
19286.953799974537 16356.27254998286 2930.681250002106
37128.0 31339.0 5789.0
0


HOST: 101
0.5137572364698617 0.5202983118328145 0.5071208774329341
18189.061199978983 9276.918899979082 8912.142300006384
35404.0 17830.0 17574.0
0


HOST: 102
0.5240786415705118 0.5247351518744515 0.5062500000003638
19212.72299997496 18553.585499976856 659.1375000004737
36660.0 35358.0 1302.0
0


HOST: 103
0.5266006406649465 0.5283731832175099 0.5062500000002739
20631.159899971273 19042.04114997584 1589.1187500008596
39178.0 36039.0 3139.0
0


HOST: 104
0.5135240538070196 0.5193011617747593 0.5062500000003638
16892.37374998191 9520.867499978436 7371.506250005297
32895.0 18334.0 14561.0
0


HOST: 105
0.5145025801189504 0.5216275303631682 0.5062500000003638
17049.58649998178 9276.623999978583 7772.962500005586
33138.0 17784.0 15354.0
0


HOST: 106
0.5183107518332019 0.5170090012247424 0.5188024779989237
16959.127799982365 4638.087749987164 12321.040049996438
32720.0 8971.0 23749.0
0


HOST: 107
0.5268300335250368 0.5198431454051788 0.5289123753399796
22628.40359996738 5126.693099985874 17501.710499999925
42952.0 9862.0 33090.0
0


HOST: 108
0.5062499999991903 0.5062499999985448 0.5062499999992162
23546.19374996234 244.0124999992986 23302.18124996392
46511.0 482.0 46029.0
0


HOST: 109
0.5086528846146979 0.5313037010145135 0.5078255288124314
19890.36239997315 732.1364999979996 19158.225899977784
39104.0 1378.0 37726.0
0


HOST: 110
0.5181245248861627 0.5097780136668515 0.5236256266425634
20610.993599971553 8056.021949977254 12554.971650008742
39780.0 15803.0 23977.0
0


HOST: 111
0.523176353681571 0.5321434567280391 0.5062500000003638
20928.100499970205 13915.019249981495 7013.08125000504
40002.0 26149.0 13853.0
0


HOST: 112
0.5062499999993589 0.5062499999985448 0.5062499999997102
18666.956249976363 2197.1249999936845 16469.831249990573
36873.0 4340.0 32533.0
0


HOST: 113
0.5416437056778068 0.5553135145002012 0.506249999999462
9242.066549980418 6835.354049982976 2406.712499997442
17063.0 12309.0 4754.0
0


HOST: 114
0.5559356855659879 0.5559356855659879 0.0
12167.764349982777 12167.764349982777 0.0
21887.0 21887.0 0.0
0


HOST: 115
0.5634015624991486 0.5634015624991486 0.0
11033.656199983327 11033.656199983327 0.0
19584.0 19584.0 0.0
0


HOST: 116
0.5934723839184647 0.5934723839184647 0.0
13049.86424998312 13049.86424998312 0.0
21989.0 21989.0 0.0
0


HOST: 117
0.5201012411245199 0.5201012411245199 0.0
10036.393649979862 10036.393649979862 0.0
19297.0 19297.0 0.0
0


HOST: 118
0.5062499999985448 0.5062499999985448 0.5062499999985448
5799.093749983331 4638.2624999866675 1160.8312499966632
11455.0 9162.0 2293.0
0


HOST: 119
0.5240929204838035 0.5240929204838035 0.0
10638.038099980244 10638.038099980244 0.0
20298.0 20298.0 0.0
0


HOST: 120
0.5378704560753528 0.5378704560753528 0.0
11180.175299982282 11180.175299982282 0.0
20786.0 20786.0 0.0
0


HOST: 121
0.522474012545259 0.522474012545259 0.0
8994.91259997918 8994.91259997918 0.0
17216.0 17216.0 0.0
0


HOST: 122
0.5809475133107466 0.580792223204881 0.6004375000003771
10583.12084998187 10496.657849981815 86.46300000005431
18217.0 18073.0 144.0
0


HOST: 123
0.533525810724262 0.533525810724262 0.0
8456.384099979552 8456.384099979552 0.0
15850.0 15850.0 0.0
0


HOST: 124
0.5805009145419677 0.5805009145419677 0.0
11615.823299984775 11615.823299984775 0.0
20010.0 20010.0 0.0
0


HOST: 125
0.5718757689266478 0.5718757689266478 0.0
11602.21559998383 11602.21559998383 0.0
20288.0 20288.0 0.0
0


HOST: 126
0.5755680795633132 0.5840675716078165 0.5062500000003638
9722.495999983486 8788.464749982815 934.0312500006712
16892.0 15047.0 1845.0
0


HOST: 127
0.5367839724468272 0.5367839724468272 0.0
6663.0994499824665 6663.0994499824665 0.0
12413.0 12413.0 0.0
0


HOST: 128
0.5698738832366733 0.570639635449494 0.5062500000003638
11596.363649983065 11473.851149982976 122.51250000008804
20349.0 20107.0 242.0
0


HOST: 129
0.5490781587792505 0.5490781587792505 0.0
12241.69754998339 12241.69754998339 0.0
22295.0 22295.0 0.0
0


HOST: 130
0.5062499999987986 0.5062499999985448 0.5062499999988459
9330.693749977858 1464.5812499957901 7866.112499982068
18431.0 2893.0 15538.0
0


HOST: 131
0.5159357358856868 0.5219002086924409 0.5062499999986398
8188.93199997762 5126.6257499858475 3062.3062499917723
15872.0 9823.0 6049.0
0


HOST: 132
0.509977398410997 0.509977398410997 0.0
10918.616099979445 10918.616099979445 0.0
21410.0 21410.0 0.0
0


HOST: 133
0.5258116769106316 0.5258116769106316 0.0
11890.179449980113 11890.179449980113 0.0
22613.0 22613.0 0.0
0


HOST: 134
0.5139019806054802 0.5139019806054802 0.0
9963.531599979051 9963.531599979051 0.0
19388.0 19388.0 0.0
0


HOST: 135
0.5505077948852821 0.5756590784031369 0.512832692308056
14015.377949984397 8788.58714998069 5226.790800003706
25459.0 15267.0 10192.0
0


HOST: 136
0.5214847440654065 0.5214847440654065 0.0
10941.792899980359 10941.792899980359 0.0
20982.0 20982.0 0.0
0


HOST: 137
0.5202583546103259 0.5202583546103259 0.0
10187.699099979402 10187.699099979402 0.0
19582.0 19582.0 0.0
0


HOST: 138
0.508167122288547 0.5110328779183361 0.5062499999994657
11506.42814997957 4638.134399986819 6868.293749992752
22643.0 9076.0 13567.0
0


HOST: 139
0.522894456117329 0.5291426768839494 0.5062500000003638
13935.660149982934 10253.197649980288 3682.4625000026463
26651.0 19377.0 7274.0
0


HOST: 140
0.5062499999985828 0.5062499999985448 0.5062499999986039
8199.731249977045 2929.1624999915803 5270.568749985465
16197.0 5786.0 10411.0
0


HOST: 141
0.508102886308338 0.5112425998309945 0.5062499999990707
9805.369499978306 3661.519499989583 6143.849999988723
19298.0 7162.0 12136.0
0


HOST: 142
0.52507126582179 0.52507126582179 0.0
10577.56064997996 10577.56064997996 0.0
20145.0 20145.0 0.0
0


HOST: 143
0.5223113150113309 0.5328666243867172 0.5062500000003638
14672.247149983295 9032.622149979243 5639.625000004053
28091.0 16951.0 11140.0
0


HOST: 144
0.5145136148102472 0.5145136148102472 0.0
9115.123199978338 9115.123199978338 0.0
17716.0 17716.0 0.0
0


HOST: 145
0.5155539409916355 0.5155539409916355 0.0
9575.898899978638 9575.898899978638 0.0
18574.0 18574.0 0.0
0


HOST: 146
0.5083812380301586 0.5105850972585391 0.5071466430367919
13538.700749981152 4882.214699986151 8656.486049995001
26631.0 9562.0 17069.0
0


HOST: 147
0.5245922627132774 0.5245922627132774 0.0
11573.554499980326 11573.554499980326 0.0
22062.0 22062.0 0.0
0


HOST: 148
0.5191419426251435 0.5268961882356763 0.5062499999998143
10785.69299997998 6835.424249981428 3950.2687499985514
20776.0 12973.0 7803.0
0


HOST: 149
0.5122774214389754 0.5122774214389754 0.0
9112.903049977933 9112.903049977933 0.0
17789.0 17789.0 0.0
0


HOST: 150
0.5549687623425603 0.5549687623425603 0.0
10115.97059998019 10115.97059998019 0.0
18228.0 18228.0 0.0
0


HOST: 151
0.5094664976021626 0.5094664976021626 0.0
9140.847899978 9140.847899978 0.0
17942.0 17942.0 0.0
0


HOST: 152
0.5327595400244244 0.5327595400244244 0.0
10482.04394998055 10482.04394998055 0.0
19675.0 19675.0 0.0
0


HOST: 153
0.5062499999985448 0.5062499999985448 0.0
7585.143749978197 7585.143749978197 0.0
14983.0 14983.0 0.0
0


HOST: 154
0.5164358457582757 0.5211230943683823 0.5075415443028447
8866.170599978077 5858.986949983722 3007.1836499943547
17168.0 11243.0 5925.0
0


HOST: 155
0.5221968052916159 0.5221968052916159 0.0
8287.263299977945 8287.263299977945 0.0
15870.0 15870.0 0.0
0


HOST: 156
0.5420857955690462 0.5420857955690462 0.0
10670.416799981107 10670.416799981107 0.0
19684.0 19684.0 0.0
0


HOST: 157
0.5670507159213082 0.5361163920908832 0.5735592547653525
11880.84659998325 1952.5358999949967 9928.310699988253
20952.0 3642.0 17310.0
0


HOST: 158
0.5088987930530976 0.5115297617720185 0.5068933291292257
10667.53649997903 4638.040349986892 6029.496149992139
20962.0 9067.0 11895.0
0


HOST: 159
0.5228695649228177 0.5228695649228177 0.0
11609.272949981321 11609.272949981321 0.0
22203.0 22203.0 0.0
0


HOST: 160
0.5082304956389182 0.5135120950763751 0.5062499999987803
8859.473999977623 2441.236499993087 6418.237499984536
17432.0 4754.0 12678.0
0


HOST: 161
0.5062499999988334 0.5062499999985448 0.5062499999988573
9542.30624997801 732.0374999978958 8810.268749980114
18849.0 1446.0 17403.0
0


HOST: 162
0.5403949436300334 0.5403949436300334 0.0
9634.701449979864 9634.701449979864 0.0
17829.0 17829.0 0.0
0


HOST: 163
0.5882864383152174 0.669971220769285 0.5226836624931313
12031.045949984511 6102.767849987416 5928.278099997095
20451.0 9109.0 11342.0
0


HOST: 164
0.5140415138261506 0.5140415138261506 0.0
8940.724049978237 8940.724049978237 0.0
17393.0 17393.0 0.0
0


HOST: 165
0.5111031860850198 0.5111031860850198 0.0
8654.51024997764 8654.51024997764 0.0
16933.0 16933.0 0.0
0


HOST: 166
0.5090410962583861 0.5090410962583861 0.0
9444.748499978095 9444.748499978095 0.0
18554.0 18554.0 0.0
0


HOST: 167
0.5139868181592951 0.5246913833514486 0.5105590533683647
10845.635849979288 2685.370499992714 8160.265349986574
21101.0 5118.0 15983.0
0


HOST: 168
0.5436621297198062 0.5668908872503636 0.5109990597905638
11617.516049982538 7079.333399982541 4538.182649999997
21369.0 12488.0 8881.0
0


HOST: 169
0.5435219113165035 0.7528499999985797 0.5160752932440592
9119.754149979612 1464.2932499972376 7655.460899982374
16779.0 1945.0 14834.0
0


HOST: 170
0.5793147482006681 0.5918719969132947 0.5062500000003638
12320.286749983608 10741.292999982474 1578.9937500011347
21267.0 18148.0 3119.0
0


HOST: 171
0.5062499999985448 0.5062499999985448 0.0
3930.524999988702 3930.524999988702 0.0
7764.0 7764.0 0.0
0


HOST: 172
0.5329280533491818 0.5408851058578146 0.5234514464423993
11947.181099981957 6591.225899983328 5355.955199998629
22418.0 12186.0 10232.0
0


HOST: 173
0.5440975882376081 0.5525950236953284 0.5062500000001185
9418.873349981233 7812.035849980857 1606.8375000003762
17311.0 14137.0 3174.0
0


HOST: 174
0.5523167093870291 0.6890674592820163 0.507720915656669
10342.682699981508 3173.155649993685 7169.5270499878225
18726.0 4605.0 14121.0
0


HOST: 175
0.5564458179406326 0.5564458179406326 0.0
8435.718599979991 8435.718599979991 0.0
15160.0 15160.0 0.0
0


HOST: 176
0.599291844510816 0.599291844510816 0.0
6290.167199985524 6290.167199985524 0.0
10496.0 10496.0 0.0
0


HOST: 177
0.5552692131320194 0.6001052238791551 0.5062499999999521
12109.310999983078 6835.198499983577 5274.112499999501
21808.0 11390.0 10418.0
0


HOST: 178
0.5541648723632716 0.5541648723632716 0.0
11983.261199983384 11983.261199983384 0.0
21624.0 21624.0 0.0
0


HOST: 179
0.5438943846010493 0.5438943846010493 0.0
12320.295599982968 12320.295599982968 0.0
22652.0 22652.0 0.0
0


HOST: 180
0.5592482192104491 0.5592482192104491 0.0
11556.86444998393 11556.86444998393 0.0
20665.0 20665.0 0.0
0


HOST: 181
0.5721332316128499 0.5721332316128499 0.0
7499.522399981237 7499.522399981237 0.0
13108.0 13108.0 0.0
0


HOST: 182
0.5989780229386206 0.609870909139427 0.5062500000003638
12324.571799985057 11229.55304998427 1095.018750000787
20576.0 18413.0 2163.0
0


HOST: 183
0.5601932534669165 0.5601932534669165 0.0
10661.597999982356 10661.597999982356 0.0
19032.0 19032.0 0.0
0


HOST: 184
0.5116426246293888 0.5206107283450035 0.5100078182468334
20228.814449972146 3173.6429999911416 17055.171449992355
39537.0 6096.0 33441.0
0


HOST: 185
0.5403759370308123 0.5266913314829755 0.5586850927838568
18381.968249977144 10253.100149979085 8128.8681000051165
34017.0 19467.0 14550.0
0


HOST: 186
0.5318661030505517 0.5319930305853258 0.506249999999909
20603.429099972273 20506.73534997255 96.69374999998263
38738.0 38547.0 191.0
0


HOST: 187
0.5236962467726505 0.534151894892508 0.5062500000003638
20287.99259997248 12938.761349981221 7349.231250005281
38740.0 24223.0 14517.0
0


HOST: 188
0.5062499999992813 0.5062499999985448 0.506249999999312
20634.749999970707 244.0124999992986 20390.73749997229
40760.0 482.0 40278.0
0


HOST: 189
0.5497063809318358 0.5497063809318358 0.0
21149.403299971447 21149.403299971447 0.0
38474.0 38474.0 0.0
0


HOST: 190
0.5221433217862617 0.5309794066461238 0.5096618225393819
20500.391099972207 12206.154599981093 8294.2365000059
39262.0 22988.0 16274.0
0


HOST: 191
0.5295479777371673 0.5301790007322782 0.5235259585493189
21551.014049969497 19530.203849974932 2020.810200000371
40697.0 36837.0 3860.0
0


HOST: 192
0.5062499999992777 0.5062499999985448 0.5062499999993392
20737.012499970413 488.0249999985972 20248.98749997357
40962.0 964.0 39998.0
0


HOST: 193
0.5181964490448759 0.5267072815519667 0.5139388798951048
23049.896249965124 7812.122399978769 15237.77385000996
44481.0 14832.0 29649.0
0


HOST: 194
0.5209295431634523 0.5283303476676453 0.5076841975389398
23262.10874996396 15135.607799982703 8126.5009500058095
44655.0 28648.0 16007.0
0


HOST: 195
0.5431955084740119 0.5476656013233695 0.508369770774003
16665.238199982683 14891.027699982418 1774.2105000012707
30680.0 27190.0 3490.0
0


HOST: 196
0.5062499999993234 0.5062499999985448 0.5062499999995727
19518.974999973914 1708.5937499950887 17810.381249984966
38556.0 3375.0 35181.0
0


HOST: 197
0.5289510992343859 0.523664449147073 0.5698635458170201
20884.047299972022 18309.40379997826 2574.643500001297
39482.0 34964.0 4518.0
0


HOST: 198
0.5454165612504461 0.5454165612504461 0.0
15694.361549981588 15694.361549981588 0.0
28775.0 28775.0 0.0
0


HOST: 199
0.5201219822749228 0.5314827682036202 0.5062500000003638
20424.14999997167 11473.649999979752 8950.500000006432
39268.0 21588.0 17680.0
0


HOST: 200
0.5118933020610948 0.5117890835564971 0.5119037429862033
18770.103599976224 1708.8637499951437 17061.23984998717
36668.0 3339.0 33329.0
0


HOST: 201
0.5290034527212975 0.5306168550380232 0.506249999999909
22154.66459996794 20750.833349971974 1403.8312499997478
41880.0 39107.0 2773.0
0


HOST: 202
0.511867209028884 0.5123952425358642 0.5117272530596613
20951.748599970284 4394.3015999875715 16557.4469999984
40932.0 8576.0 32356.0
0


HOST: 203
0.520050216198803 0.520050216198803 0.0
20205.51104997209 20205.51104997209 0.0
38853.0 38853.0 0.0
0


HOST: 204
0.5463459665472932 0.5536582623199785 0.516806780104993
21035.95874997043 17087.554949981495 3948.4038000021465
38503.0 30863.0 7640.0
0


HOST: 205
0.5242734592226282 0.5242734592226282 0.0
19684.3712999728 19684.3712999728 0.0
37546.0 37546.0 0.0
0


HOST: 206
0.5150141884172075 0.5226895774838919 0.5062500000003638
20303.40434997157 10985.366849978955 9318.037500006696
39423.0 21017.0 18406.0
0


HOST: 207
0.5290139898921172 0.5290139898921172 0.0
21983.176349966932 21983.176349966932 0.0
41555.0 41555.0 0.0
0


HOST: 208
0.5236543770855657 0.5264568321034533 0.5062500000003638
19452.712799974594 16844.51279998209 2608.2000000018743
37148.0 31996.0 5152.0
0


HOST: 209
0.5215399733634587 0.5320672501730119 0.5110346182326619
22517.48834996733 11474.030249981002 11043.458100007825
43175.0 21565.0 21610.0
0


HOST: 210
0.5352059895607412 0.5353042196825509 0.5317248466261285
19073.135849976134 18553.108949977533 520.0269000003536
35637.0 34659.0 978.0
0


HOST: 211
0.5062499999992985 0.5062499999985448 0.5062499999998237
20163.93749997206 3417.693749990176 16746.243749994166
39830.0 6751.0 33079.0
0


HOST: 212
0.5062499999992695 0.5062499999985448 0.50624999999933
20974.44374996973 488.0249999985972 20486.418749972887
41431.0 964.0 40467.0
0


HOST: 213
0.5299123365360144 0.5288722394151197 0.5347710351311693
20787.93104997131 17088.919799981348 3699.0112500022983
39229.0 32312.0 6917.0
0


HOST: 214
0.5062499999992258 0.5062499999985448 0.5062499999996404
22317.52499996587 3173.6812499908774 19143.8437499864
44084.0 6269.0 37815.0
0


HOST: 215
0.5153539404021532 0.5149737097853502 0.5155311828336748
21514.48094996869 6835.246049980953 14679.234900006057
41747.0 13273.0 28474.0
0


HOST: 216
0.5321569994285309 0.5324933301790411 0.5062500000000075
20512.523699972153 20262.43619997287 250.08750000000373
38546.0 38052.0 494.0
0


HOST: 217
0.5062499999993234 0.5062499999985448 0.5062499999995727
19518.974999973914 1708.5937499950887 17810.381249984966
38556.0 3375.0 35181.0
0


HOST: 218
0.5237822331173866 0.5310981271268316 0.5209236888790785
19709.40164997414 5614.769399984863 14094.632250001227
37629.0 10572.0 27057.0
0


HOST: 219
0.5382742711136199 0.5382742711136199 0.0
17169.872699982247 17169.872699982247 0.0
31898.0 31898.0 0.0
0


HOST: 220
0.5303271392652447 0.5303271392652447 0.0
16454.460149982748 16454.460149982748 0.0
31027.0 31027.0 0.0
0


HOST: 221
0.5189174929713246 0.5189174929713246 0.0
12183.144899980758 12183.144899980758 0.0
23478.0 23478.0 0.0
0


HOST: 222
0.5403501021269759 0.5403501021269759 0.0
19047.3410999759 19047.3410999759 0.0
35250.0 35250.0 0.0
0


HOST: 223
0.5459038121481719 0.5474497676484532 0.5062499999999428
20993.276999970098 20262.758249972198 730.5187499999174
38456.0 37013.0 1443.0
0


HOST: 224
0.5082580032056815 0.5062499999985448 0.5084546303813705
16486.36484998269 1464.5812499957901 15021.783599987211
32437.0 2893.0 29544.0
0


HOST: 225
0.531221090912358 0.5455219185607393 0.5062500000003638
23553.81194996304 15379.899449982924 8173.912500005874
44339.0 28193.0 16146.0
0


HOST: 226
0.517532223541259 0.5204240701250397 0.5154083189125999
21785.5189499693 9276.559049978832 12508.959900008798
42095.0 17825.0 24270.0
0


HOST: 227
0.5409395892393042 0.5529865756154696 0.5062500000003638
16408.861499985054 12450.492749982299 3958.3687500028445
30334.0 22515.0 7819.0
0


HOST: 228
0.5439192697192127 0.5559727646292494 0.5062500000003638
14501.43164998393 11229.537899981578 3271.893750002351
26661.0 20198.0 6463.0
0


HOST: 229
0.5062499999993147 0.5062499999985448 0.5062499999994052
13920.862499981156 1464.5812499957901 12456.281249985366
27498.0 2893.0 24605.0
0


HOST: 230
0.5360996999666222 0.5360996999666222 0.0
14741.133449982211 14741.133449982211 0.0
27497.0 27497.0 0.0
0


HOST: 231
0.5146571476147367 0.5146571476147367 0.0
13133.535749980467 13133.535749980467 0.0
25519.0 25519.0 0.0
0


HOST: 232
0.509890946544897 0.5062499999985448 0.5103820225387402
14479.883099981986 1708.5937499950887 12771.289349986897
28398.0 3375.0 25023.0
0


HOST: 233
0.55929689570912 0.55929689570912 0.0
19242.050399976564 19242.050399976564 0.0
34404.0 34404.0 0.0
0


HOST: 234
0.5850265353553042 0.5850265353553042 0.0
14346.020699982771 14346.020699982771 0.0
24522.0 24522.0 0.0
0


HOST: 235
0.5612406784754082 0.5764885194123349 0.5062500000003638
13053.335699981044 10497.279449979207 2556.056250001837
23258.0 18209.0 5049.0
0


HOST: 236
0.5340098659903056 0.5684503725620613 0.5079855720896461
18649.226549979445 8544.377549980343 10104.849000007242
34923.0 15031.0 19892.0
0


HOST: 237
0.5377192542607508 0.5476677509805704 0.5062500000003638
15142.174199982745 11717.899199980284 3424.2750000024607
28160.0 21396.0 6764.0
0


HOST: 238
0.9040791071157005 2.8075308729246387 0.5062499999993264
55477.00624994073 29782.287499984566 25694.71874996581
61363.0 10608.0 50755.0
2


HOST: 239
0.525054018145831 0.5791237241855952 0.5153856818466278
14582.85029998231 2439.8482499939128 12143.002049988398
27774.0 4213.0 23561.0
0


HOST: 240
0.5292184625764018 0.5331274318332058 0.5073017054402792
19989.110549973273 17088.866699981576 2900.243850002076
37771.0 32054.0 5717.0
0


HOST: 241
0.5219490808030987 0.5350430339994701 0.5111880975565877
19533.422399975163 9032.596499979054 10500.825900007425
37424.0 16882.0 20542.0
0


HOST: 242
0.5483489520693696 0.5512938778450879 0.506249999999909
22343.574749970605 20994.92474997448 1348.6499999997577
40747.0 38083.0 2664.0
0


HOST: 243
0.5390078233882456 0.5450391140307184 0.5062500000000512
22584.42779996749 19286.20904997697 3298.2187500003333
41900.0 35385.0 6515.0
0


HOST: 244
0.5288596823617511 0.5714873468577433 0.5075939738401906
20362.6843499745 7323.61034998198 13039.074000006816
38503.0 12815.0 25688.0
0


HOST: 245
0.5379342639586423 0.5379342639586423 0.0
21936.421349969474 21936.421349969474 0.0
40779.0 40779.0 0.0
0


HOST: 246
0.5375554394538506 0.5444437494343572 0.506250000000186
21761.319299970783 18065.188049981407 3696.1312500013587
40482.0 33181.0 7301.0
0


HOST: 247
0.5307777208356003 0.5307777208356003 0.0
15742.867199983903 15742.867199983903 0.0
29660.0 29660.0 0.0
0


HOST: 248
0.5253870367567995 0.5495025521337012 0.5106047601659343
20882.558549972513 8300.236049979558 12582.322500008951
39747.0 15105.0 24642.0
0


HOST: 249
0.5315447990749769 0.5386981228662673 0.5076102480805094
23465.57669996393 18309.27179997869 5156.3049000018145
44146.0 33988.0 10158.0
0


HOST: 250
0.5247981290658551 0.5354769838165562 0.5158612584135781
23632.18454996452 10985.845799980467 12646.338750008867
45031.0 20516.0 24515.0
0


HOST: 251
0.5168831598813491 0.5254092233000328 0.5089680748571752
22449.269399966754 10985.781449980386 11463.487950008157
43432.0 20909.0 22523.0
0


HOST: 252
0.5263056346734126 0.5263056346734126 0.0
19143.314849976035 19143.314849976035 0.0
36373.0 36373.0 0.0
0


HOST: 253
0.5298820934498772 0.5298820934498772 0.0
20185.858349973074 20185.858349973074 0.0
38095.0 38095.0 0.0
0


HOST: 254
0.5410108024415616 0.5347625152110399 0.5502772307251739
18608.066549977513 10985.626349980392 7622.440200005109
34395.0 20543.0 13852.0
0


HOST: 255
0.5266550330332033 0.5389649322619406 0.5146774764442453
21283.709849970845 10741.571099980478 10542.138750007476
40413.0 19930.0 20483.0
0


HOST: 256
0.5096735648175984 0.5120998776351943 0.5090082129617362
20322.2140499721 4394.329049987602 15927.884999998647
39873.0 8581.0 31292.0
0


HOST: 257
0.5276760599834951 0.5374783621649686 0.5165776556780205
22115.43134996826 11961.580949981375 10153.85040000717
41911.0 22255.0 19656.0
0


HOST: 258
0.5254238627704616 0.5313075645248979 0.511719148515216
22084.615799968044 15624.161549983672 6460.454250004603
42032.0 29407.0 12625.0
0


HOST: 259
0.5380316695344702 0.5567906740329385 0.5125592112995572
23757.32639996407 14158.630049983592 9598.696350006807
44156.0 25429.0 18727.0
0


HOST: 260
0.5346959472686995 0.541171770370852 0.5212882210971362
20746.73744997281 14159.21819998297 6587.5192500045105
38801.0 26164.0 12637.0
0


HOST: 261
0.5079852721241986 0.5112594265500118 0.5076599945365927
21467.457599968635 1952.4997499944948 19514.95784998116
42260.0 3819.0 38441.0
0


HOST: 262
0.5130997335856335 0.517358393385588 0.5110616246832902
22437.338249966167 7322.690699979612 15114.647550008307
43729.0 14154.0 29575.0
0


HOST: 263
0.5329049601016981 0.5341059915803783 0.5232568965518416
21638.07299996935 19286.03324997588 2352.039750000528
40604.0 36109.0 4495.0
0


HOST: 264
0.5499820085760924 0.5555411705801413 0.5243569930071406
22058.67839996991 18309.525899980297 3749.1525000010547
40108.0 32958.0 7150.0
0


HOST: 265
0.51533149943793 0.5233074001014811 0.5119523323404427
20194.810799973602 6102.810899983473 14091.999900003026
39188.0 11662.0 27526.0
0


HOST: 266
0.5219343693160952 0.5293114172653229 0.5085187783403786
22385.76509996732 14647.63484998328 7738.130250005541
42890.0 27673.0 15217.0
0


HOST: 267
0.5534305219557861 0.5549512349862291 0.5062500000003638
16837.570199982838 16356.632699984117 480.9375000003456
30424.0 29474.0 950.0
0


HOST: 268
0.5206021060720769 0.530427062154228 0.5160908038197806
21320.218049969764 6835.6135499815355 14484.604500005962
40953.0 12887.0 28066.0
0


HOST: 269
0.5072278874088317 0.5112425998309945 0.5064555494369718
22516.35314996545 3661.519499989583 18854.83364998902
44391.0 7162.0 37229.0
0


HOST: 270
0.5414467394010746 0.5414467394010746 0.0
21687.107699970642 21687.107699970642 0.0
40054.0 40054.0 0.0
0


HOST: 271
0.5321522308090216 0.5321522308090216 0.0
21206.79854997032 21206.79854997032 0.0
39851.0 39851.0 0.0
0


HOST: 272
0.5062499999991432 0.5062499999985448 0.5062499999991964
11964.71249997975 976.0499999971944 10988.662499982556
23634.0 1928.0 21706.0
0


HOST: 273
0.506249999999437 0.5062499999985448 0.5062499999995649
17033.793749981058 976.0499999971944 16057.743749986199
33647.0 1928.0 31719.0
0


HOST: 274
0.5319922887082312 0.5338255026104648 0.5062500000003638
17461.050899981565 16356.413399984642 1104.6375000007938
32822.0 30640.0 2182.0
0


HOST: 275
0.5406692906874588 0.5406692906874588 0.0
18324.363599979355 18324.363599979355 0.0
33892.0 33892.0 0.0
0


HOST: 276
0.5794672833809971 0.6190427883143149 0.5062500000003638
17601.898199981166 12206.285699981661 5395.612500003877
30376.0 19718.0 10658.0
0


HOST: 277
0.5841236343318261 0.5940930297229476 0.5062500000003638
15162.681299985543 13671.268799984471 1491.4125000010717
25958.0 23012.0 2946.0
0


HOST: 278
0.542354637980244 0.5574935874801802 0.509148565574134
15213.589949983825 10741.228949980632 4472.361000003193
28051.0 19267.0 8784.0
0


HOST: 279
0.5543103132196741 0.5543103132196741 0.0
9131.70809998091 9131.70809998091 0.0
16474.0 16474.0 0.0
0


HOST: 280
0.5551795859728906 0.5551795859728906 0.0
9373.096949980312 9373.096949980312 0.0
16883.0 16883.0 0.0
0


HOST: 281
0.5758603370777426 0.5758603370777426 0.0
11531.603249981797 11531.603249981797 0.0
20025.0 20025.0 0.0
0


HOST: 282
0.5640212585398818 0.5640212585398818 0.0
10235.857799981775 10235.857799981775 0.0
18148.0 18148.0 0.0
0


HOST: 283
0.5523715505642645 0.56033726020526 0.55031687248855
16429.739399983482 3417.4969499918807 13012.242449991765
29744.0 6099.0 23645.0
0


HOST: 284
0.5356076881203251 0.5356076881203251 0.0
15744.723599985078 15744.723599985078 0.0
29396.0 29396.0 0.0
0


HOST: 285
0.5392021597627535 0.5392021597627535 0.0
14580.026399984856 14580.026399984856 0.0
27040.0 27040.0 0.0
0


HOST: 286
0.5320360225693075 0.5600434515105768 0.5067306482008535
16123.883699985434 8056.225049979646 8067.658650005787
30306.0 14385.0 15921.0
0


HOST: 287
0.5267763301390896 0.5527912297494824 0.5067627236180491
13910.582549982939 6347.1488999835565 7563.433649999382
26407.0 11482.0 14925.0
0


HOST: 288
0.5254552498855453 0.5463489731424146 0.5075453337474713
17295.35954998272 8300.133599979563 8995.225950006434
32915.0 15192.0 17723.0
0


HOST: 289
0.5319817566818361 0.5319817566818361 0.0
14508.738449983717 14508.738449983717 0.0
27273.0 27273.0 0.0
0


HOST: 290
0.5628106350345826 0.5628106350345826 0.0
15598.296749983456 15598.296749983456 0.0
27715.0 27715.0 0.0
0


HOST: 291
0.5285458408674091 0.5733198851760435 0.5118386849405688
14906.57834998354 4393.923599989197 10512.654749994343
28203.0 7664.0 20539.0
0


HOST: 292
0.5275348666012825 0.5321173811353616 0.5062500000003638
14117.888099983522 11717.756849981797 2400.1312500017248
26762.0 22021.0 4741.0
0


HOST: 293
0.5304399584504279 0.5414247451859665 0.5079199235758695
16724.241449983543 11473.873199981002 5250.368250003763
31529.0 21192.0 10337.0
0


HOST: 294
0.506249999998789 0.5062499999985448 0.5062499999987955
9272.981249977816 244.0124999992986 9028.968749978518
18317.0 482.0 17835.0
0


HOST: 295
0.614925547373815 0.614925547373815 0.0
19041.784499977555 19041.784499977555 0.0
30966.0 30966.0 0.0
0


HOST: 296
0.5522703366467336 0.5923126689760343 0.5429189683082685
16831.5430499825 3417.6440999917177 13413.89894999239
30477.0 5770.0 24707.0
0


HOST: 297
0.5515550295957283 0.5515550295957283 0.0
15561.022049984284 15561.022049984284 0.0
28213.0 28213.0 0.0
0


HOST: 298
0.5379750792919062 0.5467558490906848 0.5071654599333703
18827.513849978845 14890.8955499848 3936.6183000028195
34997.0 27235.0 7762.0
0


HOST: 299
0.5291885646392148 0.5313451354869857 0.5228401009133887
13029.151649982108 9765.060899979822 3264.090750002286
24621.0 18378.0 6243.0
0


HOST: 300
0.5927552042154569 0.612342540703376 0.5259635248551024
16196.443199983143 12937.573199980929 3258.8700000022145
27324.0 21128.0 6196.0
0


HOST: 301
0.5665256241250837 0.5665256241250837 0.0
13366.0390499831 13366.0390499831 0.0
23593.0 23593.0 0.0
0


HOST: 302
0.5723055132436361 0.5744450202463242 0.5653524008539651
13676.384849983173 10497.408299981327 3178.9765500018457
23897.0 18274.0 5623.0
0


HOST: 303
0.6174706428844671 0.6174706428844671 0.0
15751.676099982755 15751.676099982755 0.0
25510.0 25510.0 0.0
0


HOST: 304
0.5447948371857937 0.5451837818085098 0.5062500000003638
19959.648449975924 19774.360949976457 185.28750000013315
36637.0 36271.0 366.0
0


HOST: 305
0.5610538338395615 0.5610538338395615 0.0
14019.613199982965 14019.613199982965 0.0
24988.0 24988.0 0.0
0


HOST: 306
0.5413934944230233 0.5487042866303239 0.5366266068807797
12815.866799981808 5126.544149987116 7689.322649994692
23672.0 9343.0 14329.0
0


HOST: 307
0.5512707341007278 0.5622387056648376 0.5062500000003638
14883.758549985549 12206.202299983624 2677.556250001924
26999.0 21710.0 5289.0
0


HOST: 308
0.5410280905127438 0.5432362034305674 0.5062500000003638
16031.203349983112 15135.647099982469 895.5562500006436
29631.0 27862.0 1769.0
0


HOST: 309
0.5062499999993807 0.5062499999985448 0.5062499999994394
14854.893749981828 976.0499999971944 13878.843749984633
29343.0 1928.0 27415.0
0


HOST: 310
0.5146148596932321 0.5211688612085114 0.512442971366196
14524.48979998178 3661.211249989792 10863.278549991988
28224.0 7025.0 21199.0
0


HOST: 311
0.5774544158345949 0.5548369518709073 0.6362650637315526
17941.508699980863 12450.54119998316 5490.9675000032985
31070.0 22440.0 8630.0
0


HOST: 312
0.5752582696039524 0.5752582696039524 0.0
13314.352649983479 13314.352649983479 0.0
23145.0 23145.0 0.0
0


HOST: 313
0.520823574276349 0.5819192096079738 0.5080810040157602
16456.983299984073 3173.2054499922815 13283.77784999205
31598.0 5453.0 26145.0
0


HOST: 314
0.5064997275065202 0.5062499999985448 0.5065909248861367
15520.671149982296 4149.731249988072 11370.939899994224
30643.0 8197.0 22446.0
0


HOST: 315
0.5062499999993354 0.5062499999985448 0.5062499999994614
14200.312499981357 1952.6062499943873 12247.70624998697
28050.0 3857.0 24193.0
0


HOST: 316
0.5438800831554211 0.5438800831554211 0.0
14062.019549983414 14062.019549983414 0.0
25855.0 25855.0 0.0
0


HOST: 317
0.5175525671156879 0.5390123373536635 0.5065591379172947
19374.580349975775 6835.215449981806 12539.364900004712
37435.0 12681.0 24754.0
0


HOST: 318
0.539584525347484 0.5420047862446198 0.5087655818539519
22542.762299967188 20995.097399971593 1547.664899999722
41778.0 38736.0 3042.0
0


HOST: 319
0.5489590295190044 0.5489590295190044 0.0
17071.527899982 17071.527899982 0.0
31098.0 31098.0 0.0
0


HOST: 320
0.5176304397265171 0.5257637176924134 0.5129332703440411
17068.8637499819 6347.019599982814 10721.84415000149
32975.0 12072.0 20903.0
0


HOST: 321
0.5308743420710483 0.5319599306415961 0.5062500000000708
20858.052899971488 20018.184149973902 839.8687500001174
39290.0 37631.0 1659.0
0


HOST: 322
0.5287411407642556 0.5333055647393268 0.5085088327664635
21951.217199968836 18065.192699979954 3886.024500001314
41516.0 33874.0 7642.0
0


HOST: 323
0.5259606525607522 0.534015310658136 0.5093236335814745
22124.53484996804 15135.59594998355 6988.938900004992
42065.0 28343.0 13722.0
0


HOST: 324
0.5252092737352446 0.5318424702993275 0.5062500000003638
20827.173749971123 15623.936249983344 5203.237500003739
39655.0 29377.0 10278.0
0


HOST: 325
0.5161416859926449 0.5348728284670008 0.5068548777072229
22032.54014996803 7567.915649979594 14464.62450000873
42687.0 14149.0 28538.0
0


HOST: 326
0.5091669634105633 0.5127258403346802 0.5083253423380528
20275.537649972044 3904.9199999889242 16370.617649996992
39821.0 7616.0 32205.0
0


HOST: 327
0.5267764051367829 0.5267764051367829 0.0
16570.278599982645 16570.278599982645 0.0
31456.0 31456.0 0.0
0


HOST: 328
0.5304484931711381 0.5304484931711381 0.0
10138.462049979962 10138.462049979962 0.0
19113.0 19113.0 0.0
0


HOST: 329
0.5229412391170231 0.5254733800920937 0.510417180615875
8470.079249978422 7079.702849980778 1390.3763999976436
16197.0 13473.0 2724.0
0


HOST: 330
0.5424008854772936 0.5432841074011373 0.5062500000003638
11485.338749981693 11229.682499981509 255.65625000018372
21175.0 20670.0 505.0
0


HOST: 331
0.5458956812383721 0.5458956812383721 0.0
10289.041799980836 10289.041799980836 0.0
18848.0 18848.0 0.0
0


HOST: 332
0.541260276250977 0.541260276250977 0.0
13989.41309998275 13989.41309998275 0.0
25846.0 25846.0 0.0
0


HOST: 333
0.5500746066624657 0.5500746066624657 0.0
9509.689799980706 9509.689799980706 0.0
17288.0 17288.0 0.0
0


HOST: 334
0.5178171441839029 0.5221047674197001 0.5145229015471703
13374.181199981844 5859.059699983874 7515.121499997969
25828.0 11222.0 14606.0
0


HOST: 335
0.5297483564497549 0.5297483564497549 0.0
11152.26239998024 11152.26239998024 0.0
21052.0 21052.0 0.0
0


HOST: 336
0.5062499999989875 0.5062499999985448 0.5062499999990725
10610.999999978778 1708.5937499950887 8902.40624998369
20960.0 3375.0 17585.0
0


HOST: 337
0.5341114021301511 0.5341114021301511 0.0
9523.206299980593 9523.206299980593 0.0
17830.0 17830.0 0.0
0


HOST: 338
0.5329833257984256 0.5470262130470017 0.5062499999993724
9432.738899980535 6347.145149984361 3085.5937499961747
17698.0 11603.0 6095.0
0


HOST: 339
0.6292615929934174 0.5775979774066647 0.7090843160379497
13580.723699983935 7567.688699982122 6013.035000001813
21582.0 13102.0 8480.0
0


HOST: 340
0.5618997432475902 0.5618997432475902 0.0
11817.875399983317 11817.875399983317 0.0
21032.0 21032.0 0.0
0


HOST: 341
0.5510515812888308 0.5510515812888308 0.0
11639.311499982685 11639.311499982685 0.0
21122.0 21122.0 0.0
0


HOST: 342
0.5334929194524464 0.5334929194524464 0.0
11008.092899981779 11008.092899981779 0.0
20634.0 20634.0 0.0
0


HOST: 343
0.5616734083402934 0.5616734083402934 0.0
11407.025249983019 11407.025249983019 0.0
20309.0 20309.0 0.0
0


HOST: 344
0.5062499999985448 0.5062499999985448 0.5062499999985448
7900.031249977292 244.0124999992986 7656.018749977993
15605.0 482.0 15123.0
0


HOST: 345
0.5394097458377859 0.5394097458377859 0.0
12054.728999982839 12054.728999982839 0.0
22348.0 22348.0 0.0
0


HOST: 346
0.5691414850125942 0.5691414850125942 0.0
10025.99639998186 10025.99639998186 0.0
17616.0 17616.0 0.0
0


HOST: 347
0.5685579202792654 0.8044104540447431 0.5246809945494616
9899.16194998229 2196.8449499961935 7702.316999986097
17411.0 2731.0 14680.0
0


HOST: 348
0.533170353170979 0.5334485603736145 0.506249999999909
20954.12804997265 20750.615549973234 203.51249999996344
39301.0 38899.0 402.0
0


HOST: 349
0.5067914000407 0.5074267055141 0.5065055741101682
22001.33504996691 6835.54514998044 15165.789900006654
43413.0 13471.0 29942.0
0


HOST: 350
0.5340612756391967 0.5340612756391967 0.0
22469.56004996792 22469.56004996792 0.0
42073.0 42073.0 0.0
0


HOST: 351
0.5062499999992337 0.5062499999985448 0.5062500000001692
22059.84374996661 6347.362499981755 15712.48125000525
43575.0 12538.0 31037.0
0


HOST: 352
0.5217368777429793 0.5261028953977337 0.5062500000003638
16758.710249982236 13182.560249981012 3576.15000000257
32121.0 25057.0 7064.0
0


HOST: 353
0.5269884103155582 0.5322461628299784 0.506250000000268
21209.702549970272 17088.827549982117 4120.875000002181
40247.0 32107.0 8140.0
0


HOST: 354
0.5316916285502014 0.5316916285502014 0.0
17669.17619998029 17669.17619998029 0.0
33232.0 33232.0 0.0
0


HOST: 355
0.5230425115421277 0.5331863260523135 0.5067299548423103
21750.199799967835 13670.897399981319 8079.302400005796
41584.0 25640.0 15944.0
0


HOST: 356
0.5327142554147932 0.5401974371525339 0.5062500000003638
18837.84149997792 14891.6227499839 3946.218750002836
35362.0 27567.0 7795.0
0


HOST: 357
0.5353664383554301 0.5293529962541292 0.5554187116568124
21182.308499970946 16112.446499983187 5069.862000003384
39566.0 30438.0 9128.0
0


HOST: 358
0.5133046874994427 0.5162561749272834 0.5062500000003638
17214.18599998131 12206.360999980689 5007.825000003599
33536.0 23644.0 9892.0
0


HOST: 359
0.5167113332544178 0.525566959256881 0.5066371757838217
17587.30364998062 9520.119899979143 8067.183750005794
34037.0 18114.0 15923.0
0


HOST: 360
0.5224520444157588 0.5330598549761466 0.5074030773280862
21619.588049968515 12938.42879998103 8681.159250006227
41381.0 24272.0 17109.0
0


HOST: 361
0.5078993471821511 0.5100816527351419 0.5062500000002794
17505.25889998002 7567.571399978566 9937.687500005484
34466.0 14836.0 19630.0
0


HOST: 362
0.527348834762681 0.527348834762681 0.0
9277.648049979847 9277.648049979847 0.0
17593.0 17593.0 0.0
0


HOST: 363
0.5062499999988562 0.5062499999985448 0.5062499999989348
9687.093749978114 1952.6062499943873 7734.487499983727
19135.0 3857.0 15278.0
0


HOST: 364
0.5366759953605172 0.5366759953605172 0.0
11107.046399981265 11107.046399981265 0.0
20696.0 20696.0 0.0
0


HOST: 365
0.5062499999986662 0.5062499999986662 0.0
8602.706249977335 8602.706249977335 0.0
16993.0 16993.0 0.0
0


HOST: 366
0.5062499999990163 0.5062499999990163 0.0
10837.79999997894 10837.79999997894 0.0
21408.0 21408.0 0.0
0


HOST: 367
0.5758043658907593 0.5758043658907593 0.0
9561.807299981949 9561.807299981949 0.0
16606.0 16606.0 0.0
0


HOST: 368
0.523907924635442 0.53732140498762 0.5062499999994226
10052.221349980226 5858.952599985008 4193.268749995217
19187.0 10904.0 8283.0
0


HOST: 369
0.5071917862391775 0.5071917862391775 0.0
9296.318249977885 9296.318249977885 0.0
18329.0 18329.0 0.0
0


HOST: 370
0.5062499999986382 0.5062499999985448 0.5062499999986618
8462.981249977234 1708.5937499950887 6754.3874999821455
16717.0 3375.0 13342.0
0


HOST: 371
0.5067013625091006 0.5067013625091006 0.0
9204.230249977812 9204.230249977812 0.0
18165.0 18165.0 0.0
0


HOST: 372
0.5117482177276936 0.5184752124631358 0.5112697753478798
10882.325849979405 732.0869999979477 10150.238849981457
21265.0 1412.0 19853.0
0


HOST: 373
0.5062499999991494 0.5062499999985448 0.5062499999992667
12025.968749979795 1952.6062499943873 10073.362499985407
23755.0 3857.0 19898.0
0


HOST: 374
0.5386818873979571 0.5386818873979571 0.0
8879.093549980527 8879.093549980527 0.0
16483.0 16483.0 0.0
0


HOST: 375
0.5062499999985448 0.5062499999985448 0.0
7864.087499977395 7864.087499977395 0.0
15534.0 15534.0 0.0
0


HOST: 376
0.5194662106593065 0.5194662106593065 0.0
10613.214149980291 10613.214149980291 0.0
20431.0 20431.0 0.0
0


HOST: 377
0.5947036964343587 0.5947036964343587 0.0
7424.875649982969 7424.875649982969 0.0
12485.0 12485.0 0.0
0


HOST: 378
0.6097755117367799 0.6097755117367799 0.0
11766.838049984643 11766.838049984643 0.0
19297.0 19297.0 0.0
0


HOST: 379
0.5725250251019152 0.5725250251019152 0.0
12544.02329998296 12544.02329998296 0.0
21910.0 21910.0 0.0
0


HOST: 380
0.5531172474680052 0.5858617110617106 0.5062500000000739
11745.44474998309 7323.857249982444 4421.587500000645
21235.0 12501.0 8734.0
0


HOST: 381
0.5607300130198674 0.6013964468434122 0.5062499999995967
10335.375599982195 6347.138099985372 3988.2374999968233
18432.0 10554.0 7878.0
0


HOST: 382
0.5460906938110921 0.5465317164167084 0.5062500000003638
8878.342499980736 8788.229999980671 90.11250000006476
16258.0 16080.0 178.0
0


HOST: 383
0.5587532077699071 0.5587532077699071 0.0
7995.1996499796005 7995.1996499796005 0.0
14309.0 14309.0 0.0
0


HOST: 384
0.5619383006493569 0.5619383006493569 0.0
10975.21694998259 10975.21694998259 0.0
19531.0 19531.0 0.0
0


HOST: 385
0.550398798783711 0.550398798783711 0.0
11592.499499982521 11592.499499982521 0.0
21062.0 21062.0 0.0
0


HOST: 386
0.5186050514224122 0.5225890774988119 0.5069958479535798
20825.623049969807 15623.84564998198 5201.777400003728
40157.0 29897.0 10260.0
0


HOST: 387
0.5247805685185772 0.525283768213919 0.5062500000003638
19790.524799972583 19285.793549974034 504.7312500003627
37712.0 36715.0 997.0
0


HOST: 388
0.5250794762477731 0.5276021739125071 0.513936115401177
20261.241749972818 16600.474799983123 3660.766950002584
38587.0 31464.0 7123.0
0


HOST: 389
0.5317216789854929 0.5386642016576717 0.5153739864602497
22659.319349966783 16112.523599984277 6546.795750004552
42615.0 29912.0 12703.0
0


HOST: 390
0.5105198605481021 0.5155631169324627 0.5081518693306676
20427.941699971758 6591.474449981535 13836.467250004749
40014.0 12785.0 27229.0
0


HOST: 391
0.5258839816927022 0.5389180264886343 0.5200686502778403
19304.149199975713 6103.246649983783 13200.902550002422
36708.0 11325.0 25383.0
0


HOST: 392
0.506249999999327 0.5062499999985448 0.506249999999394
19430.887499974167 488.0249999985972 18942.862499977324
38382.0 964.0 37418.0
0


HOST: 393
0.5462387394390227 0.5500644692764863 0.5062500000003638
19655.854799973793 18065.217299978365 1590.637500001143
35984.0 32842.0 3142.0
0


HOST: 394
0.5374654132254538 0.5547339745805167 0.5062500000003638
21675.44264996933 14403.667649983114 7271.775000005226
40329.0 25965.0 14364.0
0


HOST: 395
0.531018889820018 0.531018889820018 0.0
17731.25174998022 17731.25174998022 0.0
33391.0 33391.0 0.0
0


HOST: 396
0.5174285500293361 0.5334287842655735 0.5062500000003638
18998.94149997716 8055.841499978691 10943.100000007864
36718.0 15102.0 21616.0
0


HOST: 397
0.5260834422911999 0.5349522678254872 0.5062500000003638
21888.22769996766 15379.877699982757 6508.350000004677
41606.0 28750.0 12856.0
0


HOST: 398
0.546173322601644 0.546173322601644 0.0
17135.095649981376 17135.095649981376 0.0
31373.0 31373.0 0.0
0


HOST: 399
0.5252897125099101 0.5273060610022099 0.5194157927356121
21560.51624996926 16112.363999983525 5448.152250003835
41045.0 30556.0 10489.0
0


HOST: 400
0.5062499999994718 0.5062499999985448 0.506249999999581
16394.906249982894 1708.5937499950887 14686.312499987846
32385.0 3375.0 29010.0
0


HOST: 401
0.5282508784861663 0.5287700157521446 0.5062500000003638
16476.144899983527 16112.151149983598 363.99375000026157
31190.0 30471.0 719.0
0


HOST: 402
0.5122519821130478 0.5232889871368421 0.5062500000003354
21708.726749968853 7811.657999978779 13897.068750009206
42379.0 14928.0 27451.0
0


HOST: 403
0.526760789804996 0.5560297992725531 0.5062500000003248
17960.962649980946 7811.662649980099 10149.300000006513
34097.0 14049.0 20048.0
0


HOST: 404
0.5231100594486462 0.5377942796284758 0.5150252486458505
20062.31699997448 7323.682499980583 12738.634500006467
38352.0 13618.0 24734.0
0


HOST: 405
0.5268006696757211 0.5313689552095882 0.5062500000002786
21003.542699971003 17332.723949981555 3670.818750002021
39870.0 32619.0 7251.0
0


HOST: 406
0.5461826601889996 0.5530956218443875 0.5266626599330158
18607.89704997903 13915.332749982947 4692.5643000031705
34069.0 25159.0 8910.0
0


HOST: 407
0.5539884768610728 0.5539884768610728 0.0
21691.972799972165 21691.972799972165 0.0
39156.0 39156.0 0.0
0


HOST: 408
0.5388794104238102 0.5388794104238102 0.0
21287.353349971774 21287.353349971774 0.0
39503.0 39503.0 0.0
0


HOST: 409
0.5073422284079724 0.5117762578601834 0.5062499999998856
19591.020149973854 3905.8763999889197 15685.143749996458
38615.0 7632.0 30983.0
0


HOST: 410
0.5417686604814458 0.5462675833228902 0.5127960750855287
21257.91869997097 18553.43219997864 2704.486500001078
39238.0 33964.0 5274.0
0


HOST: 411
0.5271525893731656 0.5285081064168254 0.5249335000397319
17650.650149981702 10985.569499980134 6665.080650004476
33483.0 20786.0 12697.0
0


HOST: 412
0.533948910971185 0.5376487913940833 0.5138177334501904
23534.332199965953 20018.277449975903 3516.0547499996533
44076.0 37233.0 6843.0
0


HOST: 413
0.5147940888031122 0.5280866757364661 0.506959902944859
19895.247149973875 7568.0101499792945 12327.237000007193
38647.0 14331.0 24316.0
0


HOST: 414
0.5103018446949973 0.5062499999985448 0.5106329181489909
19544.050349973702 1464.5812499957901 18079.469099983173
38299.0 2893.0 35406.0
0


HOST: 415
0.5129093705249407 0.5328383380091907 0.5062500000000016
19702.387649974546 5126.437649986423 14575.950000000046
38413.0 9621.0 28792.0
0


HOST: 416
0.5323405109048855 0.5523775182467492 0.518551039835507
17890.36754998049 7567.571999980464 10322.795550005438
33607.0 13700.0 19907.0
0


HOST: 417
0.506249999999292 0.5062499999985448 0.5062499999993497
13626.224999980945 976.0499999971944 12650.17499998375
26916.0 1928.0 24988.0
0


HOST: 418
0.539485483106762 0.6168863594561655 0.5261310849389352
15952.046249983845 2684.072549993776 13267.973699990069
29569.0 4351.0 25218.0
0


HOST: 419
0.5630721794102993 0.5630721794102993 0.0
16075.147649984634 16075.147649984634 0.0
28549.0 28549.0 0.0
0


HOST: 420
0.5279505162798444 0.5327138549038942 0.5062500000003638
17997.833099979893 14891.48309998346 3106.3500000022323
34090.0 27954.0 6136.0
0


HOST: 421
0.5481773734617499 0.5481773734617499 0.0
17512.622549982523 17512.622549982523 0.0
31947.0 31947.0 0.0
0


HOST: 422
0.5402758506660705 0.7246780016956531 0.5098327694881811
8986.948499979417 1708.0660499966543 7278.882449982762
16634.0 2357.0 14277.0
0


HOST: 423
0.5566016998913479 0.5566016998913479 0.0
13932.297149980328 13932.297149980328 0.0
25031.0 25031.0 0.0
0


HOST: 424
0.5530383467060629 0.5612302825342766 0.5062500000003638
19505.10944997613 16844.765699983778 2660.3437500019118
35269.0 30014.0 5255.0
0


HOST: 425
0.5310505502724248 0.5714708554997825 0.5062499999997403
13124.914349982979 5370.683099986956 7754.231249996023
24715.0 9398.0 15317.0
0


HOST: 426
0.5119996620154019 0.5156321638098643 0.5062499999997243
10679.80094997927 6591.325949981496 4088.474999997774
20859.0 12783.0 8076.0
0


HOST: 427
0.529252778749995 0.529252778749995 0.0
13599.15014998112 13599.15014998112 0.0
25695.0 25695.0 0.0
0


HOST: 428
0.5117415573018683 0.5117415573018683 0.0
9631.487849978465 9631.487849978465 0.0
18821.0 18821.0 0.0
0


HOST: 429
0.5310780536644516 0.5310780536644516 0.0
13656.672149981374 13656.672149981374 0.0
25715.0 25715.0 0.0
0


HOST: 430
0.5156913577637681 0.5156913577637681 0.0
8583.68264997792 8583.68264997792 0.0
16645.0 16645.0 0.0
0


HOST: 431
0.5087023414678034 0.5087023414678034 0.0
8712.0362999776 8712.0362999776 0.0
17126.0 17126.0 0.0
0


HOST: 432
0.5096964882438206 0.5096964882438206 0.0
10341.232049978877 10341.232049978877 0.0
20289.0 20289.0 0.0
0


HOST: 433
0.5066618237971996 0.5066618237971996 0.0
10087.130249978447 10087.130249978447 0.0
19909.0 19909.0 0.0
0


HOST: 434
0.5172778836716511 0.5172778836716511 0.0
9498.256499978857 9498.256499978857 0.0
18362.0 18362.0 0.0
0


HOST: 435
0.5726596530911424 0.5726596530911424 0.0
11390.200499982822 11390.200499982822 0.0
19890.0 19890.0 0.0
0


HOST: 436
0.5218329543981185 0.5218329543981185 0.0
12141.487349981024 12141.487349981024 0.0
23267.0 23267.0 0.0
0


HOST: 437
0.5287774021115916 0.5338100445942074 0.5130319962439923
16273.124549984232 12448.984049981513 3824.140500002719
30775.0 23321.0 7454.0
0


HOST: 438
0.5336777777767343 0.5420623751003513 0.5126563833734336
10086.509999980279 7323.804749980845 2762.7052499994334
18900.0 13511.0 5389.0
0


HOST: 439
0.5506910261550306 0.6128590376555125 0.5157279198362248
10969.214549982054 4394.199299990025 6575.01524999203
19919.0 7170.0 12749.0
0


HOST: 440
0.5547062273820478 0.5547062273820478 0.0
8430.979949979745 8430.979949979745 0.0
15199.0 15199.0 0.0
0


HOST: 441
0.5384582929655838 0.5929276377699777 0.5129343850032488
11115.932999981513 3905.614349990843 7210.31864999067
20644.0 6587.0 14057.0
0


HOST: 442
0.6616289693507368 0.6616289693507368 0.0
11722.080449987003 11722.080449987003 0.0
17717.0 17717.0 0.0
0


HOST: 443
0.5653738611582 0.5653738611582 0.0
10115.103749981356 10115.103749981356 0.0
17891.0 17891.0 0.0
0


HOST: 444
0.5062499999985448 0.5062499999985448 0.5062499999985448
6243.074999982055 1220.5687499964915 5022.506249985563
12332.0 2411.0 9921.0
0


HOST: 445
0.5391542890901272 0.5391542890901272 0.0
4789.3075499875995 4789.3075499875995 0.0
8883.0 8883.0 0.0
0


HOST: 446
0.5480890361990355 0.5480890361990355 0.0
9508.248599980867 9508.248599980867 0.0
17348.0 17348.0 0.0
0


HOST: 447
0.5553097807262356 0.5553097807262356 0.0
11548.222199982796 11548.222199982796 0.0
20796.0 20796.0 0.0
0


HOST: 448
0.5543710116999953 0.6010765004602455 0.5125734265238341
7627.590749980234 3905.795099990675 3721.795649989559
13759.0 6498.0 7261.0
0


HOST: 449
0.5062499999990391 0.5062499999985448 0.5062499999991983
11024.606249979075 2685.1499999922817 8339.456249986793
21777.0 5304.0 16473.0
0


HOST: 450
0.5194283944485074 0.5194283944485074 0.0
7861.548749978159 7861.548749978159 0.0
15135.0 15135.0 0.0
0


HOST: 451
0.5289392350263705 0.5327404227446585 0.5239200148200553
14907.623399983226 8544.090899978833 6363.532500004392
28184.0 16038.0 12146.0
0


HOST: 452
0.5222747692846651 0.5236552042515216 0.5206100494877206
10243.375049980137 5614.631099984814 4628.743949995323
19613.0 10722.0 8891.0
0


HOST: 453
0.5205069743223776 0.5205069743223776 0.0
10500.707699979646 10500.707699979646 0.0
20174.0 20174.0 0.0
0


HOST: 454
0.5109657401410382 0.5170723365602897 0.5096435779805397
9485.567999978233 1708.406999995197 7777.160999983036
18564.0 3304.0 15260.0
0


HOST: 455
0.5269409546114777 0.5269409546114777 0.0
14732.742149982305 14732.742149982305 0.0
27959.0 27959.0 0.0
0


HOST: 456
0.5062499999986487 0.5062499999985448 0.5062499999986585
8515.124999977272 732.0374999978958 7783.087499979376
16820.0 1446.0 15374.0
0


HOST: 457
0.516828332848009 0.5183332061560929 0.5062499999999999
8897.199749978476 7811.799749978476 1085.3999999999996
17215.0 15071.0 2144.0
0


HOST: 458
0.7780439332868889 1.0025698369443403 0.5062499999999936
69882.34999996179 49312.39999994432 20569.949999999742
89818.0 49186.0 40632.0
2


HOST: 459
0.5203893087077044 0.5203893087077044 0.0
9214.013099978614 9214.013099978614 0.0
17706.0 17706.0 0.0
0


HOST: 460
0.5259638598717894 0.5259638598717894 0.0
12386.44889998064 12386.44889998064 0.0
23550.0 23550.0 0.0
0


HOST: 461
0.5082655217215739 0.5082655217215739 0.0
8212.554299977191 8212.554299977191 0.0
16158.0 16158.0 0.0
0


HOST: 462
0.5155707991517666 0.5155707991517666 0.0
7793.368199978104 7793.368199978104 0.0
15116.0 15116.0 0.0
0


HOST: 463
0.56066104622145 0.56066104622145 0.0
9024.400199980459 9024.400199980459 0.0
16096.0 16096.0 0.0
0


HOST: 464
0.5145379396973793 0.5145379396973793 0.0
9829.732799978734 9829.732799978734 0.0
19104.0 19104.0 0.0
0


HOST: 465
0.533613197281478 0.5429368947804334 0.518371409592653
10053.806249980327 6346.932299983266 3706.8739499970616
18841.0 11690.0 7151.0
0


HOST: 466
0.5129330622756295 0.5166475370391487 0.5076099889691332
9051.729749978034 5370.034499984911 3681.695249993123
17647.0 10394.0 7253.0
0


HOST: 467
0.5334369908208441 0.5390772267197594 0.5069583369334087
14064.599699982375 11717.382599980692 2347.2171000016824
26366.0 21736.0 4630.0
0


HOST: 468
0.5275835131392179 0.5275835131392179 0.0
8411.263949978551 8411.263949978551 0.0
15943.0 15943.0 0.0
0


HOST: 469
0.523620676363022 0.5415745285794981 0.5062500000001825
14399.568599983104 7323.712349980553 7075.856250002551
27500.0 13523.0 13977.0
0


HOST: 470
0.5289767154145297 0.5289767154145297 0.0
12442.590299980568 12442.590299980568 0.0
23522.0 23522.0 0.0
0


HOST: 471
0.5062499999987978 0.5062499999985448 0.5062499999989442
9325.631249977854 3417.693749990176 5907.937499987678
18421.0 6751.0 11670.0
0


HOST: 472
0.5334107125693043 0.5334107125693043 0.0
13324.59959998122 13324.59959998122 0.0
24980.0 24980.0 0.0
0


HOST: 473
0.5066530973441694 0.5080701040568224 0.5062499999991752
10992.3455999791 2441.2768499930316 8551.068749986069
21696.0 4805.0 16891.0
0


HOST: 474
0.523078126080988 0.523078126080988 0.0
4530.379649987437 4530.379649987437 0.0
8661.0 8661.0 0.0
0


HOST: 475
0.5062499999988481 0.5062499999985448 0.5062499999989807
9635.456249978077 2929.1624999915803 6706.293749986497
19033.0 5786.0 13247.0
0


HOST: 476
0.5192058930851019 0.5283314166242328 0.510033447047797
10528.457099979696 5370.488849985326 5157.96824999437
20278.0 10165.0 10113.0
0


HOST: 477
0.5314257136893105 0.5267289081871401 0.5358111967355094
10201.247999980003 4882.250249986602 5318.997749993401
19196.0 9269.0 9927.0
0


HOST: 478
0.50624999999871 0.5062499999985448 0.5062499999987429
8830.518749977498 1464.5812499957901 7365.937499981708
17443.0 2893.0 14550.0
0


HOST: 479
0.5138935460755941 0.5175890839680376 0.507721228218687
9686.379449978875 6102.375299983163 3584.0041499957115
18849.0 11790.0 7059.0
0


HOST: 480
0.5173700321273834 0.5215101052858091 0.5076243534478783
9661.885349978886 6835.432949981099 2826.4523999977864
18675.0 13107.0 5568.0
0


HOST: 481
0.5130899367001416 0.5384261786586049 0.5062499999987389
8754.340499977816 1952.8717499947597 6801.468749983056
17062.0 3627.0 13435.0
0


HOST: 482
0.5251576908777924 0.5251576908777924 0.0
11307.695399980626 11307.695399980626 0.0
21532.0 21532.0 0.0
0


HOST: 483
0.5194303141885389 0.5097116710168301 0.5225351566081687
16433.216849982804 3904.391399988919 12528.825449994063
31637.0 7660.0 23977.0
0


HOST: 484
0.5365300151049905 0.5365300151049905 0.0
21310.972199970223 21310.972199970223 0.0
39720.0 39720.0 0.0
0


HOST: 485
0.5493616828204627 0.5530209371584811 0.5062500000000695
21310.83839997139 19774.369649975808 1536.468750000211
38792.0 35757.0 3035.0
0


HOST: 486
0.5451737325600304 0.5446526616849765 0.5701559701491775
21453.13154996976 20994.72614997079 458.4053999999387
39351.0 38547.0 804.0
0


HOST: 487
0.554147054697716 0.5316538638512962 0.6352667215610611
20150.449349973045 15135.653849982551 5014.795500003016
36363.0 28469.0 7894.0
0


HOST: 488
0.5439217670354839 0.5419541487728915 0.5486664984646085
21143.870849970364 14891.816099981514 6252.054750004214
38873.0 27478.0 11395.0
0


HOST: 489
0.5250077055185424 0.5317666215782905 0.5062500000003638
20327.77334997244 15135.673349982882 5192.100000003731
38719.0 28463.0 10256.0
0


HOST: 490
0.5431499999989556 0.5431499999989556 0.0
9905.969699980953 9905.969699980953 0.0
18238.0 18238.0 0.0
0


HOST: 491
0.7559044151883422 0.7559044151883422 0.0
12660.643049989543 12660.643049989543 0.0
16749.0 16749.0 0.0
0


HOST: 492
0.5527694452379384 0.5527694452379384 0.0
11598.208499982422 11598.208499982422 0.0
20982.0 20982.0 0.0
0


HOST: 493
0.5669276579892568 0.5669276579892568 0.0
9518.148449981632 9518.148449981632 0.0
16789.0 16789.0 0.0
0


HOST: 494
0.549515677535431 0.5508657952658869 0.5062500000003638
10296.27524998137 10009.231499981164 287.0437500002063
18737.0 18170.0 567.0
0


HOST: 495
0.5537478777024419 0.5537478777024419 0.0
10984.696649983342 10984.696649983342 0.0
19837.0 19837.0 0.0
0


HOST: 496
0.5216185709430561 0.5216185709430561 0.0
9231.083849979264 9231.083849979264 0.0
17697.0 17697.0 0.0
0


HOST: 497
0.5062499999989889 0.5062499999985448 0.5062499999990218
10622.137499978786 732.0374999978958 9890.09999998089
20982.0 1446.0 19536.0
0


HOST: 498
0.560548594239761 0.5810002599099392 0.5062500000003638
12321.418649984187 9276.831149982 3044.587500002188
21981.0 15967.0 6014.0
0


HOST: 499
0.5329367124974851 0.5329367124974851 0.0
9457.494899980371 9457.494899980371 0.0
17746.0 17746.0 0.0
0


HOST: 500
0.5522339100430035 0.5522339100430035 0.0
10166.074049981651 10166.074049981651 0.0
18409.0 18409.0 0.0
0


HOST: 501
0.5434483138541831 0.5434483138541831 0.0
12183.024299983077 12183.024299983077 0.0
22418.0 22418.0 0.0
0


HOST: 502
0.5129381001826757 0.5129381001826757 0.0
8642.494049977904 8642.494049977904 0.0
16849.0 16849.0 0.0
0


HOST: 503
0.5583999771945987 0.6290157719548124 0.5062499999985448
6121.738949984385 2929.3264499935613 3192.4124999908236
10963.0 4657.0 6306.0
0


HOST: 504
0.5415864825436103 0.5483563149775265 0.5229885401978274
11510.879099981894 8544.488099979817 2966.391000002077
21254.0 15582.0 5672.0
0


HOST: 505
0.5380640014515201 0.5380640014515201 0.0
11113.711949981149 11113.711949981149 0.0
20655.0 20655.0 0.0
0


HOST: 506
0.5062499999985448 0.5062499999985448 0.0
7807.893749977557 7807.893749977557 0.0
15423.0 15423.0 0.0
0


HOST: 507
0.5423834043471537 0.5423834043471537 0.0
11201.844449981765 11201.844449981765 0.0
20653.0 20653.0 0.0
0


HOST: 508
0.5104862290328458 0.5104862290328458 0.0
8826.306899977904 8826.306899977904 0.0
17290.0 17290.0 0.0
0


HOST: 509
0.5155041323563523 0.5155041323563523 0.0
10142.028299978874 10142.028299978874 0.0
19674.0 19674.0 0.0
0


HOST: 510
0.5667815883722701 0.5667815883722701 0.0
12342.802649982927 12342.802649982927 0.0
21777.0 21777.0 0.0
0


HOST: 511
0.5062499999991195 0.5062499999985448 0.5062499999991317
11736.393749979587 244.0124999992986 11492.381249980288
23183.0 482.0 22701.0
0


HOST: 512
0.5162147760855584 0.5519828140689869 0.506249999998897
9429.17909997881 2196.8915999945675 7232.2874999842425
18266.0 3980.0 14286.0
0


HOST: 513
0.5598868513281068 0.5598868513281068 0.0
11501.195699981969 11501.195699981969 0.0
20542.0 20542.0 0.0
0


HOST: 514
0.5527256838048566 0.5903089420640664 0.5062499999993925
9921.978749980983 5858.816249985859 4063.1624999951237
17951.0 9925.0 8026.0
0


HOST: 515
0.5622831430357805 0.5622831430357805 0.0
10735.672049982157 10735.672049982157 0.0
19093.0 19093.0 0.0
0


HOST: 516
0.5177449064627857 0.6131306532648916 0.5073475008545042
8385.91424997774 976.1039999977074 7409.810249980033
16197.0 1592.0 14605.0
0


HOST: 517
0.5417172578205298 0.5630400588153246 0.5217507343404147
9713.53214997992 4882.120349987679 4831.41179999224
17931.0 8671.0 9260.0
0


HOST: 518
0.5462993535686305 0.5663578177714097 0.5062500000003638
11662.398599983124 8055.873599980532 3606.5250000025917
21348.0 14224.0 7124.0
0


HOST: 519
0.5754730702688874 0.5754730702688874 0.0
5323.125899987208 5323.125899987208 0.0
9250.0 9250.0 0.0
0


HOST: 520
0.5090379469138782 0.5307388212252319 0.5062499999989968
10279.512299978855 1220.168549996808 9059.343749982047
20194.0 2299.0 17895.0
0


HOST: 521
0.5535737103164186 0.5535737103164186 0.0
10044.041399981099 10044.041399981099 0.0
18144.0 18144.0 0.0
0


HOST: 522
0.6542896389183556 0.6542896389183556 0.0
11452.031549987978 11452.031549987978 0.0
17503.0 17503.0 0.0
0


HOST: 523
0.5620861331210937 0.5620861331210937 0.0
10640.290499982304 10640.290499982304 0.0
18930.0 18930.0 0.0
0


HOST: 524
0.5453355968802193 0.5453355968802193 0.0
10351.560299980321 10351.560299980321 0.0
18982.0 18982.0 0.0
0


HOST: 525
0.5115937044798926 0.5115937044798926 0.0
7797.199649978043 7797.199649978043 0.0
15241.0 15241.0 0.0
0


HOST: 526
0.513013471696697 0.513013471696697 0.0
8156.914199977482 8156.914199977482 0.0
15900.0 15900.0 0.0
0


HOST: 527
0.5104232949725209 0.5205927685134751 0.5062499999988362
9048.273749977878 2685.2174999925046 6363.056249985373
17727.0 5158.0 12569.0
0


HOST: 528
0.5144754116752095 0.5144754116752095 0.0
5498.713199984639 5498.713199984639 0.0
10688.0 10688.0 0.0
0


HOST: 529
0.511239728713979 0.511239728713979 0.0
8989.128149977894 8989.128149977894 0.0
17583.0 17583.0 0.0
0


HOST: 530
0.5062499999986813 0.5062499999985448 0.5062499999986938
8679.65624997739 732.0374999978958 7947.618749979494
17145.0 1446.0 15699.0
0


HOST: 531
0.5357652992074519 0.5357652992074519 0.0
9409.645949980477 9409.645949980477 0.0
17563.0 17563.0 0.0
0


HOST: 532
0.5515494334420314 0.6533025602126781 0.5074338490090585
10221.86564998117 3661.7608499920607 6560.104799989109
18533.0 5605.0 12928.0
0


HOST: 533
0.5062499999985659 0.5062499999985448 0.5062499999985763
8122.78124997699 2685.1499999922817 5437.631249984708
16045.0 5304.0 10741.0
0


HOST: 534
0.5654008151793836 0.5599501720263742 0.603926860722559
12380.581649982962 10741.524149981937 1639.057500001025
21897.0 19183.0 2714.0
0


HOST: 535
0.5363434913102437 0.5363434913102437 0.0
10185.16289998153 10185.16289998153 0.0
18990.0 18990.0 0.0
0


HOST: 536
0.5421212433621446 0.5469306973311 0.5062499999999563
8781.279899980018 7811.811149980102 969.4687499999163
16198.0 14283.0 1915.0
0


HOST: 537
0.5631946316032967 0.5631946316032967 0.0
9294.96419998081 9294.96419998081 0.0
16504.0 16504.0 0.0
0


HOST: 538
0.5532629557345686 0.5532629557345686 0.0
11624.054699983286 11624.054699983286 0.0
21010.0 21010.0 0.0
0


HOST: 539
0.5579773847337919 0.5900847871767031 0.506249999998895
8604.569249979804 5614.65674998633 2989.912499993474
15421.0 9515.0 5906.0
0


HOST: 540
0.5934927091216471 0.5934927091216471 0.0
7045.351949983073 7045.351949983073 0.0
11871.0 11871.0 0.0
0


HOST: 541
0.6814296735550783 0.6814296735550783 0.0
11606.110199990095 11606.110199990095 0.0
17032.0 17032.0 0.0
0


HOST: 542
0.5391910403054568 0.5391910403054568 0.0
11972.737049982668 11972.737049982668 0.0
22205.0 22205.0 0.0
0


HOST: 543
0.5062499999990485 0.5062499999985448 0.5062499999992092
11103.074999979131 2685.1499999922817 8417.92499998685
21932.0 5304.0 16628.0
0


HOST: 544
0.5223411374728127 0.5223411374728127 0.0
10479.20789997957 10479.20789997957 0.0
20062.0 20062.0 0.0
0


HOST: 545
0.5144198194404148 0.5212330895683216 0.5078302581303371
9800.726399978783 4882.390349986468 4918.336049992315
19052.0 9367.0 9685.0
0


HOST: 546
0.5174202580999235 0.5174202580999235 0.0
8159.200049977695 8159.200049977695 0.0
15769.0 15769.0 0.0
0


HOST: 547
0.524624248404696 0.524624248404696 0.0
10365.525899979984 10365.525899979984 0.0
19758.0 19758.0 0.0
0


HOST: 548
0.5493709749616477 0.5493709749616477 0.0
9939.76904998109 9939.76904998109 0.0
18093.0 18093.0 0.0
0


HOST: 549
0.5062499999990926 0.5062499999985448 0.5062499999991578
11488.331249979408 1220.5687499964915 10267.762499982917
22693.0 2411.0 20282.0
0


HOST: 550
0.5707122273503996 0.5707122273503996 0.0
9890.442899982425 9890.442899982425 0.0
17330.0 17330.0 0.0
0


HOST: 551
0.575211512260585 0.575211512260585 0.0
10132.925999982464 10132.925999982464 0.0
17616.0 17616.0 0.0
0


HOST: 552
0.5484763322292018 0.5484763322292018 0.0
11764.26884998415 11764.26884998415 0.0
21449.0 21449.0 0.0
0


HOST: 553
0.5710495859679241 0.5807091515779952 0.5062500000003638
9930.5522999822 8788.45229998138 1142.1000000008207
17390.0 15134.0 2256.0
0


HOST: 554
0.650682586270947 0.6771397259506022 0.5062500000003638
13877.758199986758 12206.120699985557 1671.6375000012013
21328.0 18026.0 3302.0
0


HOST: 555
0.5315255865287262 0.5426676912449628 0.5062499999997707
9991.086449980467 7079.642699981785 2911.4437499986816
18797.0 13046.0 5751.0
0


HOST: 556
0.5613069376450326 0.5613069376450326 0.0
12269.608349982767 12269.608349982767 0.0
21859.0 21859.0 0.0
0


HOST: 557
0.5062499999989111 0.5062499999985448 0.5062499999989399
10053.112499978377 732.0374999978958 9321.074999980481
19858.0 1446.0 18412.0
0


HOST: 558
0.6198849855899036 0.6198849855899036 0.0
10755.004499984827 10755.004499984827 0.0
17350.0 17350.0 0.0
0


HOST: 559
0.5260423958947967 0.5261290409468748 0.5062499999985448
7844.870249979103 7811.963999979198 32.90624999990541
14913.0 14848.0 65.0
0


HOST: 560
0.5508211954396685 0.5508211954396685 0.0
8505.78089997936 8505.78089997936 0.0
15442.0 15442.0 0.0
0


HOST: 561
0.5517481818172271 0.5635590034614659 0.5368633107039398
10287.344849982199 5858.7593999854 4428.585449996799
18645.0 10396.0 8249.0
0


HOST: 562
0.5378982172277255 0.5378982172277255 0.0
6200.352749983991 6200.352749983991 0.0
11527.0 11527.0 0.0
0


HOST: 563
0.580986666665867 0.580986666665867 0.0
12131.001599983301 12131.001599983301 0.0
20880.0 20880.0 0.0
0


HOST: 564
0.537873918896503 0.537873918896503 0.0
10186.794149980871 10186.794149980871 0.0
18939.0 18939.0 0.0
0


HOST: 565
0.5326446315949246 0.5326446315949246 0.0
9882.155849980636 9882.155849980636 0.0
18553.0 18553.0 0.0
0


HOST: 566
0.532066768847273 0.532066768847273 0.0
9633.068849979878 9633.068849979878 0.0
18105.0 18105.0 0.0
0


HOST: 567
0.5062499999986734 0.5062499999985448 0.5062499999987393
8639.15624997736 2929.1624999915803 5709.993749985781
17065.0 5786.0 11279.0
0


HOST: 568
0.5245067511414775 0.5245067511414775 0.0
10099.90199998029 10099.90199998029 0.0
19256.0 19256.0 0.0
0


HOST: 569
0.5455323848501786 0.5455323848501786 0.0
10861.004249982207 10861.004249982207 0.0
19909.0 19909.0 0.0
0


HOST: 570
0.5486811395566854 0.5486811395566854 0.0
11830.114049981694 11830.114049981694 0.0
21561.0 21561.0 0.0
0


HOST: 571
0.5277491656720241 0.5277491656720241 0.0
6641.723249982424 6641.723249982424 0.0
12585.0 12585.0 0.0
0


HOST: 572
0.5655298104476909 0.5655298104476909 0.0
9666.60104998238 9666.60104998238 0.0
17093.0 17093.0 0.0
0


HOST: 573
0.5062499999988704 0.5062499999985448 0.5062499999989065
9779.23124997818 976.0499999971944 8803.181249980986
19317.0 1928.0 17389.0
0


HOST: 574
0.5261030030368753 0.5795942693705622 0.5062499999988258
9004.778999979157 2685.260249993815 6319.518749985342
17116.0 4633.0 12483.0
0


HOST: 575
0.5596325202376798 0.5596325202376798 0.0
10507.660199982676 10507.660199982676 0.0
18776.0 18776.0 0.0
0


HOST: 576
0.5062499999990279 0.5062499999990279 0.0
10931.456249979008 10931.456249979008 0.0
21593.0 21593.0 0.0
0


HOST: 577
0.5062499999985448 0.5062499999985448 0.5062499999985448
7658.043749977987 2929.1624999915803 4728.881249986407
15127.0 5786.0 9341.0
0


HOST: 578
0.5352686198483046 0.5383455712085977 0.5062500000003638
9664.810199980988 8788.491449980358 876.3187500006297
18056.0 16325.0 1731.0
0


HOST: 579
0.5523076296434699 0.5523076296434699 0.0
11119.057199982337 11119.057199982337 0.0
20132.0 20132.0 0.0
0


HOST: 580
0.6015832049855271 0.6015832049855271 0.0
12499.094249984297 12499.094249984297 0.0
20777.0 20777.0 0.0
0


HOST: 581
0.5608394621280806 0.5608394621280806 0.0
4598.322749988132 4598.322749988132 0.0
8199.0 8199.0 0.0
0


HOST: 582
0.6155591450586623 0.6155591450586623 0.0
10540.834799984532 10540.834799984532 0.0
17124.0 17124.0 0.0
0


HOST: 583
0.6274675586143201 0.6274675586143201 0.0
10892.209349985984 10892.209349985984 0.0
17359.0 17359.0 0.0
0


HOST: 584
0.5263170729956409 0.5263170729956409 0.0
11053.184849981455 11053.184849981455 0.0
21001.0 21001.0 0.0
0


HOST: 585
0.6585417984666116 0.6585417984666116 0.0
12116.510549987188 12116.510549987188 0.0
18399.0 18399.0 0.0
0


HOST: 586
0.5890905261594205 0.5890905261594205 0.0
11957.359499983917 11957.359499983917 0.0
20298.0 20298.0 0.0
0


HOST: 587
0.5204022439710372 0.5204022439710372 0.0
8719.859999978698 8719.859999978698 0.0
16756.0 16756.0 0.0
0


HOST: 588
0.5628847814431907 0.5692511260866454 0.5396318861656948
12606.930449983141 10009.142549981487 2597.7879000016546
22397.0 17583.0 4814.0
0


HOST: 589
0.5509933647210125 0.5922631380036152 0.5062499999997527
11351.5652999823 6347.284049984744 5004.281249997555
20602.0 10717.0 9885.0
0


HOST: 590
0.5351265580937549 0.5351265580937549 0.0
16511.329949982806 16511.329949982806 0.0
30855.0 30855.0 0.0
0


HOST: 591
0.5155595953949937 0.54194247845247 0.508149358151336
18004.887749979367 4150.195499989015 13854.692249996177
34923.0 7658.0 27265.0
0


HOST: 592
0.5123670225622127 0.5197123982106076 0.5062500000003638
21186.888749970058 9764.876249979105 11422.012500008208
41351.0 18789.0 22562.0
0


HOST: 593
0.5259890388601483 0.5324491014168419 0.5175393935075174
21277.30859997072 12206.3956499811 9070.912950006257
40452.0 22925.0 17527.0
0


HOST: 594
0.5204528836904596 0.5268075127963208 0.5132280554608205
19492.001399975095 10497.166499979487 8994.83490000634
37452.0 19926.0 17526.0
0


HOST: 595
0.5203049831148395 0.5329980502140316 0.5087786044722205
18027.006749979846 8788.604849979167 9238.401900006578
34647.0 16489.0 18158.0
0


HOST: 596
0.5343235552466206 0.5423598776310504 0.5127781270685315
20803.353299971925 15379.699049983697 5423.654250003858
38934.0 28357.0 10577.0
0


HOST: 597
0.5243938187214132 0.5377363781695409 0.5172561808647103
21175.022399970665 7567.564049979948 13607.458350007932
40380.0 14073.0 26307.0
0


HOST: 598
0.595887249377731 0.595887249377731 0.0
10788.538649983819 10788.538649983819 0.0
18105.0 18105.0 0.0
0


HOST: 599
0.5178447649824635 0.5178447649824635 0.0
8329.015199977943 8329.015199977943 0.0
16084.0 16084.0 0.0
0


HOST: 600
0.5174226667379989 0.519052101311883 0.5062499999985448
4740.109049986808 4149.821549988505 590.2874999983032
9161.0 7995.0 1166.0
0


HOST: 601
0.5102450830551248 0.5104404961019648 0.5062500000003638
8447.107349977592 8056.282349977311 390.82500000028085
16555.0 15783.0 772.0
0


HOST: 602
0.5169470678187503 0.5169470678187503 0.0
9802.350299979144 9802.350299979144 0.0
18962.0 18962.0 0.0
0


HOST: 603
0.5268019944733427 0.5204536952799671 0.5366274747031252
12202.841399980513 7323.824399979698 4879.017000000815
23164.0 14072.0 9092.0
0


HOST: 604
0.5295998387437248 0.5147106911436422 0.5638237588656169
14779.013099982385 10009.064099979267 4769.949000003118
27906.0 19446.0 8460.0
0


HOST: 605
0.514755733494984 0.514755733494984 0.0
8421.40379997794 8421.40379997794 0.0
16360.0 16360.0 0.0
0


HOST: 606
0.5462432157752509 0.5544481722804109 0.5062500000003638
12174.122549983018 10253.410049981638 1920.7125000013802
22287.0 18493.0 3794.0
0


HOST: 607
0.5963711092428045 0.5963711092428045 0.0
10645.22429998406 10645.22429998406 0.0
17850.0 17850.0 0.0
0


HOST: 608
0.5404593905350197 0.5404593905350197 0.0
11740.939799982767 11740.939799982767 0.0
21724.0 21724.0 0.0
0


HOST: 609
0.742532782679513 0.7567053809336378 0.5062500000003638
14473.448999989067 13915.055249988665 558.3937500004013
19492.0 18389.0 1103.0
0


HOST: 610
0.5409459669473093 0.5409459669473093 0.0
8248.88504997952 8248.88504997952 0.0
15249.0 15249.0 0.0
0


HOST: 611
0.5240255437252365 0.5240255437252365 0.0
10336.403849980288 10336.403849980288 0.0
19725.0 19725.0 0.0
0


HOST: 612
0.5148735436882166 0.5221389169731167 0.5062499999992618
9757.88339997908 5370.720899985477 4387.162499993603
18952.0 10286.0 8666.0
0


HOST: 613
0.5323514861193579 0.5346994498768021 0.5062500000003638
11391.25709998202 10497.219599981378 894.0375000006425
21398.0 19632.0 1766.0
0


HOST: 614
0.5164638161888501 0.5164638161888501 0.0
10182.600599979369 10182.600599979369 0.0
19716.0 19716.0 0.0
0


HOST: 615
0.5306631711138914 0.523330522661283 0.5550621603264432
13521.297599981954 10253.091599979856 3268.2060000020974
25480.0 19592.0 5888.0
0


HOST: 616
0.5062499999990502 0.5062499999985448 0.5062499999991269
11117.249999979142 1464.5812499957901 9652.668749983352
21960.0 2893.0 19067.0
0


HOST: 617
0.5282926775250883 0.5310383908626463 0.5062500000003638
10378.30964998036 9276.709649979568 1101.6000000007916
19645.0 17469.0 2176.0
0


HOST: 618
0.5100942990789251 0.5126846603345651 0.5082451505668818
13412.419499981257 5614.922399984156 7797.497099997101
26294.0 10952.0 15342.0
0


HOST: 619
0.5104152766597653 0.5120168488609032 0.507220254850116
12056.519249980314 8056.07309997745 4000.4461500028647
23621.0 15734.0 7887.0
0


HOST: 620
0.5502152392386795 0.5502152392386795 0.0
10073.340599981746 10073.340599981746 0.0
18308.0 18308.0 0.0
0


HOST: 621
0.6040332602151407 0.6040332602151407 0.0
12254.022749984559 12254.022749984559 0.0
20287.0 20287.0 0.0
0


HOST: 622
0.6517344827579187 0.6517344827579187 0.0
11944.989599987133 11944.989599987133 0.0
18328.0 18328.0 0.0
0


HOST: 623
0.5791905182698194 0.5791905182698194 0.0
9700.282799982935 9700.282799982935 0.0
16748.0 16748.0 0.0
0


HOST: 624
0.5067072273019032 0.5067072273019032 0.0
9086.273999977728 9086.273999977728 0.0
17932.0 17932.0 0.0
0


