Selfish Battery Level: [35, 84, 62, 49, 58, 23, 87, 27, 77, 59, 45, 41, 82, 38, 71, 82, 1, 69, 46, 36, 24, 14, 10, 0, 91, 78, 15, 66, 14, 52, 35, 78, 44, 82, 41, 45, 84, 33, 98, 58, 43, 9, 55, 84, 78, 92, 70, 88, 49, 51, 4, 13, 77, 3, 58, 4, 59, 61, 67, 75, 99, 61, 53, 66, 56, 98, 42, 36, 21, 74, 27, 52, 90, 98, 64, 15, 17, 77, 64, 79, 63, 86, 85, 83, 87, 89, 52, 2, 69, 33, 67, 6, 73, 43, 31, 45, 33, 44, 33, 38, 33, 62, 24, 22, 61, 62, 81, 79, 99, 97, 67, 43, 91, 72, 27, 54, 5, 30, 81, 37, 39, 2, 57, 11, 40, 51, 64, 50, 53, 3, 94, 79, 51, 31, 45, 64, 26, 13, 81, 58, 88, 85, 52, 63, 33, 30, 80, 38, 72, 57, 12, 46, 32, 52, 76, 14, 1, 92, 81, 42, 90, 97, 9, 75, 43, 31, 19, 89, 71, 94, 56, 82, 73, 68, 87, 63, 9, 72, 46, 11, 31, 23, 54, 8, 87, 58, 16, 47, 99, 2, 50, 20, 98, 68, 38, 39, 93, 25, 26, 53, 93, 15, 82, 10, 30, 3, 55, 9, 31, 53, 24, 86, 98, 30, 87, 72, 17, 93, 77, 14, 15, 42, 11, 17, 94, 37, 62, 49, 54, 94, 26, 25, 93, 14, 19, 57, 65, 52, 89, 90, 30, 63, 14, 21, 70, 5, 26, 22, 66, 25, 55, 55, 16, 14, 55, 56, 82, 51, 36, 42, 42, 92, 70, 21, 25, 75, 40, 33, 72, 85, 8, 0, 96, 96, 33, 17, 50, 44, 56, 33, 42, 9, 31, 86, 6, 12, 67, 74, 66, 32, 28, 82, 52, 53, 99, 16, 86, 36, 39, 60, 47, 33, 57, 35, 19, 25, 79, 50, 38, 96, 85, 49, 37, 87, 83, 92, 38, 72, 14, 11, 74, 18, 26, 38, 36, 69, 84, 23, 16, 71, 54, 24, 21, 5, 76, 6, 93, 41, 74, 69, 7, 16, 36, 19, 99, 49, 9, 91, 15, 72, 1, 74, 46, 30, 6, 44, 39, 34, 50, 61, 47, 69, 40, 92, 30, 7, 16, 14, 76, 10, 93, 0, 97, 92, 42, 50, 24, 20, 16, 16, 70, 74, 64, 3, 13, 0, 36, 21, 32, 34, 73, 75, 98, 26, 41, 16, 67, 37, 7, 34, 93, 34, 68, 68, 70, 29, 43, 4, 0, 84, 24, 55, 18, 69, 94, 79, 69, 96, 89, 26, 39, 12, 93, 0, 31, 78, 73, 7, 35, 19, 46, 23, 28, 30, 39, 10, 17, 49, 70, 82, 43, 84, 42, 57, 95, 70, 41, 22, 84, 89, 36, 65, 77, 44, 93, 33, 97, 68, 49, 47, 31, 55, 16, 32, 41, 74, 78, 52, 51, 70, 4, 86, 0, 90, 36, 88, 78, 80, 94, 75, 72, 92, 9, 84, 5, 19, 14, 38, 39, 38, 11, 7, 42, 51, 59, 26, 56, 97, 62, 16, 6, 28, 5, 88, 65, 48, 4, 45, 14, 55, 8, 99, 91, 21, 76, 25, 96, 80, 67, 22, 95, 2, 25, 11, 4, 26, 64, 89, 60, 60, 97, 40, 85, 89, 56, 7, 68, 15, 13, 77, 12, 7, 29, 89, 50, 80, 1, 46, 41, 95, 33, 33, 3, 64, 50, 71, 30, 97, 50, 68, 55, 76, 73, 50, 41, 11, 58, 88, 10, 19, 50, 58, 27, 96, 89, 46, 1, 88, 64, 37, 1, 17, 32, 36, 52, 46, 2, 43, 59, 74, 26, 83, 60, 50, 57, 64, 37, 69, 22, 22, 83, 67, 2, 70, 59, 51, 58, 37, 32, 43, 14, 20, 78, 57, 3, 58, 94, 62, 77, 67, 12, 15, 8, 35, 34]
Hosts: 625
Hosts Average Energy Consume/s: 0.5484164507970827
Hosts Average normal Energy Consume/s: 0.556827744846217
Hosts Average  Selfish Period Consume/s: 0.3031960580213255

Hosts Average Energy Consume: 13816.239709659245
Hosts Average Normal Energy Consume: 9768.289802863605
Hosts Average Selfish Energy Consume: 4047.9499067982256

Description:
host number
average energy consumption of all periods  - average energy consumption of Normal periods  -  average energy consumption of all selfish periods
energy consumption of all periods  -  energy consumption of Normal periods  -  energy consumption of selfish periods
Active total time  -  Normal Active Time  -  Selfish Active Time
Normal proportion of time  -  Selfish proportion of time
Number of Recharges 


HOST: 0
0.6508568378857144 0.6508568378857144 0.0
11936.063549986115 11936.063549986115 0.0
18339.0 18339.0 0.0
0


HOST: 1
0.5481089815958374 0.5382666482896242 0.5518064172919225
14563.803749982997 3905.6627999895136 10658.140949993483
26571.0 7256.0 19315.0
0


HOST: 2
0.5173857282515699 0.5199760131146666 0.5062500000003638
11377.829549980275 9276.892049978765 2100.9375000015098
21991.0 17841.0 4150.0
0


HOST: 3
0.5450424042153678 0.5452470570193841 0.5406913407824916
13030.873799981013 12450.171299980617 580.702500000396
23908.0 22834.0 1074.0
0


HOST: 4
0.5255994104850216 0.5215206408941601 0.5444318694226304
12571.286699980747 10253.095799979186 2318.1909000015603
23918.0 19660.0 4258.0
0


HOST: 5
0.5223799415133329 0.5223799415133329 0.0
10092.902849979106 10092.902849979106 0.0
19321.0 19321.0 0.0
0


HOST: 6
0.5497338507536648 0.5278122754476905 0.5611513774572527
9650.577749980584 3173.2073999915156 6477.370349989069
17555.0 6012.0 11543.0
0


HOST: 7
0.5204323694102906 0.5204323694102906 0.0
11896.043099980421 11896.043099980421 0.0
22858.0 22858.0 0.0
0


HOST: 8
0.5097478651501844 0.5124861993413752 0.5062499999993526
9956.905049978554 5614.798799984106 4342.106249994447
19533.0 10956.0 8577.0
0


HOST: 9
0.5283454585826993 0.5285776615958957 0.5062500000003638
10109.890349979953 10009.14659997988 100.7437500000724
19135.0 18936.0 199.0
0


HOST: 10
0.5365007154202529 0.5365007154202529 0.0
10123.768499980173 10123.768499980173 0.0
18870.0 18870.0 0.0
0


HOST: 11
0.5366955999709915 0.5383307594551368 0.5062500000003638
15131.059049982163 14403.57779998164 727.4812500005228
28193.0 26756.0 1437.0
0


HOST: 12
0.5296288600697104 0.5287956317675252 0.5302807880605926
10026.403949979689 4394.2916999881345 5632.112249991555
18931.0 8310.0 10621.0
0


HOST: 13
0.5413222331759512 0.5413222331759512 0.0
8784.577199979336 8784.577199979336 0.0
16228.0 16228.0 0.0
0


HOST: 14
0.5421254699575421 0.5618326362972769 0.5062499999998711
10583.915549981093 7079.6530499819855 3504.2624999991076
19523.0 12601.0 6922.0
0


HOST: 15
0.5170547722841122 0.516378569748238 0.5177345699421645
8775.970649978237 4393.865249987757 4382.10539999048
16973.0 8509.0 8464.0
0


HOST: 16
0.5392620081251526 0.5392620081251526 0.0
14334.662699982806 14334.662699982806 0.0
26582.0 26582.0 0.0
0


HOST: 17
0.5408477816633148 0.5234400954474516 0.575466808803473
11751.540599980504 7567.896899979256 4183.643700001248
21728.0 14458.0 7270.0
0


HOST: 18
0.5200710859849313 0.5200710859849313 0.0
10832.560649980136 10832.560649980136 0.0
20829.0 20829.0 0.0
0


HOST: 19
0.5062499999985448 0.5062499999985448 0.0
4001.9062499884967 4001.9062499884967 0.0
7905.0 7905.0 0.0
0


HOST: 20
0.5332119996667158 0.5332119996667158 0.0
9631.408349979889 9631.408349979889 0.0
18063.0 18063.0 0.0
0


HOST: 21
0.5603426866019756 0.5603426866019756 0.0
14128.480499982214 14128.480499982214 0.0
25214.0 25214.0 0.0
0


HOST: 22
0.5314132338097591 0.5314132338097591 0.0
10536.861599979904 10536.861599979904 0.0
19828.0 19828.0 0.0
0


HOST: 23
0.5460886315192764 0.5460886315192764 0.0
14605.140449983048 14605.140449983048 0.0
26745.0 26745.0 0.0
0


HOST: 24
0.5062499999990396 0.5062499999985448 0.5062499999991628
11029.162499979078 2197.1249999936845 8832.037499985394
21786.0 4340.0 17446.0
0


HOST: 25
0.5137190600279937 0.518563816740861 0.5062499999989423
8771.752949977992 5370.765449985098 3400.9874999928943
17075.0 10357.0 6718.0
0


HOST: 26
0.5707926221408628 0.5707926221408628 0.0
10409.545049982915 10409.545049982915 0.0
18237.0 18237.0 0.0
0


HOST: 27
0.5335329422495506 0.5466021633177486 0.5062500000003638
11982.616349982658 8300.153849980012 3682.4625000026463
22459.0 15185.0 7274.0
0


HOST: 28
0.5745050119551651 0.5745050119551651 0.0
8889.31604998227 8889.31604998227 0.0
15473.0 15473.0 0.0
0


HOST: 29
0.5707197407983485 0.5721993432288897 0.5062500000003638
11956.007849984602 11718.070349984431 237.93750000017099
20949.0 20479.0 470.0
0


HOST: 30
0.5503219842258278 0.5503219842258278 0.0
12280.985399983572 12280.985399983572 0.0
22316.0 22316.0 0.0
0


HOST: 31
0.5622995638655676 0.5609413724657664 0.5641146566156648
9411.77009998187 5370.452699987247 4041.317399994623
16738.0 9574.0 7164.0
0


HOST: 32
0.5860905970452076 0.5860905970452076 0.0
11269.349999985252 11269.349999985252 0.0
19228.0 19228.0 0.0
0


HOST: 33
0.5444904967653253 0.511017414814234 0.5769262677476822
9513.88244998053 4394.238749987599 5119.643699992932
17473.0 8599.0 8874.0
0


HOST: 34
0.6260778338362586 0.6260778338362586 0.0
12222.917549985275 12222.917549985275 0.0
19523.0 19523.0 0.0
0


HOST: 35
0.5236129094738456 0.5236129094738456 0.0
8919.222299977486 8919.222299977486 0.0
17034.0 17034.0 0.0
0


HOST: 36
0.6626626240017741 0.7681052212377042 0.5594924090807227
6813.497099986242 3905.8150499937256 2907.682049992516
10282.0 5085.0 5197.0
0


HOST: 37
0.5442053117614444 0.5442053117614444 0.0
11756.467349982484 11756.467349982484 0.0
21603.0 21603.0 0.0
0


HOST: 38
0.5062499999988367 0.5062499999985448 0.5062499999988523
9563.062499978025 488.0249999985972 9075.037499979428
18890.0 964.0 17926.0
0


HOST: 39
0.549358005623965 0.5543127344965267 0.5062500000003638
11329.410149983029 10253.122649982255 1076.2875000007734
20623.0 18497.0 2126.0
0


HOST: 40
0.5803966819215304 0.5803966819215304 0.0
13188.934199984857 13188.934199984857 0.0
22724.0 22724.0 0.0
0


HOST: 41
0.5499870411701562 0.5499870411701562 0.0
8375.752649980308 8375.752649980308 0.0
15229.0 15229.0 0.0
0


HOST: 42
0.6173073238478197 0.6286450214583411 0.5062500000003638
11888.72174998516 10985.57174998451 903.150000000649
19259.0 17475.0 1784.0
0


HOST: 43
0.5567536355790331 0.6037837146377038 0.5356377568012334
11623.345649983476 3905.876849991306 7717.46879999217
20877.0 6469.0 14408.0
0


HOST: 44
0.5629666333737913 0.5891421456765665 0.5376008451148246
10427.830949982736 5370.61979998758 5057.211149995155
18523.0 9116.0 9407.0
0


HOST: 45
0.5062499999990285 0.5062499999985448 0.5062499999991337
10937.024999979012 1952.6062499943873 8984.418749984625
21604.0 3857.0 17747.0
0


HOST: 46
0.5948004200210806 0.6397757097915865 0.5062499999999279
10266.850049983872 7323.512549984291 2943.3374999995813
17261.0 11447.0 5814.0
0


HOST: 47
0.5335606245294581 0.5656814020844542 0.5198501813524924
9235.40084998039 2929.098299993304 6306.3025499870855
17309.0 5178.0 12131.0
0


HOST: 48
0.5764457561127007 0.5764457561127007 0.0
10513.217699983434 10513.217699983434 0.0
18238.0 18238.0 0.0
0


HOST: 49
0.534768291586759 0.534768291586759 0.0
10717.826099981823 10717.826099981823 0.0
20042.0 20042.0 0.0
0


HOST: 50
0.5664867491937123 0.5664867491937123 0.0
5102.346149987767 5102.346149987767 0.0
9007.0 9007.0 0.0
0


HOST: 51
0.5721628134391772 0.5721628134391772 0.0
9127.141199981754 9127.141199981754 0.0
15952.0 15952.0 0.0
0


HOST: 52
0.5636994625730019 0.581824196889786 0.5478049073061018
11642.64869998278 5614.603499986435 6028.045199996344
20654.0 9650.0 11004.0
0


HOST: 53
0.5800726402556884 0.5800726402556884 0.0
10484.232899981313 10484.232899981313 0.0
18074.0 18074.0 0.0
0


HOST: 54
0.567469528070742 0.5725048886025145 0.5160858974362627
11158.720799983072 10252.99004998243 905.7307500006409
19664.0 17909.0 1755.0
0


HOST: 55
0.5410565360690787 0.5410565360690787 0.0
11572.658249981523 11572.658249981523 0.0
21389.0 21389.0 0.0
0


HOST: 56
0.5850443973705809 0.5852921144951831 0.5679629032261331
10149.935249982207 10009.080449982126 140.854800000081
17349.0 17101.0 248.0
0


HOST: 57
0.5751978097183366 0.5740592613796552 0.5951374340024222
10084.367999981876 9520.772849981582 563.5951500002939
17532.0 16585.0 947.0
0


HOST: 58
0.5484374769091099 0.5556272398082417 0.5326763078322261
11579.160449982039 8056.0393499796955 3523.121100002343
21113.0 14499.0 6614.0
0


HOST: 59
0.5539391696742708 0.5613141405302315 0.546061376362859
11661.52739998275 6103.168649985208 5558.358749997542
21052.0 10873.0 10179.0
0


HOST: 60
0.5477682908949645 0.5062499999985448 0.5487054369196941
11961.068399982445 244.0124999992986 11717.055899983146
21836.0 482.0 21354.0
0


HOST: 61
0.556722845046157 0.5536547103966626 0.568667523206154
12032.450849982592 9520.64639998101 2511.804450001582
21613.0 17196.0 4417.0
0


HOST: 62
0.5694813752582667 0.5694813752582667 0.0
10712.514149983255 10712.514149983255 0.0
18811.0 18811.0 0.0
0


HOST: 63
0.6974281702170329 0.7765267892213766 0.5742693736347415
12242.654099989795 8300.294849987295 3942.3592500025006
17554.0 10689.0 6865.0
0


HOST: 64
0.5439736466944068 0.54462204279182 0.5062500000003638
10913.19929998319 10741.580549983066 171.61875000012333
20062.0 19723.0 339.0
0


HOST: 65
0.5062499999987279 0.5062499999985448 0.5062499999987385
8927.212499977568 488.0249999985972 8439.18749997897
17634.0 964.0 16670.0
0


HOST: 66
0.6068465321657986 0.6068465321657986 0.0
11234.54984998543 11234.54984998543 0.0
18513.0 18513.0 0.0
0


HOST: 67
0.5759903602629407 0.5759903602629407 0.0
9688.733849982926 9688.733849982926 0.0
16821.0 16821.0 0.0
0


HOST: 68
0.58094931405445 0.58094931405445 0.0
12958.074449984508 12958.074449984508 0.0
22305.0 22305.0 0.0
0


HOST: 69
0.5648329586256474 0.5899214192754803 0.5366215510032027
11481.359549983536 6346.964549984892 5134.3949999986435
20327.0 10759.0 9568.0
0


HOST: 70
0.6429118330755115 0.6429118330755115 0.0
12086.09954998654 12086.09954998654 0.0
18799.0 18799.0 0.0
0


HOST: 71
0.5418297785683637 0.5418297785683637 0.0
8515.396799980403 8515.396799980403 0.0
15716.0 15716.0 0.0
0


HOST: 72
0.5226071627526823 0.5077893258412417 0.5272623153344828
10506.494399979925 2440.4354999930074 8066.058899986918
20104.0 4806.0 15298.0
0


HOST: 73
0.5062499999988276 0.5062499999985448 0.5062499999988429
9506.362499977984 488.0249999985972 9018.337499979387
18778.0 964.0 17814.0
0


HOST: 74
0.5513085854024801 0.5712181247956283 0.5062500000003638
12229.678349983215 8788.190849980741 3441.487500002473
22183.0 15385.0 6798.0
0


HOST: 75
0.5730165829137488 0.5730165829137488 0.0
11403.0299999836 11403.0299999836 0.0
19900.0 19900.0 0.0
0


HOST: 76
0.525624286751798 0.525624286751798 0.0
11570.041799980578 11570.041799980578 0.0
22012.0 22012.0 0.0
0


HOST: 77
0.5134980966686391 0.5114783684052151 0.5168320150367001
9051.430949978101 5614.498049984046 3436.9328999940553
17627.0 10977.0 6650.0
0


HOST: 78
0.5376655119121195 0.5396983050834909 0.528903732133768
10786.645499980941 8788.447199979566 1998.1983000013752
20062.0 16284.0 3778.0
0


HOST: 79
0.5320040627302343 0.5137400491016684 0.5613199050978487
8616.337799978874 5126.611949985549 3489.725849993325
16196.0 9979.0 6217.0
0


HOST: 80
0.551550378036625 0.5524203137410704 0.5062500000003638
9191.587049980355 9032.62454998024 158.96250000011423
16665.0 16351.0 314.0
0


HOST: 81
0.5249295097838168 0.5215355791226304 0.5261161722330088
13278.091949981646 3417.622649990597 9860.46929999105
25295.0 6553.0 18742.0
0


HOST: 82
0.542953050706007 0.5239393976233979 0.5537410375053538
10482.794549980876 3661.8124499899277 6820.982099990948
19307.0 6989.0 12318.0
0


HOST: 83
0.5259456721415028 0.508516266387468 0.5420691566528015
8932.135349979142 4150.001249988127 4782.134099991015
16983.0 8161.0 8822.0
0


HOST: 84
0.5388909871591329 0.5373634439538657 0.5396375051707429
9695.18774997996 3173.6684999915306 6521.519249988429
17991.0 5906.0 12085.0
0


HOST: 85
0.5323445102252168 0.512192437534323 0.5385403301465418
11869.153199981432 2685.4249499924554 9183.728249988977
22296.0 5243.0 17053.0
0


HOST: 86
0.5286372640398052 0.5286372640398052 0.0
9073.529999979215 9073.529999979215 0.0
17164.0 17164.0 0.0
0


HOST: 87
0.5462255799308959 0.5462255799308959 0.0
12150.24179998285 12150.24179998285 0.0
22244.0 22244.0 0.0
0


HOST: 88
0.5576852403359597 0.5769304299749292 0.5295645817089837
12321.497699982692 7567.596449981145 4753.901250001547
22094.0 13117.0 8977.0
0


HOST: 89
0.5668254519125479 0.5668254519125479 0.0
8811.301649980556 8811.301649980556 0.0
15545.0 15545.0 0.0
0


HOST: 90
0.5661908912933094 0.5813783394660403 0.5062500000003638
9833.603399982198 8056.15964998092 1777.4437500012773
17368.0 13857.0 3511.0
0


HOST: 91
0.5735480661006177 0.5735480661006177 0.0
8867.62664998165 8867.62664998165 0.0
15461.0 15461.0 0.0
0


HOST: 92
0.5554180542365322 0.5903387236886978 0.5198442153283727
12288.624449983276 6591.131849984311 5697.492599998965
22125.0 11165.0 10960.0
0


HOST: 93
0.6742067275098997 0.6742067275098997 0.0
11339.482949989004 11339.482949989004 0.0
16819.0 16819.0 0.0
0


HOST: 94
0.5671312301158866 0.5671312301158866 0.0
12835.313999982747 12835.313999982747 0.0
22632.0 22632.0 0.0
0


HOST: 95
0.5791965248355664 0.5791965248355664 0.0
12033.386999983728 12033.386999983728 0.0
20776.0 20776.0 0.0
0


HOST: 96
0.5644669867282175 0.5644669867282175 0.0
10846.2331499827 10846.2331499827 0.0
19215.0 19215.0 0.0
0


HOST: 97
0.5338636132208513 0.5445660850853048 0.5135048306436923
20447.510249971827 13670.786999981492 6776.7232500048085
38301.0 25104.0 13197.0
0


HOST: 98
0.5139771425023273 0.5150833490783655 0.5062500000003638
18657.88424997698 16356.471749983495 2301.412500001654
36301.0 31755.0 4546.0
0


HOST: 99
0.5163184500041667 0.5171950743202384 0.5062500000003638
16425.638849982555 15135.713849981776 1289.925000000927
31813.0 29265.0 2548.0
0


HOST: 100
0.5266188752416919 0.5307918010703431 0.5062500000003638
19552.305599973537 16356.349349982622 3195.9562500022967
37128.0 30815.0 6313.0
0


HOST: 101
0.5263039035130966 0.5234046039257154 0.5292104185523967
18633.263399977674 9276.82319997938 9356.440200006373
35404.0 17724.0 17680.0
0


HOST: 102
0.525525253681799 0.526294557909307 0.5062500000003638
19265.75579997475 18553.4620499768 712.2937500005119
36660.0 35253.0 1407.0
0


HOST: 103
0.5356162769914191 0.5388045966434284 0.5062500000002075
20984.374499969817 19041.8932499754 1942.481250000796
39178.0 35341.0 3837.0
0


HOST: 104
0.5132775604189699 0.5188479073557778 0.5062500000003638
16884.265349982015 9520.859099978523 7363.406250005291
32895.0 18350.0 14545.0
0


HOST: 105
0.5142551602384557 0.5211530898864452 0.5062500000003638
17041.387499981945 9276.524999978723 7764.86250000558
33138.0 17800.0 15338.0
0


HOST: 106
0.5173697860630413 0.5177624581365428 0.5172217532192971
16928.33939998271 4638.11609998715 12290.223299996936
32720.0 8958.0 23762.0
0


HOST: 107
0.536635323150628 0.5206424436305016 0.541391738657593
23049.560399965776 5126.245499985918 17923.314899998277
42952.0 9846.0 33106.0
0


HOST: 108
0.5062499999991903 0.5062499999985448 0.5062499999992162
23546.19374996234 244.0124999992986 23302.18124996392
46511.0 482.0 46029.0
0


HOST: 109
0.5262078559730943 0.5313037010145135 0.5260217224189125
20576.83199997188 732.1364999979996 19844.695499975896
39104.0 1378.0 37726.0
0


HOST: 110
0.5288733031666635 0.509708399239307 0.5415073514080803
21038.579999969872 8055.941249977248 12982.638750008724
39780.0 15805.0 23975.0
0


HOST: 111
0.5242936478168613 0.5339458673873413 0.5062500000003638
20972.794499970085 13915.1632499815 7057.631250005072
40002.0 26061.0 13941.0
0


HOST: 112
0.5062499999993589 0.5062499999985448 0.5062499999997102
18666.956249976363 2197.1249999936845 16469.831249990573
36873.0 4340.0 32533.0
0


HOST: 113
0.5488646984692557 0.5657546846534838 0.5078960550085364
9365.27834998091 6835.44809998339 2529.83024999752
17063.0 12082.0 4981.0
0


HOST: 114
0.5526938159630388 0.5526938159630388 0.0
12096.80954998303 12096.80954998303 0.0
21887.0 21887.0 0.0
0


HOST: 115
0.5969607230382871 0.6013862287785295 0.5062500000003638
11690.878799981814 11229.685049981483 461.1937500003314
19584.0 18673.0 911.0
0


HOST: 116
0.5688723293457436 0.5688723293457436 0.0
12508.933649983557 12508.933649983557 0.0
21989.0 21989.0 0.0
0


HOST: 117
0.5174669560024636 0.5174669560024636 0.0
9985.55984997954 9985.55984997954 0.0
19297.0 19297.0 0.0
0


HOST: 118
0.5062499999985448 0.5062499999985448 0.5062499999985448
5799.093749983331 4638.2624999866675 1160.8312499966632
11455.0 9162.0 2293.0
0


HOST: 119
0.552555852792392 0.552555852792392 0.0
11215.778699979974 11215.778699979974 0.0
20298.0 20298.0 0.0
0


HOST: 120
0.5369581304715846 0.5369581304715846 0.0
11161.211699982357 11161.211699982357 0.0
20786.0 20786.0 0.0
0


HOST: 121
0.5351663684932861 0.5351663684932861 0.0
9213.424199980414 9213.424199980414 0.0
17216.0 17216.0 0.0
0


HOST: 122
0.5489322089246589 0.5489322089246589 0.0
9999.898049980511 9999.898049980511 0.0
18217.0 18217.0 0.0
0


HOST: 123
0.5500690788631303 0.5500690788631303 0.0
8718.594899980615 8718.594899980615 0.0
15850.0 15850.0 0.0
0


HOST: 124
0.6174541079453568 0.6174541079453568 0.0
12355.25669998659 12355.25669998659 0.0
20010.0 20010.0 0.0
0


HOST: 125
0.5662281151411458 0.5662281151411458 0.0
11487.635999983566 11487.635999983566 0.0
20288.0 20288.0 0.0
0


HOST: 126
0.6228075301910171 0.6524076571884356 0.5062500000003638
10520.464799986661 8788.583549985417 1731.8812500012446
16892.0 13471.0 3421.0
0


HOST: 127
0.525880145813468 0.525880145813468 0.0
6527.750249982579 6527.750249982579 0.0
12413.0 12413.0 0.0
0


HOST: 128
0.5577522556382425 0.5577522556382425 0.0
11349.700649982597 11349.700649982597 0.0
20349.0 20349.0 0.0
0


HOST: 129
0.5538498205868775 0.5538498205868775 0.0
12348.081749984434 12348.081749984434 0.0
22295.0 22295.0 0.0
0


HOST: 130
0.5062499999987986 0.5062499999985448 0.5062499999988459
9330.693749977858 1464.5812499957901 7866.112499982068
18431.0 2893.0 15538.0
0


HOST: 131
0.5165123739905293 0.5228623814366039 0.506249999998645
8198.08439997768 5126.665649985902 3071.418749991779
15872.0 9805.0 6067.0
0


HOST: 132
0.5103092900504199 0.5103092900504199 0.0
10925.72189997949 10925.72189997949 0.0
21410.0 21410.0 0.0
0


HOST: 133
0.5320485406615737 0.5320485406615737 0.0
12031.213649980165 12031.213649980165 0.0
22613.0 22613.0 0.0
0


HOST: 134
0.51632655250564 0.51632655250564 0.0
10010.539199979348 10010.539199979348 0.0
19388.0 19388.0 0.0
0


HOST: 135
0.5757253525270087 0.5882080483221518 0.5579934683403542
14657.391749985116 8788.41644998127 5868.975300003845
25459.0 14941.0 10518.0
0


HOST: 136
0.5218755075769876 0.5218755075769876 0.0
10949.991899980354 10949.991899980354 0.0
20982.0 20982.0 0.0
0


HOST: 137
0.5290106271055072 0.5290106271055072 0.0
10359.08609998004 10359.08609998004 0.0
19582.0 19582.0 0.0
0


HOST: 138
0.5236810294563301 0.5110328779183361 0.5321423417109797
11857.709549979681 4638.134399986819 7219.575149992863
22643.0 9076.0 13567.0
0


HOST: 139
0.5359912329737426 0.5352194732985595 0.5379640912733803
14284.702349983216 10253.199449980504 4031.5029000027116
26651.0 19157.0 7494.0
0


HOST: 140
0.5062499999985828 0.5062499999985448 0.5062499999986039
8199.731249977045 2929.1624999915803 5270.568749985465
16197.0 5786.0 10411.0
0


HOST: 141
0.508997383147392 0.5112425998309945 0.507672379695846
9822.63149997837 3661.519499989583 6161.111999988787
19298.0 7162.0 12136.0
0


HOST: 142
0.5270298659707177 0.5270298659707177 0.0
10617.016649980107 10617.016649980107 0.0
20145.0 20145.0 0.0
0


HOST: 143
0.5403536915732196 0.5328583770856732 0.5517588150811549
15179.07554998331 9032.482349979246 6146.593200004065
28091.0 16951.0 11140.0
0


HOST: 144
0.5153236960927086 0.5153236960927086 0.0
9129.474599978425 9129.474599978425 0.0
17716.0 17716.0 0.0
0


HOST: 145
0.5141072090006761 0.5141072090006761 0.0
9549.027299978557 9549.027299978557 0.0
18574.0 18574.0 0.0
0


HOST: 146
0.5226788611010122 0.5105850972585391 0.5294537494870764
13919.460749981057 4882.214699986151 9037.246049994907
26631.0 9562.0 17069.0
0


HOST: 147
0.5375697987480896 0.5375697987480896 0.0
11859.864899980354 11859.864899980354 0.0
22062.0 22062.0 0.0
0


HOST: 148
0.5324426453590675 0.5269895728919509 0.5415050160151815
11062.028399979987 6835.581749981495 4226.446649998492
20776.0 12971.0 7805.0
0


HOST: 149
0.511847245487545 0.511847245487545 0.0
9105.250649977937 9105.250649977937 0.0
17789.0 17789.0 0.0
0


HOST: 150
0.5558721527309991 0.5558721527309991 0.0
10132.43759998065 10132.43759998065 0.0
18228.0 18228.0 0.0
0


HOST: 151
0.5373545925749601 0.5373545925749601 0.0
9641.216099979934 9641.216099979934 0.0
17942.0 17942.0 0.0
0


HOST: 152
0.5480585489190433 0.5480585489190433 0.0
10783.051949982177 10783.051949982177 0.0
19675.0 19675.0 0.0
0


HOST: 153
0.5062499999985448 0.5062499999985448 0.0
7585.143749978197 7585.143749978197 0.0
14983.0 14983.0 0.0
0


HOST: 154
0.5460228215272731 0.5688284271830626 0.5118210541634652
9374.119799980224 5858.932799985545 3515.1869999946794
17168.0 10300.0 6868.0
0


HOST: 155
0.5398694706980804 0.5398694706980804 0.0
8567.728499978537 8567.728499978537 0.0
15870.0 15870.0 0.0
0


HOST: 156
0.5165843324516987 0.5165843324516987 0.0
10168.445999979236 10168.445999979236 0.0
19684.0 19684.0 0.0
0


HOST: 157
0.5729841638022053 0.5419783930044308 0.5794233702224244
12005.164199983805 1952.7481499949645 10052.41604998884
20952.0 3603.0 17349.0
0


HOST: 158
0.5149028289275552 0.5115297617720185 0.5174739596462818
10793.393099979414 4638.040349986892 6155.352749992522
20962.0 9067.0 11895.0
0


HOST: 159
0.5581011012017413 0.5581011012017413 0.0
12391.518749982262 12391.518749982262 0.0
22203.0 22203.0 0.0
0


HOST: 160
0.5062499999987089 0.5062499999985448 0.5062499999987717
8824.949999977494 2441.137499992983 6383.812499984511
17432.0 4822.0 12610.0
0


HOST: 161
0.5062499999988334 0.5062499999985448 0.5062499999988573
9542.30624997801 732.0374999978958 8810.268749980114
18849.0 1446.0 17403.0
0


HOST: 162
0.5882402069652258 0.5882402069652258 0.0
10487.734649983011 10487.734649983011 0.0
17829.0 17829.0 0.0
0


HOST: 163
0.6265577013342273 0.688815545268428 0.578987617527693
12813.731549986282 6101.528099987736 6712.203449998546
20451.0 8858.0 11593.0
0


HOST: 164
0.5349778330351298 0.5349778330351298 0.0
9304.869449980013 9304.869449980013 0.0
17393.0 17393.0 0.0
0


HOST: 165
0.5195025837109875 0.5195025837109875 0.0
8796.73724997815 8796.73724997815 0.0
16933.0 16933.0 0.0
0


HOST: 166
0.5503756764030361 0.5503756764030361 0.0
10211.670299981932 10211.670299981932 0.0
18554.0 18554.0 0.0
0


HOST: 167
0.5375582792275874 0.5645815811591922 0.5296951514217316
11343.017249981322 2685.1499999931184 8657.867249988203
21101.0 4756.0 16345.0
0


HOST: 168
0.5493709321907001 0.5725034206681855 0.5175974841719746
11739.50744998307 7079.577299982782 4659.9301500002875
21369.0 12366.0 9003.0
0


HOST: 169
0.5686495351321263 0.7569323590259989 0.5441344671955202
9541.370549981948 1463.1502499972557 8078.220299984692
16779.0 1933.0 14846.0
0


HOST: 170
0.566804944279102 0.5752133715316868 0.5062500000003638
12054.240749983663 10741.53449998272 1312.7062500009433
21267.0 18674.0 2593.0
0


HOST: 171
0.5230888717141704 0.5230888717141704 0.0
4061.2619999888193 4061.2619999888193 0.0
7764.0 7764.0 0.0
0


HOST: 172
0.5324851324820488 0.5444551709882335 0.5184326415825266
11937.25169998257 6591.174299983555 5346.077399999014
22418.0 12106.0 10312.0
0


HOST: 173
0.5464769308521662 0.5557959551747738 0.5062500000001241
9460.06214998185 7811.712149981446 1648.3500000004042
17311.0 14055.0 3256.0
0


HOST: 174
0.5692898590186505 0.6798088688932399 0.5325916986761705
10660.521899983249 3173.347799993644 7487.174099989605
18726.0 4668.0 14058.0
0


HOST: 175
0.5383182981516917 0.5383182981516917 0.0
8160.905399979647 8160.905399979647 0.0
15160.0 15160.0 0.0
0


HOST: 176
0.618682259907166 0.618682259907166 0.0
6493.688999985614 6493.688999985614 0.0
10496.0 10496.0 0.0
0


HOST: 177
0.5942414251644161 0.6787720456788076 0.5217228233089107
12959.216999985587 6835.234499985592 6123.982499999995
21808.0 10070.0 11738.0
0


HOST: 178
0.5667315205320124 0.5667315205320124 0.0
12255.002399984236 12255.002399984236 0.0
21624.0 21624.0 0.0
0


HOST: 179
0.5443287833296393 0.5443287833296393 0.0
12330.135599982988 12330.135599982988 0.0
22652.0 22652.0 0.0
0


HOST: 180
0.5550211879982516 0.5550211879982516 0.0
11469.51284998387 11469.51284998387 0.0
20665.0 20665.0 0.0
0


HOST: 181
0.5795595361596975 0.5795595361596975 0.0
7596.866399981314 7596.866399981314 0.0
13108.0 13108.0 0.0
0


HOST: 182
0.6023884817255882 0.6144932503411692 0.5062500000003638
12394.745399985704 11229.864149984867 1164.881250000837
20576.0 18275.0 2301.0
0


HOST: 183
0.5676656368212946 0.5676656368212946 0.0
10803.812399982879 10803.812399982879 0.0
19032.0 19032.0 0.0
0


HOST: 184
0.5331955042105201 0.5235417010379797 0.5349433743574736
21080.95064997133 3173.186249991195 17907.76439999079
39537.0 6061.0 33476.0
0


HOST: 185
0.5463050489454601 0.5316466193082449 0.5654960389658069
18583.658849977714 10253.33669997881 8330.322150005302
34017.0 19286.0 14731.0
0


HOST: 186
0.5495271490518852 0.551322461351638 0.506249999999909
21287.58269997193 20506.438949974174 781.1437499998597
38738.0 37195.0 1543.0
0


HOST: 187
0.5394497160550378 0.5400253745974937 0.5385166125434907
20898.28199997216 12938.467949981352 7959.814050005336
38740.0 23959.0 14781.0
0


HOST: 188
0.5062499999992813 0.5062499999985448 0.506249999999312
20634.749999970707 244.0124999992986 20390.73749997229
40760.0 482.0 40278.0
0


HOST: 189
0.5535487576018214 0.5535487576018214 0.0
21297.234899972478 21297.234899972478 0.0
38474.0 38474.0 0.0
0


HOST: 190
0.5431215297226776 0.534664980288273 0.5548707400198392
21324.037499971768 12206.401499981273 9117.636000005998
39262.0 22830.0 16432.0
0


HOST: 191
0.5359791544823687 0.5378699834749427 0.5203292796900666
21812.743649968957 19530.059099975173 2282.684550000322
40697.0 36310.0 4387.0
0


HOST: 192
0.5062499999992777 0.5062499999985448 0.5062499999993392
20737.012499970413 488.0249999985972 20248.98749997357
40962.0 964.0 39998.0
0


HOST: 193
0.5460632056375468 0.5326106436641892 0.5526805215498791
24289.43744996372 7811.267699978998 16478.169750009645
44481.0 14666.0 29815.0
0


HOST: 194
0.5353767719172271 0.5354419484923881 0.5352643406362301
23907.249749963776 15135.872999982827 8771.376750005902
44655.0 28268.0 16387.0
0


HOST: 195
0.5480857627112846 0.548702161095933 0.5433615504098378
16815.271199982213 14891.227949982525 1924.0432500012357
30680.0 27139.0 3541.0
0


HOST: 196
0.5062499999993234 0.5062499999985448 0.5062499999995727
19518.974999973914 1708.5937499950887 17810.381249984966
38556.0 3375.0 35181.0
0


HOST: 197
0.5418366926693692 0.541588308633708 0.5433163612337076
21392.796299972033 18309.475949979766 3083.3203500012905
39482.0 33807.0 5675.0
0


HOST: 198
0.5517648844476688 0.5517648844476688 0.0
15877.034549981669 15877.034549981669 0.0
28775.0 28775.0 0.0
0


HOST: 199
0.5255758276451857 0.5318155341821441 0.5179670745496204
20638.31159997115 11473.920149979758 9164.391450006435
39268.0 21575.0 17693.0
0


HOST: 200
0.547748930947248 0.5117890835564971 0.5513514971941066
20084.857799973688 1708.8637499951437 18375.99404998238
36668.0 3339.0 33329.0
0


HOST: 201
0.5363738108874769 0.5390210003369732 0.506249999999909
22463.335199967536 20750.69144997246 1712.6437499996923
41880.0 38497.0 3383.0
0


HOST: 202
0.5276114775717833 0.5123952425358642 0.5316445605141554
21596.192999968232 4394.3015999875715 17201.891399996013
40932.0 8576.0 32356.0
0


HOST: 203
0.5204405335488141 0.5204405335488141 0.0
20220.676049972077 20220.676049972077 0.0
38853.0 38853.0 0.0
0


HOST: 204
0.5586684920647945 0.5529736748424567 0.5818208722539222
21510.412949970785 17087.9924999816 4422.420450002062
38503.0 30902.0 7601.0
0


HOST: 205
0.5409090688747478 0.5409090688747478 0.0
20308.97189997128 20308.97189997128 0.0
37546.0 37546.0 0.0
0


HOST: 206
0.5283141199292298 0.5321661459079983 0.5240799680514764
20827.727549970026 10985.505749978807 9842.221800006726
39423.0 20643.0 18780.0
0


HOST: 207
0.5297643255917935 0.5297643255917935 0.0
22014.35654996698 22014.35654996698 0.0
41555.0 41555.0 0.0
0


HOST: 208
0.5245040325178876 0.5274844460444064 0.5062500000003638
19484.275799974486 16844.688299982074 2639.587500001897
37148.0 31934.0 5214.0
0


HOST: 209
0.5381982663570559 0.540788982890186 0.5356949767742042
23236.71014996589 11473.919849981075 11762.790300007975
43175.0 21217.0 21958.0
0


HOST: 210
0.5401778727159077 0.5357477908682902 0.6923696428574702
19250.3188499768 18552.41024997802 697.9086000003299
35637.0 34629.0 1008.0
0


HOST: 211
0.5062499999992985 0.5062499999985448 0.5062499999998237
20163.93749997206 3417.693749990176 16746.243749994166
39830.0 6751.0 33079.0
0


HOST: 212
0.5062499999992695 0.5062499999985448 0.50624999999933
20974.44374996973 488.0249999985972 20486.418749972887
41431.0 964.0 40467.0
0


HOST: 213
0.531917745799571 0.529023736184918 0.5454154634713122
20866.60124997137 17089.05374998141 3777.547500002308
39229.0 32303.0 6926.0
0


HOST: 214
0.5062499999992258 0.5062499999985448 0.5062499999996404
22317.52499996587 3173.6812499908774 19143.8437499864
44084.0 6269.0 37815.0
0


HOST: 215
0.5246569657692236 0.5161911871304214 0.5285897439047869
21902.854349967776 6835.403699981041 15067.45065000595
41747.0 13242.0 28505.0
0


HOST: 216
0.5346628936847444 0.5351769538568225 0.5062499999999801
20609.11589997216 20262.334649973156 346.78124999998636
38546.0 37861.0 685.0
0


HOST: 217
0.5062499999993234 0.5062499999985448 0.5062499999995727
19518.974999973914 1708.5937499950887 17810.381249984966
38556.0 3375.0 35181.0
0


HOST: 218
0.5600242485841102 0.5355049928454867 0.5694953801945801
21073.15244997148 5614.769849984928 15458.382600001683
37629.0 10485.0 27144.0
0


HOST: 219
0.5451046930836482 0.5451046930836482 0.0
17387.74949998221 17387.74949998221 0.0
31898.0 31898.0 0.0
0


HOST: 220
0.5271734215355346 0.5271734215355346 0.0
16356.60974998303 16356.60974998303 0.0
31027.0 31027.0 0.0
0


HOST: 221
0.523335484282331 0.523335484282331 0.0
12286.870499980567 12286.870499980567 0.0
23478.0 23478.0 0.0
0


HOST: 222
0.5428445191482567 0.5428445191482567 0.0
19135.269299976047 19135.269299976047 0.0
35250.0 35250.0 0.0
0


HOST: 223
0.5380838412723986 0.5388025088407103 0.5062499999999663
20692.55219997136 20262.745949972596 429.80624999997144
38456.0 37607.0 849.0
0


HOST: 224
0.508510770107675 0.5062499999985448 0.5087321486591933
16494.563849982653 1464.5812499957901 15029.982599987206
32437.0 2893.0 29544.0
0


HOST: 225
0.5451260323859775 0.5611759313307855 0.519146846208726
24170.343149961853 15380.148749982836 8790.194400006148
44339.0 27407.0 16932.0
0


HOST: 226
0.5324335609922392 0.5176775223202348 0.5433716463292104
22412.790749968306 9276.781199978608 13136.009550008663
42095.0 17920.0 24175.0
0


HOST: 227
0.5468473758813428 0.5572628905193122 0.5177303303306944
16588.068299984654 12450.367499982474 4137.700800002909
30334.0 22342.0 7992.0
0


HOST: 228
0.5710060256548934 0.5767913909997173 0.555347817322761
15223.591649985116 11228.974799982496 3994.6168500026197
26661.0 19468.0 7193.0
0


HOST: 229
0.5062499999993147 0.5062499999985448 0.5062499999994052
13920.862499981156 1464.5812499957901 12456.281249985366
27498.0 2893.0 24605.0
0


HOST: 230
0.5633916809099658 0.5633916809099658 0.0
15491.58104998133 15491.58104998133 0.0
27497.0 27497.0 0.0
0


HOST: 231
0.5146088306744178 0.5146088306744178 0.0
13132.302749980467 13132.302749980467 0.0
25519.0 25519.0 0.0
0


HOST: 232
0.5440199556301075 0.5062499999985448 0.5491142129236584
15449.078699983793 1708.5937499950887 13740.484949988704
28398.0 3375.0 25023.0
0


HOST: 233
0.5624495814433411 0.5624495814433411 0.0
19350.515399976706 19350.515399976706 0.0
34404.0 34404.0 0.0
0


HOST: 234
0.5861420234884086 0.5861420234884086 0.0
14373.374699982754 14373.374699982754 0.0
24522.0 24522.0 0.0
0


HOST: 235
0.600474662480975 0.6033672663513229 0.5918866894201712
13965.839699982518 10497.383699980315 3468.456000002203
23258.0 17398.0 5860.0
0


HOST: 236
0.5562344686876067 0.5794856459803946 0.5392437555757407
19425.37634997729 8544.515849980919 10880.860500007295
34923.0 14745.0 20178.0
0


HOST: 237
0.5653910156244913 0.5788326911669023 0.5310159171302309
15921.410999985677 11717.88899998277 4203.522000002908
28160.0 20244.0 7916.0
0


HOST: 238
0.9040791071157005 2.8075308729246387 0.5062499999993264
55477.00624994073 29782.287499984566 25694.71874996581
61363.0 10608.0 50755.0
2


HOST: 239
0.5575972888307179 0.578796619215637 0.553804463262042
15486.707099984358 2439.6277499939097 13047.079349990448
27774.0 4215.0 23559.0
0


HOST: 240
0.5391335932321867 0.5386899457800842 0.541460615079723
20363.61494997292 17088.86114998161 3274.7538000021646
37771.0 31723.0 6048.0
0


HOST: 241
0.5321575940566045 0.528511295417416 0.5352225077463906
19915.465799974365 9032.786549979057 10882.67925000736
37424.0 17091.0 20333.0
0


HOST: 242
0.5579810231420663 0.5615467690161163 0.5182917981541244
22736.05274996978 20995.110599974556 1740.9421499997038
40747.0 37388.0 3359.0
0


HOST: 243
0.5381205250588973 0.5392594452515541 0.5314822685789375
22547.249999967797 19286.07479997658 3261.1752000003607
41900.0 35764.0 6136.0
0


HOST: 244
0.5552624250051422 0.5861759644615424 0.5404124207008045
21379.26914997299 7323.682499982511 14055.586650007226
38503.0 12494.0 26009.0
0


HOST: 245
0.5381268925174613 0.5381268925174613 0.0
21944.276549969552 21944.276549969552 0.0
40779.0 40779.0 0.0
0


HOST: 246
0.5461066918623122 0.548749450198377 0.5345999801615088
22107.491099970124 18065.38064998077 4042.110450001168
40482.0 32921.0 7561.0
0


HOST: 247
0.5349472353332446 0.5349472353332446 0.0
15866.534999984035 15866.534999984035 0.0
29660.0 29660.0 0.0
0


HOST: 248
0.5478776247256687 0.5494413814774363 0.5469188717536058
21776.491949971154 8300.41094997963 13476.081000008846
39747.0 15107.0 24640.0
0


HOST: 249
0.5396782879527997 0.5405077239846138 0.5369427076235835
23824.637699964296 18309.69914997879 5514.938550001827
44146.0 33875.0 10271.0
0


HOST: 250
0.5353125124905878 0.5365583227498505 0.5342738384171096
24105.657749963655 10985.495099980439 13120.16265000896
45031.0 20474.0 24557.0
0


HOST: 251
0.53954722324473 0.5209748541746202 0.5570739874695955
23433.614999965117 10985.796749980216 12447.818250008111
43432.0 21087.0 22345.0
0


HOST: 252
0.5383956190024204 0.5383956190024204 0.0
19583.063849975035 19583.063849975035 0.0
36373.0 36373.0 0.0
0


HOST: 253
0.5490751634065476 0.5490751634065476 0.0
20917.01834997243 20917.01834997243 0.0
38095.0 38095.0 0.0
0


HOST: 254
0.5751898691663613 0.5341006417726502 0.6363110978523985
19783.655549976997 10985.381999979869 8798.273550005113
34395.0 20568.0 13827.0
0


HOST: 255
0.5379287617838524 0.5398788299145917 0.5360377175029172
21739.315049970828 10741.429199980716 10997.885850007351
40413.0 19896.0 20517.0
0


HOST: 256
0.5320388195011894 0.5122293658180939 0.5374686163923409
21213.983849970922 4393.903499987609 16820.08034999831
39873.0 8578.0 31295.0
0


HOST: 257
0.5422545381873026 0.5480238867501284 0.5359838943388548
22726.429949968042 11962.265399981803 10764.16455000722
41911.0 21828.0 20083.0
0


HOST: 258
0.5367429815371129 0.5363705190697762 0.5375838293423728
22560.38099996793 15623.936849983511 6936.444150004636
42032.0 29129.0 12903.0
0


HOST: 259
1.1119578928288165 1.530620529591902 0.5460854814660651
49097.38879996356 38844.08779998329 10253.301000006837
44154.0 25378.0 18776.0
2


HOST: 260
0.5452703963808301 0.5436207901398687 0.5486389298317913
21157.036649972586 14159.147099983022 6997.889550004498
38801.0 26046.0 12755.0
0


HOST: 261
0.5320130430659559 0.5112594265500118 0.534074853671334
22482.871199967296 1952.4997499944948 20530.37144997975
42260.0 3819.0 38441.0
0


HOST: 262
0.5260771536043616 0.5193626019416846 0.5292728432566572
23004.827849965128 7323.532049979694 15681.295800008242
43729.0 14101.0 29628.0
0


HOST: 263
0.542894315830173 0.54622563724867 0.520684667673802
22043.680799968344 19286.13479997604 2757.546000000455
40604.0 35308.0 5296.0
0


HOST: 264
0.556634711278784 0.5537780464561464 0.5700413697659114
22325.504999969467 18309.563549979568 4015.941450000845
40108.0 33063.0 7045.0
0


HOST: 265
0.5503090129624295 0.5238895055355404 0.5614844674825852
21565.509599971687 6102.78884998351 15462.720750002914
39188.0 11649.0 27539.0
0


HOST: 266
0.533824007926491 0.5371827978869462 0.5279618735201722
22895.7116999672 14647.363349983361 8248.34835000565
42890.0 27267.0 15623.0
0


HOST: 267
0.5482480081509099 0.5484314444737142 0.5391300000003685
16679.89739998328 16356.419399984052 323.4780000002211
30424.0 29824.0 600.0
0


HOST: 268
0.5280604754222971 0.5341590255514241 0.5252886631625922
21625.66064996933 6835.633049981574 14790.027600005944
40953.0 12797.0 28156.0
0


HOST: 269
0.5330951578014216 0.5112425998309945 0.5372990853900403
23664.627149962907 3661.519499989583 20003.10764998581
44391.0 7162.0 37229.0
0


HOST: 270
0.5438652993451341 0.5438652993451341 0.0
21783.98069997 21783.98069997 0.0
40054.0 40054.0 0.0
0


HOST: 271
0.5406717008348565 0.5406717008348565 0.0
21546.307949969865 21546.307949969865 0.0
39851.0 39851.0 0.0
0


HOST: 272
0.5062499999991432 0.5062499999985448 0.5062499999991964
11964.71249997975 976.0499999971944 10988.662499982556
23634.0 1928.0 21706.0
0


HOST: 273
0.506249999999437 0.5062499999985448 0.5062499999995649
17033.793749981058 976.0499999971944 16057.743749986199
33647.0 1928.0 31719.0
0


HOST: 274
0.5384107458406343 0.5411752249862686 0.5062500000003638
17671.7174999813 16356.47999998498 1315.2375000009451
32822.0 30224.0 2598.0
0


HOST: 275
0.555378124630595 0.555378124630595 0.0
18822.875399980127 18822.875399980127 0.0
33892.0 33892.0 0.0
0


HOST: 276
0.5888344416638353 0.6244130755055362 0.524603638714798
17886.434999980658 12206.02679998222 5680.4082000038325
30376.0 19548.0 10828.0
0


HOST: 277
0.5851043955615106 0.5953969186875399 0.5062500000003638
15188.139899985692 13670.908649984602 1517.2312500010903
25958.0 22961.0 2997.0
0


HOST: 278
0.5411081155746112 0.549274350581939 0.5223089523252527
15178.62374998342 10741.6091999804 4437.014550003021
28051.0 19556.0 8495.0
0


HOST: 279
0.5552414167767729 0.5552414167767729 0.0
9147.047099980557 9147.047099980557 0.0
16474.0 16474.0 0.0
0


HOST: 280
0.5653807232115639 0.5653807232115639 0.0
9545.322749980833 9545.322749980833 0.0
16883.0 16883.0 0.0
0


HOST: 281
0.5778286966283002 0.5778286966283002 0.0
11571.01964998171 11571.01964998171 0.0
20025.0 20025.0 0.0
0


HOST: 282
0.5946306810659006 0.5946306810659006 0.0
10791.357599983963 10791.357599983963 0.0
18148.0 18148.0 0.0
0


HOST: 283
0.5431215371162254 0.5839722488025033 0.5331157458560505
16154.606999985008 3417.4055999922493 12737.201399992759
29744.0 5852.0 23892.0
0


HOST: 284
0.5414151313098885 0.5414151313098885 0.0
15915.439199985483 15915.439199985483 0.0
29396.0 29396.0 0.0
0


HOST: 285
0.5417683801769599 0.5417683801769599 0.0
14649.416999984996 14649.416999984996 0.0
27040.0 27040.0 0.0
0


HOST: 286
0.5450951989700084 0.5605921473787348 0.5311192563542994
16519.655099985073 8056.269749979798 8463.38535000576
30306.0 14371.0 15935.0
0


HOST: 287
0.5329469439914946 0.5574125537879796 0.5143990146471153
14073.529949983396 6347.256749983724 7726.273199999672
26407.0 11387.0 15020.0
0


HOST: 288
0.5575112000602168 0.6062903798379843 0.5227758569574492
18350.481149982035 8300.115299982004 10050.365850006961
32915.0 13690.0 19225.0
0


HOST: 289
0.5302866516328895 0.5302866516328895 0.0
14462.507849983793 14462.507849983793 0.0
27273.0 27273.0 0.0
0


HOST: 290
0.5592577430988037 0.5592577430988037 0.0
15499.828349983345 15499.828349983345 0.0
27715.0 27715.0 0.0
0


HOST: 291
0.5320704020843262 0.5744096862731004 0.5163113633043854
15005.981549984252 4394.2340999892185 10611.747449995033
28203.0 7650.0 20553.0
0


HOST: 292
0.5301720237644337 0.5355069783375378 0.5062500000003638
14188.463699983777 11717.963699982001 2470.5000000017753
26762.0 21882.0 4880.0
0


HOST: 293
0.5409558200381468 0.5559397620999658 0.5125578787882413
17055.79604998273 11474.040749981194 5581.755300003948
31529.0 20639.0 10890.0
0


HOST: 294
0.506249999998789 0.5062499999985448 0.5062499999987955
9272.981249977816 244.0124999992986 9028.968749978518
18317.0 482.0 17835.0
0


HOST: 295
0.6558699379957144 0.6558699379957144 0.0
20309.66849997529 20309.66849997529 0.0
30966.0 30966.0 0.0
0


HOST: 296
0.569146328378175 0.5977865751254012 0.5625333925683834
17345.87264998164 3417.5458499919187 13928.326799993174
30477.0 5717.0 24760.0
0


HOST: 297
0.5673432407041382 0.5690230934512921 0.5062500000003638
16006.454849985852 15624.236099985577 382.21875000027467
28213.0 27458.0 755.0
0


HOST: 298
0.5479700502894267 0.5596650631383767 0.5108761294556
19177.307849979064 14891.567999985928 4285.739850003029
34997.0 26608.0 8389.0
0


HOST: 299
0.5344577738508851 0.5372964179586378 0.526455677059463
13158.884849982642 9764.825099980284 3394.0597500023578
24621.0 18174.0 6447.0
0


HOST: 300
0.6056440711456186 0.6133325219237361 0.5796065259274722
16548.61859998288 12938.249549981212 3610.369050002224
27324.0 21095.0 6229.0
0


HOST: 301
0.5897947039369348 0.5897947039369348 0.0
13915.026449984103 13915.026449984103 0.0
23593.0 23593.0 0.0
0


HOST: 302
0.5657944449086516 0.5723619193009898 0.5441195339215215
13520.789849982048 10497.117599980153 3023.672250001895
23897.0 18340.0 5557.0
0


HOST: 303
0.6283049353187995 0.6298358299588179 0.5062500000003638
16028.058899982574 15868.08389998246 159.97500000011496
25510.0 25194.0 316.0
0


HOST: 304
0.5524400756059843 0.5536285150338144 0.5062500000003638
20239.747049976446 19774.503299977783 465.24375000033433
36637.0 35718.0 919.0
0


HOST: 305
0.583360348966846 0.583360348966846 0.0
14577.008399983546 14577.008399983546 0.0
24988.0 24988.0 0.0
0


HOST: 306
0.5609992142608252 0.5453271620026735 0.5713231553496687
13279.973399982255 5126.620649987133 8153.3527499951215
23672.0 9401.0 14271.0
0


HOST: 307
0.5658827863989879 0.5793275794961609 0.5181037696073818
15278.269349986276 12206.43209998411 3071.837250002167
26999.0 21070.0 5929.0
0


HOST: 308
0.5437643464609337 0.546376619016072 0.5062500000003638
16112.281349983929 15135.725099983227 976.5562500007018
29631.0 27702.0 1929.0
0


HOST: 309
0.5062499999993807 0.5062499999985448 0.5062499999994394
14854.893749981828 976.0499999971944 13878.843749984633
29343.0 1928.0 27415.0
0


HOST: 310
0.5423833545912754 0.5263663934411887 0.5476199294778623
15308.227799984157 3660.351899990026 11647.875899994131
28224.0 6954.0 21270.0
0


HOST: 311
0.5845571065330585 0.5787457467570175 0.5976385947476666
18162.18929998213 12450.557249983718 5711.632050003449
31070.0 21513.0 9557.0
0


HOST: 312
0.5756288464024354 0.5756288464024354 0.0
13322.929649984368 13322.929649984368 0.0
23145.0 23145.0 0.0
0


HOST: 313
0.5432515697190838 0.5719149125955014 0.5371456581824249
17165.663099983612 3173.5558499924373 13992.107249993986
31598.0 5549.0 26049.0
0


HOST: 314
0.522899348953505 0.5062499999985448 0.5289794840949025
16023.204749982253 4149.731249988072 11873.473499994181
30643.0 8197.0 22446.0
0


HOST: 315
0.5774450588230364 0.5887096501795855 0.5759348548552868
16197.333899986172 1952.1611999955057 14245.172699990666
28050.0 3316.0 24734.0
0


HOST: 316
0.5717206865204071 0.5717206865204071 0.0
14781.838349985126 14781.838349985126 0.0
25855.0 25855.0 0.0
0


HOST: 317
0.5741287925730879 0.5502844549977608 0.5859704093873146
21492.511349973545 6835.633499982185 14656.8778500049
37435.0 12422.0 25013.0
0


HOST: 318
0.5522981401686885 0.5541999828411958 0.5338007060332883
23073.911699967466 20994.75794997302 2079.153749999658
41778.0 37883.0 3895.0
0


HOST: 319
0.5538129558165276 0.5538129558165276 0.0
17222.475299982376 17222.475299982376 0.0
31098.0 31098.0 0.0
0


HOST: 320
0.5308006171336 0.5219164090109791 0.5359913952148246
17503.15034998046 6347.025449982517 11156.12490000136
32975.0 12161.0 20814.0
0


HOST: 321
0.5336806439290183 0.5343380044836046 0.5201935925520682
20968.31249997113 20018.43899997376 949.8735000000765
39290.0 37464.0 1826.0
0


HOST: 322
0.5415174872330618 0.5427448174847438 0.5365543372617374
22481.639999967796 18065.261249979696 4416.3787500013605
41516.0 33285.0 8231.0
0


HOST: 323
0.5416298740037322 0.5341066921903664 0.5571623998255085
22783.660649966994 15136.049549982796 7647.6111000049295
42065.0 28339.0 13726.0
0


HOST: 324
0.5294119972253412 0.5352090641265876 0.5132380531399985
20993.832749970905 15623.822999983346 5370.009750003805
39655.0 29192.0 10463.0
0


HOST: 325
0.5382468936670568 0.5384181701749923 0.5381628077960532
22976.145149965654 7568.005799979692 15408.1393500088
42687.0 14056.0 28631.0
0


HOST: 326
0.5208172936383105 0.5120698505295539 0.5228896285020623
20739.46544997116 3905.5567499889075 16833.908699995394
39821.0 7627.0 32194.0
0


HOST: 327
0.5373347342313581 0.5373347342313581 0.0
16902.4013999816 16902.4013999816 0.0
31456.0 31456.0 0.0
0


HOST: 328
0.5323139773965361 0.5323139773965361 0.0
10174.117049979994 10174.117049979994 0.0
19113.0 19113.0 0.0
0


HOST: 329
0.5245241618805023 0.5254384641066544 0.5200059794562565
8495.717849978497 7078.181549980742 1417.5362999977551
16197.0 13471.0 2726.0
0


HOST: 330
0.5404343022423459 0.5411311006159175 0.5062500000003638
11443.696349981674 11229.55259998152 214.1437500001539
21175.0 20752.0 423.0
0


HOST: 331
0.5433173811534743 0.5433173811534743 0.0
10240.445999980682 10240.445999980682 0.0
18848.0 18848.0 0.0
0


HOST: 332
0.5453384005255508 0.5453384005255508 0.0
14094.816299983386 14094.816299983386 0.0
25846.0 25846.0 0.0
0


HOST: 333
0.5519400277638091 0.5519400277638091 0.0
9541.939199980732 9541.939199980732 0.0
17288.0 17288.0 0.0
0


HOST: 334
0.5488132259556473 0.5221047674197001 0.5693337190194839
14174.747999982457 5859.059699983874 8315.688299998583
25828.0 11222.0 14606.0
0


HOST: 335
0.5364959053762458 0.5364959053762458 0.0
11294.311799980727 11294.311799980727 0.0
21052.0 21052.0 0.0
0


HOST: 336
0.5062499999989875 0.5062499999985448 0.5062499999990725
10610.999999978778 1708.5937499950887 8902.40624998369
20960.0 3375.0 17585.0
0


HOST: 337
0.5420890128985545 0.5420890128985545 0.0
9665.447099981227 9665.447099981227 0.0
17830.0 17830.0 0.0
0


HOST: 338
0.5386251497333637 0.5564845607561655 0.5062499999994037
9532.587899981072 6347.262899984824 3185.324999996248
17698.0 11406.0 6292.0
0


HOST: 339
0.578668960243929 0.5943038401117325 0.5561673146475671
12488.833499984476 7567.865099982802 4920.968400001673
21582.0 12734.0 8848.0
0


HOST: 340
0.5654993438561896 0.5654993438561896 0.0
11893.582199983379 11893.582199983379 0.0
21032.0 21032.0 0.0
0


HOST: 341
0.5511382776244125 0.5511382776244125 0.0
11641.14269998284 11641.14269998284 0.0
21122.0 21122.0 0.0
0


HOST: 342
0.5574645100311422 0.5574645100311422 0.0
11502.722699982587 11502.722699982587 0.0
20634.0 20634.0 0.0
0


HOST: 343
0.5552192648571102 0.5552192648571102 0.0
11275.94804998305 11275.94804998305 0.0
20309.0 20309.0 0.0
0


HOST: 344
0.5062499999985448 0.5062499999985448 0.5062499999985448
7900.031249977292 244.0124999992986 7656.018749977993
15605.0 482.0 15123.0
0


HOST: 345
0.5582677286549925 0.5583867089734831 0.5062500000003638
12476.167199981772 12450.348449981753 25.818750000018554
22348.0 22297.0 51.0
0


HOST: 346
0.5436110354212716 0.5436110354212716 0.0
9576.251999981121 9576.251999981121 0.0
17616.0 17616.0 0.0
0


HOST: 347
0.5799980673127776 0.8442047271315847 0.5335759099187242
10098.34634998277 2196.6206999963833 7901.725649986387
17411.0 2602.0 14809.0
0


HOST: 348
0.5407501450337844 0.5416416681886195 0.506249999999909
21252.02144997276 20750.8339499742 501.18749999990996
39301.0 38311.0 990.0
0


HOST: 349
0.5216929686952049 0.5074267055141 0.5281114053839652
22648.256849964928 6835.54514998044 15812.711700006685
43413.0 13471.0 29942.0
0


HOST: 350
0.5398812029084864 0.5398812029084864 0.0
22714.42184996875 22714.42184996875 0.0
42073.0 42073.0 0.0
0


HOST: 351
0.5062499999992337 0.5062499999985448 0.5062500000001692
22059.84374996661 6347.362499981755 15712.48125000525
43575.0 12538.0 31037.0
0


HOST: 352
0.5320189735681228 0.5344037133120453 0.5241259425738185
17088.98144998167 13182.670799981533 3906.3106500026697
32121.0 24668.0 7453.0
0


HOST: 353
0.5307607461418118 0.5361154117641311 0.5103737458196692
21361.5277499695 17088.67874998168 4272.84900000227
40247.0 31875.0 8372.0
0


HOST: 354
0.5416337325463509 0.5416337325463509 0.0
17999.572199980335 17999.572199980335 0.0
33232.0 33232.0 0.0
0


HOST: 355
0.5290491775675099 0.5381901621912073 0.5146999443830101
21999.98099996733 13671.106499981048 8328.87450000587
41584.0 25402.0 16182.0
0


HOST: 356
0.539315086815726 0.5490801021342986 0.5071785766294131
19071.260099977706 14891.601449984313 4179.658650002993
35362.0 27121.0 8241.0
0


HOST: 357
0.527257021179072 0.5277842570749177 0.5254761562296136
20861.451299971166 16112.197799983089 4749.253500003248
39566.0 30528.0 9038.0
0


HOST: 358
0.5142488609250111 0.5161700693496565 0.5096541262139552
17245.849799981173 12206.389799980676 5039.46000000359
33536.0 23648.0 9888.0
0


HOST: 359
0.5320325484026136 0.5241080755245634 0.5411029267220538
18108.79184997976 9520.947299979218 8587.844550005717
34037.0 18166.0 15871.0
0


HOST: 360
0.5318695548674025 0.5366912577252009 0.5251405522754571
22009.294049967983 12938.016149981418 9071.277900006246
41381.0 24107.0 17274.0
0


HOST: 361
0.5113949312359871 0.5095622811728064 0.5127826399513342
17625.73769997953 7568.018999978522 10057.71870000547
34466.0 14852.0 19614.0
0


HOST: 362
0.531118947875864 0.531118947875864 0.0
9343.975649980075 9343.975649980075 0.0
17593.0 17593.0 0.0
0


HOST: 363
0.5062499999988562 0.5062499999985448 0.5062499999989348
9687.093749978114 1952.6062499943873 7734.487499983727
19135.0 3857.0 15278.0
0


HOST: 364
0.5403931194424825 0.5403931194424825 0.0
11183.975999981618 11183.975999981618 0.0
20696.0 20696.0 0.0
0


HOST: 365
0.5062499999986662 0.5062499999986662 0.0
8602.706249977335 8602.706249977335 0.0
16993.0 16993.0 0.0
0


HOST: 366
0.5062499999990163 0.5062499999990163 0.0
10837.79999997894 10837.79999997894 0.0
21408.0 21408.0 0.0
0


HOST: 367
0.5869878658305855 0.5869878658305855 0.0
9747.520499982702 9747.520499982702 0.0
16606.0 16606.0 0.0
0


HOST: 368
0.5284070021358562 0.5449794949293408 0.5072866998571989
10138.545149980673 5859.074549985344 4279.470599995329
19187.0 10751.0 8436.0
0


HOST: 369
0.5121697992240835 0.5121697992240835 0.0
9387.560249978225 9387.560249978225 0.0
18329.0 18329.0 0.0
0


HOST: 370
0.5528107106526504 0.853092536194301 0.5119336890025263
9241.336649980358 1708.744349997185 7532.592299983173
16717.0 2003.0 14714.0
0


HOST: 371
0.5067013625091006 0.5067013625091006 0.0
9204.230249977812 9204.230249977812 0.0
18165.0 18165.0 0.0
0


HOST: 372
0.5101247049132037 0.5184752124631358 0.5095307938337444
10847.801849979276 732.0869999979477 10115.714849981328
21265.0 1412.0 19853.0
0


HOST: 373
0.5062499999991494 0.5062499999985448 0.5062499999992667
12025.968749979795 1952.6062499943873 10073.362499985407
23755.0 3857.0 19898.0
0


HOST: 374
0.5402404750337129 0.5402404750337129 0.0
8904.783749980688 8904.783749980688 0.0
16483.0 16483.0 0.0
0


HOST: 375
0.5062499999985448 0.5062499999985448 0.0
7864.087499977395 7864.087499977395 0.0
15534.0 15534.0 0.0
0


HOST: 376
0.5102095125044832 0.5102095125044832 0.0
10424.090549979097 10424.090549979097 0.0
20431.0 20431.0 0.0
0


HOST: 377
0.5770567761300263 0.5770567761300263 0.0
7204.553849983378 7204.553849983378 0.0
12485.0 12485.0 0.0
0


HOST: 378
0.6156156941485554 0.6156156941485554 0.0
11879.536049984674 11879.536049984674 0.0
19297.0 19297.0 0.0
0


HOST: 379
0.573450383385809 0.573450383385809 0.0
12564.297899983076 12564.297899983076 0.0
21910.0 21910.0 0.0
0


HOST: 380
0.5899189333640439 0.6439072182156165 0.527647079403818
12526.928549985472 7323.800699984422 5203.12785000105
21235.0 11374.0 9861.0
0


HOST: 381
0.5546096679677794 0.5889599749452878 0.5062499999995744
10222.56539998211 6347.221649985368 3875.343749996742
18432.0 10777.0 7655.0
0


HOST: 382
0.5421719092127093 0.5422871714167721 0.5062500000003638
8814.630899980228 8788.305899980209 26.325000000018917
16258.0 16206.0 52.0
0


HOST: 383
0.5586698476469241 0.5586698476469241 0.0
7994.006849979836 7994.006849979836 0.0
14309.0 14309.0 0.0
0


HOST: 384
0.5568313732006811 0.5568313732006811 0.0
10875.473549982502 10875.473549982502 0.0
19531.0 19531.0 0.0
0


HOST: 385
0.5559458788331209 0.5559458788331209 0.0
11709.33209998319 11709.33209998319 0.0
21062.0 21062.0 0.0
0


HOST: 386
0.5251917386749472 0.5239563483008112 0.528755107371225
21090.124649969854 15623.85434998189 5466.270300003724
40157.0 29819.0 10338.0
0


HOST: 387
0.5300644251159605 0.5284223155320896 0.5793912345682316
19989.789599973104 19285.829249974675 703.9603500004014
37712.0 36497.0 1215.0
0


HOST: 388
0.5257202775539032 0.5302303558304231 0.5063250824179462
20285.968349972463 16599.921749983056 3686.046600002648
38587.0 31307.0 7280.0
0


HOST: 389
0.5365629039063005 0.5394431699472448 0.5298140385976727
22865.628149966993 16112.088599984309 6753.539550004534
42615.0 29868.0 12747.0
0


HOST: 390
0.5250416929067455 0.5155631169324627 0.5294922270375235
21009.018299970514 6591.474449981535 14417.54385000473
40014.0 12785.0 27229.0
0


HOST: 391
0.548078032035879 0.540335046479316 0.5515194605124337
20118.848399973045 6103.084349983874 14015.764050002479
36708.0 11295.0 25413.0
0


HOST: 392
0.506249999999327 0.5062499999985448 0.506249999999394
19430.887499974167 488.0249999985972 18942.862499977324
38382.0 964.0 37418.0
0


HOST: 393
0.5695207870157298 0.5730419048368075 0.5446265866789678
20493.635999974023 18065.146049980358 2428.4899500015176
35984.0 31525.0 4459.0
0


HOST: 394
0.552475574647732 0.5688170958053421 0.5249017758383011
22280.787449968382 14403.586499982874 7877.200950005385
40329.0 25322.0 15007.0
0


HOST: 395
0.5363789449246816 0.5363789449246816 0.0
17910.229349980043 17910.229349980043 0.0
33391.0 33391.0 0.0
0


HOST: 396
0.5698377934520865 0.5386431398755627 0.5912764130138768
20923.304099973713 8055.946799978916 12867.357300007987
36718.0 14956.0 21762.0
0


HOST: 397
0.5321552588561228 0.5358491777570504 0.5239389801615539
22140.851699967847 15379.94309998286 6760.908600004692
41606.0 28702.0 12904.0
0


HOST: 398
0.5390799046945726 0.5390799046945726 0.0
16912.553849982825 16912.553849982825 0.0
31373.0 31373.0 0.0
0


HOST: 399
0.5394226251667293 0.5385288127939876 0.5418261819165947
22140.601649968405 16112.243549983315 6028.358100004032
41045.0 29919.0 11126.0
0


HOST: 400
0.5062499999994718 0.5062499999985448 0.506249999999581
16394.906249982894 1708.5937499950887 14686.312499987846
32385.0 3375.0 29010.0
0


HOST: 401
0.534320131451843 0.5334448748504665 0.5611317444222375
16665.444899982984 16112.16899998349 553.2759000003261
31190.0 30204.0 986.0
0


HOST: 402
0.5228095129655618 0.5211400466963712 0.5237232118737122
22156.144349967544 7811.889299978604 14344.255050009104
42379.0 14990.0 27389.0
0


HOST: 403
0.5488872525435838 0.5580163833116794 0.5425284754705223
18715.408649978577 7811.671349980199 10903.737300006558
34097.0 13999.0 20098.0
0


HOST: 404
0.5345182884849221 0.5349410525148285 0.5342835833910518
20499.845399973732 7323.877949980517 13175.967450006729
38352.0 13691.0 24661.0
0


HOST: 405
0.5335788186599238 0.5353536044099807 0.525910029360993
21273.787499971164 17333.143649981947 3940.6438500019203
39870.0 32377.0 7493.0
0


HOST: 406
0.5569345636789403 0.5563902215195687 0.5584371523182353
18974.20364997782 13914.763049982896 5059.440600003212
34069.0 25009.0 9060.0
0


HOST: 407
0.5575163499839626 0.5575163499839626 0.0
21830.11019997204 21830.11019997204 0.0
39156.0 39156.0 0.0
0


HOST: 408
0.5451068918809072 0.5451068918809072 0.0
21533.35754997148 21533.35754997148 0.0
39503.0 39503.0 0.0
0


HOST: 409
0.5310685420166352 0.5117762578601834 0.535820783978202
20507.211749972368 3905.8763999889197 16601.335349996632
38615.0 7632.0 30983.0
0


HOST: 410
0.5458903843205919 0.5496990519074194 0.5224579839593569
21419.646899971383 18553.44239997922 2866.204500001032
39238.0 33752.0 5486.0
0


HOST: 411
0.5402740838628884 0.5312105802698364 0.5549138756544887
18089.997149981093 10985.434799980216 7104.5623500044185
33483.0 20680.0 12803.0
0


HOST: 412
0.5430597876387496 0.5412851783245141 0.552312625123313
23935.903199965527 20018.349749975503 3917.5534499996593
44076.0 36983.0 7093.0
0


HOST: 413
0.537620450487039 0.5400526974937475 0.5362368718034963
20777.417549972597 7567.758449979883 13209.659100007328
38647.0 14013.0 24634.0
0


HOST: 414
0.532785841666159 0.5062499999985448 0.5349540671067158
20405.164949972226 1464.5812499957901 18940.58369998038
38299.0 2893.0 35406.0
0


HOST: 415
0.5354217960058547 0.5381895905497796 0.5345091941290525
20567.157449972896 5126.25584998665 15440.901600000068
38413.0 9525.0 28888.0
0


HOST: 416
0.5368165069771376 0.5623608122152783 0.5197569677422142
18040.792349980664 7567.6894499810005 10473.102900005617
33607.0 13457.0 20150.0
0


HOST: 417
0.506249999999292 0.5062499999985448 0.5062499999993497
13626.224999980945 976.0499999971944 12650.17499998375
26916.0 1928.0 24988.0
0


HOST: 418
0.551215605870506 0.6244152558125203 0.5387592959749556
16298.89424998499 2684.9855999938372 13613.908649991154
29569.0 4300.0 25269.0
0


HOST: 419
0.5672345808954882 0.5672345808954882 0.0
16193.980049985292 16193.980049985292 0.0
28549.0 28549.0 0.0
0


HOST: 420
0.547137016719821 0.5570878062917257 0.5109915409706033
18651.900899978697 14891.514149984121 3760.38675000267
34090.0 26731.0 7359.0
0


HOST: 421
0.5629204479288167 0.5629204479288167 0.0
17983.619549981908 17983.619549981908 0.0
31947.0 31947.0 0.0
0


HOST: 422
0.5852265780919432 0.7251009554125886 0.5621574444978455
9734.658899981383 1707.612749996646 8027.046149984737
16634.0 2355.0 14279.0
0


HOST: 423
0.5620496644153379 0.5620496644153379 0.0
14068.665149980323 14068.665149980323 0.0
25031.0 25031.0 0.0
0


HOST: 424
0.5687172998943711 0.5814370767313423 0.5102059225154476
20058.090449974574 16844.813549983715 3213.276900002289
35269.0 28971.0 6298.0
0


HOST: 425
0.5412345761676395 0.562440449260306 0.5278826783592607
13376.61254998321 5370.743849986662 8005.8686999965485
24715.0 9549.0 15166.0
0


HOST: 426
0.5200424636837795 0.5156321638098643 0.5270232540859906
10847.565749979956 6591.325949981496 4256.2397999984605
20859.0 12783.0 8076.0
0


HOST: 427
0.5311509924102493 0.5311509924102493 0.0
13647.924749981357 13647.924749981357 0.0
25695.0 25695.0 0.0
0


HOST: 428
0.5117415573018683 0.5117415573018683 0.0
9631.487849978465 9631.487849978465 0.0
18821.0 18821.0 0.0
0


HOST: 429
0.5398373770165799 0.5398373770165799 0.0
13881.918149981351 13881.918149981351 0.0
25715.0 25715.0 0.0
0


HOST: 430
0.5150483538586901 0.5150483538586901 0.0
8572.979849977897 8572.979849977897 0.0
16645.0 16645.0 0.0
0


HOST: 431
0.512532307601192 0.512532307601192 0.0
8777.628299978014 8777.628299978014 0.0
17126.0 17126.0 0.0
0


HOST: 432
0.5113980999546062 0.5113980999546062 0.0
10375.756049979005 10375.756049979005 0.0
20289.0 20289.0 0.0
0


HOST: 433
0.5075908006418428 0.5075908006418428 0.0
10105.62524997845 10105.62524997845 0.0
19909.0 19909.0 0.0
0


HOST: 434
0.5163848436977864 0.5163848436977864 0.0
9481.858499978753 9481.858499978753 0.0
18362.0 18362.0 0.0
0


HOST: 435
0.5802206485662551 0.5802206485662551 0.0
11540.588699982814 11540.588699982814 0.0
19890.0 19890.0 0.0
0


HOST: 436
0.5216996841011186 0.5216996841011186 0.0
12138.386549980725 12138.386549980725 0.0
23267.0 23267.0 0.0
0


HOST: 437
0.5370900389921577 0.536913601862235 0.5376292803483149
16528.945949983652 12449.952599981507 4078.9933500026655
30775.0 23188.0 7587.0
0


HOST: 438
0.5409320634910395 0.5472271800030762 0.5256615280042554
10223.615999980646 7323.541349981169 2900.0746499994766
18900.0 13383.0 5517.0
0


HOST: 439
0.5846206210143432 0.6679776375784993 0.543520069709417
11645.058149984701 4393.956899991368 7251.101249993333
19919.0 6578.0 13341.0
0


HOST: 440
0.5651565070057846 0.5651565070057846 0.0
8589.81374998092 8589.81374998092 0.0
15199.0 15199.0 0.0
0


HOST: 441
0.5586017147831128 0.6189965610128693 0.5320151737122489
11531.773799982582 3905.8682999912053 7625.905499991377
20644.0 6310.0 14334.0
0


HOST: 442
0.651941798836459 0.651941798836459 0.0
11550.452849985544 11550.452849985544 0.0
17717.0 17717.0 0.0
0


HOST: 443
0.5854332317915586 0.5854332317915586 0.0
10473.985949982774 10473.985949982774 0.0
17891.0 17891.0 0.0
0


HOST: 444
0.5062499999985448 0.5062499999985448 0.5062499999985448
6243.074999982055 1220.5687499964915 5022.506249985563
12332.0 2411.0 9921.0
0


HOST: 445
0.5458113644025437 0.5458113644025437 0.0
4848.442349987796 4848.442349987796 0.0
8883.0 8883.0 0.0
0


HOST: 446
0.5706423679952689 0.5706423679952689 0.0
9899.503799981925 9899.503799981925 0.0
17348.0 17348.0 0.0
0


HOST: 447
0.550062492786234 0.550062492786234 0.0
11439.09959998252 11439.09959998252 0.0
20796.0 20796.0 0.0
0


HOST: 448
0.5719307907537127 0.6150671338568342 0.5349601093250689
7869.195749980332 3905.676299990897 3963.519449989435
13759.0 6350.0 7409.0
0


HOST: 449
0.5062499999990391 0.5062499999985448 0.5062499999991983
11024.606249979075 2685.1499999922817 8339.456249986793
21777.0 5304.0 16473.0
0


HOST: 450
0.5190253022780463 0.5190253022780463 0.0
7855.447949978232 7855.447949978232 0.0
15135.0 15135.0 0.0
0


HOST: 451
0.5369362191308322 0.5362407367879374 0.5378408571432148
15133.010399983375 8544.459899978994 6588.550500004381
28184.0 15934.0 12250.0
0


HOST: 452
0.5277999515617453 0.5236552042515216 0.5327982622872227
10351.74044998051 5614.631099984814 4737.109349995697
19613.0 10722.0 8891.0
0


HOST: 453
0.5200665361346085 0.5200665361346085 0.0
10491.822299979593 10491.822299979593 0.0
20174.0 20174.0 0.0
0


HOST: 454
0.5109657401410382 0.5170723365602897 0.5096435779805397
9485.567999978233 1708.406999995197 7777.160999983036
18564.0 3304.0 15260.0
0


HOST: 455
0.5316038252434733 0.5316038252434733 0.0
14863.111349982268 14863.111349982268 0.0
27959.0 27959.0 0.0
0


HOST: 456
0.5062499999986487 0.5062499999985448 0.5062499999986585
8515.124999977272 732.0374999978958 7783.087499979376
16820.0 1446.0 15374.0
0


HOST: 457
0.5168600842276202 0.5183702786979747 0.5062500000000009
8897.74634997848 7811.840099978479 1085.9062500000018
17215.0 15070.0 2145.0
0


HOST: 458
0.7780439332868889 1.0025698369443403 0.5062499999999936
69882.34999996179 49312.39999994432 20569.949999999742
89818.0 49186.0 40632.0
2


HOST: 459
0.5237778549632242 0.5237778549632242 0.0
9274.010699978848 9274.010699978848 0.0
17706.0 17706.0 0.0
0


HOST: 460
0.53188342675077 0.53188342675077 0.0
12525.854699980635 12525.854699980635 0.0
23550.0 23550.0 0.0
0


HOST: 461
0.5082655217215739 0.5082655217215739 0.0
8212.554299977191 8212.554299977191 0.0
16158.0 16158.0 0.0
0


HOST: 462
0.5138864249787033 0.5138864249787033 0.0
7767.907199978079 7767.907199978079 0.0
15116.0 15116.0 0.0
0


HOST: 463
0.581929808646978 0.581929808646978 0.0
9366.742199981758 9366.742199981758 0.0
16096.0 16096.0 0.0
0


HOST: 464
0.5177516959787972 0.5177516959787972 0.0
9891.128399978943 9891.128399978943 0.0
19104.0 19104.0 0.0
0


HOST: 465
0.5381671593854153 0.5425988288581993 0.5309094708102189
10139.607449980609 6347.321099983215 3792.2863499973937
18841.0 11698.0 7143.0
0


HOST: 466
0.5142570266888528 0.5171335596633851 0.5101453744484109
9075.093749978185 5369.397749984928 3705.695999993257
17647.0 10383.0 7264.0
0


HOST: 467
0.5359144769772599 0.5401345816999661 0.5163137122675382
14129.921099982435 11718.219749980764 2411.701350001671
26366.0 21695.0 4671.0
0


HOST: 468
0.5295919306265263 0.5295919306265263 0.0
8443.284149978708 8443.284149978708 0.0
15943.0 15943.0 0.0
0


HOST: 469
0.5350216581812053 0.5427469319683265 0.5275787876626122
14713.095599983144 7323.827099980597 7389.268500002547
27500.0 13494.0 14006.0
0


HOST: 470
0.5316804395876502 0.5316804395876502 0.0
12506.187299980707 12506.187299980707 0.0
23522.0 23522.0 0.0
0


HOST: 471
0.5062499999987978 0.5062499999985448 0.5062499999989442
9325.631249977854 3417.693749990176 5907.937499987678
18421.0 6751.0 11670.0
0


HOST: 472
0.5323075100072628 0.5323075100072628 0.0
13297.041599981425 13297.041599981425 0.0
24980.0 24980.0 0.0
0


HOST: 473
0.5074340984503665 0.5080701040568224 0.5072531732867278
11009.29019997915 2441.2768499930316 8568.013349986119
21696.0 4805.0 16891.0
0


HOST: 474
0.523078126080988 0.523078126080988 0.0
4530.379649987437 4530.379649987437 0.0
8661.0 8661.0 0.0
0


HOST: 475
0.5062499999988481 0.5062499999985448 0.5062499999989807
9635.456249978077 2929.1624999915803 6706.293749986497
19033.0 5786.0 13247.0
0


HOST: 476
0.5208388647785709 0.5283314166242328 0.5133077870062824
10561.57049997986 5370.488849985326 5191.081649994534
20278.0 10165.0 10113.0
0


HOST: 477
0.5309251093967486 0.5275890317686022 0.5340303258894933
10191.638399979987 4882.308899986645 5309.329499993342
19196.0 9254.0 9942.0
0


HOST: 478
0.50624999999871 0.5062499999985448 0.5062499999987429
8830.518749977498 1464.5812499957901 7365.937499981708
17443.0 2893.0 14550.0
0


HOST: 479
0.5159234680873849 0.5207349317391948 0.5080134731372918
9724.641449979117 6103.013399983363 3621.628049995754
18849.0 11720.0 7129.0
0


HOST: 480
0.5248327791153611 0.5326533663197598 0.5076534577195977
9801.252149979367 6835.540649981478 2965.7114999978894
18675.0 12833.0 5842.0
0


HOST: 481
0.5258087269944102 0.5384261786586049 0.5224024376616202
8971.348499978627 1952.8717499947597 7018.476749983867
17062.0 3627.0 13435.0
0


HOST: 482
0.5253248002963377 0.5253248002963377 0.0
11311.293599980741 11311.293599980741 0.0
21532.0 21532.0 0.0
0


HOST: 483
0.506249999999452 0.5062499999985448 0.5062499999997445
16016.231249982662 3905.718749988773 12110.512499993889
31637.0 7715.0 23922.0
0


HOST: 484
0.5448437311170843 0.5448437311170843 0.0
21641.19299997059 21641.19299997059 0.0
39720.0 39720.0 0.0
0


HOST: 485
0.5619797638681203 0.5683905288869775 0.5062500000000307
21800.31899997212 19774.306499977945 2026.012500000123
38792.0 34790.0 4002.0
0


HOST: 486
0.568324452999093 0.5714748570954049 0.5240307118254011
22364.135549967308 20994.843299970984 1369.292249999773
39351.0 36738.0 2613.0
0


HOST: 487
0.5363103580555877 0.5321314653347846 0.5513203876755677
19501.853549975334 15135.947399982615 4365.90615000282
36363.0 28444.0 7919.0
0


HOST: 488
0.5419445746397357 0.5439423475903769 0.5371870041757301
21067.011449970443 14891.509649981748 6175.501800004193
38873.0 27377.0 11496.0
0


HOST: 489
0.5268541168411525 0.5315206489669512 0.5138809479648228
20399.264549972584 15135.5819999829 5263.682550003679
38719.0 28476.0 10243.0
0


HOST: 490
0.5428002248043177 0.5428002248043177 0.0
9899.590499981145 9899.590499981145 0.0
18238.0 18238.0 0.0
0


HOST: 491
0.7397740909898595 0.7397740909898595 0.0
12390.476249989157 12390.476249989157 0.0
16749.0 16749.0 0.0
0


HOST: 492
0.5552205747775437 0.5552205747775437 0.0
11649.638099982423 11649.638099982423 0.0
20982.0 20982.0 0.0
0


HOST: 493
0.5624478319126467 0.5624478319126467 0.0
9442.936649981426 9442.936649981426 0.0
16789.0 16789.0 0.0
0


HOST: 494
0.5552970939841896 0.557430407662145 0.5062500000003638
10404.60164998176 10009.220399981476 395.3812500002841
18737.0 17956.0 781.0
0


HOST: 495
0.553802986841926 0.553802986841926 0.0
10985.789849983286 10985.789849983286 0.0
19837.0 19837.0 0.0
0


HOST: 496
0.5161516443452931 0.5161516443452931 0.0
9134.335649978653 9134.335649978653 0.0
17697.0 17697.0 0.0
0


HOST: 497
0.5062499999989889 0.5062499999985448 0.5062499999990218
10622.137499978786 732.0374999978958 9890.09999998089
20982.0 1446.0 19536.0
0


HOST: 498
0.5628780605970803 0.5847033845948695 0.5062500000003638
12372.622649984423 9276.903899982199 3095.7187500022246
21981.0 15866.0 6115.0
0


HOST: 499
0.5402445677888721 0.5402445677888721 0.0
9587.180099981324 9587.180099981324 0.0
17746.0 17746.0 0.0
0


HOST: 500
0.5951123825295356 0.5951123825295356 0.0
10955.42384998622 10955.42384998622 0.0
18409.0 18409.0 0.0
0


HOST: 501
0.5527269827809438 0.5527269827809438 0.0
12391.033499983198 12391.033499983198 0.0
22418.0 22418.0 0.0
0


HOST: 502
0.5152550210681668 0.5152550210681668 0.0
8681.531849977542 8681.531849977542 0.0
16849.0 16849.0 0.0
0


HOST: 503
0.5781357247090021 0.6092342346076244 0.5538430138085023
6338.10194998479 2929.198199993458 3408.903749991332
10963.0 4808.0 6155.0
0


HOST: 504
0.5508284981642432 0.5629912136773145 0.5204527316113581
11707.308899982825 8544.517649980602 3162.791250002223
21254.0 15177.0 6077.0
0


HOST: 505
0.5419817356563406 0.5419817356563406 0.0
11194.632749981714 11194.632749981714 0.0
20655.0 20655.0 0.0
0


HOST: 506
0.5062499999985448 0.5062499999985448 0.0
7807.893749977557 7807.893749977557 0.0
15423.0 15423.0 0.0
0


HOST: 507
0.5376467365506753 0.5376467365506753 0.0
11104.018049981096 11104.018049981096 0.0
20653.0 20653.0 0.0
0


HOST: 508
0.5109920474249833 0.5109920474249833 0.0
8835.05249997796 8835.05249997796 0.0
17290.0 17290.0 0.0
0


HOST: 509
0.513269914607029 0.513269914607029 0.0
10098.072299978689 10098.072299978689 0.0
19674.0 19674.0 0.0
0


HOST: 510
0.5726136589054603 0.5726136589054603 0.0
12469.80764998421 12469.80764998421 0.0
21777.0 21777.0 0.0
0


HOST: 511
0.5062499999991195 0.5062499999985448 0.5062499999991317
11736.393749979587 244.0124999992986 11492.381249980288
23183.0 482.0 22701.0
0


HOST: 512
0.518795866636317 0.52598837682406 0.5166634856969884
9476.325299978967 2197.0534499940986 7279.271849984869
18266.0 4177.0 14089.0
0


HOST: 513
0.5962631438021505 0.5962631438021505 0.0
12248.437499983775 12248.437499983775 0.0
20542.0 20542.0 0.0
0


HOST: 514
0.5772661550878662 0.6074940734197187 0.5421809581121735
10362.504749982285 5858.065349986347 4504.4393999959375
17951.0 9643.0 8308.0
0


HOST: 515
0.560702050488769 0.560702050488769 0.0
10705.484249982066 10705.484249982066 0.0
19093.0 19093.0 0.0
0


HOST: 516
0.547565984440316 0.6169938330156383 0.5400560344815322
8868.926249979799 975.4672499977241 7893.458999982075
16197.0 1581.0 14616.0
0


HOST: 517
0.5549058139524314 0.573645347196333 0.5379745859865241
9950.016149981047 4882.29554998799 5067.7205999930575
17931.0 8511.0 9420.0
0


HOST: 518
0.5437008150638358 0.5620264755113865 0.5062500000003638
11606.924999982766 8056.0874999802145 3550.8375000025517
21348.0 14334.0 7014.0
0


HOST: 519
0.5898307783770064 0.5898307783770064 0.0
5455.934699987309 5455.934699987309 0.0
9250.0 9250.0 0.0
0


HOST: 520
0.6561507923138402 0.6164727272712877 0.6604640990440617
13250.309099985689 1220.6159999971496 12029.693099988539
20194.0 1980.0 18214.0
0


HOST: 521
0.5796669312159726 0.5796669312159726 0.0
10517.476799982605 10517.476799982605 0.0
18144.0 18144.0 0.0
0


HOST: 522
0.6848294778032255 0.6848294778032255 0.0
11986.570349989855 11986.570349989855 0.0
17503.0 17503.0 0.0
0


HOST: 523
0.5534870839926797 0.5534870839926797 0.0
10477.510499981427 10477.510499981427 0.0
18930.0 18930.0 0.0
0


HOST: 524
0.594418580759887 0.594418580759887 0.0
11283.253499984174 11283.253499984174 0.0
18982.0 18982.0 0.0
0


HOST: 525
0.5347975756170491 0.5347975756170491 0.0
8150.849849979446 8150.849849979446 0.0
15241.0 15241.0 0.0
0


HOST: 526
0.5571770188666771 0.5576294162423931 0.5062500000003638
8859.114599980167 8788.239599980116 70.87500000005093
15900.0 15760.0 140.0
0


HOST: 527
0.5519420291070615 0.5097608200441034 0.5697773777982617
9784.276349980879 2685.4199999923367 7098.856349988542
17727.0 5268.0 12459.0
0


HOST: 528
0.5144754116752095 0.5144754116752095 0.0
5498.713199984639 5498.713199984639 0.0
10688.0 10688.0 0.0
0


HOST: 529
0.5133587186474574 0.5133587186474574 0.0
9026.386349978244 9026.386349978244 0.0
17583.0 17583.0 0.0
0


HOST: 530
0.5062499999986813 0.5062499999985448 0.5062499999986938
8679.65624997739 732.0374999978958 7947.618749979494
17145.0 1446.0 15699.0
0


HOST: 531
0.5402280447520864 0.5402280447520864 0.0
9488.025149980893 9488.025149980893 0.0
17563.0 17563.0 0.0
0


HOST: 532
0.5733254545935887 0.6819008379873965 0.5290308554273844
10625.44064998298 3661.807499992319 6963.633149990661
18533.0 5370.0 13163.0
0


HOST: 533
0.5062499999985659 0.5062499999985448 0.5062499999985763
8122.78124997699 2685.1499999922817 5437.631249984708
16045.0 5304.0 10741.0
0


HOST: 534
0.5573132415391647 0.5600467570376481 0.5380166543986017
12203.48804998309 10741.69679998209 1461.7912500010007
21897.0 19180.0 2717.0
0


HOST: 535
0.5339685150069114 0.5339685150069114 0.0
10140.062099981249 10140.062099981249 0.0
18990.0 18990.0 0.0
0


HOST: 536
0.5468486418064238 0.552783880553388 0.506249999999987
8857.854299980452 7811.941799980479 1045.912499999973
16198.0 14132.0 2066.0
0


HOST: 537
0.5732742607841452 0.5732742607841452 0.0
9461.318399981534 9461.318399981534 0.0
16504.0 16504.0 0.0
0


HOST: 538
0.546255835315714 0.546255835315714 0.0
11476.835099983151 11476.835099983151 0.0
21010.0 21010.0 0.0
0


HOST: 539
0.5611270248349686 0.5950745468984098 0.5076196959561567
8653.13984998005 5614.528349986496 3038.6114999935544
15421.0 9435.0 5986.0
0


HOST: 540
0.5990961966121764 0.5990961966121764 0.0
7111.870949983146 7111.870949983146 0.0
11871.0 11871.0 0.0
0


HOST: 541
0.7025938351333078 0.7025938351333078 0.0
11966.578199990498 11966.578199990498 0.0
17032.0 17032.0 0.0
0


HOST: 542
0.5560438392246565 0.5560438392246565 0.0
12346.953449983497 12346.953449983497 0.0
22205.0 22205.0 0.0
0


HOST: 543
0.5062499999990485 0.5062499999985448 0.5062499999992092
11103.074999979131 2685.1499999922817 8417.92499998685
21932.0 5304.0 16628.0
0


HOST: 544
0.5214154770202262 0.5214154770202262 0.0
10460.637299979777 10460.637299979777 0.0
20062.0 20062.0 0.0
0


HOST: 545
0.5136165022033743 0.5212330895683216 0.5062499999991965
9785.421599978687 4882.390349986468 4903.031249992218
19052.0 9367.0 9685.0
0


HOST: 546
0.5164440262526191 0.5164440262526191 0.0
8143.805849977551 8143.805849977551 0.0
15769.0 15769.0 0.0
0


HOST: 547
0.5221866231389757 0.5221866231389757 0.0
10317.363299979881 10317.363299979881 0.0
19758.0 19758.0 0.0
0


HOST: 548
0.5589756508031734 0.5589756508031734 0.0
10113.546449981815 10113.546449981815 0.0
18093.0 18093.0 0.0
0


HOST: 549
0.5062499999990926 0.5062499999985448 0.5062499999991578
11488.331249979408 1220.5687499964915 10267.762499982917
22693.0 2411.0 20282.0
0


HOST: 550
0.5596676572407546 0.5596676572407546 0.0
9699.040499982277 9699.040499982277 0.0
17330.0 17330.0 0.0
0


HOST: 551
0.5633881471379745 0.5633881471379745 0.0
9924.645599982558 9924.645599982558 0.0
17616.0 17616.0 0.0
0


HOST: 552
0.5487863047220961 0.5487863047220961 0.0
11770.91744998424 11770.91744998424 0.0
21449.0 21449.0 0.0
0


HOST: 553
0.582859787233078 0.5967065589341566 0.5062500000003638
10135.931699983226 8788.294199982258 1347.6375000009684
17390.0 14728.0 2662.0
0


HOST: 554
0.7041871249057421 0.7722465203079625 0.5093760412897521
15018.902999989667 12206.128499987655 2812.7745000020113
21328.0 15806.0 5522.0
0


HOST: 555
0.5388993589392469 0.5543012057612153 0.5062499999997977
10129.691249981024 7079.534999982243 3050.1562499987813
18797.0 12772.0 6025.0
0


HOST: 556
0.5643140742935806 0.5643140742935806 0.0
12335.341349983379 12335.341349983379 0.0
21859.0 21859.0 0.0
0


HOST: 557
0.5062499999989111 0.5062499999985448 0.5062499999989399
10053.112499978377 732.0374999978958 9321.074999980481
19858.0 1446.0 18412.0
0


HOST: 558
0.6588337348695581 0.6588337348695581 0.0
11430.765299986833 11430.765299986833 0.0
17350.0 17350.0 0.0
0


HOST: 559
0.5822492757984177 0.5921639781672192 0.5062499999999114
8683.083449981803 7811.827199981955 871.2562499998476
14913.0 13192.0 1721.0
0


HOST: 560
0.5542737793019008 0.5542737793019008 0.0
8559.095699979953 8559.095699979953 0.0
15442.0 15442.0 0.0
0


HOST: 561
0.5761766291221992 0.6412254405151906 0.5136660075721611
10742.813249983405 5858.876849987297 4883.936399996108
18645.0 9137.0 9508.0
0


HOST: 562
0.558656437059445 0.558656437059445 0.0
6439.632749984223 6439.632749984223 0.0
11527.0 11527.0 0.0
0


HOST: 563
0.5788053160911594 0.5788053160911594 0.0
12085.454999983407 12085.454999983407 0.0
20880.0 20880.0 0.0
0


HOST: 564
0.5499866703617898 0.5499866703617898 0.0
10416.197549981938 10416.197549981938 0.0
18939.0 18939.0 0.0
0


HOST: 565
0.5338723791290187 0.5338723791290187 0.0
9904.934249980684 9904.934249980684 0.0
18553.0 18553.0 0.0
0


HOST: 566
0.5463543579111303 0.5463543579111303 0.0
9891.745649981014 9891.745649981014 0.0
18105.0 18105.0 0.0
0


HOST: 567
0.5062499999986734 0.5062499999985448 0.5062499999987393
8639.15624997736 2929.1624999915803 5709.993749985781
17065.0 5786.0 11279.0
0


HOST: 568
0.5273057125041843 0.5273057125041843 0.0
10153.798799980574 10153.798799980574 0.0
19256.0 19256.0 0.0
0


HOST: 569
0.5584959892502548 0.5584959892502548 0.0
11119.096649983323 11119.096649983323 0.0
19909.0 19909.0 0.0
0


HOST: 570
0.5560384513697265 0.5560384513697265 0.0
11988.745049982674 11988.745049982674 0.0
21561.0 21561.0 0.0
0


HOST: 571
0.5289218474360321 0.5289218474360321 0.0
6656.481449982464 6656.481449982464 0.0
12585.0 12585.0 0.0
0


HOST: 572
0.5586629292682411 0.5586629292682411 0.0
9549.225449982046 9549.225449982046 0.0
17093.0 17093.0 0.0
0


HOST: 573
0.5062499999988704 0.5062499999985448 0.5062499999989065
9779.23124997818 976.0499999971944 8803.181249980986
19317.0 1928.0 17389.0
0


HOST: 574
0.5262820285101224 0.5783459069353442 0.5069072871561158
9007.843199979256 2684.6816999938674 6323.161499985388
17116.0 4642.0 12474.0
0


HOST: 575
0.5599907754571242 0.5599907754571242 0.0
10514.386799982964 10514.386799982964 0.0
18776.0 18776.0 0.0
0


HOST: 576
0.5062499999990279 0.5062499999990279 0.0
10931.456249979008 10931.456249979008 0.0
21593.0 21593.0 0.0
0


HOST: 577
0.5062499999985448 0.5062499999985448 0.5062499999985448
7658.043749977987 2929.1624999915803 4728.881249986407
15127.0 5786.0 9341.0
0


HOST: 578
0.5389315906059706 0.542689347905442 0.5062500000003638
9730.948799981405 8788.311299980727 942.6375000006774
18056.0 16194.0 1862.0
0


HOST: 579
0.5510733260472102 0.5510733260472102 0.0
11094.208199982435 11094.208199982435 0.0
20132.0 20132.0 0.0
0


HOST: 580
0.6176448789519465 0.6176448789519465 0.0
12832.807649984594 12832.807649984594 0.0
20777.0 20777.0 0.0
0


HOST: 581
0.5608394621280806 0.5608394621280806 0.0
4598.322749988132 4598.322749988132 0.0
8199.0 8199.0 0.0
0


HOST: 582
0.6224344779248459 0.6224344779248459 0.0
10658.56799998506 10658.56799998506 0.0
17124.0 17124.0 0.0
0


HOST: 583
0.684477858747012 0.684477858747012 0.0
11881.851149989381 11881.851149989381 0.0
17359.0 17359.0 0.0
0


HOST: 584
0.528726701108601 0.528726701108601 0.0
11103.78944998173 11103.78944998173 0.0
21001.0 21001.0 0.0
0


HOST: 585
0.6575565710085964 0.6575565710085964 0.0
12098.383349987165 12098.383349987165 0.0
18399.0 18399.0 0.0
0


HOST: 586
0.6358773130349961 0.6358773130349961 0.0
12907.03769998435 12907.03769998435 0.0
20298.0 20298.0 0.0
0


HOST: 587
0.5146836953913895 0.5146836953913895 0.0
8624.039999978122 8624.039999978122 0.0
16756.0 16756.0 0.0
0


HOST: 588
0.5619793833988138 0.5747338931944554 0.5173949217185452
12586.652249983234 10008.990749981442 2577.661500001792
22397.0 17415.0 4982.0
0


HOST: 589
0.5791722502661969 0.6254421166718126 0.5342567533956989
11932.10669998419 6346.986599985554 5585.120099998636
20602.0 10148.0 10454.0
0


HOST: 590
0.5350179338837419 0.5350179338837419 0.0
16507.978349982855 16507.978349982855 0.0
30855.0 30855.0 0.0
0


HOST: 591
0.5366979683869646 0.54194247845247 0.5352249275627026
18743.103149977964 4150.195499989015 14592.907649997087
34923.0 7658.0 27265.0
0


HOST: 592
0.5532772980089351 0.5185355033973548 0.5823308739290493
22878.569549967477 9765.060599978986 13113.50895000826
41351.0 18832.0 22519.0
0


HOST: 593
0.5313806437251648 0.5341627215430762 0.5277687318905927
21495.409799970366 12206.152349980834 9289.257450006322
40452.0 22851.0 17601.0
0


HOST: 594
0.5388273630239466 0.5415377321491576 0.5359195815810498
20180.162399972847 10497.16739997927 9682.995000006407
37452.0 19384.0 18068.0
0


HOST: 595
0.5360887739192111 0.535813699547581 0.5363360619351332
18573.867749978905 8788.416299979423 9785.451450006505
34647.0 16402.0 18245.0
0


HOST: 596
0.550178062874902 0.551359051800814 0.5471937630223792
21420.632699971437 15380.160749983708 6040.471950004045
38934.0 27895.0 11039.0
0


HOST: 597
0.5418076968788961 0.5496979843088878 0.5377260229965776
21878.194799969824 7567.692149980459 14310.50265000792
40380.0 13767.0 26613.0
0


HOST: 598
0.5901666197173948 0.5901666197173948 0.0
10684.966649983433 10684.966649983433 0.0
18105.0 18105.0 0.0
0


HOST: 599
0.5202576349153313 0.5202576349153313 0.0
8367.823799978189 8367.823799978189 0.0
16084.0 16084.0 0.0
0


HOST: 600
0.5174823327133292 0.5191220790578568 0.5062499999985448
4740.655649986809 4149.8618999885075 590.7937499983018
9161.0 7994.0 1167.0
0


HOST: 601
0.5102120658397818 0.5104056006067732 0.5062500000003638
8446.560749977589 8056.241999977308 390.3187500002805
16555.0 15784.0 771.0
0


HOST: 602
0.5183642600980573 0.5183642600980573 0.0
9829.223099979361 9829.223099979361 0.0
18962.0 18962.0 0.0
0


HOST: 603
0.5355707649793048 0.5224143055838433 0.555739207217137
12405.961199980617 7323.726149979899 5082.235050000718
23164.0 14019.0 9145.0
0


HOST: 604
0.5340300688017685 0.5127178106740627 0.5836552958018967
14902.643099982153 10009.277099979052 4893.366000003101
27906.0 19522.0 8384.0
0


HOST: 605
0.5141015281160095 0.5141015281160095 0.0
8410.700999977915 8410.700999977915 0.0
16360.0 16360.0 0.0
0


HOST: 606
0.5589568784485651 0.5717537193989621 0.5062500000003638
12457.471949983172 10253.259449981588 2204.212500001584
22287.0 17933.0 4354.0
0


HOST: 607
0.6107744705873989 0.6107744705873989 0.0
10902.32429998507 10902.32429998507 0.0
17850.0 17850.0 0.0
0


HOST: 608
0.5475418431220281 0.5475418431220281 0.0
11894.798999982939 11894.798999982939 0.0
21724.0 21724.0 0.0
0


HOST: 609
0.7754465011281779 0.8127082525399826 0.5062500000003638
15115.003199990444 13915.190699989582 1199.8125000008622
19492.0 17122.0 2370.0
0


HOST: 610
0.5491367991330599 0.5491367991330599 0.0
8373.78704998003 8373.78704998003 0.0
15249.0 15249.0 0.0
0


HOST: 611
0.5275442053222175 0.5275442053222175 0.0
10405.80944998074 10405.80944998074 0.0
19725.0 19725.0 0.0
0


HOST: 612
0.5154215280698156 0.5231831514842218 0.5062499999992642
9768.268799979145 5370.475049985536 4397.793749993609
18952.0 10265.0 8687.0
0


HOST: 613
0.5276562435733168 0.5293477156967002 0.5062500000003638
11290.788299981832 10497.494549981262 793.2937500005701
21398.0 19831.0 1567.0
0


HOST: 614
0.5169544126587199 0.5169544126587199 0.0
10192.273199979321 10192.273199979321 0.0
19716.0 19716.0 0.0
0


HOST: 615
0.5344990031390199 0.5265142805782098 0.5603888611392221
13619.034599982226 10253.339099980058 3365.695500002168
25480.0 19474.0 6006.0
0


HOST: 616
0.5062499999990502 0.5062499999985448 0.5062499999991269
11117.249999979142 1464.5812499957901 9652.668749983352
21960.0 2893.0 19067.0
0


HOST: 617
0.5255937617704263 0.5278733185375709 0.5062500000003638
10325.289449980024 9276.84569997927 1048.4437500007534
19645.0 17574.0 2071.0
0


HOST: 618
0.5257789115380403 0.5126846603345651 0.5351263394601145
13824.830699981232 5614.922399984156 8209.908299997076
26294.0 10952.0 15342.0
0


HOST: 619
0.5241841094780201 0.5119466446350689 0.5486062714017588
12381.752849980312 8055.992399977444 4325.760450002868
23621.0 15736.0 7885.0
0


HOST: 620
0.6046403648670152 0.6046403648670152 0.0
11069.755799985314 11069.755799985314 0.0
18308.0 18308.0 0.0
0


HOST: 621
0.596123446048437 0.596123446048437 0.0
12093.556349984643 12093.556349984643 0.0
20287.0 20287.0 0.0
0


HOST: 622
0.6686832387597297 0.6686832387597297 0.0
12255.626399988325 12255.626399988325 0.0
18328.0 18328.0 0.0
0


HOST: 623
0.5886904585612135 0.5886904585612135 0.0
9859.387799983204 9859.387799983204 0.0
16748.0 16748.0 0.0
0


HOST: 624
0.5067072273019032 0.5067072273019032 0.0
9086.273999977728 9086.273999977728 0.0
17932.0 17932.0 0.0
0


