records: 20
      Record Time
Host  UsedBuffer

  49376.0 98752.0 148128.0 197504.0 246880.0 296256.0 345632.0 395008.0 444384.0 493760.0 543136.0 592512.0 641888.0 691264.0 740640.0 790016.0 839392.0 888768.0 938144.0 987520.0
0 0.0 2.0E9 2.0E9 -1.794967296E9 -7.94967296E8 -7.94967296E8 2.05032704E8 7.05032704E8 1.205032704E9 1.205032704E9 1.205032704E9 1.205032704E9 1.705032704E9 -1.589934592E9 -5.89934592E8 -5.89934592E8 -5.89934592E8 -5.89934592E8 -8.9934592E7 4.10065408E8
1 -1.794967296E9 -1.794967296E9 9.10065408E8 9.10065408E8 1.910065408E9 -1.834574848E9 6.65425152E8 1.870457856E9 -1.489280512E9 -1.489280512E9 3.5883008E7 5.35883008E8 2.061046528E9 -1.733920768E9 -1.733920768E9 -1.733920768E9 -7.33920768E8 -7.33920768E8 1.266079232E9 1.766079232E9
2 -2.94967296E8 2.05032704E8 -5.89934592E8 -1.384901888E9 1.615098112E9 3.45294336E8 4.60392448E8 1.165425152E9 -1.989280512E9 -9.89280512E8 6.1046528E7 1.561046528E9 3.81177344E8 3.81177344E8 8.81177344E8 8.81177344E8 -1.913789952E9 -1.83593728E8 -1.83593728E8 -1.453397504E9
3 1.5E9 1.5E9 -1.884901888E9 -1.384901888E9 -3.84901888E8 -2.44640256E8 1.165425152E9 8.70457856E8 1.805686784E9 -1.489280512E9 1.6258176E9 -1.669149696E9 3.81177344E8 8.81177344E8 1.381177344E9 1.881177344E9 -1.913789952E9 -1.913789952E9 -1.913789952E9 -1.913789952E9
4 -1.794967296E9 -1.794967296E9 1.705032704E9 -2.089934592E9 1.410065408E9 -1.744640256E9 -1.744640256E9 -1.244640256E9 1.805686784E9 -1.989280512E9 1.15098112E9 1.65098112E9 -5.28888064E8 -2.8888064E7 9.71111936E8 1.471111936E9 1.471111936E9 1.611373568E9 -1.683593728E9 -6.83593728E8
5 5.0E8 1.5E9 2.0E9 -1.794967296E9 -1.294967296E9 -7.94967296E8 -7.94967296E8 -7.94967296E8 -2.94967296E8 -2.94967296E8 -2.94967296E8 -2.94967296E8 7.05032704E8 1.705032704E9 -2.089934592E9 -2.089934592E9 -1.589934592E9 -8.9934592E7 -8.9934592E7 4.10065408E8
6 -7.94967296E8 2.05032704E8 -5.89934592E8 4.10065408E8 -8.84901888E8 -1.154705664E9 -3.9607552E7 -1.129542144E9 1.010719488E9 -1.784247808E9 1.945948416E9 -1.34901888E9 1.881177344E9 1.881177344E9 1.881177344E9 -1.413789952E9 1.586210048E9 2.1438976E7 2.1438976E7 2.1438976E7
7 5.0E8 1.5E9 -1.294967296E9 -1.294967296E9 -1.589934592E9 -3.84901888E8 6.15098112E8 3.70457856E8 3.70457856E8 1.870457856E9 -1.719476736E9 -1.719476736E9 -7.19476736E8 -2.19476736E8 -2.19476736E8 2.80523264E8 7.80523264E8 -3.9934592E8 6.0065408E8 6.0065408E8
8 -1.794967296E9 -1.294967296E9 -7.94967296E8 -7.94967296E8 -7.94967296E8 -2.44640256E8 2.55359744E8 1.370457856E9 1.010719488E9 1.510719488E9 9.45948416E8 1.445948416E9 -1.733920768E9 -1.733920768E9 -1.733920768E9 -1.233920768E9 2.66079232E8 7.66079232E8 7.66079232E8 1.266079232E9
9 1.5E9 2.0E9 -1.589934592E9 -1.089934592E9 1.910065408E9 1.640261632E9 1.05032704E9 1.05032704E9 2.55359744E8 2.55359744E8 1.395621376E9 1.895621376E9 4.20784896E8 4.20784896E8 4.20784896E8 4.20784896E8 4.20784896E8 9.20784896E8 9.20784896E8 1.420784896E9
10 2.0E9 -1.294967296E9 -1.089934592E9 -1.089934592E9 -8.9934592E7 -9.7483648E8 2.516352E7 1.435228928E9 -6.54705664E8 -6.54705664E8 -3.09411328E8 -3.09411328E8 -2.84247808E8 2.15752192E8 1.215752192E9 1.215752192E9 5.61046528E8 2.086210048E9 -1.708757248E9 -1.208757248E9
11 -1.294967296E9 -2.94967296E8 -2.94967296E8 -2.94967296E8 -2.94967296E8 -2.94967296E8 2.05032704E8 1.410065408E9 -1.384901888E9 1.15098112E8 2.80523264E8 1.280523264E9 2.010719488E9 2.010719488E9 -7.84247808E8 -2.84247808E8 2.15752192E8 5.86210048E8 5.86210048E8 5.86210048E8
12 1.5E9 2.0E9 2.0E9 2.0E9 7.05032704E8 1.820130816E9 -4.7483648E8 2.80523264E8 8.95621376E8 8.95621376E8 8.95621376E8 1.895621376E9 1.10065408E9 1.60065408E9 8.05686784E8 -1.989280512E9 1.510719488E9 2.061046528E9 -1.733920768E9 -9.13789952E8
13 5.0E8 5.0E8 1.0E9 1.5E9 1.5E9 1.5E9 1.5E9 2.0E9 2.0E9 2.0E9 2.0E9 2.0E9 2.0E9 2.0E9 2.0E9 -1.794967296E9 -1.294967296E9 -7.94967296E8 1.705032704E9 -1.589934592E9
14 1.5E9 2.0E9 9.10065408E8 1.410065408E9 -1.384901888E9 1.755359744E9 -1.629542144E9 -1.219476736E9 1.510719488E9 -1.284247808E9 8.30850304E8 8.30850304E8 6.7614464E8 1.17614464E9 1.67614464E9 -1.618822656E9 8.81177344E8 -3.88626432E8 -3.88626432E8 1.11373568E8
15 -1.794967296E9 -1.794967296E9 -7.94967296E8 -2.94967296E8 -2.94967296E8 -5.64771072E8 -1.539607552E9 -1.309411328E9 -1.194313216E9 -6.94313216E8 3.56013824E8 8.56013824E8 1.17614464E9 1.17614464E9 1.17614464E9 1.17614464E9 1.17614464E9 -2.9869184E8 -2.9869184E8 -2.9869184E8
16 5.0E8 5.0E8 5.0E8 5.0E8 5.0E8 5.0E8 1.5E9 -1.794967296E9 -1.294967296E9 -1.294967296E9 -7.94967296E8 -2.94967296E8 7.05032704E8 1.205032704E9 -1.589934592E9 -5.89934592E8 4.10065408E8 1.410065408E9 -1.384901888E9 -8.84901888E8
17 1.5E9 -7.94967296E8 -1.884901888E9 -1.384901888E9 6.15098112E8 -1.334574848E9 -1.334574848E9 -3.34574848E8 -4.89280512E8 -4.89280512E8 1.420784896E9 1.420784896E9 -1.32385536E9 -3.2385536E8 -9.13789952E8 8.6210048E7 8.6210048E7 -1.183593728E9 -1.978561024E9 -1.863462912E9
18 2.0E9 -1.794967296E9 -1.589934592E9 -1.089934592E9 -1.884901888E9 -4.4967296E8 -1.744640256E9 -4.2450944E8 1.10065408E9 -1.694313216E9 1.035883008E9 1.035883008E9 -1.028888064E9 -1.028888064E9 -1.32385536E9 -8.2385536E8 -1.118822656E9 5.21438976E8 5.21438976E8 8.41569792E8
19 2.0E9 2.0E9 -1.294967296E9 1.205032704E9 1.115098112E9 -1.744640256E9 4.60392448E8 5.7549056E8 -1.989280512E9 -9.89280512E8 7.40915712E8 1.740915712E9 2.66079232E8 2.66079232E8 6.7614464E8 6.7614464E8 -1.118822656E9 -1.003724544E9 -8.88626432E8 2.2647168E8
20 0.0 5.0E8 1.0E9 1.5E9 1.5E9 1.5E9 2.0E9 2.0E9 2.0E9 2.0E9 -1.794967296E9 -1.794967296E9 -1.794967296E9 -1.794967296E9 -1.794967296E9 -1.794967296E9 -1.294967296E9 -2.94967296E8 -2.94967296E8 -2.94967296E8
21 2.0E9 -1.294967296E9 -2.94967296E8 2.05032704E8 2.05032704E8 -1.359738368E9 7.55359744E8 -8.09411328E8 1.510719488E9 1.510719488E9 -1.938953472E9 -1.938953472E9 -1.32385536E9 -1.32385536E9 -8.2385536E8 -3.2385536E8 1.7614464E8 -1.83593728E8 1.316406272E9 2.046602496E9
22 5.0E8 5.0E8 1.0E9 1.0E9 -1.794967296E9 -1.294967296E9 -1.294967296E9 -7.94967296E8 -7.94967296E8 -2.94967296E8 2.05032704E8 2.05032704E8 7.05032704E8 7.05032704E8 7.05032704E8 7.05032704E8 7.05032704E8 7.05032704E8 1.205032704E9 1.205032704E9
23 1.5E9 -1.294967296E9 2.05032704E8 1.205032704E9 -2.089934592E9 -5.89934592E8 4.10065408E8 4.10065408E8 4.10065408E8 4.10065408E8 4.10065408E8 9.10065408E8 9.10065408E8 9.10065408E8 1.410065408E9 1.410065408E9 1.910065408E9 6.15098112E8 1.115098112E9 2.115098112E9
24 2.0E9 2.0E9 -1.589934592E9 -1.089934592E9 -5.89934592E8 -1.564771072E9 -1.654705664E9 -1.809411328E9 1.215752192E9 -1.579215104E9 -9.64116992E8 -9.64116992E8 -1.18822656E8 3.81177344E8 1.381177344E9 1.381177344E9 -4.13789952E8 -1.683593728E9 -6.83593728E8 1.546602496E9
25 5.0E8 1.0E9 1.0E9 1.5E9 -1.794967296E9 -1.794967296E9 -7.94967296E8 -2.94967296E8 7.05032704E8 7.05032704E8 1.205032704E9 1.205032704E9 1.205032704E9 1.705032704E9 1.705032704E9 1.705032704E9 1.705032704E9 -2.089934592E9 -1.589934592E9 -1.589934592E9
26 0.0 1.0E9 1.0E9 2.0E9 -1.294967296E9 -7.94967296E8 -2.94967296E8 2.05032704E8 1.205032704E9 1.205032704E9 -1.589934592E9 -1.589934592E9 -1.089934592E9 -1.089934592E9 -5.89934592E8 4.10065408E8 9.10065408E8 9.10065408E8 9.10065408E8 1.410065408E9
27 -7.94967296E8 -7.94967296E8 2.05032704E8 1.205032704E9 1.205032704E9 1.845294336E9 7.55359744E8 1.485555968E9 -1.809411328E9 -1.309411328E9 1.445948416E9 -1.84901888E9 -2.118822656E9 -6.18822656E8 -1.18822656E8 1.381177344E9 1.881177344E9 -6.83593728E8 -1.978561024E9 -1.453397504E9
28 5.0E8 5.0E8 1.0E9 2.0E9 2.0E9 -1.294967296E9 -1.294967296E9 -7.94967296E8 -2.94967296E8 7.05032704E8 1.205032704E9 1.705032704E9 1.705032704E9 -2.089934592E9 -1.589934592E9 -8.9934592E7 -8.9934592E7 -8.9934592E7 9.10065408E8 1.910065408E9
29 -1.794967296E9 -7.94967296E8 -8.84901888E8 -8.84901888E8 1.615098112E9 2.30196224E8 5.5032704E8 5.5032704E8 1.780523264E9 1.780523264E9 -4.89280512E8 -4.89280512E8 4.45948416E8 4.45948416E8 -4.38953472E8 -4.38953472E8 1.061046528E9 -1.208757248E9 -7.9869184E8 -1.363462912E9
30 1.5E9 -1.794967296E9 -1.794967296E9 -1.294967296E9 -2.94967296E8 7.05032704E8 1.705032704E9 1.705032704E9 1.910065408E9 -1.884901888E9 -1.179869184E9 -1.79869184E8 -1.79869184E8 -1.79869184E8 3.20130816E8 8.20130816E8 8.20130816E8 -7.69803776E8 -7.69803776E8 -7.69803776E8
31 1.5E9 1.5E9 -1.794967296E9 -1.294967296E9 -2.94967296E8 -2.94967296E8 -2.94967296E8 2.05032704E8 7.05032704E8 1.205032704E9 -1.589934592E9 -1.089934592E9 -1.089934592E9 -5.89934592E8 -5.89934592E8 -5.89934592E8 -8.9934592E7 4.10065408E8 4.10065408E8 4.10065408E8
32 -1.294967296E9 -1.294967296E9 1.410065408E9 -1.884901888E9 1.15098112E8 -2.44640256E8 -2.44640256E8 -9.2450944E8 1.420784896E9 -1.8741824E9 -1.259084288E9 -7.59084288E8 -1.32385536E9 6.7614464E8 -1.118822656E9 -6.18822656E8 3.81177344E8 -1.683593728E9 -1.183593728E9 -6.58430208E8
33 0.0 5.0E8 1.0E9 1.5E9 2.0E9 -7.94967296E8 -7.94967296E8 -2.94967296E8 -2.94967296E8 7.05032704E8 1.205032704E9 1.705032704E9 -2.089934592E9 -2.089934592E9 -2.089934592E9 -2.089934592E9 -1.589934592E9 -1.589934592E9 -1.589934592E9 -1.589934592E9
34 5.0E8 5.0E8 1.5E9 -1.794967296E9 -1.794967296E9 -1.794967296E9 -1.794967296E9 -1.794967296E9 -1.794967296E9 -1.794967296E9 -1.794967296E9 -1.294967296E9 -1.294967296E9 -1.294967296E9 -1.294967296E9 -7.94967296E8 -7.94967296E8 2.05032704E8 7.05032704E8 7.05032704E8
35 -1.794967296E9 -1.794967296E9 -7.94967296E8 2.05032704E8 4.10065408E8 7.30196224E8 -5.39607552E8 -1.309411328E9 1.0719488E7 1.510719488E9 6.5098112E8 1.15098112E9 8.81177344E8 1.881177344E9 -1.413789952E9 -1.413789952E9 5.86210048E8 1.22647168E9 1.72647168E9 -2.483648E8
36 5.0E8 5.0E8 2.0E9 2.0E9 -1.794967296E9 -1.294967296E9 -2.94967296E8 7.05032704E8 7.05032704E8 1.205032704E9 1.205032704E9 -2.089934592E9 -2.089934592E9 -1.589934592E9 -1.089934592E9 -1.089934592E9 -5.89934592E8 -5.89934592E8 -5.89934592E8 -5.89934592E8
37 1.0E9 1.0E9 1.0E9 1.0E9 1.5E9 2.0E9 2.0E9 -1.294967296E9 -2.94967296E8 1.205032704E9 -2.089934592E9 -1.089934592E9 -5.89934592E8 -8.9934592E7 4.10065408E8 1.410065408E9 -1.884901888E9 -1.884901888E9 -1.884901888E9 -1.884901888E9
38 0.0 1.5E9 1.5E9 2.0E9 -2.94967296E8 2.05032704E8 2.05032704E8 7.05032704E8 1.205032704E9 1.705032704E9 -2.089934592E9 -1.589934592E9 -1.089934592E9 -8.9934592E7 9.10065408E8 1.410065408E9 1.410065408E9 1.410065408E9 1.910065408E9 1.910065408E9
39 1.5E9 1.5E9 1.5E9 1.5E9 -1.294967296E9 -2.94967296E8 2.05032704E8 2.05032704E8 2.05032704E8 7.05032704E8 1.205032704E9 1.205032704E9 1.705032704E9 -2.089934592E9 -2.089934592E9 -2.089934592E9 -2.089934592E9 -1.589934592E9 -1.589934592E9 -5.89934592E8
40 1.0E9 1.5E9 -1.294967296E9 -7.94967296E8 -2.94967296E8 -2.94967296E8 -2.94967296E8 -2.94967296E8 -2.94967296E8 -2.94967296E8 -2.94967296E8 2.05032704E8 7.05032704E8 7.05032704E8 1.205032704E9 1.205032704E9 1.705032704E9 -1.589934592E9 -1.089934592E9 -5.89934592E8
41 1.0E9 1.5E9 2.0E9 -1.294967296E9 -1.294967296E9 -7.94967296E8 2.05032704E8 1.205032704E9 1.205032704E9 1.705032704E9 1.705032704E9 1.705032704E9 -1.589934592E9 -1.589934592E9 -1.089934592E9 -8.9934592E7 -8.9934592E7 4.10065408E8 4.10065408E8 4.10065408E8
42 0.0 5.0E8 5.0E8 2.0E9 2.0E9 2.0E9 2.0E9 -1.794967296E9 -1.294967296E9 -1.294967296E9 -2.94967296E8 2.05032704E8 2.05032704E8 7.05032704E8 1.205032704E9 1.205032704E9 1.705032704E9 -1.589934592E9 -1.089934592E9 -5.89934592E8
43 5.0E8 5.0E8 1.0E9 1.0E9 1.0E9 1.0E9 1.5E9 -1.794967296E9 -7.94967296E8 -7.94967296E8 -2.94967296E8 -2.94967296E8 -2.94967296E8 2.05032704E8 7.05032704E8 1.205032704E9 -1.589934592E9 -1.089934592E9 -1.089934592E9 -8.9934592E7
44 0.0 0.0 0.0 0.0 0.0 5.0E8 1.0E9 1.0E9 1.5E9 1.5E9 2.0E9 -1.794967296E9 2.05032704E8 7.05032704E8 1.705032704E9 -2.089934592E9 -1.589934592E9 -1.589934592E9 -1.589934592E9 -1.089934592E9
45 5.0E8 5.0E8 1.0E9 1.5E9 1.5E9 -1.294967296E9 -1.294967296E9 -1.294967296E9 -1.294967296E9 -1.294967296E9 -1.294967296E9 -1.294967296E9 -7.94967296E8 -2.94967296E8 -2.94967296E8 2.05032704E8 2.05032704E8 7.05032704E8 1.205032704E9 -2.089934592E9
46 1.0E9 1.0E9 2.0E9 2.0E9 2.0E9 -1.794967296E9 -1.794967296E9 -1.794967296E9 -1.294967296E9 -7.94967296E8 -7.94967296E8 -7.94967296E8 -7.94967296E8 2.05032704E8 1.205032704E9 1.205032704E9 1.705032704E9 -2.089934592E9 -2.089934592E9 -2.089934592E9
47 0.0 0.0 1.0E9 1.0E9 1.0E9 1.0E9 2.0E9 -1.794967296E9 -1.794967296E9 -2.089934592E9 -2.089934592E9 -1.589934592E9 -1.589934592E9 -1.089934592E9 -1.089934592E9 -5.89934592E8 -8.9934592E7 -8.9934592E7 4.10065408E8 4.10065408E8
48 0.0 0.0 5.0E8 1.0E9 1.0E9 1.5E9 2.0E9 2.0E9 2.0E9 -1.794967296E9 -1.794967296E9 -1.794967296E9 -1.794967296E9 -1.294967296E9 -1.294967296E9 -1.294967296E9 -7.94967296E8 -2.94967296E8 -2.94967296E8 2.05032704E8
49 0.0 5.0E8 1.0E9 1.0E9 1.0E9 1.0E9 1.5E9 1.5E9 1.5E9 2.0E9 2.0E9 -1.794967296E9 -2.94967296E8 7.05032704E8 1.205032704E9 -2.089934592E9 -1.589934592E9 -1.089934592E9 -1.089934592E9 -5.89934592E8
50 0.0 1.5E9 2.0E9 -7.94967296E8 -7.94967296E8 -2.94967296E8 1.205032704E9 1.205032704E9 1.705032704E9 -2.089934592E9 -1.589934592E9 -1.089934592E9 -5.89934592E8 -5.89934592E8 -8.9934592E7 -8.9934592E7 -8.9934592E7 4.10065408E8 9.10065408E8 1.410065408E9
51 -1.294967296E9 -1.294967296E9 -1.294967296E9 -1.294967296E9 -7.94967296E8 -2.089934592E9 -2.089934592E9 -2.089934592E9 -2.089934592E9 -1.589934592E9 -1.089934592E9 -5.89934592E8 -8.84901888E8 -8.84901888E8 -3.84901888E8 -3.84901888E8 1.15098112E8 1.115098112E9 1.615098112E9 1.615098112E9
