Selfish Battery Level: [35, 84, 62, 49, 58, 23, 87, 27, 77, 59, 45, 41, 82, 38, 71, 82, 1, 69, 46, 36, 24, 14, 10, 0, 91, 78, 15, 66, 14, 52, 35, 78, 44, 82, 41, 45, 84, 33, 98, 58, 43, 9, 55, 84, 78, 92, 70, 88, 49, 51, 4, 13, 77, 3, 58, 4, 59, 61, 67, 75, 99, 61, 53, 66, 56, 98, 42, 36, 21, 74, 27, 52, 90, 98, 64, 15, 17, 77, 64, 79, 63, 86, 85, 83, 87, 89, 52, 2, 69, 33, 67, 6, 73, 43, 31, 45, 33, 44, 33, 38, 33, 62, 24, 22, 61, 62, 81, 79, 99, 97, 67, 43, 91, 72, 27, 54, 5, 30, 81, 37, 39, 2, 57, 11, 40, 51, 64, 50, 53, 3, 94, 79, 51, 31, 45, 64, 26, 13, 81, 58, 88, 85, 52, 63, 33, 30, 80, 38, 72, 57, 12, 46, 32, 52, 76, 14, 1, 92, 81, 42, 90, 97, 9, 75, 43, 31, 19, 89, 71, 94, 56, 82, 73, 68, 87, 63, 9, 72, 46, 11, 31, 23, 54, 8, 87, 58, 16, 47, 99, 2, 50, 20, 98, 68, 38, 39, 93, 25, 26, 53, 93, 15, 82, 10, 30, 3, 55, 9, 31, 53, 24, 86, 98, 30, 87, 72, 17, 93, 77, 14, 15, 42, 11, 17, 94, 37, 62, 49, 54, 94, 26, 25, 93, 14, 19, 57, 65, 52, 89, 90, 30, 63, 14, 21, 70, 5, 26, 22, 66, 25, 55, 55, 16, 14, 55, 56, 82, 51, 36, 42, 42, 92, 70, 21, 25, 75, 40, 33, 72, 85, 8, 0, 96, 96, 33, 17, 50, 44, 56, 33, 42, 9, 31, 86, 6, 12, 67, 74, 66, 32, 28, 82, 52, 53, 99, 16, 86, 36, 39, 60, 47, 33, 57, 35, 19, 25, 79, 50, 38, 96, 85, 49, 37, 87, 83, 92, 38, 72, 14, 11, 74, 18, 26, 38, 36, 69, 84, 23, 16, 71, 54, 24, 21, 5, 76, 6, 93, 41, 74, 69, 7, 16, 36, 19, 99, 49, 9, 91, 15, 72, 1, 74, 46, 30, 6, 44, 39, 34, 50, 61, 47, 69, 40, 92, 30, 7, 16, 14, 76, 10, 93, 0, 97, 92, 42, 50, 24, 20, 16, 16, 70, 74, 64, 3, 13, 0, 36, 21, 32, 34, 73, 75, 98, 26, 41, 16, 67, 37, 7, 34, 93, 34, 68, 68, 70, 29, 43, 4, 0, 84, 24, 55, 18, 69, 94, 79, 69, 96, 89, 26, 39, 12, 93, 0, 31, 78, 73, 7, 35, 19, 46, 23, 28, 30, 39, 10, 17, 49, 70, 82, 43, 84, 42, 57, 95, 70, 41, 22, 84, 89, 36, 65, 77, 44, 93, 33, 97, 68, 49, 47, 31, 55, 16, 32, 41, 74, 78, 52, 51, 70, 4, 86, 0, 90, 36, 88, 78, 80, 94, 75, 72, 92, 9, 84, 5, 19, 14, 38, 39, 38, 11, 7, 42, 51, 59, 26, 56, 97, 62, 16, 6, 28, 5, 88, 65, 48, 4, 45, 14, 55, 8, 99, 91, 21, 76, 25, 96, 80, 67, 22, 95, 2, 25, 11, 4, 26, 64, 89, 60, 60, 97, 40, 85, 89, 56, 7, 68, 15, 13, 77, 12, 7, 29, 89, 50, 80, 1, 46, 41, 95, 33, 33, 3, 64, 50, 71, 30, 97, 50, 68, 55, 76, 73, 50, 41, 11, 58, 88, 10, 19, 50, 58, 27, 96, 89, 46, 1, 88, 64, 37, 1, 17, 32, 36, 52, 46, 2, 43, 59, 74, 26, 83, 60, 50, 57, 64, 37, 69, 22, 22, 83, 67, 2, 70, 59, 51, 58, 37, 32, 43, 14, 20, 78, 57, 3, 58, 94, 62, 77, 67, 12, 15, 8, 35, 34]
Hosts: 625
Hosts Average Energy Consume/s: 0.5633627132987602
Hosts Average normal Energy Consume/s: 0.5819437838778251
Hosts Average  Selfish Period Consume/s: 0.3161661931491857

Hosts Average Energy Consume: 14239.029344219687
Hosts Average Normal Energy Consume: 10037.724666064125
Hosts Average Selfish Energy Consume: 4201.304678158324

Description:
host number
average energy consumption of all periods  - average energy consumption of Normal periods  -  average energy consumption of all selfish periods
energy consumption of all periods  -  energy consumption of Normal periods  -  energy consumption of selfish periods
Active total time  -  Normal Active Time  -  Selfish Active Time
Normal proportion of time  -  Selfish proportion of time
Number of Recharges 


HOST: 0
0.805121585145856 0.805121585145856 0.0
14765.124749989853 14765.124749989853 0.0
18339.0 18339.0 0.0
0


HOST: 1
0.5726562549389841 0.542692100873926 0.5837872561161401
15216.049349983745 3905.755049989646 11310.294299994099
26571.0 7197.0 19374.0
0


HOST: 2
0.5218944454540712 0.5197107058811755 0.5313075706354738
11476.98074998048 9276.836099978982 2200.144650001497
21991.0 17850.0 4141.0
0


HOST: 3
0.5381486280735 0.5392829795980828 0.5062500000003638
12866.057399981237 12450.426149980938 415.6312500002987
23908.0 23087.0 821.0
0


HOST: 4
0.5476782966795869 0.5516328805068283 0.5338902926283892
13099.36949998236 10253.200349980418 2846.1691500019424
23918.0 18587.0 5331.0
0


HOST: 5
0.5278873272594449 0.5278873272594449 0.0
10199.311049979735 10199.311049979735 0.0
19321.0 19321.0 0.0
0


HOST: 6
0.5679577869542485 0.5401935574454144 0.5819230993142142
9970.498949981831 3173.6371499918096 6796.861799990022
17555.0 5875.0 11680.0
0


HOST: 7
0.537396399509187 0.537396399509187 0.0
12283.806899980998 12283.806899980998 0.0
22858.0 22858.0 0.0
0


HOST: 8
0.5113520119786367 0.5123725406081496 0.5100478775503915
9988.23884997871 5614.578299984103 4373.660549994607
19533.0 10958.0 8575.0
0


HOST: 9
0.5257248680417821 0.5258271788799298 0.5062500000003638
10059.745349979501 10009.120349979465 50.62500000003638
19135.0 19035.0 100.0
0


HOST: 10
0.5494000158972387 0.5494000158972387 0.0
10367.178299980895 10367.178299980895 0.0
18870.0 18870.0 0.0
0


HOST: 11
0.5322283634229293 0.5333722041172497 0.5062500000003638
15005.114249982646 14403.182999982213 601.9312500004326
28193.0 27004.0 1189.0
0


HOST: 12
0.5314619169605165 0.5330050218326267 0.5302715589025324
10061.105549979538 4394.0933999881745 5667.012149991364
18931.0 8244.0 10687.0
0


HOST: 13
0.5683813532154908 0.5683813532154908 0.0
9223.692599980985 9223.692599980985 0.0
16228.0 16228.0 0.0
0


HOST: 14
0.5544728141157282 0.5709025280204962 0.525864995787586
10824.972749981362 7079.762249982174 3745.210499999188
19523.0 12401.0 7122.0
0


HOST: 15
0.5266438844033993 0.5296045136782014 0.5238125864443129
8938.726649978897 4394.128649988037 4544.5979999908595
16973.0 8297.0 8676.0
0


HOST: 16
0.5554661161682466 0.5554661161682466 0.0
14765.40029998433 14765.40029998433 0.0
26582.0 26582.0 0.0
0


HOST: 17
0.5324621410152598 0.5117573978887411 0.5765805475505564
11569.337399979564 7567.868399978703 4001.4690000008613
21728.0 14788.0 6940.0
0


HOST: 18
0.5188962336156403 0.5188962336156403 0.0
10808.089649980171 10808.089649980171 0.0
20829.0 20829.0 0.0
0


HOST: 19
0.5062499999985448 0.5062499999985448 0.0
4001.9062499884967 4001.9062499884967 0.0
7905.0 7905.0 0.0
0


HOST: 20
0.5451269307413241 0.5451269307413241 0.0
9846.627749980538 9846.627749980538 0.0
18063.0 18063.0 0.0
0


HOST: 21
0.5944258943437541 0.5944258943437541 0.0
14987.854499983416 14987.854499983416 0.0
25214.0 25214.0 0.0
0


HOST: 22
0.5446913052239555 0.5446913052239555 0.0
10800.13919998059 10800.13919998059 0.0
19828.0 19828.0 0.0
0


HOST: 23
0.5379855468305434 0.5379855468305434 0.0
14388.423449982885 14388.423449982885 0.0
26745.0 26745.0 0.0
0


HOST: 24
0.5062499999990396 0.5062499999985448 0.5062499999991628
11029.162499979078 2197.1249999936845 8832.037499985394
21786.0 4340.0 17446.0
0


HOST: 25
0.5119800966312142 0.5156442774829679 0.5062499999989296
8742.060149977982 5370.435149985111 3371.6249999928714
17075.0 10415.0 6660.0
0


HOST: 26
0.5999645583146862 0.5999645583146862 0.0
10941.553649984931 10941.553649984931 0.0
18237.0 18237.0 0.0
0


HOST: 27
0.5782649873095556 0.6128649892920374 0.5257091520865012
12987.253349985307 8300.030549982062 4687.222800003245
22459.0 13543.0 8916.0
0


HOST: 28
0.5914380178364278 0.5914380178364278 0.0
9151.320449983048 9151.320449983048 0.0
15473.0 15473.0 0.0
0


HOST: 29
0.6289211728476399 0.6484657387927041 0.5062500000003638
13175.26964998521 11717.775899984163 1457.4937500010474
20949.0 18070.0 2879.0
0


HOST: 30
0.564577280874037 0.564577280874037 0.0
12599.10659998501 12599.10659998501 0.0
22316.0 22316.0 0.0
0


HOST: 31
0.5721692735083515 0.5722950127864276 0.5720088251284946
9576.969299982786 5370.4163999878365 4206.552899994949
16738.0 9384.0 7354.0
0


HOST: 32
0.620258768462015 0.620258768462015 0.0
11926.335599987624 11926.335599987624 0.0
19228.0 19228.0 0.0
0


HOST: 33
0.558106338349558 0.510953302324139 0.6038085934852058
9751.792049981826 4394.198399987596 5357.593649994231
17473.0 8600.0 8873.0
0


HOST: 34
0.6576825257382093 0.6576825257382093 0.0
12839.93594998706 12839.93594998706 0.0
19523.0 19523.0 0.0
0


HOST: 35
0.6172739168712088 0.6172739168712088 0.0
10514.64389998417 10514.64389998417 0.0
17034.0 17034.0 0.0
0


HOST: 36
0.7284189943577845 0.8767473737362526 0.6150153681125339
7489.60409998674 3905.9095499950054 3583.6945499917347
10282.0 4455.0 5827.0
0


HOST: 37
0.5151991181770982 0.5151991181770982 0.0
11129.846549979851 11129.846549979851 0.0
21603.0 21603.0 0.0
0


HOST: 38
0.5062499999988367 0.5062499999985448 0.5062499999988523
9563.062499978025 488.0249999985972 9075.037499979428
18890.0 964.0 17926.0
0


HOST: 39
0.595414980845875 0.6168841014369185 0.5062500000003638
12279.243149984479 10253.230649983023 2026.012500001456
20623.0 16621.0 4002.0
0


HOST: 40
0.6047971747925466 0.6047971747925466 0.0
13743.410999985828 13743.410999985828 0.0
22724.0 22724.0 0.0
0


HOST: 41
0.5586978954613591 0.5586978954613591 0.0
8508.410249981038 8508.410249981038 0.0
15229.0 15229.0 0.0
0


HOST: 42
0.644657466638248 0.6684398022503797 0.5062500000003638
12415.458149986018 10985.80814998499 1429.6500000010274
19259.0 16435.0 2824.0
0


HOST: 43
0.5708132705840959 0.6131978329132821 0.5522106864699421
11916.86864998417 3904.8437999917805 8012.024849992389
20877.0 6368.0 14509.0
0


HOST: 44
0.5762749851527046 0.6467552023107956 0.519002480672737
10674.341549983546 5370.655199988847 5303.686349994699
18523.0 8304.0 10219.0
0


HOST: 45
0.5062499999990285 0.5062499999985448 0.5062499999991337
10937.024999979012 1952.6062499943873 8984.418749984625
21604.0 3857.0 17747.0
0


HOST: 46
0.6169478274715215 0.6748613343149386 0.5188861366828242
10649.136449985934 7323.595199985713 3325.5412500002203
17261.0 10852.0 6409.0
0


HOST: 47
0.5691039257023859 0.6441499780061978 0.5423656088378322
9850.619849982597 2928.949949994181 6921.669899988416
17309.0 4547.0 12762.0
0


HOST: 48
0.608821839016618 0.608821839016618 0.0
11103.69269998508 11103.69269998508 0.0
18238.0 18238.0 0.0
0


HOST: 49
0.5862877906389308 0.5862877906389308 0.0
11750.379899985452 11750.379899985452 0.0
20042.0 20042.0 0.0
0


HOST: 50
0.5741091539899963 0.5741091539899963 0.0
5171.0011499878965 5171.0011499878965 0.0
9007.0 9007.0 0.0
0


HOST: 51
0.608432572717107 0.608432572717107 0.0
9705.716399983292 9705.716399983292 0.0
15952.0 15952.0 0.0
0


HOST: 52
0.581757795099438 0.5881841923304509 0.5762350738204274
12015.625499983793 5614.806299986485 6400.819199997308
20654.0 9546.0 11108.0
0


HOST: 53
0.5980875456446919 0.5980875456446919 0.0
10809.834299982162 10809.834299982162 0.0
18074.0 18074.0 0.0
0


HOST: 54
0.590546368998378 0.5915686014299127 0.5829488850775542
11612.503799984104 10253.066999983248 1359.4368000008562
19664.0 17332.0 2332.0
0


HOST: 55
0.5380662139408948 0.5380662139408948 0.0
11508.6982499818 11508.6982499818 0.0
21389.0 21389.0 0.0
0


HOST: 56
0.6243572799576131 0.6313148795246682 0.5505741471575523
10831.974449984631 10008.86609998409 823.1083500005407
17349.0 15854.0 1495.0
0


HOST: 57
0.596069575632192 0.5984241043358306 0.5729742909990906
10450.29179998359 9520.927499983065 929.364300000525
17532.0 15910.0 1622.0
0


HOST: 58
0.5591193695819233 0.5735393635184849 0.5304589429747428
11804.687249983146 8055.933899980639 3748.7533500025074
21113.0 14046.0 7067.0
0


HOST: 59
0.5828174615231472 0.6325129080719987 0.5407661273347872
12269.473199985294 6103.117049986715 6166.356149998579
21052.0 9649.0 11403.0
0


HOST: 60
0.5062499999990427 0.5062499999985448 0.506249999999054
11054.474999979097 244.0124999992986 10810.462499979798
21836.0 482.0 21354.0
0


HOST: 61
0.5699576296665778 0.5754021938826255 0.5521787152164642
12318.494249983745 9520.604699981921 2797.8895500018243
21613.0 16546.0 5067.0
0


HOST: 62
0.5875945111894307 0.5875945111894307 0.0
11053.240349984382 11053.240349984382 0.0
18811.0 18811.0 0.0
0


HOST: 63
0.7195275435793101 0.8000394361434779 0.6031727747600817
12630.58649999121 8300.409149988584 4330.177350002627
17554.0 10375.0 7179.0
0


HOST: 64
0.5301670670910826 0.5301670670910826 0.0
10636.211699981299 10636.211699981299 0.0
20062.0 20062.0 0.0
0


HOST: 65
0.5062499999987279 0.5062499999985448 0.5062499999987385
8927.212499977568 488.0249999985972 8439.18749997897
17634.0 964.0 16670.0
0


HOST: 66
0.6389760411595832 0.6389760411595832 0.0
11829.363449987364 11829.363449987364 0.0
18513.0 18513.0 0.0
0


HOST: 67
0.5731279382904076 0.5731279382904076 0.0
9640.585049982947 9640.585049982947 0.0
16821.0 16821.0 0.0
0


HOST: 68
0.6154625353052978 0.6154625353052978 0.0
13727.891849984668 13727.891849984668 0.0
22305.0 22305.0 0.0
0


HOST: 69
0.5900373567169097 0.6393626624343682 0.542955403846024
11993.689349984623 6346.953149985973 5646.73619999865
20327.0 9927.0 10400.0
0


HOST: 70
0.7386549045155734 0.7386549045155734 0.0
13885.973549988263 13885.973549988263 0.0
18799.0 18799.0 0.0
0


HOST: 71
0.5520906337478557 0.5520906337478557 0.0
8676.6563999813 8676.6563999813 0.0
15716.0 15716.0 0.0
0


HOST: 72
0.5369657083158216 0.5122040205738133 0.5446535982001306
10795.158599981276 2439.627749993073 8355.530849988203
20104.0 4763.0 15341.0
0


HOST: 73
0.5062499999988276 0.5062499999985448 0.5062499999988429
9506.362499977984 488.0249999985972 9018.337499979387
18778.0 964.0 17814.0
0


HOST: 74
0.5623336225931511 0.5864705004992502 0.512084787441318
12474.246749983871 8788.260449981264 3685.986300002607
22183.0 14985.0 7198.0
0


HOST: 75
0.602201095476668 0.602201095476668 0.0
11983.801799985693 11983.801799985693 0.0
19900.0 19900.0 0.0
0


HOST: 76
0.5404151917127584 0.5404151917127584 0.0
11895.619199981238 11895.619199981238 0.0
22012.0 22012.0 0.0
0


HOST: 77
0.5241947211652037 0.5276698477572339 0.518901445747827
9239.980349979045 5614.934849984726 3625.0454999943195
17627.0 10641.0 6986.0
0


HOST: 78
0.5485179692942724 0.5508539864598349 0.5394457156770909
11004.367499981694 8788.324499980205 2216.0430000014894
20062.0 15954.0 4108.0
0


HOST: 79
0.5507272783390892 0.5321107847193354 0.5780590825958263
8919.578999979889 5126.355299986077 3793.2236999938123
16196.0 9634.0 6562.0
0


HOST: 80
0.563194662465104 0.5632899999987986 0.5607680952384481
9385.639049980957 9032.355149980734 353.2839000002223
16665.0 16035.0 630.0
0


HOST: 81
0.5484106088152829 0.5306132044699374 0.5544906491986694
13872.04634998258 3417.679649990867 10454.366699991713
25295.0 6441.0 18854.0
0


HOST: 82
0.5399377919915443 0.5427340373485289 0.5384357006361642
10424.578949980747 3661.8265499905247 6762.752399990222
19307.0 6747.0 12560.0
0


HOST: 83
0.5418763557663637 0.5213149667112816 0.560019696297012
9202.686149980154 4150.188449988513 5052.497699991642
16983.0 7961.0 9022.0
0


HOST: 84
0.53878430048246 0.5341889328381481 0.5410499502065145
9693.268349979937 3173.6164499914375 6519.651899988499
17991.0 5941.0 12050.0
0


HOST: 85
0.5437458019367474 0.5184485711513016 0.5513998510246614
12123.35639998172 2685.045149992591 9438.311249989129
22296.0 5179.0 17117.0
0


HOST: 86
0.5269681426228646 0.5269681426228646 0.0
9044.881199978849 9044.881199978849 0.0
17164.0 17164.0 0.0
0


HOST: 87
0.5588485344355545 0.5588485344355545 0.0
12431.026799984475 12431.026799984475 0.0
22244.0 22244.0 0.0
0


HOST: 88
0.5780467593004259 0.5988506014071249 0.5502474410491459
12771.36509998361 7567.675049981837 5203.690050001773
22094.0 12637.0 9457.0
0


HOST: 89
0.5962090479242239 0.5962090479242239 0.0
9268.06964998206 9268.06964998206 0.0
15545.0 15545.0 0.0
0


HOST: 90
0.6432315753102337 0.7173042605276388 0.5076750611051373
11171.645999988139 8056.044149985912 3115.6018500022274
17368.0 11231.0 6137.0
0


HOST: 91
0.5679641582033217 0.5679641582033217 0.0
8781.293849981557 8781.293849981557 0.0
15461.0 15461.0 0.0
0


HOST: 92
0.5789371322027169 0.6268217546348865 0.5355687596898605
12808.984049985113 6591.030749985832 6217.953299999281
22125.0 10515.0 11610.0
0


HOST: 93
0.7691288037333163 0.7691288037333163 0.0
12935.977349990646 12935.977349990646 0.0
16819.0 16819.0 0.0
0


HOST: 94
0.5822655355241646 0.5822655355241646 0.0
13177.833599982894 13177.833599982894 0.0
22632.0 22632.0 0.0
0


HOST: 95
0.5718981324597695 0.5718981324597695 0.0
11881.755599984172 11881.755599984172 0.0
20776.0 20776.0 0.0
0


HOST: 96
0.6018363856354707 0.6018363856354707 0.0
11564.28614998557 11564.28614998557 0.0
19215.0 19215.0 0.0
0


HOST: 97
0.5243963617130856 0.5307943702431132 0.5112606815467936
20084.90504997289 13671.139799981624 6413.765250004526
38301.0 25756.0 12545.0
0


HOST: 98
0.5100069708817215 0.5105066104863756 0.5062500000003638
18513.763049977373 16356.631799983474 2157.13125000155
36301.0 32040.0 4261.0
0


HOST: 99
0.5258939505856608 0.5280527770987588 0.5062500000003638
16730.26424998163 15135.576749981723 1594.687500001146
31813.0 28663.0 3150.0
0


HOST: 100
0.5374999353580118 0.5449030166233303 0.5062500000003638
19956.297599972262 16356.353849982506 3599.943750002587
37128.0 30017.0 7111.0
0


HOST: 101
0.536669511918919 0.5331862032289302 0.5400355817831917
19000.24739997741 9276.906749980157 9723.340650006367
35404.0 17399.0 18005.0
0


HOST: 102
0.5325764811776833 0.5340290864340057 0.5062500000003638
19524.25379997387 18553.77254997666 970.4812500006974
36660.0 34743.0 1917.0
0


HOST: 103
0.5327147353098609 0.5354024320973679 0.506250000000226
20870.69789996973 19042.122899974987 1828.5750000008165
39178.0 35566.0 3612.0
0


HOST: 104
0.5086760100313759 0.5105292428536745 0.5062500000003638
16732.897349982108 9520.859849978176 7212.037500005183
32895.0 18649.0 14246.0
0


HOST: 105
0.515562076769329 0.5226634092049658 0.5073717103129248
17084.696099982022 9276.752849978937 7807.943250005601
33138.0 17749.0 15389.0
0


HOST: 106
0.5292952811730572 0.5191594022819916 0.5331023080802715
17318.541599982433 4638.170099987314 12680.371499997338
32720.0 8934.0 23786.0
0


HOST: 107
0.5320861240446622 0.5247266223117845 0.5342530317641581
22854.16319996633 5126.579099986135 17727.584099998294
42952.0 9770.0 33182.0
0


HOST: 108
0.5062499999991903 0.5062499999985448 0.5062499999992162
23546.19374996234 244.0124999992986 23302.18124996392
46511.0 482.0 46029.0
0


HOST: 109
0.5345093801138228 0.5467668035833153 0.5340747795571419
20901.454799970925 732.1207499980592 20169.334049975463
39104.0 1339.0 37765.0
0


HOST: 110
0.5062499999992994 0.506249999998551 0.5062500000003638
20138.624999972133 8055.956249976942 12082.668750008683
39780.0 15913.0 23867.0
0


HOST: 111
0.5295136718156513 0.5421897779069413 0.5068218769620709
21181.605899969683 13915.30064998165 7266.305250005211
40002.0 25665.0 14337.0
0


HOST: 112
0.5062499999993589 0.5062499999985448 0.5062499999997102
18666.956249976363 2197.1249999936845 16469.831249990573
36873.0 4340.0 32533.0
0


HOST: 113
0.5889617036853734 0.6368235395495644 0.5078082938385547
10049.453549983526 6835.027049985474 3214.4264999980514
17063.0 10733.0 6330.0
0


HOST: 114
0.5716236281804169 0.5716236281804169 0.0
12511.126349984785 12511.126349984785 0.0
21887.0 21887.0 0.0
0


HOST: 115
0.6031833639697769 0.6092416992178653 0.5062500000003638
11812.742999984112 11229.542999983692 583.2000000004191
19584.0 18432.0 1152.0
0


HOST: 116
0.5609170426115018 0.5609170426115018 0.0
12334.004849984312 12334.004849984312 0.0
21989.0 21989.0 0.0
0


HOST: 117
0.5231346971021495 0.5231346971021495 0.0
10094.93024998018 10094.93024998018 0.0
19297.0 19297.0 0.0
0


HOST: 118
0.5062499999985448 0.5062499999985448 0.5062499999985448
5799.093749983331 4638.2624999866675 1160.8312499966632
11455.0 9162.0 2293.0
0


HOST: 119
0.6114714306821168 0.6114714306821168 0.0
12411.647099985608 12411.647099985608 0.0
20298.0 20298.0 0.0
0


HOST: 120
0.5454212595007806 0.5454212595007806 0.0
11337.126299983225 11337.126299983225 0.0
20786.0 20786.0 0.0
0


HOST: 121
0.5367613034375427 0.5367613034375427 0.0
9240.882599980734 9240.882599980734 0.0
17216.0 17216.0 0.0
0


HOST: 122
0.5409600839863802 0.5409600839863802 0.0
9854.669849979888 9854.669849979888 0.0
18217.0 18217.0 0.0
0


HOST: 123
0.553663400629693 0.553663400629693 0.0
8775.564899980634 8775.564899980634 0.0
15850.0 15850.0 0.0
0


HOST: 124
0.595208440778913 0.595208440778913 0.0
11910.12089998605 11910.12089998605 0.0
20010.0 20010.0 0.0
0


HOST: 125
0.5753317429014181 0.5753317429014181 0.0
11672.33039998397 11672.33039998397 0.0
20288.0 20288.0 0.0
0


HOST: 126
0.5778559791607962 0.5870440818905531 0.5062500000003638
9761.14319998417 8788.636949983471 972.5062500006989
16892.0 14971.0 1921.0
0


HOST: 127
0.5128367074826484 0.5128367074826484 0.0
6365.842049982115 6365.842049982115 0.0
12413.0 12413.0 0.0
0


HOST: 128
0.5982234335832202 0.6033553793965644 0.5249545045048667
12173.248649984947 11474.009249984465 699.2394000004824
20349.0 19017.0 1332.0
0


HOST: 129
0.5655438596091015 0.5655438596091015 0.0
12608.800349984916 12608.800349984916 0.0
22295.0 22295.0 0.0
0


HOST: 130
0.5198939368443999 0.5581321646327135 0.5135462991069079
9582.165149979133 1464.5387999962404 8117.626349982893
18431.0 2624.0 15807.0
0


HOST: 131
0.5205392389099042 0.524558318836189 0.5140990900134323
8261.998799977999 5126.508449986075 3135.4903499919237
15872.0 9773.0 6099.0
0


HOST: 132
0.5153077300317548 0.5153077300317548 0.0
11032.73849997987 11032.73849997987 0.0
21410.0 21410.0 0.0
0


HOST: 133
0.5513402666599023 0.5513402666599023 0.0
12467.457449980371 12467.457449980371 0.0
22613.0 22613.0 0.0
0


HOST: 134
0.5216221064565383 0.5216221064565383 0.0
10113.209399979365 10113.209399979365 0.0
19388.0 19388.0 0.0
0


HOST: 135
0.6009787324712706 0.6069654223345516 0.593084262295456
15300.317549986079 8788.252349981973 6512.065200004106
25459.0 14479.0 10980.0
0


HOST: 136
0.5264998427214262 0.5264998427214262 0.0
11047.019699980965 11047.019699980965 0.0
20982.0 20982.0 0.0
0


HOST: 137
0.5313202379726377 0.5313202379726377 0.0
10404.312899980192 10404.312899980192 0.0
19582.0 19582.0 0.0
0


HOST: 138
0.5217320297654646 0.5110328779183361 0.5288895076282595
11813.578349979414 4638.134399986819 7175.443949992596
22643.0 9076.0 13567.0
0


HOST: 139
0.5409373888403016 0.5300688181760987 0.5697045977015052
14416.522349982877 10253.121149980278 4163.4012000026
26651.0 19343.0 7308.0
0


HOST: 140
0.5062499999985828 0.5062499999985448 0.5062499999986039
8199.731249977045 2929.1624999915803 5270.568749985465
16197.0 5786.0 10411.0
0


HOST: 141
0.5118277800797293 0.51787197708807 0.5083323587134108
9877.252499978616 3661.872749989743 6215.379749988873
19298.0 7071.0 12227.0
0


HOST: 142
0.5524936038710158 0.5524936038710158 0.0
11129.983649981612 11129.983649981612 0.0
20145.0 20145.0 0.0
0


HOST: 143
0.5474834626743194 0.5480359847093869 0.5466990136966312
15379.357949984305 9032.729099980113 6346.628850004192
28091.0 16482.0 11609.0
0


HOST: 144
0.5190282456524499 0.5190282456524499 0.0
9195.104399978802 9195.104399978802 0.0
17716.0 17716.0 0.0
0


HOST: 145
0.5127829385150426 0.5127829385150426 0.0
9524.430299978401 9524.430299978401 0.0
18574.0 18574.0 0.0
0


HOST: 146
0.5437599921137819 0.5173760358150223 0.5582409386992997
14480.872349982124 4882.477649986366 9598.394699995759
26631.0 9437.0 17194.0
0


HOST: 147
0.540592371497621 0.540592371497621 0.0
11926.548899980515 11926.548899980515 0.0
22062.0 22062.0 0.0
0


HOST: 148
0.5380624470533282 0.528357752955209 0.5540784730193146
11178.785399979946 6835.36424998154 4343.421149998407
20776.0 12937.0 7839.0
0


HOST: 149
0.5277634858608881 0.5277634858608881 0.0
9388.384649979338 9388.384649979338 0.0
17789.0 17789.0 0.0
0


HOST: 150
0.5733932521385483 0.5733932521385483 0.0
10451.812199981458 10451.812199981458 0.0
18228.0 18228.0 0.0
0


HOST: 151
0.5152022461252012 0.5152022461252012 0.0
9243.75869997836 9243.75869997836 0.0
17942.0 17942.0 0.0
0


HOST: 152
0.5598359008885242 0.5598359008885242 0.0
11014.771349981715 11014.771349981715 0.0
19675.0 19675.0 0.0
0


HOST: 153
0.5062499999985448 0.5062499999985448 0.0
7585.143749978197 7585.143749978197 0.0
14983.0 14983.0 0.0
0


HOST: 154
0.5590186509774812 0.5740137895547732 0.5370310946697063
9597.232199981396 5858.95874998557 3738.273449995826
17168.0 10207.0 6961.0
0


HOST: 155
0.5345559735336125 0.5345559735336125 0.0
8483.40329997843 8483.40329997843 0.0
15870.0 15870.0 0.0
0


HOST: 156
0.5105889656563052 0.5105889656563052 0.0
10050.433199978712 10050.433199978712 0.0
19684.0 19684.0 0.0
0


HOST: 157
0.5949554982810816 0.5494292288193505 0.6042522874872159
12465.507599985222 1952.1220499951523 10513.38554999007
20952.0 3553.0 17399.0
0


HOST: 158
0.5607854546313347 0.5097342070542747 0.5999421014916287
11755.184699982037 4638.071549986846 7117.113149995192
20962.0 9099.0 11863.0
0


HOST: 159
0.5678321375481954 0.5678321375481954 0.0
12607.576949982582 12607.576949982582 0.0
22203.0 22203.0 0.0
0


HOST: 160
0.5257139284063046 0.5135120950763751 0.5302893752946533
9164.2451999787 2441.236499993087 6723.008699985614
17432.0 4754.0 12678.0
0


HOST: 161
0.5062499999988334 0.5062499999985448 0.5062499999988573
9542.30624997801 732.0374999978958 8810.268749980114
18849.0 1446.0 17403.0
0


HOST: 162
0.588991376408322 0.588991376408322 0.0
10501.127249983972 10501.127249983972 0.0
17829.0 17829.0 0.0
0


HOST: 163
0.6276667522363799 0.6322999792775468 0.623525636632959
12836.412749986206 6102.959399986881 6733.453349999325
20451.0 9652.0 10799.0
0


HOST: 164
0.5510971454022466 0.5510971454022466 0.0
9585.232649981275 9585.232649981275 0.0
17393.0 17393.0 0.0
0


HOST: 165
0.5221570690355191 0.5221570690355191 0.0
8841.685649978444 8841.685649978444 0.0
16933.0 16933.0 0.0
0


HOST: 166
0.5583680877429402 0.5583680877429402 0.0
10359.961499982513 10359.961499982513 0.0
18554.0 18554.0 0.0
0


HOST: 167
0.5443826003498404 0.5270039458171665 0.5499131098887573
11487.017249981984 2684.558099992646 8802.459149989338
21101.0 5094.0 16007.0
0


HOST: 168
0.576025038606615 0.6207919677292476 0.5247935223281903
12309.079049984757 7079.51159998434 5229.567450000417
21369.0 11404.0 9965.0
0


HOST: 169
0.570882075807976 0.6949478642606151 0.5530653762257983
9578.830349982029 1464.255149997116 8114.575199984913
16779.0 2107.0 14672.0
0


HOST: 170
0.5858622443214495 0.5980739198208833 0.5195418052619302
12459.532349984267 10741.407599983064 1718.1247500012032
21267.0 17960.0 3307.0
0


HOST: 171
0.5191186244189612 0.5191186244189612 0.0
4030.436999988815 4030.436999988815 0.0
7764.0 7764.0 0.0
0


HOST: 172
0.5473599027559726 0.5558871088794988 0.5377862749738828
12270.714299983392 6591.153449984216 5679.560849999176
22418.0 11857.0 10561.0
0


HOST: 173
0.5628907139959061 0.5782195336774635 0.5084070639307018
9744.20114998313 7811.745899982532 1932.4552500005975
17311.0 13510.0 3801.0
0


HOST: 174
0.581620682472742 0.6454939470994031 0.5588897364413149
10891.428899984567 3172.6027499935662 7718.826149991
18726.0 4915.0 13811.0
0


HOST: 175
0.5551458047480644 0.5551458047480644 0.0
8416.010399980656 8416.010399980656 0.0
15160.0 15160.0 0.0
0


HOST: 176
0.6480330411572405 0.6480330411572405 0.0
6801.754799986396 6801.754799986396 0.0
10496.0 10496.0 0.0
0


HOST: 177
0.6476713041080479 0.7438866307527411 0.5776084911642262
14124.415799988308 6835.5742499869375 7288.841550001371
21808.0 9189.0 12619.0
0


HOST: 178
0.582969977801767 0.582969977801767 0.0
12606.14279998541 12606.14279998541 0.0
21624.0 21624.0 0.0
0


HOST: 179
0.5621376478891161 0.5621376478891161 0.0
12733.54199998426 12733.54199998426 0.0
22652.0 22652.0 0.0
0


HOST: 180
0.5541816525518498 0.5541816525518498 0.0
11452.163849983977 11452.163849983977 0.0
20665.0 20665.0 0.0
0


HOST: 181
0.6099842233736275 0.6099842233736275 0.0
7995.673199981509 7995.673199981509 0.0
13108.0 13108.0 0.0
0


HOST: 182
0.6000187499992781 0.6112734500018694 0.5062500000003638
12345.985799985145 11229.704549984343 1116.2812500008022
20576.0 18371.0 2205.0
0


HOST: 183
0.5859793820924922 0.5859793820924922 0.0
11152.359599984313 11152.359599984313 0.0
19032.0 19032.0 0.0
0


HOST: 184
0.5375560930260618 0.5465117874964082 0.5360142691962744
21253.355249971406 3173.593949991642 18079.761299990336
39537.0 5807.0 33730.0
0


HOST: 185
0.564818568656147 0.5384980147047584 0.5982794317957773
19213.43324997615 10253.0021999786 8960.431050005356
34017.0 19040.0 14977.0
0


HOST: 186
0.5621971888061423 0.5660767045761607 0.506249999999909
21778.39469997234 20506.694699975997 1271.6999999997715
38738.0 36226.0 2512.0
0


HOST: 187
0.5484747599373306 0.551726909299486 0.5434864575842413
21247.91219997219 12938.547749982246 8309.364450005465
38740.0 23451.0 15289.0
0


HOST: 188
0.5062499999992813 0.5062499999985448 0.506249999999312
20634.749999970707 244.0124999992986 20390.73749997229
40760.0 482.0 40278.0
0


HOST: 189
0.5772307922225716 0.5772307922225716 0.0
22208.37749997122 22208.37749997122 0.0
38474.0 38474.0 0.0
0


HOST: 190
0.5485416560534802 0.5400247998045242 0.5600973617867855
21536.84249997174 12206.180549981662 9330.661950006059
39262.0 22603.0 16659.0
0


HOST: 191
0.5462326571975131 0.5491944166354825 0.5257258177570605
22230.03044996719 19529.902649974392 2700.1278000002626
40697.0 35561.0 5136.0
0


HOST: 192
0.5062499999992777 0.5062499999985448 0.5062499999993392
20737.012499970413 488.0249999985972 20248.98749997357
40962.0 964.0 39998.0
0


HOST: 193
1.1040756637956028 2.1709154133817843 0.5626468073211011
49108.18144996462 32507.287399978835 16600.894050009087
44479.0 14974.0 29505.0
2


HOST: 194
0.5444004870666985 0.5425298594925592 0.5475151110053724
24310.203749963424 15136.040549982908 9174.16320000602
44655.0 27899.0 16756.0
0


HOST: 195
0.5746789243800355 0.5798292313975091 0.5482079747852199
17631.14939997949 14891.754149982225 2739.395250001744
30680.0 25683.0 4997.0
0


HOST: 196
0.5062499999993234 0.5062499999985448 0.5062499999995727
19518.974999973914 1708.5937499950887 17810.381249984966
38556.0 3375.0 35181.0
0


HOST: 197
0.5400151132154358 0.5390325006618051 0.5460670444245379
21320.876699971835 18309.316949979533 3011.5597500013264
39482.0 33967.0 5515.0
0


HOST: 198
0.5764548792348517 0.5764548792348517 0.0
16587.48914998286 16587.48914998286 0.0
28775.0 28775.0 0.0
0


HOST: 199
0.5394439288980767 0.5530223828792984 0.5242319546439924
21182.884199969674 11474.108399979683 9708.775800006739
39268.0 20748.0 18520.0
0


HOST: 200
0.5062499999993635 0.5062499999985448 0.5062499999996309
18563.17499997666 1708.5937499950887 16854.581249987714
36668.0 3375.0 33293.0
0


HOST: 201
0.5426927936954972 0.5464412940425846 0.506249999999909
22727.974199967422 20750.561699973106 1977.4124999996448
41880.0 37974.0 3906.0
0


HOST: 202
0.5268307974193456 0.5110548848554962 0.5310258025606478
21564.238199968655 4394.049899987556 17170.188299995985
40932.0 8598.0 32334.0
0


HOST: 203
0.5282657207930188 0.5282657207930188 0.0
20524.70804997116 20524.70804997116 0.0
38853.0 38853.0 0.0
0


HOST: 204
0.5651171480136773 0.5557217960385558 0.6023870743036781
21758.70554997062 17089.00094998163 4669.704600002113
38503.0 30751.0 7752.0
0


HOST: 205
0.5473062296908091 0.5473062296908091 0.0
20549.15969997112 20549.15969997112 0.0
37546.0 37546.0 0.0
0


HOST: 206
0.5285651967118203 0.5359086857885232 0.5206105263161503
20837.625749970095 10985.592149978938 9852.03360000683
39423.0 20499.0 18924.0
0


HOST: 207
0.5578816207427066 0.5603704722017444 0.506249999999909
23182.770749963172 22215.326999965953 967.4437499998262
41555.0 39644.0 1911.0
0


HOST: 208
0.5322322386123998 0.5370208164625829 0.5062500000003638
19771.363199973428 16844.73194998184 2926.631250002103
37148.0 31367.0 5781.0
0


HOST: 209
0.5483433039945648 0.5491116187230776 0.5476228839425562
23674.72214996533 11472.58904998126 12202.133100008037
43175.0 20893.0 22282.0
0


HOST: 210
0.5539190967246441 0.5467626245057519 0.6965190546098373
19740.01484997614 18553.842899978183 1186.171950000553
35637.0 33934.0 1703.0
0


HOST: 211
0.5062499999992985 0.5062499999985448 0.5062499999998237
20163.93749997206 3417.693749990176 16746.243749994166
39830.0 6751.0 33079.0
0


HOST: 212
0.5062499999992695 0.5062499999985448 0.50624999999933
20974.44374996973 488.0249999985972 20486.418749972887
41431.0 964.0 40467.0
0


HOST: 213
0.5462398340505725 0.5446478773578934 0.5526003629189117
21428.44244996991 17088.871799981265 4339.570650002213
39229.0 31376.0 7853.0
0


HOST: 214
0.5211193947909455 0.5062499999985448 0.5235844545810985
22973.02739996404 3173.6812499908774 19799.346149984238
44084.0 6269.0 37815.0
0


HOST: 215
0.5230605636325512 0.5253402467128979 0.5220283755570021
21836.209349968114 6835.201949981514 15001.007400006012
41747.0 13011.0 28736.0
0


HOST: 216
0.5457158849159818 0.547342706644345 0.5062499999999409
21035.164499971434 20262.626999973654 772.5374999999099
38546.0 37020.0 1526.0
0


HOST: 217
0.5062499999993234 0.5062499999985448 0.5062499999995727
19518.974999973914 1708.5937499950887 17810.381249984966
38556.0 3375.0 35181.0
0


HOST: 218
0.546135099257831 0.5325494403855626 0.5514232038692145
20550.51764997292 5614.668749984987 14935.848900001543
37629.0 10543.0 27086.0
0


HOST: 219
0.5594435983441638 0.5594435983441638 0.0
17845.131899982138 17845.131899982138 0.0
31898.0 31898.0 0.0
0


HOST: 220
0.5403784880904354 0.5403784880904354 0.0
16766.32334998194 16766.32334998194 0.0
31027.0 31027.0 0.0
0


HOST: 221
0.5259310375662536 0.5259310375662536 0.0
12347.808899980502 12347.808899980502 0.0
23478.0 23478.0 0.0
0


HOST: 222
0.5512516680844035 0.5512516680844035 0.0
19431.621299975224 19431.621299975224 0.0
35250.0 35250.0 0.0
0


HOST: 223
0.5581244747235966 0.5607699789658758 0.5169750968574438
21463.234799970633 20262.30164997399 1200.933149999842
38456.0 36133.0 2323.0
0


HOST: 224
0.5062499999994703 0.5062499999985448 0.5062499999995655
16421.23124998282 1464.5812499957901 14956.649999987163
32437.0 2893.0 29544.0
0


HOST: 225
0.5371990335813819 0.5422974524870215 0.5281493240709592
23818.867949964893 15380.098049984419 8438.769900005786
44339.0 28361.0 15978.0
0


HOST: 226
0.5404584523094998 0.5191557249974194 0.5561712581527555
22750.598549968396 9276.793649978887 13473.804900008654
42095.0 17869.0 24226.0
0


HOST: 227
0.5650156227330214 0.5797282641079791 0.5293451907883521
17139.183899983473 12450.244199982959 4688.939700003222
30334.0 21476.0 8858.0
0


HOST: 228
0.6144976876331795 0.628863239246471 0.5853652299833291
16383.122849988198 11228.981999984986 5154.140850003212
26661.0 17856.0 8805.0
0


HOST: 229
0.5180428212954107 0.5062499999985448 0.5194293944314331
14245.141499981202 1464.5812499957901 12780.560249985412
27498.0 2893.0 24605.0
0


HOST: 230
0.5605499018068766 0.5605499018068766 0.0
15413.440649983686 15413.440649983686 0.0
27497.0 27497.0 0.0
0


HOST: 231
0.520006455973215 0.520006455973215 0.0
13270.044749980476 13270.044749980476 0.0
25519.0 25519.0 0.0
0


HOST: 232
0.5062499999993479 0.5062499999985448 0.5062499999994563
14376.487499981484 1708.5937499950887 12667.893749986395
28398.0 3375.0 25023.0
0


HOST: 233
0.5841075514468429 0.5841075514468429 0.0
20095.636199977183 20095.636199977183 0.0
34404.0 34404.0 0.0
0


HOST: 234
0.6030398458520302 0.6030398458520302 0.0
14787.743099983485 14787.743099983485 0.0
24522.0 24522.0 0.0
0


HOST: 235
0.5907524077729023 0.6001564837038336 0.5622369278783134
13739.71949998216 10496.73689998005 3242.982600002111
23258.0 17490.0 5768.0
0


HOST: 236
0.5764172708523585 0.6033169679410924 0.5580677929775832
20130.220349976917 8544.17489998175 11586.045450007605
34923.0 14162.0 20761.0
0


HOST: 237
0.5985561434654417 0.6273288307091153 0.5418786226538129
16855.340999986838 11717.247899984855 5138.093100003454
28160.0 18678.0 9482.0
0


HOST: 238
0.9040791071157005 2.8075308729246387 0.5062499999993264
55477.00624994073 29782.287499984566 25694.71874996581
61363.0 10608.0 50755.0
2


HOST: 239
0.5775485309997048 0.578796619215637 0.5773252323949188
16040.832899985802 2439.6277499939097 13601.205149991893
27774.0 4215.0 23559.0
0


HOST: 240
0.5500131463284689 0.5549121119620309 0.5283832473121375
20774.546549972598 17089.073399982706 3685.473150002159
37771.0 30796.0 6975.0
0


HOST: 241
0.5425042913631335 0.5443703760609604 0.5410178556001835
20302.680599973908 9032.737649979515 11269.942950007422
37424.0 16593.0 20831.0
0


HOST: 242
0.5725722863025385 0.580502484308241 0.5099496943230533
23330.602949969536 20995.033349976155 2335.569599999584
40747.0 36167.0 4580.0
0


HOST: 243
0.5460901861567676 0.5465192850457085 0.543799689910785
22881.178799968562 19286.119049978006 3595.0597500001995
41900.0 35289.0 6611.0
0


HOST: 244
0.5509821403520186 0.5908050338805023 0.5320736258477436
21214.465349973776 7323.619199982706 13890.846150007043
38503.0 12396.0 26107.0
0


HOST: 245
0.5551272603538628 0.5551272603538628 0.0
22637.534549970173 22637.534549970173 0.0
40779.0 40779.0 0.0
0


HOST: 246
0.5490021861560755 0.5484314025495103 0.5514951073987124
22224.70649997025 18065.33039998087 4159.376100001089
40482.0 32940.0 7542.0
0


HOST: 247
0.5422959811188176 0.5422959811188176 0.0
16084.498799984129 16084.498799984129 0.0
29660.0 29660.0 0.0
0


HOST: 248
0.5480598875379737 0.5711384745049634 0.5347577100027406
21783.73634997184 8300.355449980632 13483.380900009102
39747.0 14533.0 25214.0
0


HOST: 249
0.5519303923337195 0.5506748488670224 0.5557613150410265
24365.519099964382 18309.38804997963 6056.131050002066
44146.0 33249.0 10897.0
0


HOST: 250
1.0887636800720402 1.7158418976228043 0.5529761922415315
49025.939749963894 35598.57184998032 13427.367900008867
45029.0 20747.0 24282.0
2


HOST: 251
0.5449906428431887 0.532052586205947 0.5567157566717085
23670.03359996537 10985.821799980393 12684.211800008205
43432.0 20648.0 22784.0
0


HOST: 252
0.5396939831736778 0.5396939831736778 0.0
19630.28924997618 19630.28924997618 0.0
36373.0 36373.0 0.0
0


HOST: 253
0.5432666216031763 0.5432666216031763 0.0
20695.741949973002 20695.741949973002 0.0
38095.0 38095.0 0.0
0


HOST: 254
0.5655895377228308 0.5338479881416879 0.6128630129554209
19453.452149976765 10985.523899979653 8467.92825000505
34395.0 20578.0 13817.0
0


HOST: 255
0.5447922017660202 0.5535287941242266 0.5367222486675344
22016.68724997017 10741.226249980618 11275.461000007563
40413.0 19405.0 21008.0
0


HOST: 256
0.5596830599646423 0.5195249822638648 0.5704949976124515
22316.242649970183 4394.142299987769 17922.100349995162
39873.0 8458.0 31415.0
0


HOST: 257
0.5506986173073408 0.5576390168282195 0.54342205278628
23080.32974996796 11961.914549982137 11118.415200007288
41911.0 21451.0 20460.0
0


HOST: 258
0.5455186952790307 0.5418604390644509 0.5535109789365595
22929.241799968222 15624.003899984376 7305.237900004713
42032.0 28834.0 13198.0
0


HOST: 259
1.1310703809386267 1.564554060392783 0.5457624288075178
49941.281599964124 39688.04284998373 10253.238750006836
44154.0 25367.0 18787.0
2


HOST: 260
0.5575930272408437 0.5546100940063902 0.5633314256653359
21635.167049971977 14159.19569998314 7475.971350004673
38801.0 25530.0 13271.0
0


HOST: 261
0.5451465546608454 0.5112581151818045 0.5485142403740807
23037.893399967325 1953.0059999944933 21084.887399979663
42260.0 3820.0 38440.0
0


HOST: 262
0.5398120480679837 0.5239199334701934 0.5472794722692004
23605.44104996486 7323.876749979834 16281.564300008711
43729.0 13979.0 29750.0
0


HOST: 263
0.5418646783560476 0.544389198915417 0.5245889994206043
22001.873399968958 19286.076149976478 2715.7972500004685
40604.0 35427.0 5177.0
0


HOST: 264
0.5695094145798555 0.5621051349353569 0.601506866127237
22841.883599968845 18308.326349979507 4533.557250000986
40108.0 32571.0 7537.0
0


HOST: 265
0.5476050627735864 0.5226091197108567 0.5582158451473319
21459.547199971305 6103.029299983384 15356.517900003102
39188.0 11678.0 27510.0
0


HOST: 266
0.5417680135221933 0.5456326410871158 0.5353020785294985
23236.43009996687 14647.508249983624 8588.921850005803
42890.0 26845.0 16045.0
0


HOST: 267
0.5703333092289696 0.5701892595685863 0.5727108745688229
17351.820599982173 16356.449099984467 995.3715000006141
30424.0 28686.0 1738.0
0


HOST: 268
0.5432224122767216 0.5434837759387895 0.543106568931705
22246.58744996858 6835.395449982156 15411.19200000606
40953.0 12577.0 28376.0
0


HOST: 269
1.101993672981181 3.8934810616518507 0.5584969761804395
48916.397149961645 28165.44199998949 20750.955149984227
44389.0 7234.0 37155.0
2


HOST: 270
0.5608046112740446 0.5608114222569999 0.506249999999909
22462.46789997058 22459.936649970587 2.5312499999995453
40054.0 40049.0 5.0
0


HOST: 271
0.5360304070153911 0.5360304070153911 0.0
21361.34774997035 21361.34774997035 0.0
39851.0 39851.0 0.0
0


HOST: 272
0.5062499999991432 0.5062499999985448 0.5062499999991964
11964.71249997975 976.0499999971944 10988.662499982556
23634.0 1928.0 21706.0
0


HOST: 273
0.506249999999437 0.5062499999985448 0.5062499999995649
17033.793749981058 976.0499999971944 16057.743749986199
33647.0 1928.0 31719.0
0


HOST: 274
0.5567751477661884 0.5633690162913667 0.5062500000003638
18274.473899981836 16356.29264998725 1918.1812500013784
32822.0 29033.0 3789.0
0


HOST: 275
0.5589745308620881 0.5589745308620881 0.0
18944.764799977893 18944.764799977893 0.0
33892.0 33892.0 0.0
0


HOST: 276
0.6029307874631589 0.6458274920626371 0.5322835482750095
18314.625599980915 12206.139599983842 6108.486000004008
30376.0 18900.0 11476.0
0


HOST: 277
0.6055890631013576 0.6150610136313366 0.54916101581381
15719.880899985043 13670.961149983717 2048.919750001325
25958.0 22227.0 3731.0
0


HOST: 278
0.55392032191313 0.5687797220006318 0.5233050294570456
15538.018949985211 10741.405049981931 4796.61390000328
28051.0 18885.0 9166.0
0


HOST: 279
0.5797764052435838 0.5797764052435838 0.0
9551.236499982799 9551.236499982799 0.0
16474.0 16474.0 0.0
0


HOST: 280
0.5859802375159869 0.5859802375159869 0.0
9893.104349982408 9893.104349982408 0.0
16883.0 16883.0 0.0
0


HOST: 281
0.592900067414831 0.592900067414831 0.0
11872.82384998199 11872.82384998199 0.0
20025.0 20025.0 0.0
0


HOST: 282
0.5800095327299458 0.5800095327299458 0.0
10526.012999983057 10526.012999983057 0.0
18148.0 18148.0 0.0
0


HOST: 283
0.5349109534690968 0.625822386008518 0.5144658958939298
15910.391399984814 3417.616049992517 12492.775349992296
29744.0 5461.0 24283.0
0


HOST: 284
0.5592273710703958 0.5592273710703958 0.0
16439.047799985354 16439.047799985354 0.0
29396.0 29396.0 0.0
0


HOST: 285
0.5532304215971351 0.5532304215971351 0.0
14959.350599986534 14959.350599986534 0.0
27040.0 27040.0 0.0
0


HOST: 286
0.5596781726385986 0.5910898855368254 0.534007474366256
16961.606699985372 8055.964049981394 8905.64265000605
30306.0 13629.0 16677.0
0


HOST: 287
0.542999346763514 0.5718939578250166 0.5220559438275575
14338.983749984114 6346.307249984209 7992.676499999905
26407.0 11097.0 15310.0
0


HOST: 288
0.5557240513438393 0.6002864938151726 0.5234438285837665
18291.65714998247 8300.161349982392 9991.495800006935
32915.0 13827.0 19088.0
0


HOST: 289
0.5396534319651227 0.5396534319651227 0.0
14717.968049984791 14717.968049984791 0.0
27273.0 27273.0 0.0
0


HOST: 290
0.5720181832936677 0.5720181832936677 0.0
15853.483949984002 15853.483949984002 0.0
27715.0 27715.0 0.0
0


HOST: 291
0.5444920168062136 0.6210892367477447 0.5188423892462775
15356.308349985644 4394.206349990294 10962.10199999535
28203.0 7075.0 21128.0
0


HOST: 292
0.539331563410234 0.5476243714357759 0.5062500000003638
14433.591299984684 11718.066299982733 2715.5250000019514
26762.0 21398.0 5364.0
0


HOST: 293
0.5479384582442758 0.5669709368969148 0.5138293304998325
17275.95164998377 11473.790849982865 5802.160800004109
31529.0 20237.0 11292.0
0


HOST: 294
0.506249999998789 0.5062499999985448 0.5062499999987955
9272.981249977816 244.0124999992986 9028.968749978518
18317.0 482.0 17835.0
0


HOST: 295
0.7040356423165819 0.7149330666240803 0.5671233245728493
21801.167699975274 20506.425149978495 1294.7425499998149
30966.0 28683.0 2283.0
0


HOST: 296
0.577537941725928 0.6322183684780377 0.5657473315780466
17601.623849981108 3417.772499992272 14183.851349993207
30477.0 5406.0 25071.0
0


HOST: 297
0.5942893081198426 0.6019447526577927 0.5062500000003638
16766.68424998512 15624.077999985668 1142.606250000821
28213.0 25956.0 2257.0
0


HOST: 298
0.5725836800290858 0.5915460991494009 0.5239875343585005
20038.711049977916 14891.581499987018 5147.12955000355
34997.0 25174.0 9823.0
0


HOST: 299
0.5562443706585396 0.5569377317048607 0.5545292607227117
13695.292649983903 9764.789249981322 3930.5034000025807
24621.0 17533.0 7088.0
0


HOST: 300
0.6287467720680241 0.6295930531892427 0.6261799483398457
17179.87679998669 12937.50764998575 4242.369150002454
27324.0 20549.0 6775.0
0


HOST: 301
0.6105079663453128 0.6105079663453128 0.0
14403.714449984966 14403.714449984966 0.0
23593.0 23593.0 0.0
0


HOST: 302
0.5667856739332217 0.5691540663619814 0.5587749220615829
13544.477249982197 10497.477599980386 3046.9996500018115
23897.0 18444.0 5453.0
0


HOST: 303
0.6575300862399686 0.6680826961932578 0.5149558020481402
16773.592499981598 15868.300199982259 905.2923000006303
25510.0 23752.0 1758.0
0


HOST: 304
0.5820593621196243 0.5889755495318142 0.5062500000000683
21324.908849976673 19774.26509998113 1550.643750000209
36637.0 33574.0 3063.0
0


HOST: 305
0.5950026732825521 0.5950026732825521 0.0
14867.92679998441 14867.92679998441 0.0
24988.0 24988.0 0.0
0


HOST: 306
0.556961228454841 0.5726489946367365 0.5474206793474817
13184.386199982995 5126.353799988065 8058.0323999949305
23672.0 8952.0 14720.0
0


HOST: 307
0.5835655302043696 0.6058378499099304 0.5180652094588378
15755.685749987775 12206.420999985277 3549.2647500024977
26999.0 20148.0 6851.0
0


HOST: 308
0.5522657740199486 0.5563692207309029 0.5062500000003638
16364.187149985097 15136.024649984214 1228.1625000008826
29631.0 27205.0 2426.0
0


HOST: 309
0.5062499999993807 0.5062499999985448 0.5062499999994394
14854.893749981828 976.0499999971944 13878.843749984633
29343.0 1928.0 27415.0
0


HOST: 310
0.5627079719382757 0.5282109347937369 0.5739391132817824
15881.869799985894 3661.558199990184 12220.31159999571
28224.0 6932.0 21292.0
0


HOST: 311
0.6126900579330873 0.6242623044517271 0.5919461351792275
19036.28009998102 12450.287399985245 6585.992700004084
31070.0 19944.0 11126.0
0


HOST: 312
0.5968712572903302 0.5968712572903302 0.0
13814.585249984691 13814.585249984691 0.0
23145.0 23145.0 0.0
0


HOST: 313
0.5464501329193017 0.5717794054040427 0.5410532708843223
17266.731299984094 3173.375699992437 14093.355599994828
31598.0 5550.0 26048.0
0


HOST: 314
0.5062499999994224 0.5062499999985448 0.5062499999997429
15513.0187499823 4149.731249988072 11363.287499994229
30643.0 8197.0 22446.0
0


HOST: 315
0.6034125026733459 0.6201476492997418 0.6012969199258275
16925.720699987352 1952.224799995587 14973.495899992955
28050.0 3148.0 24902.0
0


HOST: 316
0.6011636878742236 0.6042138083827449 0.5062500000003638
15543.08714998805 15135.555899987758 407.53125000029286
25855.0 25050.0 805.0
0


HOST: 317
0.596297265926876 0.5650781746017728 0.6112002269231347
22322.388149972605 6835.185599983044 15487.20255000531
37435.0 12096.0 25339.0
0


HOST: 318
0.5752315596717347 0.5847188408615315 0.517218903269665
24032.024099965733 20994.91469997415 3037.1093999994728
41778.0 35906.0 5872.0
0


HOST: 319
0.5805740980121502 0.5805740980121502 0.0
18054.693299981845 18054.693299981845 0.0
31098.0 31098.0 0.0
0


HOST: 320
0.5285189431381584 0.522173126284052 0.532223717579317
17427.912149980773 6347.014349982652 11080.89780000138
32975.0 12155.0 20820.0
0


HOST: 321
0.5540919750565374 0.558143609545986 0.5116515771027917
21770.273699971352 20018.378699976332 1751.894999999959
39290.0 35866.0 3424.0
0


HOST: 322
0.555704721070602 0.5592419078717237 0.5433024910454457
23070.63719996711 18065.19134998029 5005.445850001692
41516.0 32303.0 9213.0
0


HOST: 323
0.5406109081176393 0.5363080610865176 0.5493832081199886
22740.797849968498 15135.6860999837 7605.111750005002
42065.0 28222.0 13843.0
0


HOST: 324
0.540321224308924 0.5411254545763606 0.538167584864026
21426.43814997038 15623.91524998326 5802.522900003929
39655.0 28873.0 10782.0
0


HOST: 325
0.5527134759989002 0.5420932951275159 0.5578743951686155
23593.680149965054 7567.622399980122 16026.057750008818
42687.0 13960.0 28727.0
0


HOST: 326
0.5378236872496883 0.5203770983198898 0.5418761117126091
21416.67704996984 3905.9504999890924 17510.726549992964
39821.0 7506.0 32315.0
0


HOST: 327
0.5380411304673958 0.5380411304673958 0.0
16924.6217999824 16924.6217999824 0.0
31456.0 31456.0 0.0
0


HOST: 328
0.5554775309988679 0.5554775309988679 0.0
10616.842049981362 10616.842049981362 0.0
19113.0 19113.0 0.0
0


HOST: 329
0.5248161418767994 0.5220428761047708 0.5390768486908715
8500.44704997852 7078.901399980692 1421.5456499978281
16197.0 13560.0 2637.0
0


HOST: 330
0.5334325360085543 0.5336004490368776 0.5062500000003638
11295.433949981138 11229.62144998109 65.8125000000473
21175.0 21045.0 130.0
0


HOST: 331
0.5432788943113656 0.5432788943113656 0.0
10239.720599980617 10239.720599980617 0.0
18848.0 18848.0 0.0
0


HOST: 332
0.5629119515586213 0.5629119515586213 0.0
14549.022299984126 14549.022299984126 0.0
25846.0 25846.0 0.0
0


HOST: 333
0.5430478250798457 0.5430478250798457 0.0
9388.210799980374 9388.210799980374 0.0
17288.0 17288.0 0.0
0


HOST: 334
0.5605866346594114 0.5237603343450677 0.5887207007239004
14478.831599983278 5858.783099983928 8620.04849999935
25828.0 11186.0 14642.0
0


HOST: 335
0.5472454873637224 0.5472454873637224 0.0
11520.611999981083 11520.611999981083 0.0
21052.0 21052.0 0.0
0


HOST: 336
0.5062499999989875 0.5062499999985448 0.5062499999990725
10610.999999978778 1708.5937499950887 8902.40624998369
20960.0 3375.0 17585.0
0


HOST: 337
0.5722656814348703 0.5722656814348703 0.0
10203.497099983739 10203.497099983739 0.0
17830.0 17830.0 0.0
0


HOST: 338
0.549551130070182 0.5738673960204074 0.5090362307918612
9725.95589998208 6346.973399985705 3378.982499996375
17698.0 11060.0 6638.0
0


HOST: 339
0.5918911175973189 0.60613262715127 0.5723456359241212
12774.194099985338 7567.565849983606 5206.628250001731
21582.0 12485.0 9097.0
0


HOST: 340
0.5780604031944024 0.5780604031944024 0.0
12157.766399984672 12157.766399984672 0.0
21032.0 21032.0 0.0
0


HOST: 341
0.5750640232924925 0.5750640232924925 0.0
12146.502299984028 12146.502299984028 0.0
21122.0 21122.0 0.0
0


HOST: 342
0.5967964669954515 0.5967964669954515 0.0
12314.298299984148 12314.298299984148 0.0
20634.0 20634.0 0.0
0


HOST: 343
0.5682562139930181 0.5682562139930181 0.0
11540.715449984204 11540.715449984204 0.0
20309.0 20309.0 0.0
0


HOST: 344
0.5062499999985448 0.5062499999985448 0.5062499999985448
7900.031249977292 244.0124999992986 7656.018749977993
15605.0 482.0 15123.0
0


HOST: 345
0.5715718990505849 0.5734915384607203 0.5062500000003638
12773.488799982471 12450.50129998224 322.9875000002321
22348.0 21710.0 638.0
0


HOST: 346
0.5634054495902815 0.5634054495902815 0.0
9924.9503999824 9924.9503999824 0.0
17616.0 17616.0 0.0
0


HOST: 347
0.5936723881444881 0.8451996535782869 0.5495579052175313
10336.429949983682 2195.8286999963893 8140.601249987292
17411.0 2598.0 14813.0
0


HOST: 348
0.5547213620511554 0.5574231854073893 0.506249999999909
21801.104249972457 20750.635499975477 1050.4687499998113
39301.0 37226.0 2075.0
0


HOST: 349
0.5248993953416007 0.5112547269992995 0.5309716656128518
22787.45744996491 6835.475699980634 15951.981750006908
43413.0 13370.0 30043.0
0


HOST: 350
0.5493350426631646 0.5493350426631646 0.0
23112.173249967323 23112.173249967323 0.0
42073.0 42073.0 0.0
0


HOST: 351
1.1226567404118066 2.428688250805443 0.5852249854227457
48917.52214996365 30851.62684998154 18065.89530000016
43573.0 12703.0 30870.0
2


HOST: 352
0.5434044223399311 0.545522551209678 0.536970965309559
17454.69344998093 13182.552449981868 4272.141000002852
32121.0 24165.0 7956.0
0


HOST: 353
0.5513705456299463 0.5641125160922624 0.5125929174204183
22191.01034996845 17088.660449982905 5102.349900002844
40247.0 30293.0 9954.0
0


HOST: 354
0.5489212626378104 0.5489212626378104 0.0
18241.751399979716 18241.751399979716 0.0
33232.0 33232.0 0.0
0


HOST: 355
0.5327237591373397 0.5404885229691258 0.5206671639045998
22152.784799967136 13671.116699981067 8481.66810000593
41584.0 25294.0 16290.0
0


HOST: 356
0.5442099174248334 0.5539526894313851 0.513320079019115
19244.351099976957 14891.910149983925 4352.440950003076
35362.0 26883.0 8479.0
0


HOST: 357
0.5472133827015959 0.5465028304441337 0.5492910592089221
21651.044699971346 16112.542949984396 5538.501750003561
39566.0 29483.0 10083.0
0


HOST: 358
0.5133998151234908 0.5153208743184363 0.508779637527016
17217.376199981387 12206.405549980802 5010.970650003581
33536.0 23687.0 9849.0
0


HOST: 359
0.5402617166606579 0.5295927967504341 0.5522055389504815
18388.888049978814 9521.019299979305 8867.868750005782
34037.0 17978.0 16059.0
0


HOST: 360
0.5305240678081288 0.5377521071435775 0.5204828521943574
21953.616449968176 12938.853449981618 9014.76300000627
41381.0 24061.0 17320.0
0


HOST: 361
0.5115550194388604 0.5117573978887411 0.5114029322088365
17631.255299979763 7567.868399978703 10063.386900005484
34466.0 14788.0 19678.0
0


HOST: 362
0.5425710254067536 0.5425710254067536 0.0
9545.452049981017 9545.452049981017 0.0
17593.0 17593.0 0.0
0


HOST: 363
0.5089563496199795 0.5200412117162565 0.5062499999989444
9738.879749978307 1952.754749994543 7786.124999983764
19135.0 3755.0 15380.0
0


HOST: 364
0.5659128333969641 0.5659128333969641 0.0
11712.131999983569 11712.131999983569 0.0
20696.0 20696.0 0.0
0


HOST: 365
0.5062499999986662 0.5062499999986662 0.0
8602.706249977335 8602.706249977335 0.0
16993.0 16993.0 0.0
0


HOST: 366
0.5073734304922969 0.5073734304922969 0.0
10861.850399979092 10861.850399979092 0.0
21408.0 21408.0 0.0
0


HOST: 367
0.5582693062737166 0.5582693062737166 0.0
9270.620099981339 9270.620099981339 0.0
16606.0 16606.0 0.0
0


HOST: 368
0.565526510136177 0.6188812876293062 0.5135604938267684
10850.75714998283 5858.949149986642 4991.807999996188
19187.0 9467.0 9720.0
0


HOST: 369
0.5269388537279385 0.5269388537279385 0.0
9658.262249979385 9658.262249979385 0.0
18329.0 18329.0 0.0
0


HOST: 370
0.5528107106526504 0.853092536194301 0.5119336890025263
9241.336649980358 1708.744349997185 7532.592299983173
16717.0 2003.0 14714.0
0


HOST: 371
0.5081708918237233 0.5081708918237233 0.0
9230.924249977934 9230.924249977934 0.0
18165.0 18165.0 0.0
0


HOST: 372
0.5062499999990072 0.5062499999985448 0.506249999999041
10765.406249978889 732.0374999978958 10033.368749980993
21265.0 1446.0 19819.0
0


HOST: 373
0.5062499999991494 0.5062499999985448 0.5062499999992667
12025.968749979795 1952.6062499943873 10073.362499985407
23755.0 3857.0 19898.0
0


HOST: 374
0.5067474215844932 0.5067474215844932 0.0
8352.7177499772 8352.7177499772 0.0
16483.0 16483.0 0.0
0


HOST: 375
0.5062499999985448 0.5062499999985448 0.0
7864.087499977395 7864.087499977395 0.0
15534.0 15534.0 0.0
0


HOST: 376
0.513985451029294 0.513985451029294 0.0
10501.236749979507 10501.236749979507 0.0
20431.0 20431.0 0.0
0


HOST: 377
0.6452922266707438 0.6452922266707438 0.0
8056.473449984236 8056.473449984236 0.0
12485.0 12485.0 0.0
0


HOST: 378
0.5741717598581617 0.5741717598581617 0.0
11079.792449982946 11079.792449982946 0.0
19297.0 19297.0 0.0
0


HOST: 379
0.6161004427195296 0.6161004427195296 0.0
13498.760699984892 13498.760699984892 0.0
21910.0 21910.0 0.0
0


HOST: 380
0.608392745466756 0.6474177156988513 0.5639051446136407
12919.219949986564 7323.589199985407 5595.630750001157
21235.0 11312.0 9923.0
0


HOST: 381
0.5686826497386971 0.596245715894979 0.5310117103232548
10481.958599983665 6346.439399986157 4135.519199997509
18432.0 10644.0 7788.0
0


HOST: 382
0.573873004058459 0.578637068737295 0.5062500000003638
9330.027299982426 8788.339799982037 541.6875000003893
16258.0 15188.0 1070.0
0


HOST: 383
0.5723097106702614 0.5723097106702614 0.0
8189.17964998077 8189.17964998077 0.0
14309.0 14309.0 0.0
0


HOST: 384
0.5857997209556322 0.5857997209556322 0.0
11441.25434998445 11441.25434998445 0.0
19531.0 19531.0 0.0
0


HOST: 385
0.5500181796592378 0.5500181796592378 0.0
11584.482899982866 11584.482899982866 0.0
21062.0 21062.0 0.0
0


HOST: 386
0.5230537801621007 0.5249605974054806 0.5175943578647185
21004.270649969476 15623.877299981914 5380.393350003749
40157.0 29762.0 10395.0
0


HOST: 387
0.532444155705681 0.5335797551521627 0.5062500000003638
20079.533999972642 19286.240249974922 793.2937500005701
37712.0 36145.0 1567.0
0


HOST: 388
0.5391920011913772 0.5469647742992952 0.5105524887705046
20805.801749971673 16600.38089998361 4205.420850002647
38587.0 30350.0 8237.0
0


HOST: 389
0.552481777542325 0.5586196841516163 0.53962702584991
23544.010949966178 16112.267549985068 7431.74340000496
42615.0 28843.0 13772.0
0


HOST: 390
0.5273179112303379 0.5234365787787508 0.5291001932756447
21100.09889997074 6591.11339998203 14508.985500004728
40014.0 12592.0 27422.0
0


HOST: 391
0.5415219843078931 0.5363179145780814 0.5438599016938175
19878.18899997414 6102.7615499839885 13775.427450002702
36708.0 11379.0 25329.0
0


HOST: 392
0.5280411833664611 0.5062499999985448 0.5286025896620469
20267.27669997151 488.0249999985972 19779.25169997447
38382.0 964.0 37418.0
0


HOST: 393
0.5858682025337183 0.5894233433384748 0.5654443017809414
21081.881399973317 18065.236049980915 3016.6453500013226
35984.0 30649.0 5335.0
0


HOST: 394
0.5505010005199212 0.5668029198796711 0.5227297077163878
22201.154849967905 14403.595799982204 7797.559050005357
40329.0 25412.0 14917.0
0


HOST: 395
0.544714777933538 0.544714777933538 0.0
18188.571149978765 18188.571149978765 0.0
33391.0 33391.0 0.0
0


HOST: 396
0.5905869627968284 0.5514443459497189 0.6164512935912144
21685.17209997395 8056.050449979444 13629.12165000816
36718.0 14609.0 22109.0
0


HOST: 397
0.5472634884383777 0.5494390040005387 0.5427903702075031
22769.44469996714 15379.89659998308 7389.548100004948
41606.0 27992.0 13614.0
0


HOST: 398
0.5564568594008332 0.5564568594008332 0.0
17457.72104998234 17457.72104998234 0.0
31373.0 31373.0 0.0
0


HOST: 399
0.5567807004499769 0.5427204527076347 0.5935351809460303
22853.0638499693 16112.28479998426 6740.779050004066
41045.0 29688.0 11357.0
0


HOST: 400
0.5062499999994718 0.5062499999985448 0.506249999999581
16394.906249982894 1708.5937499950887 14686.312499987846
32385.0 3375.0 29010.0
0


HOST: 401
0.5439263834556795 0.5446822504304757 0.5300299875702686
16965.06389998264 16112.2456499839 852.8182500005623
31190.0 29581.0 1609.0
0


HOST: 402
0.5340511137584003 0.5249251511879256 0.5389902916685166
22632.552149967247 7811.9360999787095 14820.616050009203
42379.0 14882.0 27497.0
0


HOST: 403
0.5538481405982572 0.5708165765422393 0.5424718400943853
18884.560049978776 7811.624849980544 11072.935200006594
34097.0 13685.0 20412.0
0


HOST: 404
0.545914565080656 0.5502124070303666 0.5436299688513524
20936.915399973317 7323.877349981209 13613.038050006717
38352.0 13311.0 25041.0
0


HOST: 405
0.5459199172302607 0.5500423457724785 0.5303772074661408
21765.82709997049 17332.93439998234 4432.892700002005
39870.0 31512.0 8358.0
0


HOST: 406
0.5616935821414264 0.5613008410303022 0.5627429941801427
19136.338649976256 13915.209149982222 5221.129500003364
34069.0 24791.0 9278.0
0


HOST: 407
0.5769277965055377 0.5769277965055377 0.0
22590.184799970833 22590.184799970833 0.0
39156.0 39156.0 0.0
0


HOST: 408
0.5528026820740518 0.5528026820740518 0.0
21837.36434997127 21837.36434997127 0.0
39503.0 39503.0 0.0
0


HOST: 409
0.5423608481152752 0.5119400511192718 0.5498506906343119
20943.26414997135 3905.5906499889243 17037.673499994788
38615.0 7629.0 30986.0
0


HOST: 410
0.563310905244175 0.5648917293341373 0.5551891834820457
22103.19329997094 18553.868849979743 3549.324450000718
39238.0 32845.0 6393.0
0


HOST: 411
0.5516981498067671 0.5495213120894679 0.5549235546994264
18472.509149979982 10985.480549980552 7487.028600004662
33483.0 19991.0 13492.0
0


HOST: 412
0.551008290225185 0.547502744727331 0.5680630139719789
24286.241399965256 20017.247849975945 4268.993549999422
44076.0 36561.0 7515.0
0


HOST: 413
0.5421828693034911 0.5428160020068881 0.5418255676991411
20953.74134997202 7567.940699980034 13385.800650007282
38647.0 13942.0 24705.0
0


HOST: 414
0.5062499999993286 0.5062499999985448 0.5062499999995415
19388.86874997429 1464.5812499957901 17924.287499983766
38299.0 2893.0 35406.0
0


HOST: 415
0.5358427784857389 0.5345119956194931 0.5362856186246613
20583.32864997269 5126.504549986559 15456.824099999987
38413.0 9591.0 28822.0
0


HOST: 416
0.5461248891594077 0.5810211017260163 0.5240413613840215
18353.619149980215 7567.799849981362 10785.81930000593
33607.0 13025.0 20582.0
0


HOST: 417
0.506249999999292 0.5062499999985448 0.5062499999993497
13626.224999980945 976.0499999971944 12650.17499998375
26916.0 1928.0 24988.0
0


HOST: 418
0.5509718032393998 0.6840080234320901 0.5306036637675555
16291.685249985812 2685.4154999943858 13606.269749991427
29569.0 3926.0 25643.0
0


HOST: 419
0.5764107832143659 0.5764107832143659 0.0
16455.951449986933 16455.951449986933 0.0
28549.0 28549.0 0.0
0


HOST: 420
0.5563770167198152 0.5656080690487538 0.5250609006574912
18966.8924999785 14891.89484998464 4074.9976500027897
34090.0 26329.0 7761.0
0


HOST: 421
0.5715245985532748 0.5715245985532748 0.0
18258.49634998147 18258.49634998147 0.0
31947.0 31947.0 0.0
0


HOST: 422
0.5938158771180866 0.7271406382964485 0.5718813217576029
9877.533299982253 1708.7804999966538 8168.752799985599
16634.0 2350.0 14284.0
0


HOST: 423
0.5756131736638649 0.5756131736638649 0.0
14408.173349980203 14408.173349980203 0.0
25031.0 25031.0 0.0
0


HOST: 424
0.581283752019437 0.5998790384609681 0.5086511684521424
20501.296649973527 16844.603399983986 3656.693250002452
35269.0 28080.0 7189.0
0


HOST: 425
0.5665202002826335 0.6018167413702477 0.5465729941103917
14001.546749985286 5370.61259998809 8630.934149997196
24715.0 8924.0 15791.0
0


HOST: 426
0.5384742772894887 0.5344754459927249 0.5442575055704424
11232.034949981446 6591.151199982283 4640.883749999162
20859.0 12332.0 8527.0
0


HOST: 427
0.538497402217631 0.538497402217631 0.0
13836.690749982028 13836.690749982028 0.0
25695.0 25695.0 0.0
0


HOST: 428
0.5191458716316473 0.5191458716316473 0.0
9770.844449979233 9770.844449979233 0.0
18821.0 18821.0 0.0
0


HOST: 429
0.5433979214459213 0.5433979214459213 0.0
13973.477549981866 13973.477549981866 0.0
25715.0 25715.0 0.0
0


HOST: 430
0.5200787293468503 0.5200787293468503 0.0
8656.710449978324 8656.710449978324 0.0
16645.0 16645.0 0.0
0


HOST: 431
0.518072970920138 0.518072970920138 0.0
8872.517699978283 8872.517699978283 0.0
17126.0 17126.0 0.0
0


HOST: 432
0.515169739759441 0.515169739759441 0.0
10452.278849979299 10452.278849979299 0.0
20289.0 20289.0 0.0
0


HOST: 433
0.5093868225414927 0.5093868225414927 0.0
10141.382249978578 10141.382249978578 0.0
19909.0 19909.0 0.0
0


HOST: 434
0.5218683313353258 0.5218683313353258 0.0
9582.546299979253 9582.546299979253 0.0
18362.0 18362.0 0.0
0


HOST: 435
0.6077133484154386 0.6077133484154386 0.0
12087.418499983072 12087.418499983072 0.0
19890.0 19890.0 0.0
0


HOST: 436
0.5321241909133794 0.5321241909133794 0.0
12380.933549981599 12380.933549981599 0.0
23267.0 23267.0 0.0
0


HOST: 437
0.5445000146216901 0.5406150455918804 0.5560520916723991
16756.98794998251 12450.364499981008 4306.623450002731
30775.0 23030.0 7745.0
0


HOST: 438
0.5553933333323626 0.5710568304079455 0.5223259506172431
10496.933999981653 7323.803849981901 3173.1301499997517
18900.0 12825.0 6075.0
0


HOST: 439
0.5544104899835742 0.5832816208668345 0.5368514532531043
11043.302549982815 4393.860449989865 6649.44209999295
19919.0 7533.0 12386.0
0


HOST: 440
0.5731351371788556 0.5731351371788556 0.0
8711.080949981426 8711.080949981426 0.0
15199.0 15199.0 0.0
0


HOST: 441
0.5784773105979546 0.6644414596787723 0.5442569890283321
11942.085599984175 3905.586899991824 8036.498699992351
20644.0 5878.0 14766.0
0


HOST: 442
0.7037436727431097 0.7037436727431097 0.0
12468.226649989674 12468.226649989674 0.0
17717.0 17717.0 0.0
0


HOST: 443
0.5949181348154715 0.592572201523204 0.8310443181820595
10643.6803499836 10497.416549983558 146.26380000004247
17891.0 17715.0 176.0
0


HOST: 444
0.5062499999985448 0.5062499999985448 0.5062499999985448
6243.074999982055 1220.5687499964915 5022.506249985563
12332.0 2411.0 9921.0
0


HOST: 445
0.610567527860879 0.610567527860879 0.0
5423.671349988188 5423.671349988188 0.0
8883.0 8883.0 0.0
0


HOST: 446
0.5678868572736139 0.5678868572736139 0.0
9851.701199982654 9851.701199982654 0.0
17348.0 17348.0 0.0
0


HOST: 447
0.5735684939404087 0.5735684939404087 0.0
11927.930399984738 11927.930399984738 0.0
20796.0 20796.0 0.0
0


HOST: 448
0.5863449196875276 0.60095016930747 0.5732782291366095
8067.519749980691 3904.3732499906328 4163.146499990058
13759.0 6497.0 7262.0
0


HOST: 449
0.5062499999990391 0.5062499999985448 0.5062499999991983
11024.606249979075 2685.1499999922817 8339.456249986793
21777.0 5304.0 16473.0
0


HOST: 450
0.5276389791858809 0.5276389791858809 0.0
7985.815949978307 7985.815949978307 0.0
15135.0 15135.0 0.0
0


HOST: 451
0.5578295841606503 0.5513629767038318 0.5657284582647187
15721.868999983768 8544.472049979282 7177.396950004486
28184.0 15497.0 12687.0
0


HOST: 452
0.5385806174465887 0.5251140291792793 0.5547205974661014
10563.181649979944 5614.519199984854 4948.66244999509
19613.0 10692.0 8921.0
0


HOST: 453
0.5190774016050093 0.5190774016050093 0.0
10471.867499979457 10471.867499979457 0.0
20174.0 20174.0 0.0
0


HOST: 454
0.5207287007099256 0.519788971705277 0.5209308928443944
9666.80759997906 1708.5463499952457 7958.261249983814
18564.0 3287.0 15277.0
0


HOST: 455
0.5303734808105758 0.5303734808105758 0.0
14828.712149982888 14828.712149982888 0.0
27959.0 27959.0 0.0
0


HOST: 456
0.5062499999986487 0.5062499999985448 0.5062499999986585
8515.124999977272 732.0374999978958 7783.087499979376
16820.0 1446.0 15374.0
0


HOST: 457
0.5166924048782074 0.5181739851405108 0.5062499999999999
8894.859749978341 7811.990999978341 1082.8687499999996
17215.0 15076.0 2139.0
0


HOST: 458
0.7780439332868889 1.0025698369443403 0.5062499999999936
69882.34999996179 49312.39999994432 20569.949999999742
89818.0 49186.0 40632.0
2


HOST: 459
0.53278476787412 0.53278476787412 0.0
9433.48709997917 9433.48709997917 0.0
17706.0 17706.0 0.0
0


HOST: 460
0.5394450318463375 0.5394450318463375 0.0
12703.930499981248 12703.930499981248 0.0
23550.0 23550.0 0.0
0


HOST: 461
0.5115381544731645 0.5115381544731645 0.0
8265.433499977393 8265.433499977393 0.0
16158.0 16158.0 0.0
0


HOST: 462
0.5156187086516316 0.5156187086516316 0.0
7794.092399978064 7794.092399978064 0.0
15116.0 15116.0 0.0
0


HOST: 463
0.5965586108338523 0.5965586108338523 0.0
9602.207399981688 9602.207399981688 0.0
16096.0 16096.0 0.0
0


HOST: 464
0.5187491520089582 0.5187491520089582 0.0
9910.183799979139 9910.183799979139 0.0
19104.0 19104.0 0.0
0


HOST: 465
0.5577768828608652 0.5528505748613771 0.5654615217388712
10509.074249981562 6347.27744998347 4161.796799998092
18841.0 11481.0 7360.0
0


HOST: 466
0.5194663200531833 0.5230020841434695 0.5145462461029111
9167.022149978526 5370.185399985145 3796.836749993381
17647.0 10268.0 7379.0
0


HOST: 467
0.5434350034128498 0.5491426472646975 0.5192067535312941
14328.207299983196 11718.154949981381 2610.0523500018153
26366.0 21339.0 5027.0
0


HOST: 468
0.5352736216508371 0.5352736216508371 0.0
8533.867349979297 8533.867349979297 0.0
15943.0 15943.0 0.0
0


HOST: 469
0.5337019854539086 0.5290612692321063 0.5384059053966785
14676.804599982486 7323.795149980047 7353.009450002439
27500.0 13843.0 13657.0
0


HOST: 470
0.5320404599940743 0.5320404599940743 0.0
12514.655699980616 12514.655699980616 0.0
23522.0 23522.0 0.0
0


HOST: 471
0.5062499999987978 0.5062499999985448 0.5062499999989442
9325.631249977854 3417.693749990176 5907.937499987678
18421.0 6751.0 11670.0
0


HOST: 472
0.5390002241786007 0.5390002241786007 0.0
13464.225599981446 13464.225599981446 0.0
24980.0 24980.0 0.0
0


HOST: 473
0.5260564712380469 0.5112877880169917 0.5302229819162952
11413.321199980666 2440.8878999931185 8972.433299987548
21696.0 4774.0 16922.0
0


HOST: 474
0.5062499999985448 0.5062499999985448 0.0
4384.631249987397 4384.631249987397 0.0
8661.0 8661.0 0.0
0


HOST: 475
0.5311032023317368 0.5076709705358103 0.5412972743714335
10108.487249979948 2929.261499991626 7179.225749988322
19033.0 5770.0 13263.0
0


HOST: 476
0.5306423463842751 0.5293525428726016 0.5319339320958264
10760.36549998033 5370.810899985416 5389.554599994914
20278.0 10146.0 10132.0
0


HOST: 477
0.532276078348607 0.5256105770251426 0.5385257847979522
10217.571599979861 4882.396649986549 5335.174949993312
19196.0 9289.0 9907.0
0


HOST: 478
0.5080988448075274 0.5062499999985448 0.5084664536070042
8862.7681499777 1464.5812499957901 7398.186899981911
17443.0 2893.0 14550.0
0


HOST: 479
0.5212692901469256 0.5251548274660918 0.5150222191471981
9825.4048499794 6102.824249983452 3722.5805999959484
18849.0 11621.0 7228.0
0


HOST: 480
0.5214683132518992 0.5282113631080613 0.5062499999996161
9738.42074997922 6835.5832499814205 2902.8374999977987
18675.0 12941.0 5734.0
0


HOST: 481
0.5581846383765204 0.5789944411488664 0.553057056759812
9523.746299980192 1952.9482499951264 7570.7980499850655
17062.0 3373.0 13689.0
0


HOST: 482
0.5229362808833645 0.5229362808833645 0.0
11259.863999980606 11259.863999980606 0.0
21532.0 21532.0 0.0
0


HOST: 483
0.5128092249575735 0.5062499999985448 0.5149246175066459
16223.745449982755 3905.718749988773 12318.026699993981
31637.0 7715.0 23922.0
0


HOST: 484
0.5558549848934881 0.5558549848934881 0.0
22078.559999969344 22078.559999969344 0.0
39720.0 39720.0 0.0
0


HOST: 485
0.5364848680133206 0.5381700685819648 0.5062500000001469
20811.320999972733 19774.520999975713 1036.8000000003008
38792.0 36744.0 2048.0
0


HOST: 486
0.5575873789730743 0.5590208602916088 0.5275777591972384
21941.620949969445 20995.14644997195 946.4744999998456
39351.0 37557.0 1794.0
0


HOST: 487
0.5463742636739036 0.5436344048553441 0.5553266341982181
19867.80734997416 15135.86909998249 4731.938250003017
36363.0 27842.0 8521.0
0


HOST: 488
0.5611002765407456 0.568880882071335 0.5450579867678501
21811.6510499684 14891.594849981337 6920.056200004625
38873.0 26177.0 12696.0
0


HOST: 489
0.5466650107175163 0.5576876860716088 0.5208289791868145
21166.32254997151 15135.643799983463 6030.678750004125
38719.0 27140.0 11579.0
0


HOST: 490
0.5504133293114307 0.5504133293114307 0.0
10038.438299981874 10038.438299981874 0.0
18238.0 18238.0 0.0
0


HOST: 491
0.779155140604791 0.779155140604791 0.0
13050.069449989644 13050.069449989644 0.0
16749.0 16749.0 0.0
0


HOST: 492
0.5779928653123502 0.5779928653123502 0.0
12127.446299983732 12127.446299983732 0.0
20982.0 20982.0 0.0
0


HOST: 493
0.5792977574592137 0.5792977574592137 0.0
9725.83004998274 9725.83004998274 0.0
16789.0 16789.0 0.0
0


HOST: 494
0.5696488365257399 0.5744223959817683 0.5062500000003638
10673.51024998279 10009.310249982313 664.2000000004773
18737.0 17425.0 1312.0
0


HOST: 495
0.5572204491598384 0.5572204491598384 0.0
11053.582049983714 11053.582049983714 0.0
19837.0 19837.0 0.0
0


HOST: 496
0.5095857518210976 0.5095857518210976 0.0
9018.139049977963 9018.139049977963 0.0
17697.0 17697.0 0.0
0


HOST: 497
0.5062499999989889 0.5062499999985448 0.5062499999990218
10622.137499978786 732.0374999978958 9890.09999998089
20982.0 1446.0 19536.0
0


HOST: 498
0.5660574791858777 0.5892694880253135 0.507476739339895
12442.509449984776 9276.869549982512 3165.6399000022648
21981.0 15743.0 6238.0
0


HOST: 499
0.5464276851111171 0.5464276851111171 0.0
9696.905699981884 9696.905699981884 0.0
17746.0 17746.0 0.0
0


HOST: 500
0.5714685561401834 0.5714685561401834 0.0
10520.164649984637 10520.164649984637 0.0
18409.0 18409.0 0.0
0


HOST: 501
0.5532896199475306 0.5532896199475306 0.0
12403.64669998374 12403.64669998374 0.0
22418.0 22418.0 0.0
0


HOST: 502
0.5148521247538791 0.5148521247538791 0.0
8674.743449978108 8674.743449978108 0.0
16849.0 16849.0 0.0
0


HOST: 503
0.6121677050063922 0.6831395988792792 0.5665755730323188
6711.194549985077 2929.3025999943493 3781.891949990728
10963.0 4288.0 6675.0
0


HOST: 504
0.5742029500322159 0.601193076272315 0.5197321073562305
12204.109499984716 8544.15599998214 3659.9535000025753
21254.0 14212.0 7042.0
0


HOST: 505
0.5504641466948741 0.5504641466948741 0.0
11369.836949982624 11369.836949982624 0.0
20655.0 20655.0 0.0
0


HOST: 506
0.5062499999985448 0.5062499999985448 0.0
7807.893749977557 7807.893749977557 0.0
15423.0 15423.0 0.0
0


HOST: 507
0.5374954946003931 0.5374954946003931 0.0
11100.894449981919 11100.894449981919 0.0
20653.0 20653.0 0.0
0


HOST: 508
0.5097193464417401 0.5097193464417401 0.0
8813.047499977687 8813.047499977687 0.0
17290.0 17290.0 0.0
0


HOST: 509
0.5103921469949362 0.5103921469949362 0.0
10041.455099978375 10041.455099978375 0.0
19674.0 19674.0 0.0
0


HOST: 510
0.5811451921745362 0.5811451921745362 0.0
12655.598849984875 12655.598849984875 0.0
21777.0 21777.0 0.0
0


HOST: 511
0.5062499999991195 0.5062499999985448 0.5062499999991317
11736.393749979587 244.0124999992986 11492.381249980288
23183.0 482.0 22701.0
0


HOST: 512
0.528328462716517 0.5287720991800965 0.528197874148652
9650.447699979899 2196.519299994121 7453.928399985778
18266.0 4154.0 14112.0
0


HOST: 513
0.5953817495854767 0.5953817495854767 0.0
12230.331899984863 12230.331899984863 0.0
20542.0 20542.0 0.0
0


HOST: 514
0.5942277616837025 0.6443863396378622 0.5427499661357602
10666.982549984143 5858.760599987443 4808.2219499967
17951.0 9092.0 8859.0
0


HOST: 515
0.5710001283183972 0.5710001283183972 0.0
10902.105449983157 10902.105449983157 0.0
19093.0 19093.0 0.0
0


HOST: 516
0.5767580940903392 0.5727330299457528 0.5772310266305786
9341.750849981223 975.364349997617 8366.386499983606
16197.0 1703.0 14494.0
0


HOST: 517
0.5803902710380249 0.6286923383967474 0.543487776684081
10406.977949982824 4882.42469998914 5524.5532499936835
17931.0 7766.0 10165.0
0


HOST: 518
0.5493063799879876 0.5714484394936106 0.5062500000003638
11726.59259998356 8056.280099980922 3670.3125000026375
21348.0 14098.0 7250.0
0


HOST: 519
0.5964488108094272 0.5964488108094272 0.0
5517.1514999872015 5517.1514999872015 0.0
9250.0 9250.0 0.0
0


HOST: 520
0.6433368376738512 0.5098567697436351 0.6612806499628803
12991.544099985751 1220.087249996519 11771.456849989232
20194.0 2393.0 17801.0
0


HOST: 521
0.580232936506999 0.580232936506999 0.0
10527.74639998299 10527.74639998299 0.0
18144.0 18144.0 0.0
0


HOST: 522
0.7303738759064425 0.7303738759064425 0.0
12783.733949990463 12783.733949990463 0.0
17503.0 17503.0 0.0
0


HOST: 523
0.5836048652923169 0.5836048652923169 0.0
11047.640099983559 11047.640099983559 0.0
18930.0 18930.0 0.0
0


HOST: 524
0.5712926930767054 0.5712926930767054 0.0
10844.277899982022 10844.277899982022 0.0
18982.0 18982.0 0.0
0


HOST: 525
0.5475708713326283 0.5475708713326283 0.0
8345.527649980588 8345.527649980588 0.0
15241.0 15241.0 0.0
0


HOST: 526
0.5572228679233131 0.5576789358449539 0.5062500000003638
8859.843599980679 8788.462349980628 71.3812500000513
15900.0 15759.0 141.0
0


HOST: 527
0.5725735403611913 0.5151567536439837 0.5964853495797359
10150.011149982838 2684.9969999924433 7465.014149990395
17727.0 5212.0 12515.0
0


HOST: 528
0.518106455836896 0.518106455836896 0.0
5537.521799984745 5537.521799984745 0.0
10688.0 10688.0 0.0
0


HOST: 529
0.5196330404355696 0.5196330404355696 0.0
9136.70774997862 9136.70774997862 0.0
17583.0 17583.0 0.0
0


HOST: 530
0.5062499999986813 0.5062499999985448 0.5062499999986938
8679.65624997739 732.0374999978958 7947.618749979494
17145.0 1446.0 15699.0
0


HOST: 531
0.5564200848364256 0.5564200848364256 0.0
9772.405949982143 9772.405949982143 0.0
17563.0 17563.0 0.0
0


HOST: 532
0.592555401175432 0.7601576188485005 0.5336942257211327
10981.829249984283 3661.679249993227 7320.149999991056
18533.0 4817.0 13716.0
0


HOST: 533
0.5062499999985659 0.5062499999985448 0.5062499999985763
8122.78124997699 2685.1499999922817 5437.631249984708
16045.0 5304.0 10741.0
0


HOST: 534
0.5797416837915808 0.5887798947589838 0.5346025869152323
12694.603649984245 10741.700399982901 1952.9032500013436
21897.0 18244.0 3653.0
0


HOST: 535
0.5607377093198486 0.5607377093198486 0.0
10648.409099983925 10648.409099983925 0.0
18990.0 18990.0 0.0
0


HOST: 536
0.603983806641808 0.6349148407008589 0.5062500000001638
9783.329699984006 7811.992199983368 1971.337500000638
16198.0 12304.0 3894.0
0


HOST: 537
0.6300755816762614 0.6300755816762614 0.0
10398.76739998502 10398.76739998502 0.0
16504.0 16504.0 0.0
0


HOST: 538
0.5548750452158064 0.5548750452158064 0.0
11657.924699984094 11657.924699984094 0.0
21010.0 21010.0 0.0
0


HOST: 539
0.5755051196408117 0.6195790885000066 0.5126967683588454
8874.864449980958 5614.62569998706 3260.2387499938977
15421.0 9062.0 6359.0
0


HOST: 540
0.620740118775441 0.620740118775441 0.0
7368.80594998326 7368.80594998326 0.0
11871.0 11871.0 0.0
0


HOST: 541
0.6776354978857528 0.6776354978857528 0.0
11541.487799990142 11541.487799990142 0.0
17032.0 17032.0 0.0
0


HOST: 542
0.5521772776394404 0.5521772776394404 0.0
12261.096449983772 12261.096449983772 0.0
22205.0 22205.0 0.0
0


HOST: 543
0.5062499999990485 0.5062499999985448 0.5062499999992092
11103.074999979131 2685.1499999922817 8417.92499998685
21932.0 5304.0 16628.0
0


HOST: 544
0.5260098046047236 0.5260098046047236 0.0
10552.808699979963 10552.808699979963 0.0
20062.0 20062.0 0.0
0


HOST: 545
0.522789806843342 0.5279736076550962 0.5179010147876265
9960.191399979352 4882.171949986674 5078.019449992678
19052.0 9247.0 9805.0
0


HOST: 546
0.5195145697240083 0.5195145697240083 0.0
8192.225249977888 8192.225249977888 0.0
15769.0 15769.0 0.0
0


HOST: 547
0.5340578651675703 0.5340578651675703 0.0
10551.915299980854 10551.915299980854 0.0
19758.0 19758.0 0.0
0


HOST: 548
0.5929238186029788 0.5929238186029788 0.0
10727.770649983697 10727.770649983697 0.0
18093.0 18093.0 0.0
0


HOST: 549
0.5062499999990926 0.5062499999985448 0.5062499999991578
11488.331249979408 1220.5687499964915 10267.762499982917
22693.0 2411.0 20282.0
0


HOST: 550
0.5890756549327505 0.5890756549327505 0.0
10208.681099984566 10208.681099984566 0.0
17330.0 17330.0 0.0
0


HOST: 551
0.5759402247947114 0.5759402247947114 0.0
10145.762999983635 10145.762999983635 0.0
17616.0 17616.0 0.0
0


HOST: 552
0.5665920299307708 0.5665920299307708 0.0
12152.832449985104 12152.832449985104 0.0
21449.0 21449.0 0.0
0


HOST: 553
0.5897409833228038 0.6058057868603097 0.5089043184186764
10255.595699983558 8788.424549982514 1467.1711500010442
17390.0 14507.0 2883.0
0


HOST: 554
0.7483020630153921 0.8471177909632693 0.5425157031366578
15959.786399992283 12206.120249989748 3753.666150002535
21328.0 14409.0 6919.0
0


HOST: 555
0.5715219689303985 0.6045369171635402 0.5169706716522712
10742.898449984701 7079.127299985055 3663.771149999646
18797.0 11710.0 7087.0
0


HOST: 556
0.5482900475769023 0.5482900475769023 0.0
11985.072149983505 11985.072149983505 0.0
21859.0 21859.0 0.0
0


HOST: 557
0.5062499999989111 0.5062499999985448 0.5062499999989399
10053.112499978377 732.0374999978958 9321.074999980481
19858.0 1446.0 18412.0
0


HOST: 558
0.722464616714067 0.729378867641998 0.5343182926832946
12534.761099989062 12206.155349988836 328.6057500002262
17350.0 16735.0 615.0
0


HOST: 559
0.5479212130342742 0.5500043335901326 0.5062499999992647
8171.149049980131 7811.711549980653 359.43749999947795
14913.0 14203.0 710.0
0


HOST: 560
0.5850830527121719 0.5850830527121719 0.0
9034.852499981358 9034.852499981358 0.0
15442.0 15442.0 0.0
0


HOST: 561
0.5713616009645195 0.6076353142487656 0.5325133122289091
10653.037049983466 5858.819699986598 4794.2173499968685
18645.0 9642.0 9003.0
0


HOST: 562
0.5734035698780613 0.573613954397743 0.5062499999985448
6609.622949984412 6591.3979499844645 18.224999999947613
11527.0 11491.0 36.0
0


HOST: 563
0.610811580459008 0.6165205086107224 0.5062500000003638
12753.745799984086 12206.489549983693 547.2562500003933
20880.0 19799.0 1081.0
0


HOST: 564
0.5888520275613371 0.5888520275613371 0.0
11152.268549984165 11152.268549984165 0.0
18939.0 18939.0 0.0
0


HOST: 565
0.5382964291479141 0.5382964291479141 0.0
9987.01364998125 9987.01364998125 0.0
18553.0 18553.0 0.0
0


HOST: 566
0.582191971830086 0.5846516308367167 0.5062500000003638
10540.585649983706 10253.0356499835 287.55000000020664
18105.0 17537.0 568.0
0


HOST: 567
0.5081397978305048 0.5076709705358103 0.5083792961474933
8671.405649977563 2929.261499991626 5742.1441499859375
17065.0 5770.0 11295.0
0


HOST: 568
0.538787910260766 0.538787910260766 0.0
10374.89999998131 10374.89999998131 0.0
19256.0 19256.0 0.0
0


HOST: 569
0.5700358556423749 0.5700358556423749 0.0
11348.843849984043 11348.843849984043 0.0
19909.0 19909.0 0.0
0


HOST: 570
0.5824823083337515 0.585028987729283 0.5062500000003638
12558.901049984015 12206.044799983762 352.85625000025357
21561.0 20864.0 697.0
0


HOST: 571
0.5201776758031044 0.5201776758031044 0.0
6546.436049982069 6546.436049982069 0.0
12585.0 12585.0 0.0
0


HOST: 572
0.5661094512363579 0.5661094512363579 0.0
9676.508849983065 9676.508849983065 0.0
17093.0 17093.0 0.0
0


HOST: 573
0.5062499999988704 0.5062499999985448 0.5062499999989065
9779.23124997818 976.0499999971944 8803.181249980986
19317.0 1928.0 17389.0
0


HOST: 574
0.5245330334178007 0.5713194893603647 0.5068223099215015
8977.907399979076 2685.201599993714 6292.705799985362
17116.0 4700.0 12416.0
0


HOST: 575
0.5767940349373837 0.5767940349373837 0.0
10829.884799984316 10829.884799984316 0.0
18776.0 18776.0 0.0
0


HOST: 576
0.5062499999990279 0.5062499999990279 0.0
10931.456249979008 10931.456249979008 0.0
21593.0 21593.0 0.0
0


HOST: 577
0.5062499999985448 0.5062499999985448 0.5062499999985448
7658.043749977987 2929.1624999915803 4728.881249986407
15127.0 5786.0 9341.0
0


HOST: 578
0.542503743906835 0.546991743946044 0.5062500000003638
9795.447599981813 8788.51634998109 1006.9312500007236
18056.0 16067.0 1989.0
0


HOST: 579
0.5589444963234299 0.5589444963234299 0.0
11252.67059998329 11252.67059998329 0.0
20132.0 20132.0 0.0
0


HOST: 580
0.6523524113195044 0.6523524113195044 0.0
13553.926049985343 13553.926049985343 0.0
20777.0 20777.0 0.0
0


HOST: 581
0.5814158250991871 0.5814158250991871 0.0
4767.028349988235 4767.028349988235 0.0
8199.0 8199.0 0.0
0


HOST: 582
0.6643885073573645 0.6643885073573645 0.0
11376.98879998751 11376.98879998751 0.0
17124.0 17124.0 0.0
0


HOST: 583
0.7856662912605219 0.7856662912605219 0.0
13638.381149991399 13638.381149991399 0.0
17359.0 17359.0 0.0
0


HOST: 584
0.5345677372497761 0.5345677372497761 0.0
11226.45704998255 11226.45704998255 0.0
21001.0 21001.0 0.0
0


HOST: 585
0.6585914968197744 0.6585914968197744 0.0
12117.424949987028 12117.424949987028 0.0
18399.0 18399.0 0.0
0


HOST: 586
0.6483724948263904 0.6483724948263904 0.0
13160.664899986072 13160.664899986072 0.0
20298.0 20298.0 0.0
0


HOST: 587
0.5138029243243035 0.5138029243243035 0.0
8609.281799978029 8609.281799978029 0.0
16756.0 16756.0 0.0
0


HOST: 588
0.5948489194975386 0.6284379826699341 0.5121637557963417
13322.831249986371 10009.13174998404 3313.6995000023308
22397.0 15927.0 6470.0
0


HOST: 589
0.5969603485091265 0.6593623207964617 0.5422335459182108
12298.577099985023 6347.021699986741 5951.555399998282
20602.0 9626.0 10976.0
0


HOST: 590
0.5428354934364867 0.5428354934364867 0.0
16749.189149982798 16749.189149982798 0.0
30855.0 30855.0 0.0
0


HOST: 591
0.5494909414992212 0.5477768743386009 0.5499657933227527
19189.872149977302 4149.95759998924 15039.914549997318
34923.0 7576.0 27347.0
0


HOST: 592
0.5714057543945305 0.5299708249649789 0.6047058754256468
23628.19934996823 9764.712449979737 13863.486900008378
41351.0 18425.0 22926.0
0


HOST: 593
0.5420989320668923 0.5513368602909572 0.5309309916456361
21928.985999969926 12206.0467499815 9722.939250006533
40452.0 22139.0 18313.0
0


HOST: 594
0.5390116789483299 0.5371165506820548 0.5410797169024717
20187.065399972853 10496.868749979396 9690.196650006366
37452.0 19543.0 17909.0
0


HOST: 595
0.5422961511812964 0.5416681571636138 0.5428492508960208
18788.934749978376 8788.565849979634 10000.368900006495
34647.0 16225.0 18422.0
0


HOST: 596
0.5608700801348617 0.5570122817813618 0.5702761038505961
21836.915699970705 15379.109099983398 6457.806600004151
38934.0 27610.0 11324.0
0


HOST: 597
0.5567248885579351 0.5840301049530695 0.5438220735179115
22480.55099996942 7567.862099981874 14912.688900008166
40380.0 12958.0 27422.0
0


HOST: 598
0.6234233554259022 0.6234233554259022 0.0
11287.07984998596 11287.07984998596 0.0
18105.0 18105.0 0.0
0


HOST: 599
0.5238117135027599 0.5238117135027599 0.0
8424.98759997839 8424.98759997839 0.0
16084.0 16084.0 0.0
0


HOST: 600
0.5321890459542526 0.5251466590722184 0.5763899523417313
4875.383849986909 4149.708899988669 725.6749499982398
9161.0 7902.0 1259.0
0


HOST: 601
0.5062499999986213 0.506249999998551 0.5062500000003638
8380.968749977175 8055.956249976942 325.01250000023356
16555.0 15913.0 642.0
0


HOST: 602
0.5299219966237485 0.5299219966237485 0.0
10048.38089997952 10048.38089997952 0.0
18962.0 18962.0 0.0
0


HOST: 603
0.5606981868408658 0.5428616522111637 0.5855749250492098
12988.012799981816 7323.7465499808095 5664.2662500010065
23164.0 13491.0 9673.0
0


HOST: 604
0.545088443344916 0.5232939901699138 0.5925724968678988
15211.238099983226 10009.044149979942 5202.193950003284
27906.0 19127.0 8779.0
0


HOST: 605
0.5160727628348484 0.5160727628348484 0.0
8442.95039997812 8442.95039997812 0.0
16360.0 16360.0 0.0
0


HOST: 606
0.5637393525366066 0.5785480024817565 0.5062500000003638
12564.05894998335 10253.027699981689 2311.0312500016607
22287.0 17722.0 4565.0
0


HOST: 607
0.6379076470580772 0.6379076470580772 0.0
11386.651499986678 11386.651499986678 0.0
17850.0 17850.0 0.0
0


HOST: 608
0.5545957098132661 0.5545957098132661 0.0
12048.037199983393 12048.037199983393 0.0
21724.0 21724.0 0.0
0


HOST: 609
0.784516314384979 0.8296248882126644 0.5062500000003638
15291.79199999201 13915.298249991021 1376.4937500009892
19492.0 16773.0 2719.0
0


HOST: 610
0.5651976686983582 0.5651976686983582 0.0
8618.699249981264 8618.699249981264 0.0
15249.0 15249.0 0.0
0


HOST: 611
0.5400050418241856 0.5400050418241856 0.0
10651.59944998206 10651.59944998206 0.0
19725.0 19725.0 0.0
0


HOST: 612
0.5162867665670773 0.5248385664014099 0.5062499999992683
9784.666799979248 5370.673049985628 4413.99374999362
18952.0 10233.0 8719.0
0


HOST: 613
0.5326884989243156 0.5350873432552684 0.5062500000003638
11398.468499982504 10497.343499981856 901.1250000006476
21398.0 19618.0 1780.0
0


HOST: 614
0.5129706329873635 0.5129706329873635 0.0
10113.728999978857 10113.728999978857 0.0
19716.0 19716.0 0.0
0


HOST: 615
0.5349556200934914 0.5230069985707043 0.5748196051739406
13630.669199982161 10253.029199980087 3377.640000002075
25480.0 19604.0 5876.0
0


HOST: 616
0.5062499999990502 0.5062499999985448 0.5062499999991269
11117.249999979142 1464.5812499957901 9652.668749983352
21960.0 2893.0 19067.0
0


HOST: 617
0.5252767956212879 0.5275044865222025 0.5062500000003638
10319.062649980202 9276.693899979453 1042.368750000749
19645.0 17586.0 2059.0
0


HOST: 618
0.5324890355207276 0.5156205023403744 0.5444125316454187
14001.266699982012 5614.591649984337 8386.675049997675
26294.0 10889.0 15405.0
0


HOST: 619
0.5288615744456499 0.5228478582540078 0.5401436076954759
12492.239249980696 8056.039799977752 4436.199450002943
23621.0 15408.0 8213.0
0


HOST: 620
0.6294605964598416 0.6294605964598416 0.0
11524.164599986781 11524.164599986781 0.0
18308.0 18308.0 0.0
0


HOST: 621
0.6151777566907422 0.6151777566907422 0.0
12480.111149985085 12480.111149985085 0.0
20287.0 20287.0 0.0
0


HOST: 622
0.7366245962457364 0.7366245962457364 0.0
13500.855599991857 13500.855599991857 0.0
18328.0 18328.0 0.0
0


HOST: 623
0.6170680439446727 0.6170680439446727 0.0
10334.655599985379 10334.655599985379 0.0
16748.0 16748.0 0.0
0


HOST: 624
0.5067072273019032 0.5067072273019032 0.0
9086.273999977728 9086.273999977728 0.0
17932.0 17932.0 0.0
0


