Selfish Battery Level: [35, 84, 62, 49, 58, 23, 87, 27, 77, 59, 45, 41, 82, 38, 71, 82, 1, 69, 46, 36, 24, 14, 10, 0, 91, 78, 15, 66, 14, 52, 35, 78, 44, 82, 41, 45, 84, 33, 98, 58, 43, 9, 55, 84, 78, 92, 70, 88, 49, 51, 4, 13, 77, 3, 58, 4, 59, 61, 67, 75, 99, 61, 53, 66, 56, 98, 42, 36, 21, 74, 27, 52, 90, 98, 64, 15, 17, 77, 64, 79, 63, 86, 85, 83, 87, 89, 52, 2, 69, 33, 67, 6, 73, 43, 31, 45, 33, 44, 33, 38, 33, 62, 24, 22, 61, 62, 81, 79, 99, 97, 67, 43, 91, 72, 27, 54, 5, 30, 81, 37, 39, 2, 57, 11, 40, 51, 64, 50, 53, 3, 94, 79, 51, 31, 45, 64, 26, 13, 81, 58, 88, 85, 52, 63, 33, 30, 80, 38, 72, 57, 12, 46, 32, 52, 76, 14, 1, 92, 81, 42, 90, 97, 9, 75, 43, 31, 19, 89, 71, 94, 56, 82, 73, 68, 87, 63, 9, 72, 46, 11, 31, 23, 54, 8, 87, 58, 16, 47, 99, 2, 50, 20, 98, 68, 38, 39, 93, 25, 26, 53, 93, 15, 82, 10, 30, 3, 55, 9, 31, 53, 24, 86, 98, 30, 87, 72, 17, 93, 77, 14, 15, 42, 11, 17, 94, 37, 62, 49, 54, 94, 26, 25, 93, 14, 19, 57, 65, 52, 89, 90, 30, 63, 14, 21, 70, 5, 26, 22, 66, 25, 55, 55, 16, 14, 55, 56, 82, 51, 36, 42, 42, 92, 70, 21, 25, 75, 40, 33, 72, 85, 8, 0, 96, 96, 33, 17, 50, 44, 56, 33, 42, 9, 31, 86, 6, 12, 67, 74, 66, 32, 28, 82, 52, 53, 99, 16, 86, 36, 39, 60, 47, 33, 57, 35, 19, 25, 79, 50, 38, 96, 85, 49, 37, 87, 83, 92, 38, 72, 14, 11, 74, 18, 26, 38, 36, 69, 84, 23, 16, 71, 54, 24, 21, 5, 76, 6, 93, 41, 74, 69, 7, 16, 36, 19, 99, 49, 9, 91, 15, 72, 1, 74, 46, 30, 6, 44, 39, 34, 50, 61, 47, 69, 40, 92, 30, 7, 16, 14, 76, 10, 93, 0, 97, 92, 42, 50, 24, 20, 16, 16, 70, 74, 64, 3, 13, 0, 36, 21, 32, 34, 73, 75, 98, 26, 41, 16, 67, 37, 7, 34, 93, 34, 68, 68, 70, 29, 43, 4, 0, 84, 24, 55, 18, 69, 94, 79, 69, 96, 89, 26, 39, 12, 93, 0, 31, 78, 73, 7, 35, 19, 46, 23, 28, 30, 39, 10, 17, 49, 70, 82, 43, 84, 42, 57, 95, 70, 41, 22, 84, 89, 36, 65, 77, 44, 93, 33, 97, 68, 49, 47, 31, 55, 16, 32, 41, 74, 78, 52, 51, 70, 4, 86, 0, 90, 36, 88, 78, 80, 94, 75, 72, 92, 9, 84, 5, 19, 14, 38, 39, 38, 11, 7, 42, 51, 59, 26, 56, 97, 62, 16, 6, 28, 5, 88, 65, 48, 4, 45, 14, 55, 8, 99, 91, 21, 76, 25, 96, 80, 67, 22, 95, 2, 25, 11, 4, 26, 64, 89, 60, 60, 97, 40, 85, 89, 56, 7, 68, 15, 13, 77, 12, 7, 29, 89, 50, 80, 1, 46, 41, 95, 33, 33, 3, 64, 50, 71, 30, 97, 50, 68, 55, 76, 73, 50, 41, 11, 58, 88, 10, 19, 50, 58, 27, 96, 89, 46, 1, 88, 64, 37, 1, 17, 32, 36, 52, 46, 2, 43, 59, 74, 26, 83, 60, 50, 57, 64, 37, 69, 22, 22, 83, 67, 2, 70, 59, 51, 58, 37, 32, 43, 14, 20, 78, 57, 3, 58, 94, 62, 77, 67, 12, 15, 8, 35, 34]
Hosts: 625
Hosts Average Energy Consume/s: 0.5518009807101549
Hosts Average normal Energy Consume/s: 0.5646202122798158
Hosts Average  Selfish Period Consume/s: 0.3009851256363885

Hosts Average Energy Consume: 13838.657165659619
Hosts Average Normal Energy Consume: 9823.079617824062
Hosts Average Selfish Energy Consume: 4015.577547838187

Description:
host number
average energy consumption of all periods  - average energy consumption of Normal periods  -  average energy consumption of all selfish periods
energy consumption of all periods  -  energy consumption of Normal periods  -  energy consumption of selfish periods
Active total time  -  Normal Active Time  -  Selfish Active Time
Normal proportion of time  -  Selfish proportion of time
Number of Recharges 


HOST: 0
0.7821144528049436 0.7821144528049436 0.0
14343.19694998986 14343.19694998986 0.0
18339.0 18339.0 0.0
0


HOST: 1
0.5164086767521707 0.542692100873926 0.5066449829664644
13721.494949981929 3905.755049989646 9815.739899992283
26571.0 7197.0 19374.0
0


HOST: 2
0.5164736824146421 0.5188243288578803 0.5062500000003638
11357.772749980395 9276.5789999789 2081.1937500014956
21991.0 17880.0 4111.0
0


HOST: 3
0.5409585745349417 0.5424011109166611 0.5062500000003638
12933.237599981385 12450.275099981038 482.96250000034706
23908.0 22954.0 954.0
0


HOST: 4
0.5444423154102535 0.5534979917933763 0.5133434371527511
13021.971299982442 10252.996799980503 2768.9745000019393
23918.0 18524.0 5394.0
0


HOST: 5
0.5278024558759651 0.5278024558759651 0.0
10197.671249979521 10197.671249979521 0.0
19321.0 19321.0 0.0
0


HOST: 6
0.5327951894035676 0.5388078947354443 0.5297591984558818
9353.219549979629 3173.578499991767 6179.641049987862
17555.0 5890.0 11665.0
0


HOST: 7
0.5356285020553466 0.5356285020553466 0.0
12243.396299981114 12243.396299981114 0.0
22858.0 22858.0 0.0
0


HOST: 8
0.5105684764234174 0.5123725406081496 0.5082630612238495
9972.934049978612 5614.578299984103 4358.355749994509
19533.0 10958.0 8575.0
0


HOST: 9
0.5249555134559424 0.525025178345543 0.5062500000003638
10045.023749979457 10009.07999997943 35.94375000002583
19135.0 19064.0 71.0
0


HOST: 10
0.5420979491245586 0.5420979491245586 0.0
10229.38829998042 10229.38829998042 0.0
18870.0 18870.0 0.0
0


HOST: 11
0.5286078902558314 0.5294190068360765 0.5062500000003638
14903.042249982656 14403.373499982297 499.66875000035907
28193.0 27206.0 987.0
0


HOST: 12
0.5179011753197931 0.5330050218326267 0.5062499999991418
9804.387149979002 4394.0933999881745 5410.293749990828
18931.0 8244.0 10687.0
0


HOST: 13
0.5618298619657797 0.5618298619657797 0.0
9117.374999980673 9117.374999980673 0.0
16228.0 16228.0 0.0
0


HOST: 14
0.5439016518967991 0.5649056974131883 0.506249999999876
10618.591949981208 7079.398199982075 3539.1937499991327
19523.0 12532.0 6991.0
0


HOST: 15
0.5176665085711504 0.5296045136782014 0.5062499999988587
8786.353649978135 4394.128649988037 4392.224999990098
16973.0 8297.0 8676.0
0


HOST: 16
0.5334844293124132 0.5334844293124132 0.0
14181.083099982568 14181.083099982568 0.0
26582.0 26582.0 0.0
0


HOST: 17
0.5107278534600365 0.5128431286832548 0.5062500000001263
11097.094799979672 7568.026049978791 3529.0687500008808
21728.0 14757.0 6971.0
0


HOST: 18
0.5217066325786465 0.5217066325786465 0.0
10866.627449980628 10866.627449980628 0.0
20829.0 20829.0 0.0
0


HOST: 19
0.5062499999985448 0.5062499999985448 0.0
4001.9062499884967 4001.9062499884967 0.0
7905.0 7905.0 0.0
0


HOST: 20
0.5476904583945479 0.5476904583945479 0.0
9892.932749980719 9892.932749980719 0.0
18063.0 18063.0 0.0
0


HOST: 21
0.5814571468225244 0.5814571468225244 0.0
14660.86049998313 14660.86049998313 0.0
25214.0 25214.0 0.0
0


HOST: 22
0.535027002218093 0.535027002218093 0.0
10608.515399980348 10608.515399980348 0.0
19828.0 19828.0 0.0
0


HOST: 23
0.5454578519343054 0.5454578519343054 0.0
14588.270249983 14588.270249983 0.0
26745.0 26745.0 0.0
0


HOST: 24
0.5062499999990396 0.5062499999985448 0.5062499999991628
11029.162499979078 2197.1249999936845 8832.037499985394
21786.0 4340.0 17446.0
0


HOST: 25
0.5166187027805715 0.5235075884574842 0.5062499999989625
8821.264349978259 5370.664349985331 3450.599999992928
17075.0 10259.0 6816.0
0


HOST: 26
0.5843048445459096 0.5843048445459096 0.0
10655.967449983753 10655.967449983753 0.0
18237.0 18237.0 0.0
0


HOST: 27
0.5633146778567453 0.5947989931910839 0.5116491533399654
12651.484349984641 8300.419949981575 4351.064400003066
22459.0 13955.0 8504.0
0


HOST: 28
0.5791933723248542 0.5791933723248542 0.0
8961.85904998247 8961.85904998247 0.0
15473.0 15473.0 0.0
0


HOST: 29
0.577634046970492 0.5803065740595534 0.5062500000003638
12100.855649984838 11718.130649984563 382.72500000027503
20949.0 20193.0 756.0
0


HOST: 30
0.5689232210066731 0.5689232210066731 0.0
12696.090599984918 12696.090599984918 0.0
22316.0 22316.0 0.0
0


HOST: 31
0.5583531067022462 0.5822329538048556 0.5290529536979535
9345.714299982197 5369.352299988379 3976.3619999938182
16738.0 9222.0 7516.0
0


HOST: 32
0.5967049303091988 0.5967049303091988 0.0
11473.442399985275 11473.442399985275 0.0
19228.0 19228.0 0.0
0


HOST: 33
0.5526995736268153 0.5448135957829029 0.5594598214277458
9657.319649981344 4393.921649989112 5263.397999992232
17473.0 8065.0 9408.0
0


HOST: 34
0.6318514239607657 0.6318514239607657 0.0
12335.635349986029 12335.635349986029 0.0
19523.0 19523.0 0.0
0


HOST: 35
0.5936765234227228 0.5936765234227228 0.0
10112.68589998266 10112.68589998266 0.0
17034.0 17034.0 0.0
0


HOST: 36
0.7398667282616802 0.8861931230129153 0.6301468345799338
7607.309699986596 3904.566899994905 3702.742799991691
10282.0 4406.0 5876.0
0


HOST: 37
0.5669753714753973 0.5669753714753973 0.0
12248.368949983009 12248.368949983009 0.0
21603.0 21603.0 0.0
0


HOST: 38
0.5062499999988367 0.5062499999985448 0.5062499999988523
9563.062499978025 488.0249999985972 9075.037499979428
18890.0 964.0 17926.0
0


HOST: 39
0.5699528463358589 0.5806493543993282 0.5062500000003638
11754.137549984416 10253.106299983338 1501.0312500010787
20623.0 17658.0 2965.0
0


HOST: 40
0.5827467523316681 0.5827467523316681 0.0
13242.337199984826 13242.337199984826 0.0
22724.0 22724.0 0.0
0


HOST: 41
0.5526890307952387 0.5526890307952387 0.0
8416.90124998069 8416.90124998069 0.0
15229.0 15229.0 0.0
0


HOST: 42
0.6005012487660478 0.6064589433578943 0.5062500000003638
11565.053549985314 10985.397299984897 579.6562500004165
19259.0 18114.0 1145.0
0


HOST: 43
0.5624307730988175 0.634729278399381 0.5322180114094419
11741.867249984014 3905.4892499913913 7836.377999992623
20877.0 6153.0 14724.0
0


HOST: 44
0.5606375074222621 0.6231336059854402 0.5062499999993996
10384.688549982562 5370.788549988509 5013.899999994053
18523.0 8619.0 9904.0
0


HOST: 45
0.5062499999990285 0.5062499999985448 0.5062499999991337
10937.024999979012 1952.6062499943873 8984.418749984625
21604.0 3857.0 17747.0
0


HOST: 46
0.6289035079072198 0.6892619717633879 0.5322626582279272
10855.503449986521 7323.408449985996 3532.095000000525
17261.0 10625.0 6636.0
0


HOST: 47
0.5410754780738813 0.6186532114925545 0.5118789599225947
9365.475449980811 2928.08564999426 6437.389799986551
17309.0 4733.0 12576.0
0


HOST: 48
0.6028055872346012 0.6028055872346012 0.0
10993.968299984657 10993.968299984657 0.0
18238.0 18238.0 0.0
0


HOST: 49
0.6117833300063533 0.6149898591325442 0.5062500000003638
12261.361499987333 11962.167749987118 299.193750000215
20042.0 19451.0 591.0
0


HOST: 50
0.5621741034737396 0.5621741034737396 0.0
5063.502149987973 5063.502149987973 0.0
9007.0 9007.0 0.0
0


HOST: 51
0.6002072467391787 0.6002072467391787 0.0
9574.50599998338 9574.50599998338 0.0
15952.0 15952.0 0.0
0


HOST: 52
0.551269318291003 0.5824354979239271 0.5239911294711928
11385.916499982375 5614.678199986658 5771.238299995717
20654.0 9640.0 11014.0
0


HOST: 53
0.5838597045469613 0.5838597045469613 0.0
10552.68029998178 10552.68029998178 0.0
18074.0 18074.0 0.0
0


HOST: 54
0.5694857709511381 0.5699201134079704 0.5648241050122951
11198.368199983179 10251.722999982572 946.6452000006066
19664.0 17988.0 1676.0
0


HOST: 55
0.5468552643874258 0.5468552643874258 0.0
11696.687249982651 11696.687249982651 0.0
21389.0 21389.0 0.0
0


HOST: 56
0.6132930226516936 0.6215756784440029 0.5062500000003638
10640.020649984232 10009.233149983778 630.7875000004533
17349.0 16103.0 1246.0
0


HOST: 57
0.5908600958237763 0.5842680055220696 0.6776976960390642
10358.959199982446 9520.647149982124 838.3120500003224
17532.0 16295.0 1237.0
0


HOST: 58
0.555579815752522 0.5712836689817409 0.523992918271643
11729.956649982998 8056.242299980509 3673.7143500024886
21113.0 14102.0 7011.0
0


HOST: 59
0.5542856830696875 0.5929723863181099 0.5172816356874603
11668.82219998306 6102.871799985987 5565.950399997073
21052.0 10292.0 10760.0
0


HOST: 60
0.5062499999990427 0.5062499999985448 0.506249999999054
11054.474999979097 244.0124999992986 10810.462499979798
21836.0 482.0 21354.0
0


HOST: 61
0.5800906699663889 0.566793850457306 0.6264790342682736
12537.499649983563 9521.003099981826 3016.496550001737
21613.0 16798.0 4815.0
0


HOST: 62
0.5783638695435466 0.5783638695435466 0.0
10879.602749983655 10879.602749983655 0.0
18811.0 18811.0 0.0
0


HOST: 63
0.770770394211672 0.8039816931411119 0.7233466804983198
13530.103499991692 8300.30699998884 5229.796500002853
17554.0 10324.0 7230.0
0


HOST: 64
0.5514217276435016 0.5528958307588892 0.5062500000003638
11062.62269998393 10741.660199983698 320.96250000023065
20062.0 19428.0 634.0
0


HOST: 65
0.5062499999987279 0.5062499999985448 0.5062499999987385
8927.212499977568 488.0249999985972 8439.18749997897
17634.0 964.0 16670.0
0


HOST: 66
0.6309323853501393 0.6309323853501393 0.0
11680.451249987129 11680.451249987129 0.0
18513.0 18513.0 0.0
0


HOST: 67
0.588991180666063 0.588991180666063 0.0
9907.420649983846 9907.420649983846 0.0
16821.0 16821.0 0.0
0


HOST: 68
0.5763442568923811 0.5763442568923811 0.0
12855.35864998456 12855.35864998456 0.0
22305.0 22305.0 0.0
0


HOST: 69
0.6229847567267524 0.6241624200989044 0.6218058180743193
12663.411149984695 6347.107649985759 6316.303499998936
20327.0 10169.0 10158.0
0


HOST: 70
0.659549760624899 0.659549760624899 0.0
12398.875949987476 12398.875949987476 0.0
18799.0 18799.0 0.0
0


HOST: 71
0.553466441841525 0.553466441841525 0.0
8698.278599981408 8698.278599981408 0.0
15716.0 15716.0 0.0
0


HOST: 72
0.5123831078381877 0.5124628910336076 0.5123583371348578
10300.949999978926 2440.860749993073 7860.089249985853
20104.0 4763.0 15341.0
0


HOST: 73
0.5062499999988276 0.5062499999985448 0.5062499999988429
9506.362499977984 488.0249999985972 9018.337499979387
18778.0 964.0 17814.0
0


HOST: 74
0.5613807036912979 0.5880864828681361 0.5062500000003638
12453.10814998406 8788.364399981427 3664.7437500026335
22183.0 14944.0 7239.0
0


HOST: 75
0.5980209949741385 0.5980209949741385 0.0
11900.617799985357 11900.617799985357 0.0
19900.0 19900.0 0.0
0


HOST: 76
0.5338903416309803 0.5338903416309803 0.0
11751.994199981136 11751.994199981136 0.0
22012.0 22012.0 0.0
0


HOST: 77
0.5236429880285283 0.5269215653138779 0.5186312939311698
9230.254949978867 5614.876199984683 3615.3787499941845
17627.0 10656.0 6971.0
0


HOST: 78
0.5369666683272434 0.544423685187371 0.5062500000003638
10772.625299981157 8788.631549979731 1983.9937500014257
20062.0 16143.0 3919.0
0


HOST: 79
0.5215992343775027 0.532051370003744 0.5062499999987744
8447.821199978032 5126.314949986074 3321.5062499919586
16196.0 9635.0 6561.0
0


HOST: 80
0.5607431773165755 0.5613596401255846 0.5435239583336826
9344.785049980732 9031.71524998053 313.0698000002012
16665.0 16089.0 576.0
0


HOST: 81
0.5172020932983433 0.5306132044699374 0.5126205208438913
13082.626949981593 3417.679649990867 9664.947299990727
25295.0 6441.0 18854.0
0


HOST: 82
0.5363348707712638 0.5427340373485289 0.5328973566871231
10355.017349980792 3661.8265499905247 6693.190799990267
19307.0 6747.0 12560.0
0


HOST: 83
0.5121802243406834 0.5188406988359163 0.5062499999988127
8698.356749977827 4150.206749988494 4548.149999989333
16983.0 7999.0 8984.0
0


HOST: 84
0.5181368767705316 0.5341889328381481 0.5102227468869043
9321.800549978634 3173.6164499914375 6148.1840999871965
17991.0 5941.0 12050.0
0


HOST: 85
0.5097699677063022 0.5184485711513016 0.5071441286432858
11365.831199979715 2685.045149992591 8680.786049987124
22296.0 5179.0 17117.0
0


HOST: 86
0.5306050221381245 0.5306050221381245 0.0
9107.30459997877 9107.30459997877 0.0
17164.0 17164.0 0.0
0


HOST: 87
0.5450618054299428 0.5450618054299428 0.0
12124.354799983646 12124.354799983646 0.0
22244.0 22244.0 0.0
0


HOST: 88
0.5816644654650241 0.6047979741055212 0.5514515864734222
12851.294699984244 7567.837049982387 5283.4576500018575
22094.0 12513.0 9581.0
0


HOST: 89
0.548870032163445 0.548870032163445 0.0
8532.184649980753 8532.184649980753 0.0
15545.0 15545.0 0.0
0


HOST: 90
0.58383520267063 0.6079404233629163 0.5062500000003638
10140.049799983502 8055.818549982005 2084.2312500014978
17368.0 13251.0 4117.0
0


HOST: 91
0.5737009669478976 0.5737009669478976 0.0
8869.990649981446 8869.990649981446 0.0
15461.0 15461.0 0.0
0


HOST: 92
0.5646599796603227 0.6194188751043749 0.513920741901688
12493.102049984638 6591.236249985654 5901.865799998985
22125.0 10641.0 11484.0
0


HOST: 93
0.738615384386146 0.738615384386146 0.0
12422.772149990591 12422.772149990591 0.0
16819.0 16819.0 0.0
0


HOST: 94
0.5804317868497768 0.5804317868497768 0.0
13136.332199984148 13136.332199984148 0.0
22632.0 22632.0 0.0
0


HOST: 95
0.5698178282626001 0.5698178282626001 0.0
11838.53519998378 11838.53519998378 0.0
20776.0 20776.0 0.0
0


HOST: 96
0.572255308351987 0.572255308351987 0.0
10995.88574998343 10995.88574998343 0.0
19215.0 19215.0 0.0
0


HOST: 97
0.5241809783027304 0.5330269182775086 0.5062500000003638
20076.655649972876 13671.07439998154 6405.581250004603
38301.0 25648.0 12653.0
0


HOST: 98
0.5085474738981659 0.5088445930806145 0.5062500000003638
18460.78184997732 16356.300599983271 2104.4812500015123
36301.0 32144.0 4157.0
0


HOST: 99
0.5224385707095197 0.5240820349012061 0.5062500000003638
16620.33824998195 15136.013249981732 1484.3250000010667
31813.0 28881.0 2932.0
0


HOST: 100
0.5310795248861538 0.5364871621615942 0.5062500000003638
19717.92059997312 16356.420599982685 3361.5000000024156
37128.0 30488.0 6640.0
0


HOST: 101
0.5193730256462282 0.5297219506612488 0.5092438967139771
18387.882599979064 9276.490799979789 9111.391800006477
35404.0 17512.0 17892.0
0


HOST: 102
0.5290466284772094 0.5301292045253133 0.5062500000003638
19394.849399974497 18553.461899976915 841.3875000006046
36660.0 34998.0 1662.0
0


HOST: 103
0.5308767088664649 0.5332698610948642 0.506250000000239
20798.68769997036 19042.00019997541 1756.6875000008295
39178.0 35708.0 3470.0
0


HOST: 104
0.5075433698124979 0.5085223601975153 0.5062500000003638
16695.63914998212 9521.06414997808 7174.575000005156
32895.0 18723.0 14172.0
0


HOST: 105
0.5163771953642872 0.5252520383884677 0.5062500000003638
17111.70749998175 9276.476249978728 7835.2312500056305
33138.0 17661.0 15477.0
0


HOST: 106
0.5355251222488592 0.5185963267345731 0.5418923770870236
17522.381999982674 4637.806949987287 12884.575049998162
32720.0 8943.0 23777.0
0


HOST: 107
0.5187134103177414 0.5246687902964008 0.516959695307553
22279.778399967632 5126.538749986132 17153.239649999916
42952.0 9771.0 33181.0
0


HOST: 108
0.5062499999991903 0.5062499999985448 0.5062499999992162
23546.19374996234 244.0124999992986 23302.18124996392
46511.0 482.0 46029.0
0


HOST: 109
0.5105795468487411 0.5467668035833153 0.5092964874878259
19965.70259997317 732.1207499980592 19233.581849977745
39104.0 1339.0 37765.0
0


HOST: 110
0.5073239818997496 0.5067657576886826 0.5076955470421929
20181.347999972037 8056.055249976987 12125.292750008693
39780.0 15897.0 23883.0
0


HOST: 111
0.525155444727023 0.5353445870034965 0.5062500000003638
21007.268099970373 13915.211849981884 7092.056250005096
40002.0 25993.0 14009.0
0


HOST: 112
0.5062499999993589 0.5062499999985448 0.5062499999997102
18666.956249976363 2197.1249999936845 16469.831249990573
36873.0 4340.0 32533.0
0


HOST: 113
0.5498517113040439 0.5680831117007447 0.5062499999995113
9382.1197499809 6835.175999983359 2546.943749997541
17063.0 12032.0 5031.0
0


HOST: 114
0.5776067414439955 0.5776067414439955 0.0
12642.07874998473 12642.07874998473 0.0
21887.0 21887.0 0.0
0


HOST: 115
0.62772754289124 0.6423259709421312 0.5062500000003638
12293.416199982044 11229.78494998128 1063.6312500007643
19584.0 17483.0 2101.0
0


HOST: 116
0.5549172336160973 0.5549172336160973 0.0
12202.075049984363 12202.075049984363 0.0
21989.0 21989.0 0.0
0


HOST: 117
0.5414897160171228 0.5414897160171228 0.0
10449.127049982419 10449.127049982419 0.0
19297.0 19297.0 0.0
0


HOST: 118
0.5062499999985448 0.5062499999985448 0.5062499999985448
5799.093749983331 4638.2624999866675 1160.8312499966632
11455.0 9162.0 2293.0
0


HOST: 119
0.5759945758192913 0.5759945758192913 0.0
11691.537899979974 11691.537899979974 0.0
20298.0 20298.0 0.0
0


HOST: 120
0.6108718608671787 0.6108718608671787 0.0
12697.582499985176 12697.582499985176 0.0
20786.0 20786.0 0.0
0


HOST: 121
0.5410474907052277 0.5410474907052277 0.0
9314.6735999812 9314.6735999812 0.0
17216.0 17216.0 0.0
0


HOST: 122
0.548419292418017 0.548419292418017 0.0
9990.554249979015 9990.554249979015 0.0
18217.0 18217.0 0.0
0


HOST: 123
0.5450528138789001 0.5450528138789001 0.0
8639.087099980567 8639.087099980567 0.0
15850.0 15850.0 0.0
0


HOST: 124
0.6495928185900772 0.6495928185900772 0.0
12998.352299987446 12998.352299987446 0.0
20010.0 20010.0 0.0
0


HOST: 125
0.5718243690843794 0.5718243690843794 0.0
11601.17279998389 11601.17279998389 0.0
20288.0 20288.0 0.0
0


HOST: 126
0.6431689557179816 0.6870673715883554 0.5062500000003638
10864.409999988146 8788.278749986654 2076.131250001492
16892.0 12791.0 4101.0
0


HOST: 127
0.5109687948104412 0.5109687948104412 0.0
6342.655649982007 6342.655649982007 0.0
12413.0 12413.0 0.0
0


HOST: 128
0.5558147648524924 0.5558147648524924 0.0
11310.274649983368 11310.274649983368 0.0
20349.0 20349.0 0.0
0


HOST: 129
0.5562635994610772 0.5562635994610772 0.0
12401.896949984715 12401.896949984715 0.0
22295.0 22295.0 0.0
0


HOST: 130
0.5136364033410236 0.5581321646327135 0.5062499999988718
9466.832549978406 1464.5387999962404 8002.2937499821655
18431.0 2624.0 15807.0
0


HOST: 131
0.5317937373978396 0.5470645341998279 0.5097813336397359
8440.63019997851 5126.541749986587 3314.088449991923
15872.0 9371.0 6501.0
0


HOST: 132
0.5156396216711777 0.5156396216711777 0.0
11039.844299979915 11039.844299979915 0.0
21410.0 21410.0 0.0
0


HOST: 133
0.5452451974519202 0.5452451974519202 0.0
12329.629649980272 12329.629649980272 0.0
22613.0 22613.0 0.0
0


HOST: 134
0.5211572519073411 0.5211572519073411 0.0
10104.196799979529 10104.196799979529 0.0
19388.0 19388.0 0.0
0


HOST: 135
0.5573580089549999 0.5942255780920528 0.5062500000003638
14189.777549985341 8788.59629998146 5401.181250003881
25459.0 14790.0 10669.0
0


HOST: 136
0.5238644981403469 0.5238644981403469 0.0
10991.724899980758 10991.724899980758 0.0
20982.0 20982.0 0.0
0


HOST: 137
0.5323906597885952 0.5323906597885952 0.0
10425.273899980271 10425.273899980271 0.0
19582.0 19582.0 0.0
0


HOST: 138
0.508167122288547 0.5110328779183361 0.5062499999994657
11506.42814997957 4638.134399986819 6868.293749992752
22643.0 9076.0 13567.0
0


HOST: 139
0.5287228603048026 0.5366971419587808 0.5085372664638595
14090.992949983296 10253.062199980548 3837.930750002748
26651.0 19104.0 7547.0
0


HOST: 140
0.5062499999985828 0.5062499999985448 0.5062499999986039
8199.731249977045 2929.1624999915803 5270.568749985465
16197.0 5786.0 10411.0
0


HOST: 141
0.5105367447392737 0.5179509335204733 0.5062499999990806
9852.338099978504 3661.913099989746 6190.424999988758
19298.0 7070.0 12228.0
0


HOST: 142
0.5544238198055055 0.5544238198055055 0.0
11168.867849981909 11168.867849981909 0.0
20145.0 20145.0 0.0
0


HOST: 143
0.5329452689467896 0.5499230593595147 0.5090415995203358
14970.965549984267 9032.48624998003 5938.479300004237
28091.0 16425.0 11666.0
0


HOST: 144
0.5150381914641303 0.5150381914641303 0.0
9124.416599978533 9124.416599978533 0.0
17716.0 17716.0 0.0
0


HOST: 145
0.5120253311068327 0.5120253311068327 0.0
9510.35849997831 9510.35849997831 0.0
18574.0 18574.0 0.0
0


HOST: 146
0.5130727554346954 0.5173760358150223 0.5107108817026292
13663.640549981374 4882.477649986366 8781.162899995008
26631.0 9437.0 17194.0
0


HOST: 147
0.5341416779974839 0.5341416779974839 0.0
11784.23369998049 11784.23369998049 0.0
22062.0 22062.0 0.0
0


HOST: 148
0.5192814882547059 0.5219501069014414 0.5147309374998038
10788.59219997977 6835.458599981277 3953.133599998493
20776.0 13096.0 7680.0
0


HOST: 149
0.5253861178244407 0.5253861178244407 0.0
9346.093649978975 9346.093649978975 0.0
17789.0 17789.0 0.0
0


HOST: 150
0.5704963462794098 0.5704963462794098 0.0
10399.007399981083 10399.007399981083 0.0
18228.0 18228.0 0.0
0


HOST: 151
0.5435084884617097 0.5435084884617097 0.0
9751.629299979997 9751.629299979997 0.0
17942.0 17942.0 0.0
0


HOST: 152
0.5563365362125736 0.5563365362125736 0.0
10945.921349982385 10945.921349982385 0.0
19675.0 19675.0 0.0
0


HOST: 153
0.5062499999985448 0.5062499999985448 0.0
7585.143749978197 7585.143749978197 0.0
14983.0 14983.0 0.0
0


HOST: 154
0.5136918802410199 0.5161572680806552 0.5088810469304299
8819.062199977829 5858.901149983518 2960.161049994311
17168.0 11351.0 5817.0
0


HOST: 155
0.5350293572765269 0.5350293572765269 0.0
8490.915899978481 8490.915899978481 0.0
15870.0 15870.0 0.0
0


HOST: 156
0.5186509855710125 0.5186509855710125 0.0
10209.125999979811 10209.125999979811 0.0
19684.0 19684.0 0.0
0


HOST: 157
0.5247752863679014 0.5832663728698019 0.5136551689852339
10995.09179998027 1952.1925499952267 9042.899249985043
20952.0 3347.0 17605.0
0


HOST: 158
0.508127454440367 0.5097342070542747 0.506895064485554
10651.367699978973 4638.071549986846 6013.2961499921275
20962.0 9099.0 11863.0
0


HOST: 159
0.5333046682872744 0.5333046682872744 0.0
11840.963549982353 11840.963549982353 0.0
22203.0 22203.0 0.0
0


HOST: 160
0.5086694814122085 0.5135120950763751 0.5068535967806067
8867.126399977618 2441.236499993087 6425.889899984531
17432.0 4754.0 12678.0
0


HOST: 161
0.5062499999988334 0.5062499999985448 0.5062499999988573
9542.30624997801 732.0374999978958 8810.268749980114
18849.0 1446.0 17403.0
0


HOST: 162
0.5735918475507438 0.5735918475507438 0.0
10226.56904998221 10226.56904998221 0.0
17829.0 17829.0 0.0
0


HOST: 163
0.597680717323599 0.6740701457905627 0.5369954593311544
12223.168349984922 6103.031099987755 6120.137249997168
20451.0 9054.0 11397.0
0


HOST: 164
0.5440012217547429 0.5440012217547429 0.0
9461.813249980243 9461.813249980243 0.0
17393.0 17393.0 0.0
0


HOST: 165
0.508886414101311 0.508886414101311 0.0
8616.973649977499 8616.973649977499 0.0
16933.0 16933.0 0.0
0


HOST: 166
0.5797852484630347 0.5797852484630347 0.0
10757.335499983146 10757.335499983146 0.0
18554.0 18554.0 0.0
0


HOST: 167
0.5298403132543976 0.5950046442016955 0.5121214285706568
11180.160449981044 2684.0659499938483 8496.094499987195
21101.0 4511.0 16590.0
0


HOST: 168
0.5801342622483477 0.6371506570051915 0.518376691362864
12396.889049984942 7079.380949984683 5317.508100000259
21369.0 11111.0 10258.0
0


HOST: 169
0.5415681476833857 0.7076777428695255 0.5182043983672658
9086.971949979528 1464.1852499970482 7622.78669998248
16779.0 2069.0 14710.0
0


HOST: 170
0.604511108759313 0.6285272966637093 0.5062500000003638
12856.137749984311 10741.531499982792 2114.6062500015196
21267.0 17090.0 4177.0
0


HOST: 171
0.5062499999985448 0.5062499999985448 0.0
3930.524999988702 3930.524999988702 0.0
7764.0 7764.0 0.0
0


HOST: 172
0.5298905031663222 0.5505139939851313 0.5062499999998694
11879.085299982613 6591.304049983977 5287.781249998636
22418.0 11973.0 10445.0
0


HOST: 173
0.5591772023558722 0.5727903431574977 0.508631050912211
9679.916549982503 7811.714699981952 1868.2018500005506
17311.0 13638.0 3673.0
0


HOST: 174
0.5438055591146956 0.6346592399987713 0.5107100903386227
10183.30289998179 3173.296199993856 7010.006699987935
18726.0 5000.0 13726.0
0


HOST: 175
0.554000501317988 0.554000501317988 0.0
8398.647599980697 8398.647599980697 0.0
15160.0 15160.0 0.0
0


HOST: 176
0.6423603658523565 0.6423603658523565 0.0
6742.214399986333 6742.214399986333 0.0
10496.0 10496.0 0.0
0


HOST: 177
0.5956379768885898 0.7082366335080543 0.506250000000011
12989.672999986366 6835.191749986232 6154.4812500001335
21808.0 9651.0 12157.0
0


HOST: 178
0.5813575194221954 0.5813575194221954 0.0
12571.274999985553 12571.274999985553 0.0
21624.0 21624.0 0.0
0


HOST: 179
0.5603302048377174 0.5603302048377174 0.0
12692.599799983976 12692.599799983976 0.0
22652.0 22652.0 0.0
0


HOST: 180
0.5562755698032563 0.5562755698032563 0.0
11495.434649984292 11495.434649984292 0.0
20665.0 20665.0 0.0
0


HOST: 181
0.6081350167822425 0.6081350167822425 0.0
7971.433799981634 7971.433799981634 0.0
13108.0 13108.0 0.0
0


HOST: 182
0.6186975116634715 0.6376217919592614 0.5062500000003638
12730.31999998759 11229.794999986512 1500.5250000010783
20576.0 17612.0 2964.0
0


HOST: 183
0.5895699243371401 0.5895699243371401 0.0
11220.694799984449 11220.694799984449 0.0
19032.0 19032.0 0.0
0


HOST: 184
0.5136980006063258 0.5419203893428189 0.5087910706330618
20310.077849972302 3173.4857999915475 17136.592049992156
39537.0 5856.0 33681.0
0


HOST: 185
0.5544849942668386 0.5406316293160394 0.5719397555145673
18861.91604997505 10253.078849978687 8608.837200005268
34017.0 18965.0 15052.0
0


HOST: 186
0.5694466131439919 0.5745336041683392 0.5098389691397655
22059.22289997196 20506.253399976362 1552.9694999997255
38738.0 35692.0 3046.0
0


HOST: 187
0.5338191326786831 0.5510887170960931 0.507252804351038
20680.153199972185 12938.460899982074 7741.692300005543
38740.0 23478.0 15262.0
0


HOST: 188
0.5062499999992813 0.5062499999985448 0.506249999999312
20634.749999970707 244.0124999992986 20390.73749997229
40760.0 482.0 40278.0
0


HOST: 189
0.5546506497887624 0.5546506497887624 0.0
21339.629099972844 21339.629099972844 0.0
38474.0 38474.0 0.0
0


HOST: 190
0.531657605317396 0.5458645438274426 0.5128629570468655
20873.940899971603 12205.531199981617 8668.40970000612
39262.0 22360.0 16902.0
0


HOST: 191
0.5411590252344971 0.5437330869449338 0.5218083089159248
22023.548849968327 19530.348749975077 2493.200100000289
40697.0 35919.0 4778.0
0


HOST: 192
0.5062499999992777 0.5062499999985448 0.5062499999993392
20737.012499970413 488.0249999985972 20248.98749997357
40962.0 964.0 39998.0
0


HOST: 193
0.5235819080049026 0.5381358855121162 0.5165307769326508
23289.446849966072 7812.118649979391 15477.32820000995
44481.0 14517.0 29964.0
0


HOST: 194
0.5305757507549791 0.536964303958527 0.5196399070872654
23692.86014996359 15135.94979998296 8556.910350006
44655.0 28188.0 16467.0
0


HOST: 195
0.5522434224244538 0.5582783272093721 0.5120599350977175
16942.828199982243 14891.516099982791 2051.312100001456
30680.0 26674.0 4006.0
0


HOST: 196
0.5062499999993234 0.5062499999985448 0.5062499999995727
19518.974999973914 1708.5937499950887 17810.381249984966
38556.0 3375.0 35181.0
0


HOST: 197
0.5368274175566708 0.5365677329068312 0.5384809386082021
21195.020099972477 18309.300749979804 2885.7193500013555
39482.0 34123.0 5359.0
0


HOST: 198
0.574162222414685 0.574162222414685 0.0
16521.51794998256 16521.51794998256 0.0
28775.0 28775.0 0.0
0


HOST: 199
0.519511439339212 0.529578967044224 0.5071194921035334
20400.175199972175 11473.857899980158 8926.317300006394
39268.0 21666.0 17602.0
0


HOST: 200
0.5069967110280522 0.5062499999985448 0.5070724071122358
18590.55539997662 1708.5937499950887 16881.961649987665
36668.0 3375.0 33293.0
0


HOST: 201
0.5368597850995089 0.5395843162486 0.506249999999909
22483.687799967433 20750.794049972414 1732.8937499996887
41880.0 38457.0 3423.0
0


HOST: 202
0.5096940046899827 0.5110548848554962 0.5093321302653121
20862.79499997037 4394.049899987556 16468.745099998603
40932.0 8598.0 32334.0
0


HOST: 203
0.5262232067014477 0.5262232067014477 0.0
20445.35024997135 20445.35024997135 0.0
38853.0 38853.0 0.0
0


HOST: 204
0.549128409473801 0.55727355780144 0.5172617376884564
21143.09114996976 17088.793649981155 4054.2975000021215
38503.0 30665.0 7838.0
0


HOST: 205
0.5477118601174985 0.5477118601174985 0.0
20564.3894999716 20564.3894999716 0.0
37546.0 37546.0 0.0
0


HOST: 206
0.5270206871615565 0.5409172312757367 0.512255336402997
20776.73654997004 10985.488049978936 9791.248500006885
39423.0 20309.0 19114.0
0


HOST: 207
0.55260726627274 0.5543168762623416 0.506249999999909
22963.594949963714 22215.357449965864 748.2374999998656
41555.0 40077.0 1478.0
0


HOST: 208
0.5256558038110898 0.5288838084766742 0.5062500000003638
19527.061799974363 16844.949299982072 2682.1125000019274
37148.0 31850.0 5298.0
0


HOST: 209
0.5368448581347199 0.557905927257698 0.5176869145034348
23178.276749966535 11473.893299981817 11704.38345000816
43175.0 20566.0 22609.0
0


HOST: 210
0.5491477018260641 0.551709139432584 0.5062500000003638
19569.976649975448 18553.42664997837 1016.5500000007305
35637.0 33629.0 2008.0
0


HOST: 211
0.5066342530748694 0.5062499999985448 0.5067126742040012
20179.24229997205 3417.693749990176 16761.548549994157
39830.0 6751.0 33079.0
0


HOST: 212
0.5062499999992695 0.5062499999985448 0.50624999999933
20974.44374996973 488.0249999985972 20486.418749972887
41431.0 964.0 40467.0
0


HOST: 213
0.5288304583336634 0.527503512778775 0.5351216522760582
20745.490049971282 17089.003799981198 3656.486250002306
39229.0 32396.0 6833.0
0


HOST: 214
0.5064235867880827 0.5062499999985448 0.5064523641408532
22325.17739996584 3173.6812499908774 19151.496149986364
44084.0 6269.0 37815.0
0


HOST: 215
0.5153234998914619 0.5209738262180796 0.512733906801482
21513.210149968858 6835.176599981205 14678.033550006026
41747.0 13120.0 28627.0
0


HOST: 216
0.547495213510364 0.5493537306141663 0.5062499999999384
21103.75049997049 20262.36299997291 841.3874999998975
38546.0 36884.0 1662.0
0


HOST: 217
0.5062499999993234 0.5062499999985448 0.5062499999995727
19518.974999973914 1708.5937499950887 17810.381249984966
38556.0 3375.0 35181.0
0


HOST: 218
0.5255210037464226 0.5392676911241957 0.5202621394716975
19774.829849974136 5614.855199985126 14159.974650001192
37629.0 10412.0 27217.0
0


HOST: 219
0.5601720327287351 0.5601720327287351 0.0
17868.367499981192 17868.367499981192 0.0
31898.0 31898.0 0.0
0


HOST: 220
0.5359194169588565 0.5359194169588565 0.0
16627.97174998244 16627.97174998244 0.0
31027.0 31027.0 0.0
0


HOST: 221
0.5298600689999621 0.5298600689999621 0.0
12440.05469998111 12440.05469998111 0.0
23478.0 23478.0 0.0
0


HOST: 222
0.5541851319141848 0.5541851319141848 0.0
19535.025899975015 19535.025899975015 0.0
35250.0 35250.0 0.0
0


HOST: 223
0.5574947524435736 0.5602622269527566 0.5137879912663069
21439.018199970065 20262.443699973395 1176.5744999998428
38456.0 36166.0 2290.0
0


HOST: 224
0.5062499999994703 0.5062499999985448 0.5062499999995655
16421.23124998282 1464.5812499957901 14956.649999987163
32437.0 2893.0 29544.0
0


HOST: 225
0.5412360529097271 0.5532417194238914 0.5210560221298669
23997.86534996439 15380.119799984182 8617.74555000587
44339.0 27800.0 16539.0
0


HOST: 226
0.5214599536754836 0.5215694310119801 0.5213798531411757
21950.856749969484 9276.633899979077 12674.22285000884
42095.0 17786.0 24309.0
0


HOST: 227
0.5590126359854987 0.5809281354975241 0.5062500000003638
16957.089299984116 12450.451799982937 4506.6375000032385
30334.0 21432.0 8902.0
0


HOST: 228
0.5857923202425481 0.595877921043387 0.5614707293669743
15617.809049986576 11229.915299983672 4387.893750002904
26661.0 18846.0 7815.0
0


HOST: 229
0.5093887737283136 0.5062499999985448 0.5097578236124926
14007.172499981169 1464.5812499957901 12542.591249985378
27498.0 2893.0 24605.0
0


HOST: 230
0.5347152071128879 0.5347152071128879 0.0
14703.064049983079 14703.064049983079 0.0
27497.0 27497.0 0.0
0


HOST: 231
0.516931053332045 0.516931053332045 0.0
13191.563549980458 13191.563549980458 0.0
25519.0 25519.0 0.0
0


HOST: 232
0.5062499999993479 0.5062499999985448 0.5062499999994563
14376.487499981484 1708.5937499950887 12667.893749986395
28398.0 3375.0 25023.0
0


HOST: 233
0.5628540286006732 0.5628540286006732 0.0
19364.42999997756 19364.42999997756 0.0
34404.0 34404.0 0.0
0


HOST: 234
0.6123701370191438 0.6123701370191438 0.0
15016.540499983443 15016.540499983443 0.0
24522.0 24522.0 0.0
0


HOST: 235
0.6012025668579564 0.6030201826944815 0.5957963089545801
13982.769299982348 10496.169299980145 3486.600000002203
23258.0 17406.0 5852.0
0


HOST: 236
0.5535917747609979 0.6049816292559175 0.5186985576926733
19333.08554997833 8544.155549981322 10788.930000007604
34923.0 14123.0 20800.0
0


HOST: 237
0.573547734374441 0.570149182480847 0.5827251642579305
16151.104199984256 11716.565699981405 4434.538500002851
28160.0 20550.0 7610.0
0


HOST: 238
0.9040791071157005 2.8075308729246387 0.5062499999993264
55477.00624994073 29782.287499984566 25694.71874996581
61363.0 10608.0 50755.0
2


HOST: 239
0.5382665262469696 0.5791064309430259 0.5309617996599925
14949.814499983333 2440.3544999939113 12509.459999989422
27774.0 4214.0 23560.0
0


HOST: 240
0.5458804519333114 0.5548516364162228 0.5062500000003249
20618.450549973102 17088.875549983248 3529.5750000022654
37771.0 30799.0 6972.0
0


HOST: 241
0.522933716331115 0.5438423535420266 0.5062500000003638
19570.271399975645 9032.67764997952 10537.593750007572
37424.0 16609.0 20815.0
0


HOST: 242
0.5616127997145867 0.56719469809471 0.506249999999909
22884.036749970262 20994.711749975693 1889.3249999996606
40747.0 37015.0 3732.0
0


HOST: 243
0.5434875178990074 0.5508108042491126 0.5062500000000435
22772.12699996841 19286.08949997843 3486.0375000002996
41900.0 35014.0 6886.0
0


HOST: 244
0.5333165714353351 0.5900274536650005 0.506344508105889
20534.287949974707 7322.240699982656 13212.047250006963
38503.0 12410.0 26093.0
0


HOST: 245
0.5422297689980169 0.5422297689980169 0.0
22111.58774997013 22111.58774997013 0.0
40779.0 40779.0 0.0
0


HOST: 246
0.5460938120638809 0.550038033614915 0.5291388219896824
22106.969699970025 18064.34909998104 4042.6206000011734
40482.0 32842.0 7640.0
0


HOST: 247
0.5449085097769603 0.5449085097769603 0.0
16161.986399984642 16161.986399984642 0.0
29660.0 29660.0 0.0
0


HOST: 248
0.5355636085735194 0.5624604492769643 0.5196805882356595
21287.046749971676 8300.228849980162 12986.817900009133
39747.0 14757.0 24990.0
0


HOST: 249
0.5397325850578545 0.5467830048372317 0.5175852720452091
23827.034699964046 18309.57569997954 5517.459000001929
44146.0 33486.0 10660.0
0


HOST: 250
0.5298687826156179 0.5380297531580345 0.5230987547234751
23860.52114996389 10985.491499980748 12875.029650008893
45031.0 20418.0 24613.0
0


HOST: 251
0.520156939582944 0.5344214244006813 0.5073391064875118
22591.456199966422 10985.566799980405 11605.88940000832
43432.0 20556.0 22876.0
0


HOST: 252
0.5370980796188263 0.5370980796188263 0.0
19535.86844997557 19535.86844997557 0.0
36373.0 36373.0 0.0
0


HOST: 253
0.5455776020467997 0.5455776020467997 0.0
20783.778749972837 20783.778749972837 0.0
38095.0 38095.0 0.0
0


HOST: 254
0.5500594548619316 0.539581843409791 0.5652570675409747
18919.294949976138 10985.346749979935 7933.948200005121
34395.0 20359.0 14036.0
0


HOST: 255
0.5334061873647101 0.5497578458457544 0.5181003018112299
21556.54424997003 10741.718549980194 10814.825700007612
40413.0 19539.0 20874.0
0


HOST: 256
0.5107976337364152 0.5195249822638648 0.5084479309246738
20367.034049972084 4394.142299987769 15972.891749998627
39873.0 8458.0 31415.0
0


HOST: 257
0.5287539440712116 0.549581930533032 0.5062500000003638
22160.60654996855 11962.200299981974 10198.406250007329
41911.0 21766.0 20145.0
0


HOST: 258
0.530554453748764 0.5410988311682917 0.5074132439009483
22300.26479996805 15624.228749984424 6676.036050004777
42032.0 28875.0 13157.0
0


HOST: 259
0.5500030392237499 0.5862383741143963 0.5062500000003638
24285.9341999639 14159.415449985012 10126.518750007277
44156.0 24153.0 20003.0
0


HOST: 260
0.5461050862084039 0.5588182216427292 0.5221783666348377
21189.42344997228 14159.336099983473 7030.08735000482
38801.0 25338.0 13463.0
0


HOST: 261
0.511749966871007 0.5112581151818045 0.5117988449526869
21626.553599968756 1953.0059999944933 19673.547599981284
42260.0 3820.0 38440.0
0


HOST: 262
0.5115000857546843 0.5226334296710062 0.5062500000002785
22367.38724996659 7323.66224997981 15043.725000008277
43729.0 14013.0 29716.0
0


HOST: 263
0.5442310314247207 0.547851647586206 0.520632336604415
22097.95679996936 19286.02154997721 2811.9352500004456
40604.0 35203.0 5401.0
0


HOST: 264
0.5603510371987858 0.5587337315749494 0.5675723872463357
22474.5593999689 18309.145649979517 4165.413750000858
40108.0 32769.0 7339.0
0


HOST: 265
0.5229821578027168 0.5256222332256975 0.5218705823694804
20494.624799972866 6102.999749983574 14391.62505000316
39188.0 11611.0 27577.0
0


HOST: 266
0.5301193121932052 0.54086505058649 0.5117098937250609
22736.81729996657 14647.707299983324 8089.110000005763
42890.0 27082.0 15808.0
0


HOST: 267
0.5648458651059037 0.5681758232591461 0.5062500000003638
17184.870599982016 16356.645599984298 828.2250000005952
30424.0 28788.0 1636.0
0


HOST: 268
0.5273217456589199 0.5455824926157111 0.519272600619414
21595.407449969745 6835.603049982245 14759.804400006224
40953.0 12529.0 28424.0
0


HOST: 269
0.512623021557638 0.5191866227122854 0.5113831833517734
22755.848549965107 3661.8232499897495 19094.025299988512
44391.0 7053.0 37338.0
0


HOST: 270
0.5564590228184625 0.5564590228184625 0.0
22288.409699970696 22288.409699970696 0.0
40054.0 40054.0 0.0
0


HOST: 271
0.5375419926719586 0.5375419926719586 0.0
21421.58594997022 21421.58594997022 0.0
39851.0 39851.0 0.0
0


HOST: 272
0.5062499999991432 0.5062499999985448 0.5062499999991964
11964.71249997975 976.0499999971944 10988.662499982556
23634.0 1928.0 21706.0
0


HOST: 273
0.506249999999437 0.5062499999985448 0.5062499999995649
17033.793749981058 976.0499999971944 16057.743749986199
33647.0 1928.0 31719.0
0


HOST: 274
0.5329011912735949 0.5348542117649878 0.5062500000003638
17490.88289998193 16356.376649985092 1134.5062500008153
32822.0 30581.0 2241.0
0


HOST: 275
0.5668484598128877 0.5668484598128877 0.0
19211.627999978387 19211.627999978387 0.0
33892.0 33892.0 0.0
0


HOST: 276
0.5757899723459687 0.6117272877609167 0.506984254462079
17490.196199981146 12206.406299981332 5283.789900003787
30376.0 19954.0 10422.0
0


HOST: 277
0.6137482356107835 0.6116127650999287 0.6269765521067937
15931.676699984719 13669.545299983407 2262.1314000013117
25958.0 22350.0 3608.0
0


HOST: 278
0.5338263858680324 0.5413421378883775 0.5156600377637948
14974.363949984177 10741.310699981186 4233.053250002991
28051.0 19842.0 8209.0
0


HOST: 279
0.6001283294879466 0.6001283294879466 0.0
9886.514099984432 9886.514099984432 0.0
16474.0 16474.0 0.0
0


HOST: 280
0.5776517413955992 0.5776517413955992 0.0
9752.4943499819 9752.4943499819 0.0
16883.0 16883.0 0.0
0


HOST: 281
0.6049504044935383 0.6049504044935383 0.0
12114.131849983105 12114.131849983105 0.0
20025.0 20025.0 0.0
0


HOST: 282
0.6158341415023779 0.6158341415023779 0.0
11176.157999985155 11176.157999985155 0.0
18148.0 18148.0 0.0
0


HOST: 283
0.5794814080144934 0.6306408839255819 0.5680843597119036
17236.094999983092 3417.4429499927282 13818.652049992055
29744.0 5419.0 24325.0
0


HOST: 284
0.5455340590551452 0.5455340590551452 0.0
16036.519199985047 16036.519199985047 0.0
29396.0 29396.0 0.0
0


HOST: 285
0.5536482248515642 0.5536482248515642 0.0
14970.647999986295 14970.647999986295 0.0
27040.0 27040.0 0.0
0


HOST: 286
0.5496803504252051 0.5992675866672458 0.510155230076265
16658.612699986268 8055.354899981117 8603.257800006133
30306.0 13442.0 16864.0
0


HOST: 287
0.5380437289348822 0.5668802223795693 0.5168154437869426
14208.120749983433 6347.357849984037 7860.762899999396
26407.0 11197.0 15210.0
0


HOST: 288
0.544954219959988 0.5980397110729637 0.5062500000003638
17937.16814998301 8300.193149981664 9636.975000006925
32915.0 13879.0 19036.0
0


HOST: 289
0.5398911175882658 0.5398911175882658 0.0
14724.450449984772 14724.450449984772 0.0
27273.0 27273.0 0.0
0


HOST: 290
0.5769648547712647 0.5769648547712647 0.0
15990.5809499856 15990.5809499856 0.0
27715.0 27715.0 0.0
0


HOST: 291
0.5386052600781351 0.5920913960368296 0.5195060100083887
15190.284149983647 4393.910249989312 10796.373899994334
28203.0 7421.0 20782.0
0


HOST: 292
0.5433017375377392 0.5530490655079738 0.5062500000003638
14539.841099984977 11718.003599982949 2821.837500002028
26762.0 21188.0 5574.0
0


HOST: 293
0.5350488581935359 0.548858811288298 0.5078748117473519
16869.555449983993 11473.89344998187 5395.662000003867
31529.0 20905.0 10624.0
0


HOST: 294
0.506249999998789 0.5062499999985448 0.5062499999987955
9272.981249977816 244.0124999992986 9028.968749978518
18317.0 482.0 17835.0
0


HOST: 295
0.6613785409796356 0.6613785409796356 0.0
20480.247899975395 20480.247899975395 0.0
30966.0 30966.0 0.0
0


HOST: 296
0.5566960281518076 0.6305233948325233 0.5407266652030354
16966.424849982643 3417.436799992276 13548.988049992458
30477.0 5420.0 25057.0
0


HOST: 297
0.5668402598088372 0.5684428618200706 0.5062500000003638
15992.264249986725 15624.22049998646 368.0437500002645
28213.0 27486.0 727.0
0


HOST: 298
0.5448532974249025 0.5567603226524828 0.5062500000003638
19068.230849979314 14891.668349985956 4176.562500003001
34997.0 26747.0 8250.0
0


HOST: 299
0.555731101498034 0.5443319555148328 0.5863341065552988
13682.655449983093 9764.770949980586 3917.8845000025067
24621.0 17939.0 6682.0
0


HOST: 300
0.6433555775135971 0.6200657872026549 0.7185903622855588
17579.047799981527 12937.672649983395 4641.375150002425
27324.0 20865.0 6459.0
0


HOST: 301
0.6122749819855456 0.6122749819855456 0.0
14445.403649984977 14445.403649984977 0.0
23593.0 23593.0 0.0
0


HOST: 302
0.6116126815074584 0.588938846498101 0.6781594352052661
14615.708249983734 10497.245999982153 4118.462250001581
23897.0 17824.0 6073.0
0


HOST: 303
0.6463732144250899 0.6534474633496941 0.5062500000003638
16488.980699984044 15868.31819998397 620.662500000446
25510.0 24284.0 1226.0
0


HOST: 304
0.5628628340195785 0.565573410461852 0.5062500000002003
20621.605649975296 19774.14314997773 847.4625000003352
36637.0 34963.0 1674.0
0


HOST: 305
0.5938797262680056 0.5938797262680056 0.0
14839.866599984924 14839.866599984924 0.0
24988.0 24988.0 0.0
0


HOST: 306
0.5538258026352799 0.5600973287433237 0.5498721365104142
13110.164399982346 5126.570849987642 7983.5935499947045
23672.0 9153.0 14519.0
0


HOST: 307
0.5546484147555878 0.5669424663253193 0.5062500000003638
14974.952549986114 12206.271299984124 2768.6812500019896
26999.0 21530.0 5469.0
0


HOST: 308
0.5487974131816342 0.5522483362516125 0.5062500000003638
16261.416149985005 15136.022399984196 1125.3937500008087
29631.0 27408.0 2223.0
0


HOST: 309
0.5062499999993807 0.5062499999985448 0.5062499999994394
14854.893749981828 976.0499999971944 13878.843749984633
29343.0 1928.0 27415.0
0


HOST: 310
0.516262351189829 0.5167797671121754 0.5160889327778974
14570.988599981734 3661.3846499897627 10909.603949991972
28224.0 7085.0 21139.0
0


HOST: 311
0.6214337978751308 0.6104515690113658 0.6424157704921789
19307.948099980313 12450.159749986806 6857.78835000401
31070.0 20395.0 10675.0
0


HOST: 312
0.5893458651969884 0.5893458651969884 0.0
13640.410049984297 13640.410049984297 0.0
23145.0 23145.0 0.0
0


HOST: 313
0.5289629565157395 0.628195605699306 0.5100778761392538
16714.17149998434 3173.644199992894 13540.527299992631
31598.0 5052.0 26546.0
0


HOST: 314
0.5062499999994224 0.5062499999985448 0.5062499999997429
15513.0187499823 4149.731249988072 11363.287499994229
30643.0 8197.0 22446.0
0


HOST: 315
0.5280024919780277 0.6725965380626473 0.5113103809594708
14810.469899983676 1952.5477499958652 12857.922149987811
28050.0 2903.0 25147.0
0


HOST: 316
0.5909049990325977 0.5918351646198371 0.5062500000003638
15277.848749987816 15135.592499987713 142.25625000010223
25855.0 25574.0 281.0
0


HOST: 317
0.5251146346995023 0.5548649525109821 0.5105225752510287
19657.666349975865 6835.381349982788 12822.285000004837
37435.0 12319.0 25116.0
0


HOST: 318
0.5549355091188324 0.5601044018774086 0.5098142291568727
23184.09569996658 20994.953399972786 2189.142299999611
41778.0 37484.0 4294.0
0


HOST: 319
0.57830718695678 0.57830718695678 0.0
17984.196899981944 17984.196899981944 0.0
31098.0 31098.0 0.0
0


HOST: 320
0.5297274768758552 0.5384874650023953 0.5248542476874388
17467.763549981326 6347.1517499832335 11120.611800001454
32975.0 11787.0 21188.0
0


HOST: 321
0.5535832960033056 0.5580977013570174 0.5062499999999873
21750.28769996988 20018.406449974857 1731.8812499999567
39290.0 35869.0 3421.0
0


HOST: 322
0.5425318768659781 0.5503246946105512 0.5130906490967323
22523.75339996795 18065.508749980567 4458.244650001507
41516.0 32827.0 8689.0
0


HOST: 323
0.5357994972059099 0.5485164057397719 0.5115502833256353
22538.4058499666 15135.761699983266 7402.64415000527
42065.0 27594.0 14471.0
0


HOST: 324
0.5366585840365546 0.5485903230331145 0.5062500000003638
21281.196149969575 15623.852399983101 5657.343750004065
39655.0 28480.0 11175.0
0


HOST: 325
0.5188637465731463 0.5366858414282578 0.5100724025749928
22148.736749967895 7567.807049979863 14580.929700008743
42687.0 14101.0 28586.0
0


HOST: 326
0.5158752379390737 0.5205470811660798 0.514790615136954
20542.667849971855 3905.664749989097 16637.00309999608
39821.0 7503.0 32318.0
0


HOST: 327
0.5374867561032041 0.5374867561032041 0.0
16907.183399982387 16907.183399982387 0.0
31456.0 31456.0 0.0
0


HOST: 328
0.5437298618731097 0.5437298618731097 0.0
10392.308849980745 10392.308849980745 0.0
19113.0 19113.0 0.0
0


HOST: 329
0.5207611316897198 0.5219997787596408 0.514391751990013
8434.768049978393 7078.316999980729 1356.451049997664
16197.0 13560.0 2637.0
0


HOST: 330
0.535485541911745 0.5357868385887267 0.5062500000003638
11338.906349981202 11229.556349981123 109.35000000007858
21175.0 20959.0 216.0
0


HOST: 331
0.5478089770787752 0.5478089770787752 0.0
10325.103599980754 10325.103599980754 0.0
18848.0 18848.0 0.0
0


HOST: 332
0.5604646869915662 0.5604646869915662 0.0
14485.770299984018 14485.770299984018 0.0
25846.0 25846.0 0.0
0


HOST: 333
0.5453029268845756 0.5453029268845756 0.0
9427.196999980542 9427.196999980542 0.0
17288.0 17288.0 0.0
0


HOST: 334
0.5182157813218933 0.5214663951921525 0.5157131672718445
13384.47719998186 5858.674949983833 7525.802249998027
25828.0 11235.0 14593.0
0


HOST: 335
0.5412454588628514 0.5412454588628514 0.0
11394.299399980748 11394.299399980748 0.0
21052.0 21052.0 0.0
0


HOST: 336
0.5062499999989875 0.5062499999985448 0.5062499999990725
10610.999999978778 1708.5937499950887 8902.40624998369
20960.0 3375.0 17585.0
0


HOST: 337
0.5664083623097808 0.5664083623097808 0.0
10099.061099983392 10099.061099983392 0.0
17830.0 17830.0 0.0
0


HOST: 338
0.5430338512815971 0.5641064344103627 0.5062499999994267
9610.613099981705 6347.325599985401 3263.287499996304
17698.0 11252.0 6446.0
0


HOST: 339
0.6420824437023629 0.5940994112091835 0.7111923337858228
13857.423299984397 7567.63829998258 6289.785000001817
21582.0 12738.0 8844.0
0


HOST: 340
0.5696497907942257 0.5696497907942257 0.0
11980.874399984155 11980.874399984155 0.0
21032.0 21032.0 0.0
0


HOST: 341
0.5725056007946445 0.5725056007946445 0.0
12092.463299984482 12092.463299984482 0.0
21122.0 21122.0 0.0
0


HOST: 342
0.5781903896474028 0.5781903896474028 0.0
11930.380499984509 11930.380499984509 0.0
20634.0 20634.0 0.0
0


HOST: 343
0.5827869146676252 0.5827869146676252 0.0
11835.819449984801 11835.819449984801 0.0
20309.0 20309.0 0.0
0


HOST: 344
0.5062499999985448 0.5062499999985448 0.5062499999985448
7900.031249977292 244.0124999992986 7656.018749977993
15605.0 482.0 15123.0
0


HOST: 345
0.5428277966701022 0.5428277966701022 0.0
12131.115599983443 12131.115599983443 0.0
22348.0 22348.0 0.0
0


HOST: 346
0.5685514986365899 0.5685514986365899 0.0
10015.603199982168 10015.603199982168 0.0
17616.0 17616.0 0.0
0


HOST: 347
0.5818848745036744 0.8452534642018424 0.5356935833380874
10131.197549983475 2195.9684999963865 7935.229049987089
17411.0 2598.0 14813.0
0


HOST: 348
0.5442577962385768 0.5455187610077591 0.506249999999909
21389.87564997231 20750.988149974146 638.8874999998852
39301.0 38039.0 1262.0
0


HOST: 349
0.507791317116231 0.5112547269992995 0.5062500000002211
22044.744449966936 6835.475699980634 15209.268750006642
43413.0 13370.0 30043.0
0


HOST: 350
0.5445538813483136 0.5445538813483136 0.0
22911.0154499676 22911.0154499676 0.0
42073.0 42073.0 0.0
0


HOST: 351
0.5072429913933796 0.5069485303499844 0.5073617050396155
22103.113349966516 6346.995599981805 15756.11775000526
43575.0 12520.0 31055.0
0


HOST: 352
0.5268827262533122 0.5330480995504385 0.5062500000003638
16924.000049982642 13182.812549981894 3741.1875000026885
32121.0 24731.0 7390.0
0


HOST: 353
0.5283180796076807 0.5333550561792217 0.5086538016330215
21263.217749970325 17088.695999982265 4174.521750002208
40247.0 32040.0 8207.0
0


HOST: 354
0.5418529369276642 0.5418529369276642 0.0
18006.856799980138 18006.856799980138 0.0
33232.0 33232.0 0.0
0


HOST: 355
0.5240601769903631 0.535246100539537 0.5062500000003638
21792.51839996726 13671.255899980855 8121.262500005836
41584.0 25542.0 16042.0
0


HOST: 356
0.5364526751874008 0.5453632718077797 0.5062500000003638
18970.03949997687 14891.689499983231 4078.3500000029308
35362.0 27306.0 8056.0
0


HOST: 357
0.5496632436933371 0.5419624924313428 0.5729393045957372
21747.975899970574 16112.544899983819 5635.431000003671
39566.0 29730.0 9836.0
0


HOST: 358
0.514685889789524 0.5182619735046277 0.5062500000003638
17260.505999981477 12206.10599998099 5054.400000003632
33536.0 23552.0 9984.0
0


HOST: 359
0.5212037444539962 0.5343892119431769 0.5067217588315083
17740.211849980667 9520.67819997964 8219.533650005897
34037.0 17816.0 16221.0
0


HOST: 360
0.5247958157117727 0.5373000560600331 0.5073903468211732
21716.575649968865 12938.722649981655 8777.853000006296
41381.0 24081.0 17300.0
0


HOST: 361
0.5090570620315682 0.5117573978887411 0.5070277619679588
17545.160699980028 7567.868399978703 9977.292300005494
34466.0 14788.0 19678.0
0


HOST: 362
0.5612500113671038 0.5612500113671038 0.0
9874.071449981458 9874.071449981458 0.0
17593.0 17593.0 0.0
0


HOST: 363
0.5089563496199795 0.5200412117162565 0.5062499999989444
9738.879749978307 1952.754749994543 7786.124999983764
19135.0 3755.0 15380.0
0


HOST: 364
0.5437679165047773 0.5437679165047773 0.0
11253.820799982872 11253.820799982872 0.0
20696.0 20696.0 0.0
0


HOST: 365
0.5062499999986662 0.5062499999986662 0.0
8602.706249977335 8602.706249977335 0.0
16993.0 16993.0 0.0
0


HOST: 366
0.5077308856492498 0.5077308856492498 0.0
10869.50279997914 10869.50279997914 0.0
21408.0 21408.0 0.0
0


HOST: 367
0.5488317174503475 0.5488317174503475 0.0
9113.89949998047 9113.89949998047 0.0
16606.0 16606.0 0.0
0


HOST: 368
0.5533047975182179 0.5975491330939705 0.5070656469831235
10616.259149982046 5858.969249986381 4757.289899995665
19187.0 9805.0 9382.0
0


HOST: 369
0.5581800998407749 0.5581800998407749 0.0
10230.883049981563 10230.883049981563 0.0
18329.0 18329.0 0.0
0


HOST: 370
0.5062499999986382 0.5062499999985448 0.5062499999986618
8462.981249977234 1708.5937499950887 6754.3874999821455
16717.0 3375.0 13342.0
0


HOST: 371
0.5406542609402772 0.5406542609402772 0.0
9820.984649980135 9820.984649980135 0.0
18165.0 18165.0 0.0
0


HOST: 372
0.5062499999990072 0.5062499999985448 0.506249999999041
10765.406249978889 732.0374999978958 10033.368749980993
21265.0 1446.0 19819.0
0


HOST: 373
0.5062499999991494 0.5062499999985448 0.5062499999992667
12025.968749979795 1952.6062499943873 10073.362499985407
23755.0 3857.0 19898.0
0


HOST: 374
0.5370238154450254 0.5370238154450254 0.0
8851.763549980355 8851.763549980355 0.0
16483.0 16483.0 0.0
0


HOST: 375
0.5062499999985448 0.5062499999985448 0.0
7864.087499977395 7864.087499977395 0.0
15534.0 15534.0 0.0
0


HOST: 376
0.5431567984916107 0.5431567984916107 0.0
11097.236549982097 11097.236549982097 0.0
20431.0 20431.0 0.0
0


HOST: 377
0.6200696876238269 0.6200696876238269 0.0
7741.570049983478 7741.570049983478 0.0
12485.0 12485.0 0.0
0


HOST: 378
0.6496097035800957 0.6496097035800957 0.0
12535.518449985108 12535.518449985108 0.0
19297.0 19297.0 0.0
0


HOST: 379
0.5902791099947111 0.5902791099947111 0.0
12933.01529998412 12933.01529998412 0.0
21910.0 21910.0 0.0
0


HOST: 380
0.6074987779602024 0.6159371152215232 0.5967623595506673
12900.236549984897 7323.492299983911 5576.744250000986
21235.0 11890.0 9345.0
0


HOST: 381
0.5815985677074704 0.6083141748117462 0.5467460240057932
10720.024799984094 6347.15009998576 4372.874699998334
18432.0 10434.0 7998.0
0


HOST: 382
0.5650849120421754 0.5675237698554444 0.5161624352335185
9187.150499981688 8788.673099981412 398.47740000027625
16258.0 15486.0 772.0
0


HOST: 383
0.5744532147585895 0.5744532147585895 0.0
8219.851049980656 8219.851049980656 0.0
14309.0 14309.0 0.0
0


HOST: 384
0.5857203394595475 0.5857203394595475 0.0
11439.703949984421 11439.703949984421 0.0
19531.0 19531.0 0.0
0


HOST: 385
0.5426053508680512 0.5426053508680512 0.0
11428.353899982894 11428.353899982894 0.0
21062.0 21062.0 0.0
0


HOST: 386
0.5222861082742548 0.5280128252781985 0.5062500000003638
20973.44324996925 15623.899499981893 5349.543750003844
40157.0 29590.0 10567.0
0


HOST: 387
0.5360996022478728 0.5376306924613753 0.5062500000003638
20217.388199971778 19285.888199974455 931.5000000006694
37712.0 35872.0 1840.0
0


HOST: 388
0.5360311283585715 0.5433624509028492 0.5081547666462457
20683.833149972197 16600.809599983848 4083.023550002584
38587.0 30552.0 8035.0
0


HOST: 389
0.5445101759935833 0.5587748968262739 0.5146608853414328
23204.30114996655 16112.274149985607 7092.027000004944
42615.0 28835.0 13780.0
0


HOST: 390
0.5155077597833627 0.5221031368807004 0.5124679627603034
20627.527499971475 6591.029999981962 14036.497500004709
40014.0 12624.0 27390.0
0


HOST: 391
0.517116459626696 0.5350092881549734 0.5090494466622785
18982.310999976755 6102.850949983782 12879.460050002308
36708.0 11407.0 25301.0
0


HOST: 392
0.51144293418721 0.5062499999985448 0.511576719759919
19630.202699973495 488.0249999985972 19142.17769997665
38382.0 964.0 37418.0
0


HOST: 393
0.5709461371713161 0.581139847519133 0.5062500000003219
20544.92579997264 18065.313299979767 2479.612500001577
35984.0 31086.0 4898.0
0


HOST: 394
0.5412600572781026 0.561269897123483 0.5062500000003638
21828.476849968596 14403.30809998282 7425.168750005336
40329.0 25662.0 14667.0
0


HOST: 395
0.5451590952645624 0.5451590952645624 0.0
18203.407349979003 18203.407349979003 0.0
33391.0 33391.0 0.0
0


HOST: 396
0.5236218938933713 0.54070125176046 0.5119593359002671
19226.348699976807 8055.907949979093 11170.440750007927
36718.0 14899.0 21819.0
0


HOST: 397
0.5328656515879258 0.5442120961743407 0.5088370363435639
22170.40829996724 15379.978049983043 6790.43025000486
41606.0 28261.0 13345.0
0


HOST: 398
0.5681274551360053 0.5681274551360053 0.0
17823.862649981893 17823.862649981893 0.0
31373.0 31373.0 0.0
0


HOST: 399
0.5439550408081153 0.5414328152822496 0.5506056618823477
22326.63464996909 16112.499149984465 6214.135500004177
41045.0 29759.0 11286.0
0


HOST: 400
0.5062499999994718 0.5062499999985448 0.506249999999581
16394.906249982894 1708.5937499950887 14686.312499987846
32385.0 3375.0 29010.0
0


HOST: 401
0.5517392337282422 0.5434292573100027 0.7116240428295718
17208.746699983873 16112.13404998427 1096.6126500003702
31190.0 29649.0 1541.0
0


HOST: 402
0.5156662155777293 0.53102913126089 0.50749779528731
21853.418549968592 7811.969549978952 14041.449000009292
42379.0 14711.0 27668.0
0


HOST: 403
0.5349492931923813 0.5745591350382918 0.5086805546074179
18240.166049980624 7811.705999980615 10428.460050006674
34097.0 13596.0 20501.0
0


HOST: 404
0.5226738892358848 0.5382799279715328 0.5140932797222374
20045.58899997465 7323.836699980675 12721.752300006487
38352.0 13606.0 24746.0
0


HOST: 405
0.5382171331821262 0.5408286764012122 0.5275155159189092
21458.71709997137 17333.01824998245 4125.698850001789
39870.0 32049.0 7821.0
0


HOST: 406
0.5588247160168434 0.5683083050840477 0.5345962437399213
19038.599249977837 13915.02884998291 5123.570400003406
34069.0 24485.0 9584.0
0


HOST: 407
0.5579667177436862 0.5579667177436862 0.0
21847.744799971777 21847.744799971777 0.0
39156.0 39156.0 0.0
0


HOST: 408
0.5618842454996057 0.5618842454996057 0.0
22196.113349970925 22196.113349970925 0.0
39503.0 39503.0 0.0
0


HOST: 409
0.5075723306998284 0.5129563041750679 0.506249999999886
19599.905549973875 3905.649299988967 15694.256249996464
38615.0 7614.0 31001.0
0


HOST: 410
0.5419498165036679 0.5475931733657611 0.5062500000002048
21265.026899970922 18553.551899978716 2711.4750000010968
39238.0 33882.0 5356.0
0


HOST: 411
0.5446277439291949 0.5524546768911552 0.533182048831058
18235.77074998123 10985.561249980621 7250.209500004727
33483.0 19885.0 13598.0
0


HOST: 412
0.5402317179409377 0.5459200992684505 0.5120754589632238
23811.25319996477 20017.798199975543 3793.454999999562
44076.0 36668.0 7408.0
0


HOST: 413
0.5208411144454681 0.5443265877853779 0.5076452473329838
20128.946549974004 7567.772549980109 12561.17400000735
38647.0 13903.0 24744.0
0


HOST: 414
0.5062499999993286 0.5062499999985448 0.5062499999995415
19388.86874997429 1464.5812499957901 17924.287499983766
38299.0 2893.0 35406.0
0


HOST: 415
0.5154101332875539 0.5435597444583782 0.506250000000004
19798.44944997481 5126.3119499869645 14672.137500000115
38413.0 9431.0 28982.0
0


HOST: 416
0.5460417993269311 0.580673985266752 0.5241033683292341
18350.826749980173 7567.924049981579 10782.902700005661
33607.0 13033.0 20574.0
0


HOST: 417
0.506249999999292 0.5062499999985448 0.5062499999993497
13626.224999980945 976.0499999971944 12650.17499998375
26916.0 1928.0 24988.0
0


HOST: 418
0.525156584598197 0.6049915051811778 0.51105816521388
15528.355049984088 2684.9522999940673 12843.40274999002
29569.0 4438.0 25131.0
0


HOST: 419
0.566279528179129 0.566279528179129 0.0
16166.714249985953 16166.714249985953 0.0
28549.0 28549.0 0.0
0


HOST: 420
0.5426122000580872 0.5522168261202653 0.5062500000003638
18497.64989998019 14891.631149985194 3606.0187500025913
34090.0 26967.0 7123.0
0


HOST: 421
0.5596012630288197 0.5596012630288197 0.0
17877.581549981704 17877.581549981704 0.0
31947.0 31947.0 0.0
0


HOST: 422
0.5411806480689847 0.7271406382964485 0.5105865583858049
9001.998899979491 1708.7804999966538 7293.218399982838
16634.0 2350.0 14284.0
0


HOST: 423
0.57778770923975 0.57778770923975 0.0
14462.604149980183 14462.604149980183 0.0
25031.0 25031.0 0.0
0


HOST: 424
0.5704818636755934 0.5849122313269182 0.5062500000003638
20120.324849974502 16844.887349983917 3275.4375000023538
35269.0 28799.0 6470.0
0


HOST: 425
0.5647243516076901 0.5953064398124575 0.5471425253295145
13957.16234998406 5370.854699987991 8586.30764999607
24715.0 9022.0 15693.0
0


HOST: 426
0.522937099092968 0.5344754459927249 0.506249999999758
10907.94494998022 6591.151199982283 4316.793749997936
20859.0 12332.0 8527.0
0


HOST: 427
0.540218032690486 0.540218032690486 0.0
13880.902349982036 13880.902349982036 0.0
25695.0 25695.0 0.0
0


HOST: 428
0.5261084666053838 0.5261084666053838 0.0
9901.887449979928 9901.887449979928 0.0
18821.0 18821.0 0.0
0


HOST: 429
0.545565551233977 0.545565551233977 0.0
14029.218149981718 14029.218149981718 0.0
25715.0 25715.0 0.0
0


HOST: 430
0.51817408530959 0.51817408530959 0.0
8625.007649978124 8625.007649978124 0.0
16645.0 16645.0 0.0
0


HOST: 431
0.5182674121206501 0.5182674121206501 0.0
8875.847699978252 8875.847699978252 0.0
17126.0 17126.0 0.0
0


HOST: 432
0.5151427990526539 0.5151427990526539 0.0
10451.732249979295 10451.732249979295 0.0
20289.0 20289.0 0.0
0


HOST: 433
0.5109242980550789 0.5109242980550789 0.0
10171.991849978565 10171.991849978565 0.0
19909.0 19909.0 0.0
0


HOST: 434
0.5210348273597187 0.5210348273597187 0.0
9567.241499979156 9567.241499979156 0.0
18362.0 18362.0 0.0
0


HOST: 435
0.5894182352932242 0.5894182352932242 0.0
11723.52869998223 11723.52869998223 0.0
19890.0 19890.0 0.0
0


HOST: 436
0.5313827717359829 0.5313827717359829 0.0
12363.682949981116 12363.682949981116 0.0
23267.0 23267.0 0.0
0


HOST: 437
0.5369325670181535 0.5371927683802805 0.5361389853931822
16524.099749983674 12449.979599981381 4074.120150002791
30775.0 23176.0 7599.0
0


HOST: 438
0.5441791746021861 0.5611819080445766 0.5062499999999307
10284.986399981319 7323.423899981724 2961.5624999995944
18900.0 13050.0 5850.0
0


HOST: 439
0.5400103996175272 0.5841765354945161 0.5132121682658525
10756.467149981523 4394.17589998975 6362.291249991773
19919.0 7522.0 12397.0
0


HOST: 440
0.5541772057359247 0.5541772057359247 0.0
8422.93934998032 8422.93934998032 0.0
15199.0 15199.0 0.0
0


HOST: 441
0.5724575469862414 0.7428749144147176 0.5142192447674108
11817.813599983967 3906.0362999925856 7911.777299991381
20644.0 5258.0 15386.0
0


HOST: 442
0.6810610853975494 0.6810610853975494 0.0
12066.359249988382 12066.359249988382 0.0
17717.0 17717.0 0.0
0


HOST: 443
0.5858517327138417 0.5858517327138417 0.0
10481.473349983342 10481.473349983342 0.0
17891.0 17891.0 0.0
0


HOST: 444
0.5062499999985448 0.5062499999985448 0.5062499999985448
6243.074999982055 1220.5687499964915 5022.506249985563
12332.0 2411.0 9921.0
0


HOST: 445
0.5809291624437818 0.5809291624437818 0.0
5160.393749988114 5160.393749988114 0.0
8883.0 8883.0 0.0
0


HOST: 446
0.5932926100982296 0.5932926100982296 0.0
10292.440199984088 10292.440199984088 0.0
17348.0 17348.0 0.0
0


HOST: 447
0.5619181765716386 0.5619181765716386 0.0
11685.650399983795 11685.650399983795 0.0
20796.0 20796.0 0.0
0


HOST: 448
0.5793955774387957 0.6784065398631217 0.5081626218430889
7971.903749980389 3905.5864499919917 4066.3172999883973
13759.0 5757.0 8002.0
0


HOST: 449
0.5062499999990391 0.5062499999985448 0.5062499999991983
11024.606249979075 2685.1499999922817 8339.456249986793
21777.0 5304.0 16473.0
0


HOST: 450
0.5247884737349381 0.5247884737349381 0.0
7942.673549978288 7942.673549978288 0.0
15135.0 15135.0 0.0
0


HOST: 451
0.5421716151002154 0.5537802048210978 0.5281313734716663
15280.564799984471 8543.720999979896 6736.843800004575
28184.0 15428.0 12756.0
0


HOST: 452
0.5161435298006106 0.5243711991020554 0.5062499999993899
10123.123049979376 5614.96679998481 4508.156249994567
19613.0 10708.0 8905.0
0


HOST: 453
0.5216581689292994 0.5216581689292994 0.0
10523.931899979685 10523.931899979685 0.0
20174.0 20174.0 0.0
0


HOST: 454
0.5151563025198527 0.519788971705277 0.5141595372117104
9563.361599978545 1708.5463499952457 7854.8152499832995
18564.0 3287.0 15277.0
0


HOST: 455
0.5313314764470353 0.5313314764470353 0.0
14855.496749982658 14855.496749982658 0.0
27959.0 27959.0 0.0
0


HOST: 456
0.5062499999986487 0.5062499999985448 0.5062499999986585
8515.124999977272 732.0374999978958 7783.087499979376
16820.0 1446.0 15374.0
0


HOST: 457
0.5253885535857806 0.5285416238145539 0.506250000000044
9044.563949979214 7811.845199979107 1232.7187500001073
17215.0 14780.0 2435.0
0


HOST: 458
0.7780439332868889 1.0025698369443403 0.5062499999999936
69882.34999996179 49312.39999994432 20569.949999999742
89818.0 49186.0 40632.0
2


HOST: 459
0.5286452897311105 0.5286452897311105 0.0
9360.193499979041 9360.193499979041 0.0
17706.0 17706.0 0.0
0


HOST: 460
0.5328221019100284 0.5328221019100284 0.0
12547.960499981169 12547.960499981169 0.0
23550.0 23550.0 0.0
0


HOST: 461
0.5104698291853773 0.5104698291853773 0.0
8248.171499977327 8248.171499977327 0.0
16158.0 16158.0 0.0
0


HOST: 462
0.5074735379715537 0.5074735379715537 0.0
7670.969999978006 7670.969999978006 0.0
15116.0 15116.0 0.0
0


HOST: 463
0.6057944582494017 0.6057944582494017 0.0
9750.86759998237 9750.86759998237 0.0
16096.0 16096.0 0.0
0


HOST: 464
0.511726727385811 0.511726727385811 0.0
9776.027399978533 9776.027399978533 0.0
19104.0 19104.0 0.0
0


HOST: 465
0.5350642986030578 0.5518893391289976 0.5087071311805941
10081.146449980213 6346.727399983472 3734.419049996741
18841.0 11500.0 7341.0
0


HOST: 466
0.5169056015174441 0.5230020841434695 0.5084222455608065
9121.833149978336 5370.185399985145 3751.6477499931916
17647.0 10268.0 7379.0
0


HOST: 467
0.5372345862088694 0.5441889588065432 0.5062500000003638
14164.727099983053 11718.020849981294 2446.7062500017582
26366.0 21533.0 4833.0
0


HOST: 468
0.5312511791995818 0.5312511791995818 0.0
8469.737549978932 8469.737549978932 0.0
15943.0 15943.0 0.0
0


HOST: 469
0.5179278327266338 0.5288894164786596 0.5068104921996944
14243.015399982429 7323.53174998 6919.4836500024285
27500.0 13847.0 13653.0
0


HOST: 470
0.5457867655803544 0.5457867655803544 0.0
12837.996299981098 12837.996299981098 0.0
23522.0 23522.0 0.0
0


HOST: 471
0.5062499999987978 0.5062499999985448 0.5062499999989442
9325.631249977854 3417.693749990176 5907.937499987678
18421.0 6751.0 11670.0
0


HOST: 472
0.54229763010335 0.54229763010335 0.0
13546.594799981682 13546.594799981682 0.0
24980.0 24980.0 0.0
0


HOST: 473
0.5077112278751496 0.5112877880169917 0.5067022160492924
11015.302799979245 2440.8878999931185 8574.414899986126
21696.0 4774.0 16922.0
0


HOST: 474
0.5062499999985448 0.5062499999985448 0.0
4384.631249987397 4384.631249987397 0.0
8661.0 8661.0 0.0
0


HOST: 475
0.5066807781210596 0.5076709705358103 0.5062499999989823
9643.655249978128 2929.261499991626 6714.393749986502
19033.0 5770.0 13263.0
0


HOST: 476
0.5178092464730029 0.5293525428726016 0.5062499999994212
10500.135899979552 5370.810899985416 5129.324999994136
20278.0 10146.0 10132.0
0


HOST: 477
0.5178800166690473 0.525749612318173 0.5105059434906637
9941.22479997903 4882.110899986554 5059.113899992477
19196.0 9286.0 9910.0
0


HOST: 478
0.5066887089363955 0.5062499999985448 0.5067759381430761
8838.171149977547 1464.5812499957901 7373.589899981756
17443.0 2893.0 14550.0
0


HOST: 479
0.5166004695198158 0.5229677377877733 0.5062499999993999
9737.402249979006 6103.033499983314 3634.3687499956923
18849.0 11670.0 7179.0
0


HOST: 480
0.5194393012037032 0.5251751018041789 0.506249999999606
9700.528949979158 6835.153949981388 2865.37499999777
18675.0 13015.0 5660.0
0


HOST: 481
0.5196191829784439 0.5732018638083576 0.506249999998765
8865.74249997821 1952.8987499950745 6912.843749983136
17062.0 3407.0 13655.0
0


HOST: 482
0.5219675366886783 0.5219675366886783 0.0
11239.004999980623 11239.004999980623 0.0
21532.0 21532.0 0.0
0


HOST: 483
0.514974455542018 0.5084973636230732 0.5170512022037903
16292.246849982826 3905.768249988825 12386.478599994001
31637.0 7681.0 23956.0
0


HOST: 484
0.5543620392741336 0.5543620392741336 0.0
22019.260199968587 22019.260199968587 0.0
39720.0 39720.0 0.0
0


HOST: 485
0.537570813569088 0.5393923076916302 0.5062500000001378
20853.44699997206 19774.121999975163 1079.3250000002936
38792.0 36660.0 2132.0
0


HOST: 486
0.5553585461606692 0.5560722799017553 0.5384634169278162
21853.914149968492 20995.064999970673 858.8491499998668
39351.0 37756.0 1595.0
0


HOST: 487
0.5790107293120135 0.5524136702062997 0.660306224899984
21054.567149972747 15135.582149982407 5918.985000003457
36363.0 27399.0 8964.0
0


HOST: 488
0.5577958081436821 0.5566288061145118 0.5603717821785893
21683.196449969357 14891.490449981535 6791.706000004502
38873.0 26753.0 12120.0
0


HOST: 489
0.5381473165621947 0.5512289569518363 0.5062500000003638
20836.52594997162 15135.64469998352 5700.881250004097
38719.0 27458.0 11261.0
0


HOST: 490
0.5421398234445542 0.5421398234445542 0.0
9887.54609998178 9887.54609998178 0.0
18238.0 18238.0 0.0
0


HOST: 491
0.8202794465335843 0.8202794465335843 0.0
13738.860449991003 13738.860449991003 0.0
16749.0 16749.0 0.0
0


HOST: 492
0.5784194023440897 0.5784194023440897 0.0
12136.39589998369 12136.39589998369 0.0
20982.0 20982.0 0.0
0


HOST: 493
0.5789048216083607 0.5789048216083607 0.0
9719.233049982768 9719.233049982768 0.0
16789.0 16789.0 0.0
0


HOST: 494
0.5725409217048144 0.5779768002530803 0.5062500000003638
10727.699249983109 10008.824249982592 718.8750000005166
18737.0 17317.0 1420.0
0


HOST: 495
0.5640968417595559 0.5640968417595559 0.0
11189.98904998431 11189.98904998431 0.0
19837.0 19837.0 0.0
0


HOST: 496
0.5095857518210976 0.5095857518210976 0.0
9018.139049977963 9018.139049977963 0.0
17697.0 17697.0 0.0
0


HOST: 497
0.5062499999989889 0.5062499999985448 0.5062499999990218
10622.137499978786 732.0374999978958 9890.09999998089
20982.0 1446.0 19536.0
0


HOST: 498
0.5691258564207688 0.5948785879173141 0.5062500000003638
12509.95544998492 9276.536699982596 3233.4187500023236
21981.0 15594.0 6387.0
0


HOST: 499
0.5460301081923694 0.5460301081923694 0.0
9689.850299981788 9689.850299981788 0.0
17746.0 17746.0 0.0
0


HOST: 500
0.5687980036929547 0.5687980036929547 0.0
10471.002449983604 10471.002449983604 0.0
18409.0 18409.0 0.0
0


HOST: 501
0.5578268489599328 0.5578268489599328 0.0
12505.362299983773 12505.362299983773 0.0
22418.0 22418.0 0.0
0


HOST: 502
0.5129381001826757 0.5129381001826757 0.0
8642.494049977904 8642.494049977904 0.0
16849.0 16849.0 0.0
0


HOST: 503
0.5767534753246918 0.6834650758446468 0.5082809973031273
6322.948349984596 2928.6478499943114 3394.300499990284
10963.0 4285.0 6678.0
0


HOST: 504
0.5679057165702505 0.5902100469697882 0.5202592961491042
12070.268099984103 8544.470849981624 3525.797250002479
21254.0 14477.0 6777.0
0


HOST: 505
0.5549036528677265 0.5549036528677265 0.0
11461.53494998289 11461.53494998289 0.0
20655.0 20655.0 0.0
0


HOST: 506
0.5062499999985448 0.5062499999985448 0.0
7807.893749977557 7807.893749977557 0.0
15423.0 15423.0 0.0
0


HOST: 507
0.5375915387586412 0.5375915387586412 0.0
11102.878049982217 11102.878049982217 0.0
20653.0 20653.0 0.0
0


HOST: 508
0.5101619375348604 0.5101619375348604 0.0
8820.699899977735 8820.699899977735 0.0
17290.0 17290.0 0.0
0


HOST: 509
0.510781107043734 0.510781107043734 0.0
10049.107499978423 10049.107499978423 0.0
19674.0 19674.0 0.0
0


HOST: 510
0.5956659526098642 0.5956659526098642 0.0
12971.817449985014 12971.817449985014 0.0
21777.0 21777.0 0.0
0


HOST: 511
0.5062499999991195 0.5062499999985448 0.5062499999991317
11736.393749979587 244.0124999992986 11492.381249980288
23183.0 482.0 22701.0
0


HOST: 512
0.5131973009952102 0.5358679024376282 0.5066358534508142
9374.06189997851 2197.0583999942755 7177.003499984234
18266.0 4100.0 14166.0
0


HOST: 513
0.5935085824157741 0.5935085824157741 0.0
12191.853299984832 12191.853299984832 0.0
20542.0 20542.0 0.0
0


HOST: 514
0.563193044954696 0.6132402239885378 0.5062499999994353
10109.87834998175 5858.8970999864905 4250.981249995259
17951.0 9554.0 8397.0
0


HOST: 515
0.5631520792951658 0.5631520792951658 0.0
10752.2626499826 10752.2626499826 0.0
19093.0 19093.0 0.0
0


HOST: 516
0.520535719576326 0.5867099277964658 0.5129690505662213
8431.117049977753 975.1118999977261 7456.0051499800265
16197.0 1662.0 14535.0
0


HOST: 517
0.57532234398425 0.6215311203041389 0.5392991266368178
10316.104949981587 4882.126949989011 5433.977999992576
17931.0 7855.0 10076.0
0


HOST: 518
0.5520184373235627 0.5761251769992661 0.5062500000003638
11784.489599983417 8055.958349980738 3728.5312500026794
21348.0 13983.0 7365.0
0


HOST: 519
0.6021559459445731 0.6021559459445731 0.0
5569.942499987301 5569.942499987301 0.0
9250.0 9250.0 0.0
0


HOST: 520
0.5128588244022431 0.5332455419566604 0.5102538422864994
10356.671099978897 1220.065799996839 9136.605299982059
20194.0 2288.0 17906.0
0


HOST: 521
0.5844925264541088 0.5844925264541088 0.0
10605.032399983349 10605.032399983349 0.0
18144.0 18144.0 0.0
0


HOST: 522
0.7143183311427074 0.7143183311427074 0.0
12502.713749990808 12502.713749990808 0.0
17503.0 17503.0 0.0
0


HOST: 523
0.5611649920751254 0.5611649920751254 0.0
10622.853299982124 10622.853299982124 0.0
18930.0 18930.0 0.0
0


HOST: 524
0.6101398640809423 0.6101398640809423 0.0
11581.674899984448 11581.674899984448 0.0
18982.0 18982.0 0.0
0


HOST: 525
0.5535392986012208 0.5535392986012208 0.0
8436.492449981206 8436.492449981206 0.0
15241.0 15241.0 0.0
0


HOST: 526
0.6051434716970371 0.6165633295904512 0.5062500000003638
9621.78119998289 8788.493699982291 833.2875000005988
15900.0 14254.0 1646.0
0


HOST: 527
0.5107754019280172 0.518791924264393 0.5074694088108886
9054.515549977961 2685.2669999924983 6369.248549985463
17727.0 5176.0 12551.0
0


HOST: 528
0.5173393338309059 0.5173393338309059 0.0
5529.322799984722 5529.322799984722 0.0
10688.0 10688.0 0.0
0


HOST: 529
0.5199135386440633 0.5199135386440633 0.0
9141.639749978565 9141.639749978565 0.0
17583.0 17583.0 0.0
0


HOST: 530
0.5062499999986813 0.5062499999985448 0.5062499999986938
8679.65624997739 732.0374999978958 7947.618749979494
17145.0 1446.0 15699.0
0


HOST: 531
0.5463020412219833 0.5463020412219833 0.0
9594.702749981694 9594.702749981694 0.0
17563.0 17563.0 0.0
0


HOST: 532
0.5722169454477215 0.746441314983301 0.5095099794532969
10604.896649982622 3661.2946499930913 6943.601999989531
18533.0 4905.0 13628.0
0


HOST: 533
0.5062499999985659 0.5062499999985448 0.5062499999985763
8122.78124997699 2685.1499999922817 5437.631249984708
16045.0 5304.0 10741.0
0


HOST: 534
0.5708014728037621 0.5786794580316106 0.5269540479763787
12498.839849983979 10741.448099982756 1757.391750001223
21897.0 18562.0 3335.0
0


HOST: 535
0.5702237440750656 0.5702237440750656 0.0
10828.548899985495 10828.548899985495 0.0
18990.0 18990.0 0.0
0


HOST: 536
0.5639343807866332 0.5750296540288343 0.5062500000000651
9134.609099981884 7811.777849981714 1322.8312500001703
16198.0 13585.0 2613.0
0


HOST: 537
0.6037502544827547 0.6037502544827547 0.0
9964.294199983382 9964.294199983382 0.0
16504.0 16504.0 0.0
0


HOST: 538
0.5572589385999398 0.5572589385999398 0.0
11708.010299984735 11708.010299984735 0.0
21010.0 21010.0 0.0
0


HOST: 539
0.5674535017171738 0.6085388479448312 0.5062499999989636
8750.700449980537 5614.987949986957 3135.7124999935804
15421.0 9227.0 6194.0
0


HOST: 540
0.6243380970418193 0.6243380970418193 0.0
7411.517549983437 7411.517549983437 0.0
11871.0 11871.0 0.0
0


HOST: 541
0.7257859558472792 0.7257859558472792 0.0
12361.58639999086 12361.58639999086 0.0
17032.0 17032.0 0.0
0


HOST: 542
0.5557023215484806 0.5557023215484806 0.0
12339.370049984012 12339.370049984012 0.0
22205.0 22205.0 0.0
0


HOST: 543
0.5062499999990485 0.5062499999985448 0.5062499999992092
11103.074999979131 2685.1499999922817 8417.92499998685
21932.0 5304.0 16628.0
0


HOST: 544
0.5253014205951531 0.5253014205951531 0.0
10538.597099979961 10538.597099979961 0.0
20062.0 20062.0 0.0
0


HOST: 545
0.5181013856801876 0.5279736076550962 0.5087909892903886
9870.867599978934 4882.171949986674 4988.69564999226
19052.0 9247.0 9805.0
0


HOST: 546
0.5267323007152138 0.5267323007152138 0.0
8306.041649978206 8306.041649978206 0.0
15769.0 15769.0 0.0
0


HOST: 547
0.5339034163367075 0.5339034163367075 0.0
10548.863699980666 10548.863699980666 0.0
19758.0 19758.0 0.0
0


HOST: 548
0.5923098574025236 0.5923098574025236 0.0
10716.66224998386 10716.66224998386 0.0
18093.0 18093.0 0.0
0


HOST: 549
0.5062499999990926 0.5062499999985448 0.5062499999991578
11488.331249979408 1220.5687499964915 10267.762499982917
22693.0 2411.0 20282.0
0


HOST: 550
0.5820618522783519 0.5820618522783519 0.0
10087.131899983839 10087.131899983839 0.0
17330.0 17330.0 0.0
0


HOST: 551
0.6045229904623498 0.6045229904623498 0.0
10649.276999984753 10649.276999984753 0.0
17616.0 17616.0 0.0
0


HOST: 552
0.5670880250820571 0.5670880250820571 0.0
12163.471049985043 12163.471049985043 0.0
21449.0 21449.0 0.0
0


HOST: 553
0.5972502300163514 0.6174270408868344 0.5062500000003638
10386.18149998435 8788.456499983202 1597.7250000011481
17390.0 14234.0 3156.0
0


HOST: 554
0.7515186515375258 0.8494582683734537 0.5493352586210587
16028.389799992352 12205.016399989783 3823.373400002569
21328.0 14368.0 6960.0
0


HOST: 555
0.5523465792404235 0.576805756537381 0.5063337829550835
10382.458649982242 7079.137049983277 3303.3215999989643
18797.0 12273.0 6524.0
0


HOST: 556
0.5419207260159845 0.5419207260159845 0.0
11845.845149983406 11845.845149983406 0.0
21859.0 21859.0 0.0
0


HOST: 557
0.5062499999989111 0.5062499999985448 0.5062499999989399
10053.112499978377 732.0374999978958 9321.074999980481
19858.0 1446.0 18412.0
0


HOST: 558
0.6523945763680982 0.6523945763680982 0.0
11319.045899986502 11319.045899986502 0.0
17350.0 17350.0 0.0
0


HOST: 559
0.5455248742693908 0.5472830811251206 0.5062499999991454
8135.412449979425 7811.918699979971 323.49374999945394
14913.0 14274.0 639.0
0


HOST: 560
0.5881007706243694 0.5881007706243694 0.0
9081.452099981512 9081.452099981512 0.0
15442.0 15442.0 0.0
0


HOST: 561
0.5786932823804882 0.6160932176642208 0.5397580459767337
10789.736249984202 5859.04649998674 4930.689749997462
18645.0 9510.0 9135.0
0


HOST: 562
0.5502823588084002 0.5502823588084002 0.0
6343.104749984428 6343.104749984428 0.0
11527.0 11527.0 0.0
0


HOST: 563
0.5419644540221425 0.5419644540221425 0.0
11316.217799982336 11316.217799982336 0.0
20880.0 20880.0 0.0
0


HOST: 564
0.5627983922056923 0.5627983922056923 0.0
10658.838749983606 10658.838749983606 0.0
18939.0 18939.0 0.0
0


HOST: 565
0.5410905217475163 0.5410905217475163 0.0
10038.852449981669 10038.852449981669 0.0
18553.0 18553.0 0.0
0


HOST: 566
0.5533027920453532 0.5533027920453532 0.0
10017.547049981118 10017.547049981118 0.0
18105.0 18105.0 0.0
0


HOST: 567
0.5067304570745627 0.5076709705358103 0.5062499999987417
8647.355249977412 2929.261499991626 5718.093749985786
17065.0 5770.0 11295.0
0


HOST: 568
0.5378507062724146 0.5378507062724146 0.0
10356.853199981615 10356.853199981615 0.0
19256.0 19256.0 0.0
0


HOST: 569
0.5876590813192586 0.5876590813192586 0.0
11699.704649985119 11699.704649985119 0.0
19909.0 19909.0 0.0
0


HOST: 570
0.5965404410733862 0.6023100118416465 0.5062500000003638
12862.00844998328 12206.414699982808 655.5937500004711
21561.0 20266.0 1295.0
0


HOST: 571
0.5404818474360457 0.5404818474360457 0.0
6801.964049982635 6801.964049982635 0.0
12585.0 12585.0 0.0
0


HOST: 572
0.5874284941194737 0.5874284941194737 0.0
10040.915249984164 10040.915249984164 0.0
17093.0 17093.0 0.0
0


HOST: 573
0.5062499999988704 0.5062499999985448 0.5062499999989065
9779.23124997818 976.0499999971944 8803.181249980986
19317.0 1928.0 17389.0
0


HOST: 574
0.5232125146049807 0.5676176601127761 0.5062499999988136
8955.30539997885 2685.3991499935437 6269.906249985306
17116.0 4731.0 12385.0
0


HOST: 575
0.5699921069441596 0.5699921069441596 0.0
10702.17179998354 10702.17179998354 0.0
18776.0 18776.0 0.0
0


HOST: 576
0.5062499999990279 0.5062499999990279 0.0
10931.456249979008 10931.456249979008 0.0
21593.0 21593.0 0.0
0


HOST: 577
0.5062499999985448 0.5062499999985448 0.5062499999985448
7658.043749977987 2929.1624999915803 4728.881249986407
15127.0 5786.0 9341.0
0


HOST: 578
0.5348750775354975 0.5378831721635546 0.5062500000003638
9657.704399980943 8788.473149980318 869.2312500006246
18056.0 16339.0 1717.0
0


HOST: 579
0.5715199086024155 0.5715199086024155 0.0
11505.838799983829 11505.838799983829 0.0
20132.0 20132.0 0.0
0


HOST: 580
0.6537099990366889 0.6537099990366889 0.0
13582.132649985286 13582.132649985286 0.0
20777.0 20777.0 0.0
0


HOST: 581
0.5793104463944667 0.5793104463944667 0.0
4749.766349988233 4749.766349988233 0.0
8199.0 8199.0 0.0
0


HOST: 582
0.6773878766635999 0.6773878766635999 0.0
11599.589999987485 11599.589999987485 0.0
17124.0 17124.0 0.0
0


HOST: 583
0.7565873235780631 0.7565873235780631 0.0
13133.599349991599 13133.599349991599 0.0
17359.0 17359.0 0.0
0


HOST: 584
0.5354677801048819 0.5354677801048819 0.0
11245.358849982626 11245.358849982626 0.0
21001.0 21001.0 0.0
0


HOST: 585
0.6627305152446994 0.6627305152446994 0.0
12193.578749987224 12193.578749987224 0.0
18399.0 18399.0 0.0
0


HOST: 586
0.6519225687253001 0.6519225687253001 0.0
13232.724299986141 13232.724299986141 0.0
20298.0 20298.0 0.0
0


HOST: 587
0.5131072093565207 0.5131072093565207 0.0
8597.62439997786 8597.62439997786 0.0
16756.0 16756.0 0.0
0


HOST: 588
0.6136468388617584 0.6494021832209422 0.5347383161515494
13743.848249986804 10009.235849984383 3734.612400002421
22397.0 15413.0 6984.0
0


HOST: 589
0.5857822395876526 0.6345330350880979 0.5397727851682778
12068.285699984819 6347.233949986243 5721.051749998576
20602.0 10003.0 10599.0
0


HOST: 590
0.5391175157991622 0.5391175157991622 0.0
16634.47094998315 16634.47094998315 0.0
30855.0 30855.0 0.0
0


HOST: 591
0.5193759857394558 0.5477768743386009 0.51150802464607
18138.167549979014 4149.95759998924 13988.209949996077
34923.0 7576.0 27347.0
0


HOST: 592
0.5191817985047457 0.5286585756039013 0.5115312062940709
21468.686549969738 9764.852549979661 11703.83400000834
41351.0 18471.0 22880.0
0


HOST: 593
0.5379451349740361 0.5492905634047996 0.5241152879871886
21760.956599969708 12206.334899981459 9554.62170000645
40452.0 22222.0 18230.0
0


HOST: 594
0.525169561037437 0.5385846775424221 0.5106116836482678
19668.65039997409 10497.553949979349 9171.096450006538
37452.0 19491.0 17961.0
0


HOST: 595
0.5332564940681424 0.5426403926882941 0.5250194542304762
18475.73774997893 8788.603799979612 9687.133950006517
34647.0 16196.0 18451.0
0


HOST: 596
0.5422353290175906 0.5556170315372889 0.5093179818718652
21111.390299970873 15380.035049983693 5731.355250004099
38934.0 27681.0 11253.0
0


HOST: 597
0.5408978603261634 0.5804777364410355 0.522026381523911
21841.455599970475 7567.68824998178 14273.7673500083
40380.0 13037.0 27343.0
0


HOST: 598
0.5761179038929964 0.5761179038929964 0.0
10430.614649982701 10430.614649982701 0.0
18105.0 18105.0 0.0
0


HOST: 599
0.5222089032565466 0.5222089032565466 0.0
8399.207999978295 8399.207999978295 0.0
16084.0 16084.0 0.0
0


HOST: 600
0.532248711929583 0.5252182318679499 0.5763342857128876
4875.93044998691 4149.749249988672 726.1811999982383
9161.0 7901.0 1260.0
0


HOST: 601
0.5062499999986213 0.506249999998551 0.5062500000003638
8380.968749977175 8055.956249976942 325.01250000023356
16555.0 15913.0 642.0
0


HOST: 602
0.5229602309872017 0.5229602309872017 0.0
9916.371899979318 9916.371899979318 0.0
18962.0 18962.0 0.0
0


HOST: 603
0.5258466931437417 0.5397015696374853 0.5062500000000997
12180.712799981631 7323.750299980675 4856.962500000956
23164.0 13570.0 9594.0
0


HOST: 604
0.5303409481825698 0.5187263928468308 0.5563661305310874
14799.694499982794 10008.8257499796 4790.868750003194
27906.0 19295.0 8611.0
0


HOST: 605
0.5234619315390461 0.5234619315390461 0.0
8563.837199978794 8563.837199978794 0.0
16360.0 16360.0 0.0
0


HOST: 606
0.5708356508270904 0.5889277943699938 0.5062500000003638
12722.214149983365 10253.23289998159 2468.9812500017742
22287.0 17410.0 4877.0
0


HOST: 607
0.6414675462177423 0.6414675462177423 0.0
11450.1956999867 11450.1956999867 0.0
17850.0 17850.0 0.0
0


HOST: 608
0.5704164426433203 0.5704164426433203 0.0
12391.72679998349 12391.72679998349 0.0
21724.0 21724.0 0.0
0


HOST: 609
0.8078580443255002 0.8766005102678174 0.5062500000003638
15746.76899999265 13915.156499991333 1831.6125000013162
19492.0 15874.0 3618.0
0


HOST: 610
0.5607238146751267 0.5607238146751267 0.0
8550.477449981006 8550.477449981006 0.0
15249.0 15249.0 0.0
0


HOST: 611
0.5452107604553872 0.5452107604553872 0.0
10754.282249982512 10754.282249982512 0.0
19725.0 19725.0 0.0
0


HOST: 612
0.5162867665670773 0.5248385664014099 0.5062499999992683
9784.666799979248 5370.673049985628 4413.99374999362
18952.0 10233.0 8719.0
0


HOST: 613
0.5334548322264928 0.5359716889605757 0.5062500000003638
11414.866499982494 10497.541499981835 917.3250000006592
21398.0 19586.0 1812.0
0


HOST: 614
0.5143819841742282 0.5143819841742282 0.0
10141.555199979084 10141.555199979084 0.0
19716.0 19716.0 0.0
0


HOST: 615
0.5282936891672699 0.5216805688399325 0.55060303810539
13460.923199982037 10253.109899980034 3207.8133000020025
25480.0 19654.0 5826.0
0


HOST: 616
0.5062499999990502 0.5062499999985448 0.5062499999991269
11117.249999979142 1464.5812499957901 9652.668749983352
21960.0 2893.0 19067.0
0


HOST: 617
0.5245973555601972 0.5267152396081839 0.5062500000003638
10305.715049980074 9276.508799979334 1029.2062500007396
19645.0 17612.0 2033.0
0


HOST: 618
0.527267273902127 0.5156205023403744 0.5354997760466207
13863.96569998253 5614.591649984337 8249.374049998192
26294.0 10889.0 15405.0
0


HOST: 619
0.5153698425121981 0.5201588197299634 0.5062500000003638
12173.551049980631 8056.219799977673 4117.331250002959
23621.0 15488.0 8133.0
0


HOST: 620
0.6042060629225431 0.6042060629225431 0.0
11061.804599985919 11061.804599985919 0.0
18308.0 18308.0 0.0
0


HOST: 621
0.6165277936602259 0.6165277936602259 0.0
12507.499349985002 12507.499349985002 0.0
20287.0 20287.0 0.0
0


HOST: 622
0.7172369816669661 0.7172369816669661 0.0
13145.519399992156 13145.519399992156 0.0
18328.0 18328.0 0.0
0


HOST: 623
0.6152404585613399 0.6152404585613399 0.0
10304.047199985322 10304.047199985322 0.0
16748.0 16748.0 0.0
0


HOST: 624
0.5067072273019032 0.5067072273019032 0.0
9086.273999977728 9086.273999977728 0.0
17932.0 17932.0 0.0
0


