records: 20
      Record Time
Host  UsedBuffer

  17959.0 35918.0 53877.0 71836.0 89795.0 107754.0 125713.0 143672.0 161631.0 179590.0 197549.0 215508.0 233467.0 251426.0 269385.0 287344.0 305303.0 323262.0 341221.0 359180.0
0 1000000.0 2000000.0 5000000.0 7000000.0 8000000.0 8000000.0 1.0E7 1.3E7 1.5E7 1.9E7 1.9E7 1.9E7 2.2E7 2.3E7 2.3E7 2.5E7 2.6E7 2.7E7 3.0E7 3.2E7
1 7000000.0 1.0E7 1.0E7 1.0E7 5.5E7 6.5E7 7.4E7 7.5E7 7.6E7 7.6E7 7.8E7 1.06E8 1.1E8 1.14E8 1.44E8 1.46E8 1.48E8 1.49E8 2.12E8 2.63E8
2 1000000.0 3000000.0 5000000.0 6000000.0 9000000.0 1.3E7 1.4E7 1.5E7 1.6E7 1.7E7 1.9E7 2.3E7 2.4E7 2.4E7 2.5E7 2.7E7 2.8E7 2.8E7 2.8E7 3.0E7
3 1000000.0 3000000.0 4000000.0 5000000.0 7000000.0 9000000.0 1.1E7 1.2E7 1.3E7 1.3E7 1.7E7 1.8E7 2.0E7 2.3E7 2.5E7 2.6E7 2.6E7 3.0E7 3.3E7 3.6E7
4 2000000.0 3000000.0 4000000.0 6000000.0 7000000.0 1.0E7 1.3E7 1.5E7 1.7E7 2.0E7 2.2E7 2.5E7 2.6E7 2.9E7 3.0E7 3.2E7 3.4E7 3.5E7 3.6E7 3.7E7
5 0.0 1000000.0 2000000.0 5000000.0 5000000.0 7000000.0 9000000.0 9000000.0 1.3E7 1.4E7 1.6E7 1.7E7 1.7E7 2.0E7 2.2E7 2.5E7 3.0E7 3.1E7 3.4E7 3.6E7
6 7000000.0 8000000.0 9000000.0 1.2E7 5.2E7 6.2E7 6.4E7 6.6E7 6.7E7 6.8E7 6.9E7 7.0E7 7.2E7 8.0E7 1.4E8 1.49E8 1.52E8 1.55E8 1.69E8 2.44E8
7 7000000.0 9000000.0 9000000.0 1.0E7 1.1E7 1.1E7 1.2E7 1.4E7 1.6E7 1.9E7 1.9E7 2.1E7 2.3E7 2.4E7 2.6E7 2.9E7 3.0E7 3.1E7 2.01E8 2.44E8
8 5000000.0 1.0E7 1.8E7 2.1E7 5.6E7 6.2E7 7.0E7 7.3E7 7.5E7 8.4E7 1.0E8 1.09E8 1.09E8 1.17E8 1.38E8 1.47E8 1.47E8 1.5E8 2.09E8 2.5E8
