0 3350
1 1982
2 4465
3 3279
4 2958
5 2674
6 762
7 1055
8 1527
9 2867
10 545
11 435
12 4371
13 4082
14 2319
15 4022
16 3452
17 976
18 676
19 1395
20 1350
21 2373
22 2489
23 3022
24 3229
25 3092
26 2434
27 2931
28 1994
29 2816
30 3278
31 4084
32 2385
33 2635
34 2408
35 2737
36 2825
37 3204
38 2586
39 3486
40 2591
41 2129
42 4116
43 3605
44 2966
45 2627
46 3218
47 3967
48 3118
49 3943
50 4114
51 3641
52 4257
53 3048
54 1891
55 3721
56 3355
57 3780
58 2782
59 5385
60 3592
61 2390
62 1494
63 3542
64 2375
65 5050
66 3273
67 1991
68 1389
69 3977
70 3168
71 4673
72 3603
73 4763
74 4495
75 4970
76 5460
77 5268
78 5059
79 3919
80 4183
81 5286
82 1441
83 5448
84 2749
85 4153
86 4109
87 5651
88 5248
89 5117
90 4187
91 2013
92 5283
93 1844
94 4160
95 2372
96 657
97 3952
