records: 20
      Record Time
Host  UsedBuffer

  49376.0 98752.0 148128.0 197504.0 246880.0 296256.0 345632.0 395008.0 444384.0 493760.0 543136.0 592512.0 641888.0 691264.0 740640.0 790016.0 839392.0 888768.0 938144.0 987520.0
0 0.0 2.0E9 2.0E9 -1.794967296E9 -7.94967296E8 -7.94967296E8 2.05032704E8 7.05032704E8 1.205032704E9 1.205032704E9 1.205032704E9 1.205032704E9 1.705032704E9 -1.589934592E9 -5.89934592E8 -5.89934592E8 -5.89934592E8 -5.89934592E8 -8.9934592E7 4.10065408E8
1 0.0 0.0 5.0E8 5.0E8 5.0E8 5.0E8 1.0E9 1.5E9 2.0E9 2.0E9 2.0E9 -1.794967296E9 -1.294967296E9 -7.94967296E8 -7.94967296E8 -7.94967296E8 2.05032704E8 2.05032704E8 -2.089934592E9 -1.589934592E9
2 2.05032704E8 7.05032704E8 1.410065408E9 -1.47483648E9 2.516352E7 1.960392448E9 1.870457856E9 6.90588672E8 -7.9215104E7 -3.741824E8 -2.028888064E9 -5.28888064E8 1.291242752E9 1.291242752E9 -1.29869184E9 7.0130816E8 1.406340864E9 8.41569792E8 8.41569792E8 1.661700608E9
3 1.5E9 1.5E9 9.10065408E8 1.410065408E9 -1.884901888E9 1.960392448E9 2.80523264E8 -1.014444032E9 -1.669149696E9 3.5883008E7 -1.054051584E9 1.445948416E9 1.291242752E9 1.791242752E9 -2.003724544E9 -1.503724544E9 -1.003724544E9 -1.003724544E9 -1.003724544E9 -1.003724544E9
4 -1.794967296E9 -1.794967296E9 -1.179869184E9 -6.79869184E8 -1.064771072E9 1.57549056E9 1.57549056E9 2.80523264E8 -1.669149696E9 -1.69149696E8 -9.38953472E8 1.061046528E9 1.17614464E9 1.67614464E9 -1.618822656E9 -1.118822656E9 -1.118822656E9 -4.78561024E8 5.21438976E8 1.521438976E9
5 -1.794967296E9 -7.94967296E8 1.15098112E8 1.320130816E9 2.140261632E9 1.65425152E8 -7.19476736E8 1.395621376E9 1.830850304E9 1.830850304E9 1.830850304E9 5.61046528E8 1.7614464E8 1.17614464E9 -6.18822656E8 -6.18822656E8 -1.29869184E9 4.31504384E8 4.31504384E8 9.31504384E8
6 -2.94967296E8 7.05032704E8 1.910065408E9 -1.884901888E9 -1.884901888E9 -3.34574848E8 5.7549056E8 -2.104378624E9 1.215752192E9 -1.669149696E9 6.5098112E8 1.65098112E9 1.791242752E9 1.791242752E9 2.0130816E8 1.20130816E9 1.20130816E9 -1.7483648E9 -1.7483648E9 -1.7483648E9
7 5.0E8 1.5E9 -7.94967296E8 -7.94967296E8 -1.089934592E9 -1.269803776E9 -2.69803776E8 1.485555968E9 1.485555968E9 -1.309411328E9 -1.104378624E9 -1.104378624E9 -1.04378624E8 3.95621376E8 3.95621376E8 8.95621376E8 1.395621376E9 1.895621376E9 -1.39934592E9 -1.39934592E9
8 2.0E9 -1.794967296E9 -1.294967296E9 -1.294967296E9 -1.294967296E9 -7.69803776E8 -2.69803776E8 -9.4967296E8 -1.604378624E9 -1.104378624E9 4.20784896E8 9.20784896E8 -1.8741824E9 -1.8741824E9 -1.8741824E9 -1.3741824E9 1.258176E8 6.258176E8 6.258176E8 1.1258176E9
9 1.5E9 2.0E9 -5.89934592E8 -8.9934592E7 -1.179869184E9 -1.039607552E9 1.370457856E9 -5.14444032E8 -1.4444032E7 -1.4444032E7 5.35883008E8 -1.43986176E8 1.67614464E9 1.67614464E9 1.67614464E9 1.67614464E9 1.67614464E9 -2.118822656E9 -2.118822656E9 -1.618822656E9
10 -1.794967296E9 -7.94967296E8 9.10065408E8 9.10065408E8 -2.69803776E8 1.345294336E9 5.032704E7 -1.539607552E9 -9.2450944E8 -9.2450944E8 1.10065408E9 1.10065408E9 4.20784896E8 1.6258176E9 8.30850304E8 8.30850304E8 -5.4051584E7 1.266079232E9 1.766079232E9 -2.028888064E9
11 -7.94967296E8 2.05032704E8 2.05032704E8 2.05032704E8 2.05032704E8 2.05032704E8 7.05032704E8 -1.769803776E9 -2.69803776E8 1.230196224E9 -1.989280512E9 -9.89280512E8 -9.89280512E8 -9.89280512E8 -1.579215104E9 -1.079215104E9 -5.79215104E8 -1.388626432E9 -1.388626432E9 -1.388626432E9
12 0.0 5.0E8 5.0E8 5.0E8 5.0E8 5.0E8 1.0E9 1.5E9 2.0E9 2.0E9 2.0E9 -1.294967296E9 -2.94967296E8 2.05032704E8 2.05032704E8 1.705032704E9 -2.089934592E9 -2.089934592E9 -1.589934592E9 -1.089934592E9
13 2.0E9 2.0E9 -8.9934592E7 4.10065408E8 4.10065408E8 4.60392448E8 7.549056E7 -2.19476736E8 -1.464116992E9 -1.464116992E9 7.40915712E8 7.40915712E8 1.471111936E9 1.471111936E9 1.971111936E9 -1.82385536E9 1.7614464E8 -4.78561024E8 2.021438976E9 -8.38299392E8
14 1.5E9 2.0E9 -5.89934592E8 -8.9934592E7 6.15098112E8 1.65425152E8 -2.014444032E9 6.0065408E8 3.30850304E8 1.535883008E9 -1.34901888E9 1.65098112E9 -1.118822656E9 -6.18822656E8 -1.18822656E8 8.81177344E8 1.291242752E9 1.021438976E9 1.021438976E9 1.521438976E9
15 -1.294967296E9 -1.294967296E9 -1.294967296E9 -1.294967296E9 1.02516352E9 9.60392448E8 -9.2450944E8 1.690588672E9 -2.84247808E8 -8.741824E8 7.66079232E8 1.266079232E9 1.881177344E9 1.881177344E9 -2.08757248E8 -2.08757248E8 -2.08757248E8 -1.068495616E9 -1.068495616E9 -1.068495616E9
16 -7.94967296E8 -7.94967296E8 -7.94967296E8 -7.94967296E8 -7.94967296E8 -7.94967296E8 2.05032704E8 1.205032704E9 7.549056E7 -1.4444032E7 1.010719488E9 1.510719488E9 -1.208757248E9 -7.08757248E8 -1.593659136E9 -5.93659136E8 4.06340864E8 3.41569792E8 -1.953397504E9 9.56667904E8
17 1.5E9 -2.94967296E8 1.910065408E9 -1.884901888E9 -1.47483648E9 2.07549056E9 2.07549056E9 -1.604378624E9 3.30850304E8 3.30850304E8 -2.054051584E9 -2.054051584E9 -2.003724544E9 -1.003724544E9 9.06340864E8 1.906340864E9 1.906340864E9 -1.58430208E8 4.6602496E7 -1.133266688E9
18 -1.794967296E9 -1.294967296E9 -1.589934592E9 -1.089934592E9 9.10065408E8 -3.59738368E8 -2.44640256E8 -1.42450944E9 1.1258176E9 -1.669149696E9 1.5098112E8 1.5098112E8 -3.2385536E8 -3.2385536E8 8.81177344E8 1.381177344E9 1.996275456E9 -8.63462912E8 -3.63462912E8 1.7516352E9
19 5.0E8 5.0E8 1.5E9 2.0E9 -1.794967296E9 -1.794967296E9 -1.794967296E9 -1.294967296E9 -1.294967296E9 -2.94967296E8 2.05032704E8 1.205032704E9 -2.089934592E9 -2.089934592E9 -2.089934592E9 -2.089934592E9 -2.089934592E9 -2.089934592E9 -2.089934592E9 -1.589934592E9
20 0.0 5.0E8 1.0E9 1.5E9 1.5E9 1.5E9 2.0E9 2.0E9 2.0E9 2.0E9 -1.794967296E9 -1.794967296E9 -1.794967296E9 -1.794967296E9 -1.794967296E9 -1.794967296E9 -1.294967296E9 -2.94967296E8 -2.94967296E8 -2.94967296E8
21 5.0E8 1.5E9 1.5E9 1.5E9 1.5E9 1.5E9 -1.794967296E9 -7.94967296E8 -2.94967296E8 -2.94967296E8 7.05032704E8 7.05032704E8 1.205032704E9 1.205032704E9 1.205032704E9 1.705032704E9 -2.089934592E9 -1.589934592E9 -1.089934592E9 -1.089934592E9
22 2.0E9 2.0E9 -1.794967296E9 -1.794967296E9 -2.94967296E8 -1.79869184E8 -1.79869184E8 3.20130816E8 -7.19476736E8 -2.014444032E9 1.510719488E9 6.258176E8 7.91242752E8 7.91242752E8 -7.9869184E8 -7.9869184E8 -7.9869184E8 -4.53397504E8 1.546602496E9 -1.838299392E9
23 -1.794967296E9 -2.94967296E8 1.205032704E9 -2.089934592E9 -1.089934592E9 -3.84901888E8 -1.654705664E9 7.55359744E8 7.55359744E8 7.55359744E8 7.55359744E8 1.255359744E9 1.255359744E9 1.255359744E9 1.755359744E9 1.755359744E9 -2.039607552E9 9.60392448E8 -8.34574848E8 1.65425152E8
24 -1.794967296E9 -1.794967296E9 -1.884901888E9 -1.884901888E9 -6.4771072E7 -9.4967296E8 -1.039607552E9 1.690588672E9 -2.84247808E8 1.6258176E9 -1.259084288E9 -1.259084288E9 7.91242752E8 1.291242752E9 -1.79869184E9 -1.79869184E9 1.111373568E9 -3.63462912E8 6.36537088E8 -1.22320128E9
25 -1.294967296E9 -2.94967296E8 7.05032704E8 1.205032704E9 -1.679869184E9 3.20130816E8 -1.654705664E9 -2.039607552E9 -3.9607552E7 -3.9607552E7 4.60392448E8 4.60392448E8 4.60392448E8 9.60392448E8 9.60392448E8 9.60392448E8 9.60392448E8 1.460392448E9 1.65425152E8 1.65425152E8
26 0.0 1.0E9 1.0E9 4.10065408E8 -6.4771072E7 -4.4967296E8 2.05032704E9 1.690588672E9 -2.84247808E8 -1.3741824E9 -2.143986176E9 -2.143986176E9 1.881177344E9 1.881177344E9 1.086210048E9 2.086210048E9 -6.83593728E8 1.046602496E9 1.046602496E9 -1.22320128E9
27 -2.94967296E8 -2.94967296E8 -1.089934592E9 4.10065408E8 -1.269803776E9 7.55359744E8 3.70457856E8 -2.104378624E9 -1.104378624E9 2.15752192E8 -6.43986176E8 3.56013824E8 1.291242752E9 -1.503724544E9 -1.29869184E9 -1.593659136E9 -1.388626432E9 -1.58430208E8 1.341569792E9 -6.33266688E8
28 -1.294967296E9 -7.94967296E8 -8.9934592E7 -1.884901888E9 -1.884901888E9 1.40261632E8 5.032704E7 -1.039607552E9 6.65425152E8 1.665425152E9 -1.759084288E9 -1.259084288E9 2.061046528E9 -1.028888064E9 1.67614464E9 -1.118822656E9 -1.118822656E9 1.406340864E9 -1.888626432E9 -8.88626432E8
29 -1.294967296E9 -2.94967296E8 -1.384901888E9 -1.384901888E9 -1.679869184E9 7.30196224E8 -7.44640256E8 -7.44640256E8 -5.14444032E8 -5.14444032E8 -1.8741824E9 -1.8741824E9 7.66079232E8 7.66079232E8 -1.708757248E9 -1.708757248E9 -1.29869184E9 -9.78561024E8 2.1438976E7 -2.043332096E9
30 2.0E9 -1.294967296E9 -1.294967296E9 -7.94967296E8 2.05032704E8 1.205032704E9 -2.089934592E9 -2.089934592E9 1.410065408E9 1.910065408E9 -8.84901888E8 1.15098112E8 1.15098112E8 1.15098112E8 6.15098112E8 1.115098112E9 1.115098112E9 1.820130816E9 1.820130816E9 1.820130816E9
31 7.05032704E8 7.05032704E8 9.10065408E8 1.15098112E8 4.35228928E8 -1.834574848E9 -1.92450944E9 1.690588672E9 1.715752192E9 6.258176E8 7.66079232E8 1.266079232E9 -1.208757248E9 -7.08757248E8 4.96275456E8 -7.9869184E8 6.11373568E8 -1.158430208E9 -1.158430208E9 1.071766016E9
32 1.0E9 1.0E9 1.0E9 2.0E9 -1.294967296E9 -7.94967296E8 -7.94967296E8 -2.94967296E8 2.05032704E8 7.05032704E8 1.705032704E9 -2.089934592E9 -2.089934592E9 -8.9934592E7 -8.9934592E7 4.10065408E8 9.10065408E8 1.910065408E9 -1.884901888E9 -1.384901888E9
33 -7.94967296E8 -2.94967296E8 -6.79869184E8 2.02516352E9 1.935228928E9 -1.334574848E9 -1.29542144E8 -1.604378624E9 7.15752192E8 -1.669149696E9 -1.143986176E9 -6.43986176E8 1.791242752E9 1.791242752E9 -2.093659136E9 -2.093659136E9 3.16406272E8 -1.043332096E9 -1.043332096E9 2.7679872E8
34 -1.294967296E9 -1.294967296E9 9.10065408E8 1.910065408E9 1.910065408E9 1.910065408E9 1.910065408E9 1.910065408E9 1.910065408E9 1.910065408E9 1.910065408E9 -1.884901888E9 -1.884901888E9 -1.884901888E9 -1.884901888E9 -1.384901888E9 -1.384901888E9 -3.84901888E8 1.15098112E8 1.15098112E8
35 -1.294967296E9 -1.294967296E9 -8.9934592E7 1.820130816E9 9.35228928E8 -1.039607552E9 1.07549056E9 1.690588672E9 2.15752192E8 1.6258176E9 1.65098112E9 -2.143986176E9 1.791242752E9 -1.503724544E9 -2.9869184E8 7.0130816E8 -6.83593728E8 -6.58430208E8 -1.58430208E8 -2.2320128E8
36 5.0E8 5.0E8 2.0E9 2.0E9 -1.794967296E9 -1.294967296E9 -2.94967296E8 2.05032704E8 2.05032704E8 7.05032704E8 7.05032704E8 1.705032704E9 1.705032704E9 -2.089934592E9 -1.589934592E9 -1.589934592E9 -1.089934592E9 -1.089934592E9 -1.089934592E9 -1.089934592E9
37 1.0E9 -1.294967296E9 -1.294967296E9 -2.94967296E8 2.05032704E8 7.05032704E8 7.05032704E8 1.705032704E9 -1.589934592E9 9.10065408E8 1.910065408E9 -1.384901888E9 -8.84901888E8 -3.84901888E8 1.15098112E8 1.115098112E9 2.115098112E9 2.115098112E9 2.115098112E9 2.115098112E9
38 0.0 1.5E9 1.5E9 2.0E9 -2.94967296E8 2.05032704E8 2.05032704E8 7.05032704E8 1.205032704E9 1.705032704E9 -2.089934592E9 -1.589934592E9 -1.089934592E9 -8.9934592E7 9.10065408E8 1.410065408E9 1.410065408E9 1.410065408E9 1.910065408E9 1.910065408E9
39 1.5E9 1.5E9 1.5E9 1.5E9 -1.294967296E9 -2.94967296E8 2.05032704E8 2.05032704E8 2.05032704E8 7.05032704E8 1.205032704E9 1.205032704E9 1.705032704E9 -2.089934592E9 -2.089934592E9 -2.089934592E9 -2.089934592E9 -1.589934592E9 -1.589934592E9 -5.89934592E8
40 1.0E9 1.5E9 -1.294967296E9 -7.94967296E8 -2.94967296E8 -2.94967296E8 -2.94967296E8 -2.94967296E8 -2.94967296E8 -2.94967296E8 -2.94967296E8 2.05032704E8 7.05032704E8 7.05032704E8 1.205032704E9 1.205032704E9 1.705032704E9 -1.589934592E9 -1.089934592E9 -5.89934592E8
41 1.0E9 1.5E9 2.0E9 -1.294967296E9 -1.294967296E9 -7.94967296E8 2.05032704E8 1.205032704E9 1.205032704E9 1.705032704E9 1.705032704E9 1.705032704E9 -1.589934592E9 -1.589934592E9 -1.089934592E9 -8.9934592E7 -8.9934592E7 4.10065408E8 4.10065408E8 4.10065408E8
42 0.0 5.0E8 5.0E8 2.0E9 2.0E9 2.0E9 2.0E9 -1.794967296E9 -1.294967296E9 -1.294967296E9 -2.94967296E8 2.05032704E8 2.05032704E8 7.05032704E8 1.205032704E9 1.205032704E9 1.705032704E9 -1.589934592E9 -1.089934592E9 -5.89934592E8
43 5.0E8 5.0E8 1.0E9 1.0E9 1.0E9 1.0E9 1.5E9 -1.794967296E9 -7.94967296E8 -7.94967296E8 -2.94967296E8 -2.94967296E8 -2.94967296E8 2.05032704E8 7.05032704E8 1.205032704E9 -1.589934592E9 -1.089934592E9 -1.089934592E9 -8.9934592E7
44 0.0 0.0 0.0 0.0 0.0 5.0E8 1.0E9 1.0E9 1.5E9 1.5E9 2.0E9 -1.794967296E9 -7.94967296E8 -2.94967296E8 7.05032704E8 1.205032704E9 1.705032704E9 1.705032704E9 1.705032704E9 -2.089934592E9
45 5.0E8 5.0E8 1.0E9 1.5E9 1.5E9 -1.294967296E9 -1.294967296E9 -1.294967296E9 -1.294967296E9 -1.294967296E9 -1.294967296E9 -1.294967296E9 -7.94967296E8 -2.94967296E8 -2.94967296E8 2.05032704E8 2.05032704E8 7.05032704E8 1.205032704E9 -2.089934592E9
46 1.0E9 1.0E9 2.0E9 2.0E9 2.0E9 -1.794967296E9 -1.794967296E9 -1.794967296E9 -1.294967296E9 -7.94967296E8 -7.94967296E8 -7.94967296E8 -7.94967296E8 2.05032704E8 1.205032704E9 1.205032704E9 1.705032704E9 -2.089934592E9 -2.089934592E9 -2.089934592E9
47 0.0 0.0 1.0E9 1.0E9 1.0E9 1.0E9 2.0E9 -1.794967296E9 -1.794967296E9 -2.089934592E9 -2.089934592E9 -1.589934592E9 -1.589934592E9 -1.089934592E9 -1.089934592E9 -5.89934592E8 -8.9934592E7 -8.9934592E7 4.10065408E8 4.10065408E8
48 0.0 0.0 5.0E8 1.0E9 1.0E9 1.5E9 2.0E9 2.0E9 2.0E9 -1.794967296E9 -1.794967296E9 -1.794967296E9 -1.794967296E9 -1.294967296E9 -1.294967296E9 -1.294967296E9 -7.94967296E8 -2.94967296E8 -2.94967296E8 2.05032704E8
49 0.0 5.0E8 1.0E9 1.0E9 1.0E9 1.0E9 1.5E9 1.5E9 1.5E9 2.0E9 2.0E9 -1.794967296E9 -2.94967296E8 7.05032704E8 1.205032704E9 -2.089934592E9 -1.589934592E9 -1.089934592E9 -1.089934592E9 -5.89934592E8
50 0.0 1.5E9 2.0E9 -7.94967296E8 -7.94967296E8 -2.94967296E8 1.205032704E9 1.205032704E9 1.705032704E9 -2.089934592E9 -1.589934592E9 -1.089934592E9 -5.89934592E8 -5.89934592E8 -8.9934592E7 -8.9934592E7 -8.9934592E7 4.10065408E8 9.10065408E8 1.410065408E9
51 -1.794967296E9 -1.794967296E9 -1.794967296E9 -1.794967296E9 -1.294967296E9 1.705032704E9 1.705032704E9 1.705032704E9 1.705032704E9 -5.89934592E8 -8.9934592E7 4.10065408E8 1.910065408E9 1.910065408E9 -1.884901888E9 -1.884901888E9 -1.384901888E9 2.115098112E9 -1.679869184E9 -1.679869184E9
