records: 20
      Record Time
Host  UsedBuffer

  49376.0 98752.0 148128.0 197504.0 246880.0 296256.0 345632.0 395008.0 444384.0 493760.0 543136.0 592512.0 641888.0 691264.0 740640.0 790016.0 839392.0 888768.0 938144.0 987520.0
0 1000000.0 5000000.0 7000000.0 8000000.0 1.1E7 1.9E7 1.64E8 1.69E8 2.48E8 2.49E8 3.07E8 3.08E8 3.63E8 3.65E8 3.67E8 3.67E8 3.67E8 3.67E8 3.68E8 3.69E8
1 0.0 0.0 1000000.0 1000000.0 1000000.0 1000000.0 2000000.0 3000000.0 4000000.0 4000000.0 4000000.0 5000000.0 6000000.0 7000000.0 7000000.0 7000000.0 9000000.0 9000000.0 1.3E7 1.4E7
2 1.0E7 1.1E7 3.7E7 6.2E7 6.6E7 1.43E8 1.71E8 1.89E8 2.39E8 2.58E8 3.13E8 3.16E8 3.62E8 3.62E8 3.81E8 3.89E8 4.25E8 4.87E8 4.88E8 5.26E8
3 0.0 0.0 1000000.0 2000000.0 2000000.0 2000000.0 2000000.0 2000000.0 2000000.0 3000000.0 3000000.0 5000000.0 6000000.0 7000000.0 8000000.0 9000000.0 1.0E7 1.0E7 1.0E7 1.0E7
4 7000000.0 1.0E7 4.2E7 4.3E7 9.2E7 1.38E8 1.38E8 1.97E8 2.4E8 2.5E8 3.1E8 3.21E8 3.62E8 3.63E8 3.65E8 3.66E8 3.66E8 4.83E8 4.85E8 4.87E8
5 7000000.0 1.1E7 3.6E7 4.4E7 9.4E7 1.32E8 1.6E8 1.98E8 2.4E8 2.45E8 2.45E8 3.21E8 3.56E8 3.58E8 3.84E8 3.84E8 4.47E8 4.83E8 4.83E8 4.84E8
6 9000000.0 1.1E7 3.5E7 6.2E7 9.5E7 1.38E8 1.73E8 1.94E8 2.43E8 2.64E8 3.1E8 3.12E8 3.64E8 3.64E8 3.84E8 3.86E8 4.5E8 4.86E8 4.86E8 4.86E8
7 1000000.0 3000000.0 4000000.0 4000000.0 5000000.0 6000000.0 8000000.0 9000000.0 9000000.0 1.2E7 1.2E7 1.2E7 1.3E7 1.4E7 1.4E7 1.5E7 1.6E7 1.6E7 1.8E7 1.8E7
8 0.0 1000000.0 2000000.0 2000000.0 2000000.0 3000000.0 4000000.0 6000000.0 6000000.0 7000000.0 7000000.0 8000000.0 9000000.0 9000000.0 9000000.0 1.0E7 1.3E7 1.4E7 1.4E7 1.5E7
9 1000000.0 2000000.0 5000000.0 6000000.0 9.0E7 1.31E8 1.61E8 1.63E8 1.66E8 1.66E8 3.06E8 3.2E8 3.61E8 3.61E8 3.61E8 3.61E8 3.61E8 3.62E8 3.62E8 3.63E8
10 3000000.0 5000000.0 3.6E7 3.6E7 6.4E7 1.39E8 1.41E8 1.87E8 2.44E8 2.5E8 3.1E8 3.15E8 3.6E8 3.61E8 3.82E8 3.82E8 3.82E8 4.85E8 4.86E8 4.87E8
11 0.0 2000000.0 2000000.0 2000000.0 2000000.0 2000000.0 3000000.0 6000000.0 9000000.0 1.2E7 1.3E7 1.5E7 1.5E7 1.5E7 1.6E7 1.7E7 1.8E7 1.8E7 1.8E7 1.8E7
12 7000000.0 8000000.0 1.3E7 1.3E7 8.9E7 1.35E8 1.58E8 1.87E8 2.37E8 2.37E8 2.37E8 2.39E8 2.41E8 2.42E8 2.56E8 2.59E8 4.42E8 4.8E8 5.04E8 5.25E8
13 2000000.0 2000000.0 6000000.0 7000000.0 7000000.0 1.44E8 1.63E8 1.68E8 2.4E8 2.4E8 3.01E8 3.01E8 3.56E8 3.56E8 3.6E8 3.61E8 4.43E8 4.79E8 5.01E8 5.22E8
14 1000000.0 2000000.0 5000000.0 6000000.0 9.1E7 1.4E8 1.65E8 2.03E8 2.45E8 2.55E8 3.05E8 3.2E8 3.59E8 3.6E8 3.61E8 3.63E8 4.43E8 4.78E8 4.78E8 4.79E8
15 4000000.0 4000000.0 3.0E7 6.0E7 6.8E7 1.42E8 1.71E8 1.93E8 2.4E8 2.52E8 3.08E8 3.09E8 3.62E8 3.62E8 3.77E8 3.77E8 3.77E8 4.79E8 4.79E8 4.79E8
16 1000000.0 1000000.0 1000000.0 1000000.0 1000000.0 1000000.0 3000000.0 5000000.0 6000000.0 6000000.0 7000000.0 8000000.0 1.0E7 1.1E7 1.4E7 1.6E7 1.8E7 2.0E7 2.3E7 2.4E7
17 1000000.0 3000000.0 4000000.0 5000000.0 7000000.0 8000000.0 8000000.0 1.0E7 1.1E7 1.1E7 1.1E7 1.1E7 1.2E7 1.4E7 1.6E7 1.8E7 1.8E7 1.9E7 2.1E7 2.4E7
18 1000000.0 5000000.0 1.4E7 1.8E7 9.0E7 1.37E8 1.66E8 2.04E8 2.43E8 2.49E8 3.1E8 3.18E8 3.65E8 3.65E8 3.7E8 3.71E8 4.53E8 4.89E8 4.97E8 5.34E8
19 1000000.0 1000000.0 3000000.0 4000000.0 5000000.0 5000000.0 5000000.0 6000000.0 6000000.0 8000000.0 9000000.0 1.1E7 1.3E7 1.3E7 1.3E7 1.3E7 1.3E7 1.3E7 1.3E7 1.4E7
20 0.0 1000000.0 2000000.0 3000000.0 3000000.0 3000000.0 4000000.0 4000000.0 4000000.0 4000000.0 5000000.0 5000000.0 5000000.0 5000000.0 5000000.0 5000000.0 6000000.0 8000000.0 8000000.0 8000000.0
21 1000000.0 3000000.0 3000000.0 3000000.0 3000000.0 3000000.0 5000000.0 7000000.0 8000000.0 8000000.0 1.0E7 1.0E7 1.1E7 1.1E7 1.1E7 1.2E7 1.3E7 1.4E7 1.5E7 1.5E7
22 1000000.0 1000000.0 2000000.0 2000000.0 5000000.0 6000000.0 6000000.0 7000000.0 7000000.0 8000000.0 9000000.0 9000000.0 1.0E7 1.0E7 1.0E7 1.0E7 1.0E7 1.0E7 1.1E7 1.1E7
23 0.0 1000000.0 4000000.0 6000000.0 8000000.0 8000000.0 8000000.0 8000000.0 8000000.0 8000000.0 8000000.0 9000000.0 9000000.0 9000000.0 1.0E7 1.0E7 1.1E7 1.2E7 1.3E7 1.5E7
24 0.0 0.0 0.0 0.0 1000000.0 1000000.0 4000000.0 4000000.0 5000000.0 7000000.0 8000000.0 8000000.0 9000000.0 1.0E7 1.2E7 1.2E7 1.2E7 1.2E7 1.4E7 1.6E7
25 2000000.0 4000000.0 6000000.0 9000000.0 2.8E7 3.0E7 1.57E8 1.69E8 2.47E8 2.47E8 2.48E8 2.48E8 2.48E8 2.49E8 2.49E8 2.49E8 2.49E8 2.54E8 2.56E8 2.56E8
26 0.0 2000000.0 2000000.0 6.0E7 6.9E7 1.37E8 1.72E8 1.92E8 2.42E8 2.49E8 3.08E8 3.21E8 3.6E8 3.6E8 3.85E8 3.87E8 4.32E8 4.83E8 4.83E8 5.26E8
27 9000000.0 9000000.0 3.1E7 6.0E7 6.7E7 1.33E8 1.73E8 1.93E8 1.95E8 2.61E8 3.1E8 3.12E8 3.63E8 3.66E8 3.83E8 3.91E8 4.24E8 4.83E8 4.86E8 5.25E8
28 1000000.0 1000000.0 2000000.0 4000000.0 4000000.0 6000000.0 6000000.0 7000000.0 8000000.0 1.0E7 1.1E7 1.2E7 1.2E7 1.3E7 1.4E7 1.7E7 1.7E7 1.7E7 1.9E7 2.1E7
29 7000000.0 1.2E7 1.6E7 1.8E7 2.8E7 1.27E8 1.27E8 1.27E8 2.41E8 2.41E8 3.03E8 3.03E8 3.33E8 3.33E8 3.39E8 3.39E8 4.3E8 4.81E8 5.08E8 5.28E8
30 1000000.0 1000000.0 1000000.0 2000000.0 4000000.0 6000000.0 8000000.0 8000000.0 1.1E7 1.2E7 1.5E7 1.7E7 1.7E7 1.7E7 1.8E7 1.9E7 1.9E7 2.0E7 2.0E7 2.0E7
31 1.1E7 1.1E7 3.1E7 6.0E7 6.9E7 1.37E8 1.72E8 1.92E8 2.4E8 2.56E8 3.09E8 3.1E8 3.57E8 3.58E8 3.77E8 3.86E8 4.25E8 4.83E8 4.83E8 5.21E8
32 3000000.0 6000000.0 3.6E7 4.0E7 9.4E7 1.41E8 1.41E8 2.02E8 2.44E8 2.54E8 3.07E8 3.23E8 3.65E8 3.69E8 3.86E8 3.87E8 4.27E8 4.93E8 4.94E8 5.31E8
33 8000000.0 9000000.0 4.3E7 6.2E7 9.5E7 1.47E8 1.74E8 1.95E8 2.43E8 2.63E8 3.1E8 3.11E8 3.64E8 3.64E8 3.89E8 3.93E8 4.36E8 4.87E8 4.92E8 5.29E8
34 1000000.0 1000000.0 3000000.0 5000000.0 5000000.0 5000000.0 5000000.0 5000000.0 5000000.0 5000000.0 5000000.0 6000000.0 6000000.0 6000000.0 6000000.0 7000000.0 7000000.0 9000000.0 1.0E7 1.0E7
35 3000000.0 3000000.0 3000000.0 4000000.0 5000000.0 5000000.0 6000000.0 8000000.0 9000000.0 1.1E7 1.1E7 1.2E7 1.2E7 1.4E7 1.5E7 1.5E7 1.6E7 1.6E7 1.7E7 1.8E7
36 1000000.0 1000000.0 3000000.0 3000000.0 4000000.0 5000000.0 7000000.0 8000000.0 8000000.0 9000000.0 9000000.0 1.1E7 1.1E7 1.2E7 1.3E7 1.3E7 1.4E7 1.4E7 1.4E7 1.4E7
37 2000000.0 2000000.0 2000000.0 2000000.0 3000000.0 4000000.0 4000000.0 6000000.0 8000000.0 1.1E7 1.3E7 1.5E7 1.6E7 1.7E7 1.8E7 2.0E7 2.2E7 2.2E7 2.2E7 2.2E7
38 0.0 3000000.0 3000000.0 4000000.0 8000000.0 9000000.0 9000000.0 1.0E7 1.1E7 1.2E7 1.3E7 1.4E7 2.2E7 2.4E7 2.6E7 2.7E7 2.7E7 2.7E7 2.8E7 2.8E7
39 3000000.0 3000000.0 3000000.0 3000000.0 6000000.0 8000000.0 9000000.0 9000000.0 9000000.0 1.0E7 1.1E7 1.1E7 1.2E7 1.3E7 1.3E7 1.3E7 1.3E7 1.4E7 1.4E7 1.6E7
40 2000000.0 3000000.0 6000000.0 7000000.0 8000000.0 8000000.0 8000000.0 8000000.0 8000000.0 8000000.0 8000000.0 9000000.0 1.0E7 1.0E7 1.1E7 1.1E7 1.2E7 1.4E7 1.5E7 1.6E7
41 2000000.0 3000000.0 4000000.0 6000000.0 6000000.0 7000000.0 9000000.0 1.1E7 1.1E7 1.2E7 1.2E7 1.2E7 1.4E7 1.4E7 1.5E7 1.7E7 1.7E7 1.8E7 1.8E7 1.8E7
42 0.0 1000000.0 1000000.0 4000000.0 4000000.0 4000000.0 4000000.0 5000000.0 6000000.0 6000000.0 8000000.0 9000000.0 9000000.0 1.0E7 1.1E7 1.1E7 1.2E7 1.4E7 1.5E7 1.6E7
43 1000000.0 1000000.0 2000000.0 2000000.0 2000000.0 2000000.0 3000000.0 5000000.0 7000000.0 7000000.0 8000000.0 8000000.0 8000000.0 9000000.0 1.0E7 1.1E7 1.4E7 1.5E7 1.5E7 1.7E7
44 0.0 0.0 0.0 0.0 0.0 1000000.0 2000000.0 2000000.0 3000000.0 3000000.0 4000000.0 5000000.0 3.46E8 3.47E8 3.49E8 3.5E8 3.51E8 3.51E8 3.51E8 3.52E8
45 1000000.0 1000000.0 2000000.0 3000000.0 3000000.0 6000000.0 6000000.0 6000000.0 6000000.0 6000000.0 6000000.0 6000000.0 7000000.0 8000000.0 8000000.0 9000000.0 9000000.0 1.0E7 1.1E7 1.3E7
46 2000000.0 2000000.0 4000000.0 4000000.0 4000000.0 5000000.0 5000000.0 5000000.0 6000000.0 7000000.0 7000000.0 7000000.0 7000000.0 9000000.0 1.1E7 1.1E7 1.2E7 1.3E7 1.3E7 1.3E7
47 0.0 0.0 2000000.0 2000000.0 2000000.0 2000000.0 4000000.0 5000000.0 6000000.0 2.39E8 2.39E8 2.4E8 2.4E8 2.41E8 2.41E8 2.42E8 2.43E8 2.43E8 2.44E8 2.44E8
48 0.0 0.0 1000000.0 2000000.0 2000000.0 3000000.0 4000000.0 4000000.0 4000000.0 5000000.0 5000000.0 5000000.0 5000000.0 6000000.0 6000000.0 6000000.0 7000000.0 8000000.0 8000000.0 9000000.0
49 0.0 1000000.0 2000000.0 2000000.0 2000000.0 2000000.0 3000000.0 3000000.0 3000000.0 4000000.0 4000000.0 5000000.0 8000000.0 1.0E7 1.1E7 1.3E7 1.4E7 1.5E7 1.5E7 1.6E7
50 0.0 3000000.0 4000000.0 7000000.0 7000000.0 8000000.0 1.1E7 1.1E7 1.2E7 1.3E7 1.4E7 1.5E7 1.6E7 1.6E7 1.7E7 1.7E7 1.7E7 1.8E7 1.9E7 2.0E7
51 6000000.0 6000000.0 6000000.0 6000000.0 7000000.0 1.5E7 1.5E7 2.1E7 2.1E7 3.2E7 3.3E7 3.4E7 4.3E7 4.3E7 4.4E7 4.4E7 5.2E7 4.86E8 4.87E8 4.87E8
