records: 20
      Record Time
Host  UsedBuffer

  17959.0 35918.0 53877.0 71836.0 89795.0 107754.0 125713.0 143672.0 161631.0 179590.0 197549.0 215508.0 233467.0 251426.0 269385.0 287344.0 305303.0 323262.0 341221.0 359180.0
0 1.205032704E9 -1.589934592E9 -8.9934592E7 9.10065408E8 1.615098112E9 -1.359738368E9 -1.154705664E9 3.45294336E8 1.345294336E9 -9.4967296E8 2.05032704E9 2.05032704E9 -7.44640256E8 -2.44640256E8 -1.039607552E9 9.60392448E8 1.460392448E9 1.960392448E9 -8.34574848E8 3.70457856E8
1 -2.94967296E8 -2.089934592E9 -2.089934592E9 -2.089934592E9 6.15098112E8 1.40261632E8 -6.54705664E8 -1.54705664E8 3.45294336E8 3.45294336E8 1.345294336E9 -1.834574848E9 1.65425152E8 -1.629542144E9 2.07549056E9 -1.219476736E9 -2.19476736E8 2.80523264E8 1.280523264E9 8.95621376E8
2 2.05032704E8 -1.089934592E9 -1.884901888E9 1.15098112E8 -1.47483648E9 -8.59738368E8 2.140261632E9 -6.54705664E8 3.45294336E8 1.345294336E9 -1.039607552E9 -3.34574848E8 1.65425152E8 6.65425152E8 1.870457856E9 7.549056E7 5.7549056E8 5.7549056E8 5.7549056E8 1.690588672E9
3 5.0E8 1.5E9 2.0E9 -1.794967296E9 -7.94967296E8 2.05032704E8 1.205032704E9 1.705032704E9 -2.089934592E9 -2.089934592E9 -8.9934592E7 4.10065408E8 1.410065408E9 -1.384901888E9 -3.84901888E8 1.15098112E8 1.15098112E8 2.115098112E9 -6.79869184E8 8.20130816E8
4 1.705032704E9 -1.589934592E9 -1.089934592E9 -8.9934592E7 4.10065408E8 1.910065408E9 -8.84901888E8 1.15098112E8 1.115098112E9 -1.679869184E9 -6.79869184E8 8.20130816E8 1.320130816E9 -1.47483648E9 -9.7483648E8 2.516352E7 1.02516352E9 1.52516352E9 2.02516352E9 2.30196224E8
5 -2.94967296E8 7.05032704E8 1.205032704E9 -1.589934592E9 -1.384901888E9 -1.359738368E9 -3.59738368E8 -3.59738368E8 1.640261632E9 2.140261632E9 -1.154705664E9 -6.54705664E8 -6.54705664E8 8.45294336E8 1.845294336E9 -9.4967296E8 1.55032704E9 2.05032704E9 -7.44640256E8 6.65425152E8
6 7.05032704E8 1.705032704E9 -2.089934592E9 -5.89934592E8 -1.79869184E8 -1.359738368E9 -8.59738368E8 1.40261632E8 6.40261632E8 1.140261632E9 1.640261632E9 2.140261632E9 -1.154705664E9 -1.54705664E8 -6.29542144E8 7.549056E7 1.57549056E9 -1.219476736E9 2.80523264E8 1.485555968E9
7 1.5E9 -1.794967296E9 -1.794967296E9 -1.294967296E9 -7.94967296E8 -7.94967296E8 -2.94967296E8 7.05032704E8 1.705032704E9 -1.089934592E9 -1.089934592E9 -8.9934592E7 9.10065408E8 1.410065408E9 -1.884901888E9 -1.384901888E9 -8.84901888E8 -3.84901888E8 -3.84901888E8 -3.84901888E8
8 2.05032704E8 -1.089934592E9 -1.884901888E9 1.15098112E8 1.320130816E9 1.935228928E9 -1.654705664E9 -1.54705664E8 8.45294336E8 1.845294336E9 -1.039607552E9 -3.34574848E8 -3.34574848E8 -1.29542144E8 -1.219476736E9 -2.19476736E8 -2.19476736E8 1.280523264E9 1.485555968E9 -1.104378624E9
