records: 20
      Record Time
Host  UsedBuffer

  17959.0 35918.0 53877.0 71836.0 89795.0 107754.0 125713.0 143672.0 161631.0 179590.0 197549.0 215508.0 233467.0 251426.0 269385.0 287344.0 305303.0 323262.0 341221.0 359180.0
0 1.2E7 1.5E7 1.8E7 2.0E7 5.6E7 6.7E7 7.6E7 7.9E7 8.1E7 9.1E7 9.8E7 9.8E7 1.01E8 1.02E8 1.37E8 1.39E8 1.4E8 1.41E8 1.93E8 2.54E8
1 1.0E7 1.5E7 1.5E7 1.5E7 5.9E7 7.0E7 7.8E7 7.9E7 8.0E7 8.0E7 8.2E7 1.1E8 1.14E8 1.18E8 1.45E8 1.47E8 1.49E8 1.5E8 2.09E8 2.66E8
2 1.0E7 1.6E7 2.3E7 2.7E7 5.8E7 6.8E7 7.5E7 7.8E7 8.0E7 8.2E7 1.03E8 1.13E8 1.14E8 1.23E8 1.41E8 1.43E8 1.44E8 1.44E8 2.02E8 2.56E8
3 1.3E7 1.8E7 1.9E7 2.0E7 5.8E7 6.7E7 7.6E7 7.7E7 7.8E7 7.8E7 1.02E8 1.14E8 1.16E8 1.19E8 1.45E8 1.46E8 1.46E8 1.5E8 1.53E8 2.46E8
4 1.3E7 1.6E7 1.7E7 1.9E7 2.0E7 2.3E7 2.6E7 2.8E7 3.0E7 3.3E7 3.5E7 3.8E7 3.9E7 4.2E7 4.3E7 4.5E7 4.7E7 4.8E7 4.9E7 2.58E8
5 1.3E7 1.6E7 1.7E7 2.0E7 6.1E7 7.1E7 7.3E7 7.3E7 7.7E7 7.8E7 8.0E7 8.1E7 8.1E7 8.4E7 8.6E7 8.9E7 9.4E7 9.5E7 1.94E8 2.62E8
6 1.1E7 1.4E7 1.5E7 1.8E7 5.7E7 6.6E7 6.8E7 7.0E7 7.1E7 7.2E7 7.3E7 7.4E7 7.6E7 1.16E8 1.43E8 1.45E8 1.48E8 1.51E8 1.67E8 2.5E8
7 1.1E7 1.5E7 1.5E7 1.6E7 1.7E7 1.7E7 1.8E7 2.0E7 2.2E7 2.5E7 2.5E7 2.7E7 2.9E7 3.0E7 3.2E7 3.3E7 3.4E7 3.5E7 1.98E8 2.52E8
8 1.0E7 1.6E7 2.4E7 2.7E7 6.0E7 6.6E7 7.6E7 7.9E7 8.1E7 8.4E7 1.06E8 1.14E8 1.14E8 1.22E8 1.4E8 1.49E8 1.49E8 1.52E8 2.03E8 2.51E8
