0 3350
1 1982
2 4466
3 3280
4 2961
5 2674
6 762
7 1057
8 1524
9 2866
10 545
11 435
12 4370
13 4082
14 2319
15 4023
16 3451
17 976
18 676
19 1394
20 1350
21 2371
22 2487
23 3022
24 3230
25 3093
26 2433
27 2931
28 1997
29 2815
30 3281
31 4086
32 2386
33 2636
34 2410
35 2736
36 2827
37 3204
38 2585
39 3486
40 2590
41 2130
42 4115
43 3605
44 2967
45 2626
46 3218
47 3968
48 3118
49 3944
50 4116
51 3640
52 4257
53 3048
54 1890
55 3723
56 3356
57 3779
58 2783
59 5381
60 3591
61 2390
62 1495
63 3541
64 2375
65 5047
66 3276
67 1991
68 1388
69 3980
70 3168
71 4673
72 3604
73 4761
74 4497
75 4970
76 5463
77 5264
78 5056
79 3919
80 4183
81 5285
82 1441
83 5444
84 2749
85 4152
86 4107
87 5652
88 5245
89 5120
90 4186
91 2014
92 5284
93 1845
94 4158
95 2371
96 657
97 3953
