0 3350
1 1981
2 4464
3 3281
4 2962
5 2676
6 762
7 1050
8 1526
9 2867
10 545
11 435
12 4369
13 4082
14 2318
15 4024
16 3452
17 976
18 676
19 1393
20 1350
21 2371
22 2488
23 3022
24 3229
25 3093
26 2433
27 2929
28 1996
29 2814
30 3280
31 4085
32 2386
33 2634
34 2411
35 2739
36 2828
37 3206
38 2585
39 3487
40 2590
41 2130
42 4115
43 3605
44 2966
45 2628
46 3217
47 3969
48 3119
49 3944
50 4117
51 3639
52 4257
53 3048
54 1891
55 3720
56 3353
57 3779
58 2783
59 5382
60 3592
61 2391
62 1495
63 3542
64 2375
65 5047
66 3276
67 1991
68 1388
69 3979
70 3167
71 4673
72 3604
73 4763
74 4498
75 4970
76 5465
77 5268
78 5060
79 3919
80 4184
81 5288
82 1441
83 5447
84 2749
85 4152
86 4108
87 5654
88 5245
89 5118
90 4187
91 2014
92 5284
93 1845
94 4158
95 2371
96 657
97 3954
