0 3350
1 1982
2 4465
3 3280
4 2960
5 2676
6 762
7 1057
8 1527
9 2865
10 545
11 435
12 4372
13 4082
14 2319
15 4022
16 3451
17 976
18 676
19 1394
20 1350
21 2371
22 2488
23 3022
24 3229
25 3093
26 2432
27 2933
28 1997
29 2815
30 3279
31 4087
32 2386
33 2635
34 2410
35 2736
36 2825
37 3206
38 2584
39 3487
40 2590
41 2130
42 4113
43 3606
44 2967
45 2627
46 3217
47 3967
48 3118
49 3942
50 4117
51 3640
52 4259
53 3048
54 1893
55 3721
56 3354
57 3781
58 2783
59 5385
60 3592
61 2390
62 1495
63 3542
64 2375
65 5048
66 3276
67 1991
68 1388
69 3979
70 3167
71 4674
72 3603
73 4764
74 4498
75 4972
76 5461
77 5267
78 5058
79 3919
80 4182
81 5287
82 1441
83 5447
84 2749
85 4155
86 4109
87 5654
88 5246
89 5117
90 4186
91 2013
92 5287
93 1845
94 4160
95 2371
96 657
97 3952
