0 3350
1 1981
2 4470
3 3282
4 2961
5 2679
6 762
7 1051
8 1526
9 2870
10 547
11 435
12 4371
13 4081
14 2319
15 4025
16 3457
17 976
18 676
19 1394
20 1350
21 2373
22 2489
23 3025
24 3229
25 3093
26 2436
27 2930
28 1996
29 2814
30 3282
31 4081
32 2386
33 2640
34 2411
35 2739
36 2826
37 3207
38 2589
39 3486
40 2593
41 2132
42 4118
43 3607
44 2969
45 2627
46 3217
47 3972
48 3118
49 3944
50 4119
51 3640
52 4258
53 3048
54 1896
55 3723
56 3355
57 3782
58 2783
59 5381
60 3590
61 2391
62 1497
63 3542
64 2375
65 5048
66 3277
67 1996
68 1388
69 3976
70 3167
71 4675
72 3608
73 4764
74 4497
75 4970
76 5462
77 5265
78 5058
79 3919
80 4183
81 5286
82 1441
83 5448
84 2748
85 4153
86 4108
87 5656
88 5246
89 5116
90 4185
91 2014
92 5283
93 1846
94 4161
95 2371
96 657
97 3954
