0 3351
1 1981
2 4464
3 3284
4 2964
5 2676
6 763
7 1050
8 1524
9 2867
10 545
11 435
12 4370
13 4085
14 2319
15 4024
16 3452
17 976
18 676
19 1394
20 1351
21 2373
22 2488
23 3023
24 3229
25 3092
26 2436
27 2931
28 1994
29 2815
30 3279
31 4083
32 2386
33 2636
34 2409
35 2738
36 2829
37 3207
38 2586
39 3488
40 2591
41 2130
42 4117
43 3604
44 2966
45 2626
46 3217
47 3967
48 3119
49 3943
50 4120
51 3637
52 4261
53 3049
54 1893
55 3722
56 3357
57 3775
58 2782
59 5384
60 3591
61 2389
62 1494
63 3544
64 2374
65 5047
66 3276
67 1994
68 1388
69 3975
70 3169
71 4675
72 3603
73 4763
74 4492
75 4969
76 5464
77 5268
78 5056
79 3919
80 4181
81 5284
82 1443
83 5447
84 2749
85 4152
86 4106
87 5651
88 5245
89 5117
90 4187
91 2012
92 5284
93 1843
94 4157
95 2371
96 657
97 3953
