Selfish Battery Level: [35, 84, 62, 49, 58, 23, 87, 27, 77, 59, 45, 41, 82, 38, 71, 82, 1, 69, 46, 36, 24, 14, 10, 0, 91, 78, 15, 66, 14, 52, 35, 78, 44, 82, 41, 45, 84, 33, 98, 58, 43, 9, 55, 84, 78, 92, 70, 88, 49, 51, 4, 13, 77, 3, 58, 4, 59, 61, 67, 75, 99, 61, 53, 66, 56, 98, 42, 36, 21, 74, 27, 52, 90, 98, 64, 15, 17, 77, 64, 79, 63, 86, 85, 83, 87, 89, 52, 2, 69, 33, 67, 6, 73, 43, 31, 45, 33, 44, 33, 38, 33, 62, 24, 22, 61, 62, 81, 79, 99, 97, 67, 43, 91, 72, 27, 54, 5, 30, 81, 37, 39, 2, 57, 11, 40, 51, 64, 50, 53, 3, 94, 79, 51, 31, 45, 64, 26, 13, 81, 58, 88, 85, 52, 63, 33, 30, 80, 38, 72, 57, 12, 46, 32, 52, 76, 14, 1, 92, 81, 42, 90, 97, 9, 75, 43, 31, 19, 89, 71, 94, 56, 82, 73, 68, 87, 63, 9, 72, 46, 11, 31, 23, 54, 8, 87, 58, 16, 47, 99, 2, 50, 20, 98, 68, 38, 39, 93, 25, 26, 53, 93, 15, 82, 10, 30, 3, 55, 9, 31, 53, 24, 86, 98, 30, 87, 72, 17, 93, 77, 14, 15, 42, 11, 17, 94, 37, 62, 49, 54, 94, 26, 25, 93, 14, 19, 57, 65, 52, 89, 90, 30, 63, 14, 21, 70, 5, 26, 22, 66, 25, 55, 55, 16, 14, 55, 56, 82, 51, 36, 42, 42, 92, 70, 21, 25, 75, 40, 33, 72, 85, 8, 0, 96, 96, 33, 17, 50, 44, 56, 33, 42, 9, 31, 86, 6, 12, 67, 74, 66, 32, 28, 82, 52, 53, 99, 16, 86, 36, 39, 60, 47, 33, 57, 35, 19, 25, 79, 50, 38, 96, 85, 49, 37, 87, 83, 92, 38, 72, 14, 11, 74, 18, 26, 38, 36, 69, 84, 23, 16, 71, 54, 24, 21, 5, 76, 6, 93, 41, 74, 69, 7, 16, 36, 19, 99, 49, 9, 91, 15, 72, 1, 74, 46, 30, 6, 44, 39, 34, 50, 61, 47, 69, 40, 92, 30, 7, 16, 14, 76, 10, 93, 0, 97, 92, 42, 50, 24, 20, 16, 16, 70, 74, 64, 3, 13, 0, 36, 21, 32, 34, 73, 75, 98, 26, 41, 16, 67, 37, 7, 34, 93, 34, 68, 68, 70, 29, 43, 4, 0, 84, 24, 55, 18, 69, 94, 79, 69, 96, 89, 26, 39, 12, 93, 0, 31, 78, 73, 7, 35, 19, 46, 23, 28, 30, 39, 10, 17, 49, 70, 82, 43, 84, 42, 57, 95, 70, 41, 22, 84, 89, 36, 65, 77, 44, 93, 33, 97, 68, 49, 47, 31, 55, 16, 32, 41, 74, 78, 52, 51, 70, 4, 86, 0, 90, 36, 88, 78, 80, 94, 75, 72, 92, 9, 84, 5, 19, 14, 38, 39, 38, 11, 7, 42, 51, 59, 26, 56, 97, 62, 16, 6, 28, 5, 88, 65, 48, 4, 45, 14, 55, 8, 99, 91, 21, 76, 25, 96, 80, 67, 22, 95, 2, 25, 11, 4, 26, 64, 89, 60, 60, 97, 40, 85, 89, 56, 7, 68, 15, 13, 77, 12, 7, 29, 89, 50, 80, 1, 46, 41, 95, 33, 33, 3, 64, 50, 71, 30, 97, 50, 68, 55, 76, 73, 50, 41, 11, 58, 88, 10, 19, 50, 58, 27, 96, 89, 46, 1, 88, 64, 37, 1, 17, 32, 36, 52, 46, 2, 43, 59, 74, 26, 83, 60, 50, 57, 64, 37, 69, 22, 22, 83, 67, 2, 70, 59, 51, 58, 37, 32, 43, 14, 20, 78, 57, 3, 58, 94, 62, 77, 67, 12, 15, 8, 35, 34]
Hosts: 625
Hosts Average Energy Consume/s: 0.516227008813191
Hosts Average normal Energy Consume/s: 0.5212418189240355
Hosts Average  Selfish Period Consume/s: 0.26528109122981913

Hosts Average Energy Consume: 13027.443180378003
Hosts Average Normal Energy Consume: 9386.371145902089
Hosts Average Selfish Energy Consume: 3641.072034478001

Description:
host number
average energy consumption of all periods  - average energy consumption of Normal periods  -  average energy consumption of all selfish periods
energy consumption of all periods  -  energy consumption of Normal periods  -  energy consumption of selfish periods
Active total time  -  Normal Active Time  -  Selfish Active Time
Normal proportion of time  -  Selfish proportion of time
Number of Recharges 


HOST: 0
0.5407728529352193 0.5407728529352193 0.0
9917.233349978986 9917.233349978986 0.0
18339.0 18339.0 0.0
0


HOST: 1
0.51312736253741 0.5310988441649911 0.506249999999593
13634.307149981521 3905.700899989344 9728.606249992177
26571.0 7354.0 19217.0
0


HOST: 2
0.5078864058014338 0.508221522488247 0.5062500000003638
11168.929949979332 9276.567449977973 1892.3625000013599
21991.0 18253.0 3738.0
0


HOST: 3
0.5112472812439331 0.5112472812439331 0.0
12222.899999979953 12222.899999979953 0.0
23908.0 23908.0 0.0
0


HOST: 4
0.5227395141726273 0.5256865976199397 0.5097173312192108
12502.883699980901 10252.991399979304 2249.8923000015966
23918.0 19504.0 4414.0
0


HOST: 5
0.5101020676972439 0.5101020676972439 0.0
9855.682049978448 9855.682049978448 0.0
19321.0 19321.0 0.0
0


HOST: 6
0.5125676872673322 0.5089676583786645 0.5145505653698802
8998.125749978017 3173.413349990973 5824.712399987044
17555.0 6235.0 11320.0
0


HOST: 7
0.5119812625767701 0.5119812625767701 0.0
11702.867699979812 11702.867699979812 0.0
22858.0 22858.0 0.0
0


HOST: 8
0.5074532867444022 0.508378196304237 0.506249999999342
9912.085049978406 5614.528799983993 4297.5562499944135
19533.0 11044.0 8489.0
0


HOST: 9
0.5091636765078865 0.5091636765078865 0.0
9742.84694997841 9742.84694997841 0.0
19135.0 19135.0 0.0
0


HOST: 10
0.5175299682023782 0.5175299682023782 0.0
9765.790499978877 9765.790499978877 0.0
18870.0 18870.0 0.0
0


HOST: 11
0.5097546359018756 0.5097546359018756 0.0
14371.51244998158 14371.51244998158 0.0
28193.0 28193.0 0.0
0


HOST: 12
0.5074915508942046 0.5089725529928764 0.5062499999990956
9607.322549978187 4393.960049987501 5213.362499990686
18931.0 8633.0 10298.0
0


HOST: 13
0.5191893024388639 0.5191893024388639 0.0
8425.403999977883 8425.403999977883 0.0
16228.0 16228.0 0.0
0


HOST: 14
0.5141985939650092 0.5175952551528117 0.5062499999997803
10038.699149978875 7079.667899980159 2959.031249998716
19523.0 13678.0 5845.0
0


HOST: 15
0.5078227331631089 0.5093442390155872 0.5062499999987989
8619.275249977447 4394.112749987471 4225.162499989976
16973.0 8627.0 8346.0
0


HOST: 16
0.5145142540057727 0.5145142540057727 0.0
13676.81789998145 13676.81789998145 0.0
26582.0 26582.0 0.0
0


HOST: 17
0.5120335603819784 0.5147986530597775 0.506250000000128
11125.465199979628 7567.540199978728 3557.9250000008997
21728.0 14700.0 7028.0
0


HOST: 18
0.5089419487243286 0.5089419487243286 0.0
10600.75184997904 10600.75184997904 0.0
20829.0 20829.0 0.0
0


HOST: 19
0.5062499999985448 0.5062499999985448 0.0
4001.9062499884967 4001.9062499884967 0.0
7905.0 7905.0 0.0
0


HOST: 20
0.5164955738237599 0.5164955738237599 0.0
9329.459549978574 9329.459549978574 0.0
18063.0 18063.0 0.0
0


HOST: 21
0.5143626358364645 0.5143626358364645 0.0
12969.139499980616 12969.139499980616 0.0
25214.0 25214.0 0.0
0


HOST: 22
0.5098753278181672 0.5098753278181672 0.0
10109.80799997862 10109.80799997862 0.0
19828.0 19828.0 0.0
0


HOST: 23
0.5143060403806794 0.5143060403806794 0.0
13755.11504998127 13755.11504998127 0.0
26745.0 26745.0 0.0
0


HOST: 24
0.5062499999990396 0.5062499999985448 0.5062499999991628
11029.162499979078 2197.1249999936845 8832.037499985394
21786.0 4340.0 17446.0
0


HOST: 25
0.5101791830147967 0.512654238257427 0.5062499999989164
8711.309549977654 5370.5657999848045 3340.743749992849
17075.0 10476.0 6599.0
0


HOST: 26
0.515763637110204 0.515763637110204 0.0
9405.98144997879 9405.98144997879 0.0
18237.0 18237.0 0.0
0


HOST: 27
0.5162996193054178 0.520400746080126 0.5062500000003638
11595.573149980377 8300.391899978009 3295.181250002368
22459.0 15950.0 6509.0
0


HOST: 28
0.5230574840029635 0.5230574840029635 0.0
8093.268449977853 8093.268449977853 0.0
15473.0 15473.0 0.0
0


HOST: 29
0.5252440426741427 0.5252440426741427 0.0
11003.337449980616 11003.337449980616 0.0
20949.0 20949.0 0.0
0


HOST: 30
0.5201035848709846 0.5201035848709846 0.0
11606.631599980892 11606.631599980892 0.0
22316.0 22316.0 0.0
0


HOST: 31
0.5167879615233666 0.5234414619868718 0.5062499999988893
8649.99689997811 5370.509399985305 3279.487499992805
16738.0 10260.0 6478.0
0


HOST: 32
0.5301815373403602 0.5301815373403602 0.0
10194.330599980447 10194.330599980447 0.0
19228.0 19228.0 0.0
0


HOST: 33
0.5250265352245775 0.5197540813897981 0.5299675609746209
9173.788649979044 4393.481249987963 4780.307399991081
17473.0 8453.0 9020.0
0


HOST: 34
0.5347550863074629 0.5347550863074629 0.0
10440.023549980599 10440.023549980599 0.0
19523.0 19523.0 0.0
0


HOST: 35
0.526517699893075 0.526517699893075 0.0
8968.702499978639 8968.702499978639 0.0
17034.0 17034.0 0.0
0


HOST: 36
0.569408840691051 0.5680582024418719 0.5721354961817603
5854.661699985387 3905.9681999903114 1948.6934999950754
10282.0 6876.0 3406.0
0


HOST: 37
0.5174762463537483 0.5174762463537483 0.0
11179.039349980025 11179.039349980025 0.0
21603.0 21603.0 0.0
0


HOST: 38
0.5062499999988367 0.5062499999985448 0.5062499999988523
9563.062499978025 488.0249999985972 9075.037499979428
18890.0 964.0 17926.0
0


HOST: 39
0.5246105295049461 0.5256629300169237 0.5062500000003638
10819.042949980503 10253.055449980096 565.9875000004067
20623.0 19505.0 1118.0
0


HOST: 40
0.5285680513986318 0.5285680513986318 0.0
12011.18039998251 12011.18039998251 0.0
22724.0 22724.0 0.0
0


HOST: 41
0.5149208253974755 0.5149208253974755 0.0
7841.729249978154 7841.729249978154 0.0
15229.0 15229.0 0.0
0


HOST: 42
0.5216027909018831 0.5216027909018831 0.0
10045.548149979368 10045.548149979368 0.0
19259.0 19259.0 0.0
0


HOST: 43
0.5238812975993123 0.5292719512180947 0.5209337519442324
10937.069849980844 3906.026999989539 7031.042849991305
20877.0 7380.0 13497.0
0


HOST: 44
0.526754399934104 0.5447773889212627 0.5062499999992615
9757.071749979408 5370.415499985807 4386.656249993601
18523.0 9858.0 8665.0
0


HOST: 45
0.5062499999990285 0.5062499999985448 0.5062499999991337
10937.024999979012 1952.6062499943873 8984.418749984625
21604.0 3857.0 17747.0
0


HOST: 46
0.5233107380788329 0.5274588872870032 0.5062499999996133
9032.866649978734 7323.76664998004 1709.0999999986943
17261.0 13885.0 3376.0
0


HOST: 47
0.5156024640348018 0.534383783289375 0.5068970279856286
8924.563049978384 2929.491899992354 5995.07114998603
17309.0 5482.0 11827.0
0


HOST: 48
0.5230568428544332 0.5230568428544332 0.0
9539.510699979153 9539.510699979153 0.0
18238.0 18238.0 0.0
0


HOST: 49
0.5181409090899086 0.5181409090899086 0.0
10384.580099979948 10384.580099979948 0.0
20042.0 20042.0 0.0
0


HOST: 50
0.5172849505925521 0.5172849505925521 0.0
4659.185549987116 4659.185549987116 0.0
9007.0 9007.0 0.0
0


HOST: 51
0.521160782345657 0.521160782345657 0.0
8313.55679997792 8313.55679997792 0.0
15952.0 15952.0 0.0
0


HOST: 52
0.5131159242751655 0.5186420561596499 0.5070286324781134
10597.896299979267 5614.81889998437 4983.077399994898
20654.0 10826.0 9828.0
0


HOST: 53
0.5185465143287771 0.5185465143287771 0.0
9372.209699978317 9372.209699978317 0.0
18074.0 18074.0 0.0
0


HOST: 54
0.5181056143195365 0.5181056143195365 0.0
10188.028799979365 10188.028799979365 0.0
19664.0 19664.0 0.0
0


HOST: 55
0.5147491631202799 0.5147491631202799 0.0
11009.969849979667 11009.969849979667 0.0
21389.0 21389.0 0.0
0


HOST: 56
0.5227280909550159 0.5227280909550159 0.0
9068.809649978572 9068.809649978572 0.0
17349.0 17349.0 0.0
0


HOST: 57
0.5190071184108119 0.5190071184108119 0.0
9099.232799978356 9099.232799978356 0.0
17532.0 17532.0 0.0
0


HOST: 58
0.5134904679571571 0.5150450386789514 0.5090469298249235
10841.32424997946 8055.819449977478 2785.5048000019815
21113.0 15641.0 5472.0
0


HOST: 59
0.5184814554427061 0.5220507356700819 0.5140246208071557
10915.071599979849 6102.7730999832565 4812.298499996592
21052.0 11690.0 9362.0
0


HOST: 60
0.5062499999990427 0.5062499999985448 0.506249999999054
11054.474999979097 244.0124999992986 10810.462499979798
21836.0 482.0 21354.0
0


HOST: 61
0.5199423980927996 0.5157348491402695 0.5445856598988463
11237.515049979678 9520.981049978514 1716.5340000011638
21613.0 18461.0 3152.0
0


HOST: 62
0.5206825341544411 0.5206825341544411 0.0
9794.559149979192 9794.559149979192 0.0
18811.0 18811.0 0.0
0


HOST: 63
0.571510920586904 0.5873135578814936 0.5062500000003638
10032.302699982512 8299.915199981268 1732.387500001245
17554.0 14132.0 3422.0
0


HOST: 64
0.5134428222499932 0.5134428222499932 0.0
10300.689899979363 10300.689899979363 0.0
20062.0 20062.0 0.0
0


HOST: 65
0.5062499999987279 0.5062499999985448 0.5062499999987385
8927.212499977568 488.0249999985972 8439.18749997897
17634.0 964.0 16670.0
0


HOST: 66
0.5327246070318036 0.5327246070318036 0.0
9862.33064997978 9862.33064997978 0.0
18513.0 18513.0 0.0
0


HOST: 67
0.5269942482598284 0.5269942482598284 0.0
8864.570249978575 8864.570249978575 0.0
16821.0 16821.0 0.0
0


HOST: 68
0.5180353934086777 0.5180353934086777 0.0
11554.779449980555 11554.779449980555 0.0
22305.0 22305.0 0.0
0


HOST: 69
0.5203052368760612 0.5301120897003841 0.5062499999996405
10576.244549979696 6347.032049982699 4229.2124999969965
20327.0 11973.0 8354.0
0


HOST: 70
0.5325092159146804 0.5325092159146804 0.0
10010.640749980075 10010.640749980075 0.0
18799.0 18799.0 0.0
0


HOST: 71
0.5153857215562281 0.5153857215562281 0.0
8099.801999977681 8099.801999977681 0.0
15716.0 15716.0 0.0
0


HOST: 72
0.5071086350964251 0.50985526315644 0.506249999999053
10194.91199997853 2441.186999993035 7753.724999985496
20104.0 4788.0 15316.0
0


HOST: 73
0.5062499999988276 0.5062499999985448 0.5062499999988429
9506.362499977984 488.0249999985972 9018.337499979387
18778.0 964.0 17814.0
0


HOST: 74
0.516355278816218 0.5195008955475704 0.5062500000003638
11454.309149980165 8788.39664997825 2665.9125000019158
22183.0 16917.0 5266.0
0


HOST: 75
0.5236556381899391 0.5236556381899391 0.0
10420.747199979787 10420.747199979787 0.0
19900.0 19900.0 0.0
0


HOST: 76
0.5143346810821242 0.5143346810821242 0.0
11321.534999979718 11321.534999979718 0.0
22012.0 22012.0 0.0
0


HOST: 77
0.507149268166884 0.5076832188050586 0.5062499999990431
8939.520149977665 5614.976399983949 3324.543749993716
17627.0 11060.0 6567.0
0


HOST: 78
0.5115286063193593 0.5124245320959668 0.5062500000003638
10262.286899978986 8788.593149977927 1473.693750001059
20062.0 17151.0 2911.0
0


HOST: 79
0.5073919486278781 0.5080830029717859 0.5062499999986559
8217.719999977113 5126.55749998532 3091.162499991793
16196.0 10090.0 6106.0
0


HOST: 80
0.5119325922578786 0.5119325922578786 0.0
8531.356649977546 8531.356649977546 0.0
16665.0 16665.0 0.0
0


HOST: 81
0.5062499999992234 0.5062499999985448 0.5062499999994704
12805.593749980355 3417.693749990176 9387.899999990179
25295.0 6751.0 18544.0
0


HOST: 82
0.5140400243424095 0.5133640333646027 0.5144361015269583
9924.5707499789 3661.8256499897107 6262.74509998919
19307.0 7133.0 12174.0
0


HOST: 83
0.5062499999986652 0.5062499999985448 0.5062499999987775
8597.643749977331 4149.731249988072 4447.912499989259
16983.0 8197.0 8786.0
0


HOST: 84
0.5099007253614597 0.5169488434584063 0.5062499999988919
9173.623949978022 3173.5489499911564 6000.074999986866
17991.0 6139.0 11852.0
0


HOST: 85
0.5062499999990699 0.5062499999985448 0.5062499999992339
11287.349999979264 2685.1499999922817 8602.199999986982
22296.0 5304.0 16992.0
0


HOST: 86
0.5126057212758006 0.5126057212758006 0.0
8798.364599977842 8798.364599977842 0.0
17164.0 17164.0 0.0
0


HOST: 87
0.5162020320077614 0.5162020320077614 0.0
11482.397999980643 11482.397999980643 0.0
22244.0 22244.0 0.0
0


HOST: 88
0.5200039422458852 0.5273881881518762 0.5063205836778364
11488.967099980588 7568.020499979422 3920.9466000011653
22094.0 14350.0 7744.0
0


HOST: 89
0.527507253134644 0.527507253134644 0.0
8200.10024997804 8200.10024997804 0.0
15545.0 15545.0 0.0
0


HOST: 90
0.5245486872396916 0.5270423846894475 0.5062500000003638
9110.361599978964 8055.842849978206 1054.5187500007578
17368.0 15285.0 2083.0
0


HOST: 91
0.5234478526600991 0.5234478526600991 0.0
8093.027249977791 8093.027249977791 0.0
15461.0 15461.0 0.0
0


HOST: 92
0.5151569830499566 0.5204469996037859 0.5080747357292116
11397.84824998029 6591.461249981949 4806.386999998342
22125.0 12665.0 9460.0
0


HOST: 93
0.5378596795278986 0.5378596795278986 0.0
9046.261949979726 9046.261949979726 0.0
16819.0 16819.0 0.0
0


HOST: 94
0.5212613732759286 0.5212613732759286 0.0
11797.187399980816 11797.187399980816 0.0
22632.0 22632.0 0.0
0


HOST: 95
0.5190262225635237 0.5190262225635237 0.0
10783.28879997977 10783.28879997977 0.0
20776.0 20776.0 0.0
0


HOST: 96
0.5220077517553681 0.5220077517553681 0.0
10030.378949979397 10030.378949979397 0.0
19215.0 19215.0 0.0
0


HOST: 97
0.5121548797674691 0.5147658069124621 0.5062500000003638
19616.044049973832 13671.15029998117 5944.893750004272
38301.0 26558.0 11743.0
0


HOST: 98
0.5074608757328234 0.5076141611316201 0.5062500000003638
18421.337249977223 16356.34349998306 2064.993750001484
36301.0 32222.0 4079.0
0


HOST: 99
0.5109009288650158 0.5112476356137926 0.5062500000003638
16253.291249982747 15135.997499981944 1117.293750000803
31813.0 29606.0 2207.0
0


HOST: 100
0.5091758888164075 0.5096348195919113 0.5062500000003638
18904.68239997558 16356.219899982802 2548.4625000018314
37128.0 32094.0 5034.0
0


HOST: 101
0.508929900575602 0.5106301618306941 0.5071379039279609
18018.154199978613 9276.61814997822 8741.536050006262
35404.0 18167.0 17237.0
0


HOST: 102
0.5107243044183378 0.5107655677901377 0.5062500000003638
18723.152999976264 18553.55924997675 169.59375000012187
36660.0 36325.0 335.0
0


HOST: 103
0.5122095385158155 0.512534528423115 0.5062500000003638
20067.34529997262 19041.68279997557 1025.662500000737
39178.0 37152.0 2026.0
0


HOST: 104
0.5087702735972678 0.5106969452329669 0.5062500000003638
16735.998149982122 9520.923149978204 7215.075000005185
32895.0 18643.0 14252.0
0


HOST: 105
0.5119113977905004 0.5166993371938374 0.5062500000003638
16963.719899981603 9276.819899978158 7686.900000005524
33138.0 17954.0 15184.0
0


HOST: 106
0.5133147249383341 0.5127406256894654 0.5135340922529528
16795.65779998229 4638.251699986904 12157.406099996404
32720.0 9046.0 23674.0
0


HOST: 107
0.509532035760094 0.5095959244518298 0.5095124954396378
21885.419999967555 5126.534999985408 16758.885000000566
42952.0 10060.0 32892.0
0


HOST: 108
0.5062499999991903 0.5062499999985448 0.5062499999992162
23546.19374996234 244.0124999992986 23302.18124996392
46511.0 482.0 46029.0
0


HOST: 109
0.5062499999993125 0.5062499999985448 0.5062499999994119
19796.399999973117 732.0374999978958 19064.362499977855
39104.0 1446.0 37658.0
0


HOST: 110
0.5085765912511805 0.5077313008115631 0.5091374670684862
20231.17679997196 8056.172549977073 12175.00425000871
39780.0 15867.0 23913.0
0


HOST: 111
0.5097505549715424 0.5113962403521273 0.5062500000003638
20391.04169997164 13915.091699981383 6475.950000004654
40002.0 27210.0 12792.0
0


HOST: 112
0.5062499999993589 0.5062499999985448 0.5062499999997102
18666.956249976363 2197.1249999936845 16469.831249990573
36873.0 4340.0 32533.0
0


HOST: 113
0.5251894010419541 0.5313715018642431 0.5062499999993427
8961.306749978863 6835.562999981623 2125.7437499972402
17063.0 12864.0 4199.0
0


HOST: 114
0.5211591515502703 0.5211591515502703 0.0
11406.610349980765 11406.610349980765 0.0
21887.0 21887.0 0.0
0


HOST: 115
0.5149184742636491 0.5149184742636491 0.0
10084.163399979305 10084.163399979305 0.0
19584.0 19584.0 0.0
0


HOST: 116
0.5242566851598993 0.5242566851598993 0.0
11527.880249981026 11527.880249981026 0.0
21989.0 21989.0 0.0
0


HOST: 117
0.5133880629102473 0.5133880629102473 0.0
9906.849449979043 9906.849449979043 0.0
19297.0 19297.0 0.0
0


HOST: 118
0.5062499999985448 0.5062499999985448 0.5062499999985448
5799.093749983331 4638.2624999866675 1160.8312499966632
11455.0 9162.0 2293.0
0


HOST: 119
0.5127985959197525 0.5127985959197525 0.0
10408.785899979137 10408.785899979137 0.0
20298.0 20298.0 0.0
0


HOST: 120
0.5129207206763925 0.5129207206763925 0.0
10661.570099979495 10661.570099979495 0.0
20786.0 20786.0 0.0
0


HOST: 121
0.5067579925637471 0.5067579925637471 0.0
8724.34559997747 8724.34559997747 0.0
17216.0 17216.0 0.0
0


HOST: 122
0.5320886342416007 0.5320886342416007 0.0
9693.05864997924 9693.05864997924 0.0
18217.0 18217.0 0.0
0


HOST: 123
0.518961444793552 0.518961444793552 0.0
8225.538899977799 8225.538899977799 0.0
15850.0 15850.0 0.0
0


HOST: 124
0.5172126086946278 0.5172126086946278 0.0
10349.424299979502 10349.424299979502 0.0
20010.0 20010.0 0.0
0


HOST: 125
0.5205145800463119 0.5205145800463119 0.0
10560.199799979577 10560.199799979577 0.0
20288.0 20288.0 0.0
0


HOST: 126
0.5180065829965885 0.5180065829965885 0.0
8750.167199978374 8750.167199978374 0.0
16892.0 16892.0 0.0
0


HOST: 127
0.5170966929817228 0.5170966929817228 0.0
6418.721249982125 6418.721249982125 0.0
12413.0 12413.0 0.0
0


HOST: 128
0.5203013047314242 0.5203013047314242 0.0
10587.611249979751 10587.611249979751 0.0
20349.0 20349.0 0.0
0


HOST: 129
0.5226720766979681 0.5226720766979681 0.0
11652.973949981199 11652.973949981199 0.0
22295.0 22295.0 0.0
0


HOST: 130
0.5062499999987986 0.5062499999985448 0.5062499999988459
9330.693749977858 1464.5812499957901 7866.112499982068
18431.0 2893.0 15538.0
0


HOST: 131
0.5068010080630658 0.5071151300806522 0.5062499999985542
8043.945599976982 5126.426849985313 2917.5187499916683
15872.0 10109.0 5763.0
0


HOST: 132
0.5062499999990164 0.5062499999990164 0.0
10838.812499978942 10838.812499978942 0.0
21410.0 21410.0 0.0
0


HOST: 133
0.5157112567982814 0.5157112567982814 0.0
11661.778649979538 11661.778649979538 0.0
22613.0 22613.0 0.0
0


HOST: 134
0.5088319063327047 0.5088319063327047 0.0
9865.232999978478 9865.232999978478 0.0
19388.0 19388.0 0.0
0


HOST: 135
0.5138052064095657 0.5175779151930535 0.5062500000003638
13080.966749981133 8788.472999978048 4292.493750003085
25459.0 16980.0 8479.0
0


HOST: 136
0.5084382756638582 0.5084382756638582 0.0
10668.051899979075 10668.051899979075 0.0
20982.0 20982.0 0.0
0


HOST: 137
0.5111743386772881 0.5111743386772881 0.0
10009.815899978656 10009.815899978656 0.0
19582.0 19582.0 0.0
0


HOST: 138
0.5062499999990898 0.5062499999985448 0.5062499999994602
11463.01874997939 4638.2624999866675 6824.756249992723
22643.0 9162.0 13481.0
0


HOST: 139
0.5104563037027195 0.5118461561491 0.5062500000003638
13604.170949981179 10253.30219997877 3350.868750002408
26651.0 20032.0 6619.0
0


HOST: 140
0.5062499999985828 0.5062499999985448 0.5062499999986039
8199.731249977045 2929.1624999915803 5270.568749985465
16197.0 5786.0 10411.0
0


HOST: 141
0.506249999998869 0.5062499999985448 0.5062499999990633
9769.612499978173 3661.7062499894746 6107.906249988699
19298.0 7233.0 12065.0
0


HOST: 142
0.5210007073705432 0.5210007073705432 0.0
10495.559249979591 10495.559249979591 0.0
20145.0 20145.0 0.0
0


HOST: 143
0.5095071428564903 0.5104452189871651 0.5079104463258739
14312.56514998167 9032.328149977886 5280.2370000037845
28091.0 17695.0 10396.0
0


HOST: 144
0.5100320388337083 0.5100320388337083 0.0
9035.727599977976 9035.727599977976 0.0
17716.0 17716.0 0.0
0


HOST: 145
0.5094795143737566 0.5094795143737566 0.0
9463.072499978154 9463.072499978154 0.0
18574.0 18574.0 0.0
0


HOST: 146
0.5075926833382514 0.5099848025888942 0.506249999999701
13517.700749980973 4882.594499986073 8635.1062499949
26631.0 9574.0 17057.0
0


HOST: 147
0.5092910116933773 0.5092910116933773 0.0
11235.978299979291 11235.978299979291 0.0
22062.0 22062.0 0.0
0


HOST: 148
0.5104881497872072 0.5115478446325853 0.5085782978147305
10605.901799979018 6835.302299980605 3770.5994999984123
20776.0 13362.0 7414.0
0


HOST: 149
0.5086209258518074 0.5086209258518074 0.0
9047.857649977801 9047.857649977801 0.0
17789.0 17789.0 0.0
0


HOST: 150
0.5209788676749373 0.5209788676749373 0.0
9496.402799978756 9496.402799978756 0.0
18228.0 18228.0 0.0
0


HOST: 151
0.506249999998756 0.506249999998756 0.0
9083.13749997768 9083.13749997768 0.0
17942.0 17942.0 0.0
0


HOST: 152
0.5170226149925737 0.5170226149925737 0.0
10172.419949978888 10172.419949978888 0.0
19675.0 19675.0 0.0
0


HOST: 153
0.5062499999985448 0.5062499999985448 0.0
7585.143749978197 7585.143749978197 0.0
14983.0 14983.0 0.0
0


HOST: 154
0.5062499999986835 0.5062499999985448 0.5062499999989704
8691.299999977398 5858.831249983159 2832.4687499942393
17168.0 11573.0 5595.0
0


HOST: 155
0.5165369943275206 0.5165369943275206 0.0
8197.442099977752 8197.442099977752 0.0
15870.0 15870.0 0.0
0


HOST: 156
0.5146437207873872 0.5146437207873872 0.0
10130.24699997893 10130.24699997893 0.0
19684.0 19684.0 0.0
0


HOST: 157
0.5224383447871392 0.5212793112639355 0.5226906834816598
10946.128199980141 1952.7122999947023 8993.415899985439
20952.0 3746.0 17206.0
0


HOST: 158
0.5062499999989877 0.5062499999985448 0.5062499999993314
10612.012499978779 4638.2624999866675 5973.749999992111
20962.0 9162.0 11800.0
0


HOST: 159
0.5117420956618367 0.5117420956618367 0.0
11362.20974997976 11362.20974997976 0.0
22203.0 22203.0 0.0
0


HOST: 160
0.506720341898666 0.5065903486909492 0.5067699936566159
8833.148999977546 2440.7522999929934 6392.3966999845525
17432.0 4818.0 12614.0
0


HOST: 161
0.5062499999988334 0.5062499999985448 0.5062499999988573
9542.30624997801 732.0374999978958 8810.268749980114
18849.0 1446.0 17403.0
0


HOST: 162
0.5189194935205845 0.5189194935205845 0.0
9251.815649978502 9251.815649978502 0.0
17829.0 17829.0 0.0
0


HOST: 163
0.5229562930897932 0.5191247363034265 0.5281367165033098
10694.979149979361 6102.830399983082 4592.148749996279
20451.0 11756.0 8695.0
0


HOST: 164
0.5110457224157887 0.5110457224157887 0.0
8888.618249977813 8888.618249977813 0.0
17393.0 17393.0 0.0
0


HOST: 165
0.5062499999986602 0.5062499999986602 0.0
8572.331249977313 8572.331249977313 0.0
16933.0 16933.0 0.0
0


HOST: 166
0.5201527379529419 0.5201527379529419 0.0
9650.913899978885 9650.913899978885 0.0
18554.0 18554.0 0.0
0


HOST: 167
0.5089379294810218 0.517174114020118 0.506249999999157
10739.09924997904 2685.1679999924527 8053.931249986588
21101.0 5192.0 15909.0
0


HOST: 168
0.5176730240058098 0.5202011022913386 0.5132403362968191
11062.15484998015 7078.896599980537 3983.2582499996133
21369.0 13608.0 7761.0
0


HOST: 169
0.5183014929362901 0.587361913355957 0.5062499999987128
8696.580749978011 1464.2932499964008 7232.28749998161
16779.0 2493.0 14286.0
0


HOST: 170
0.5191927563821964 0.5195639982577129 0.5062500000003638
11041.672349980172 10741.466099979956 300.20625000021573
21267.0 20674.0 593.0
0


HOST: 171
0.5232426584220402 0.5232426584220402 0.0
4062.4559999887206 4062.4559999887206 0.0
7764.0 7764.0 0.0
0


HOST: 172
0.5106144125247536 0.5138783642586623 0.5062499999998252
11446.953899979926 6591.003899981602 4855.949999998324
22418.0 12826.0 9592.0
0


HOST: 173
0.5137333458482045 0.5147866853362946 0.5062499999999993
8893.23794997827 7811.887949978271 1081.3499999999985
17311.0 15175.0 2136.0
0


HOST: 174
0.5212102371023727 0.5455072460016481 0.5102616197991667
9760.18289997903 3173.2156499915873 6586.967249987443
18726.0 5817.0 12909.0
0


HOST: 175
0.5162464907637343 0.5162464907637343 0.0
7826.296799978212 7826.296799978212 0.0
15160.0 15160.0 0.0
0


HOST: 176
0.5269604611266006 0.5269604611266006 0.0
5530.9769999847995 5530.9769999847995 0.0
10496.0 10496.0 0.0
0


HOST: 177
0.5200454878934432 0.529557406258232 0.5062499999998821
11341.15199998021 6835.526999981259 4505.62499999895
21808.0 12908.0 8900.0
0


HOST: 178
0.5164896503875406 0.5164896503875406 0.0
11168.572199980177 11168.572199980177 0.0
21624.0 21624.0 0.0
0


HOST: 179
0.5161680116537404 0.5161680116537404 0.0
11692.237799980527 11692.237799980527 0.0
22652.0 22652.0 0.0
0


HOST: 180
0.5209034139840393 0.5209034139840393 0.0
10764.469049980173 10764.469049980173 0.0
20665.0 20665.0 0.0
0


HOST: 181
0.527594034176158 0.527594034176158 0.0
6915.702599981079 6915.702599981079 0.0
13108.0 13108.0 0.0
0


HOST: 182
0.5345634039648706 0.5345634039648706 0.0
10999.176599981176 10999.176599981176 0.0
20576.0 20576.0 0.0
0


HOST: 183
0.521355107186803 0.521355107186803 0.0
9922.430399979234 9922.430399979234 0.0
19032.0 19032.0 0.0
0


HOST: 184
0.5064712003938704 0.5062499999985448 0.5065128832509612
20024.351849972452 3173.6812499908774 16850.670599992976
39537.0 6269.0 33268.0
0


HOST: 185
0.5204124481870644 0.5182495147583394 0.5234189454089173
17702.870249979373 10253.048399978987 7449.821850005121
34017.0 19784.0 14233.0
0


HOST: 186
0.5157108498108586 0.5157108498108586 0.0
19977.60689997304 19977.60689997304 0.0
38738.0 38738.0 0.0
0


HOST: 187
0.5121509395966287 0.5153554887270314 0.5062500000003638
19840.727399973395 12938.514899980852 6902.21250000496
38740.0 25106.0 13634.0
0


HOST: 188
0.5062499999992813 0.5062499999985448 0.506249999999312
20634.749999970707 244.0124999992986 20390.73749997229
40760.0 482.0 40278.0
0


HOST: 189
0.5172457321820864 0.5172457321820864 0.0
19900.51229997359 19900.51229997359 0.0
38474.0 38474.0 0.0
0


HOST: 190
0.5111465208082253 0.5143510998263929 0.5062500000003638
20068.634699972543 12206.065949980131 7862.56875000565
39262.0 23731.0 15531.0
0


HOST: 191
0.5132452478062409 0.5127193392133121 0.5209322716809204
20887.541849970585 19529.992349974273 1357.5495000004785
40697.0 38091.0 2606.0
0


HOST: 192
0.5062499999992777 0.5062499999985448 0.5062499999993392
20737.012499970413 488.0249999985972 20248.98749997357
40962.0 964.0 39998.0
0


HOST: 193
0.5076262730146652 0.5102485630292456 0.5062500000003372
22579.724249965322 7811.905499977751 14767.818750009834
44481.0 15310.0 29171.0
0


HOST: 194
0.5101873866300503 0.5121998494122835 0.5062500000003638
22782.417749964894 15136.017749982388 7646.400000005495
44655.0 29551.0 15104.0
0


HOST: 195
0.5145211016943467 0.5150262813855542 0.5062500000003638
15785.507399982556 14891.469899981914 894.0375000006425
30680.0 28914.0 1766.0
0


HOST: 196
0.5062499999993234 0.5062499999985448 0.5062499999995727
19518.974999973914 1708.5937499950887 17810.381249984966
38556.0 3375.0 35181.0
0


HOST: 197
0.5111926371504022 0.5117038777557241 0.5062500000003638
20182.90769997218 18309.276449977566 1873.6312500013464
39482.0 35781.0 3701.0
0


HOST: 198
0.5176185560376002 0.5176185560376002 0.0
14894.473949981946 14894.473949981946 0.0
28775.0 28775.0 0.0
0


HOST: 199
0.5111704033811867 0.5130030179727952 0.5087453496631256
20072.63939997244 11473.825499979539 8598.81390000615
39268.0 22366.0 16902.0
0


HOST: 200
0.5062499999993635 0.5062499999985448 0.5062499999996309
18563.17499997666 1708.5937499950887 16854.581249987714
36668.0 3375.0 33293.0
0


HOST: 201
0.5103211318044135 0.5104441109901267 0.506249999999909
21372.24899996884 20750.573999970627 621.6749999998883
41880.0 40652.0 1228.0
0


HOST: 202
0.5067018469649776 0.5083898819839668 0.5062499999999593
20740.31999997046 4394.013749987425 16346.306249998686
40932.0 8643.0 32289.0
0


HOST: 203
0.5094061887106053 0.5094061887106053 0.0
19791.958649973145 19791.958649973145 0.0
38853.0 38853.0 0.0
0


HOST: 204
0.516871946341136 0.5186627959202635 0.5062500000003638
19901.12054997276 17088.901799980842 2812.218750002021
38503.0 32948.0 5555.0
0


HOST: 205
0.5106915437057147 0.5106915437057147 0.0
19174.424699974763 19174.424699974763 0.0
37546.0 37546.0 0.0
0


HOST: 206
0.5087679057903328 0.5108660435258079 0.5062500000003638
20057.157149972292 10985.663399978972 9071.493750006519
39423.0 21504.0 17919.0
0


HOST: 207
0.5154824774387763 0.5154824774387763 0.0
21420.874349968348 21420.874349968348 0.0
41555.0 41555.0 0.0
0


HOST: 208
0.5112386669531471 0.5118815981396566 0.5062500000003638
18991.493999975508 16844.48774998168 2147.006250001543
37148.0 32907.0 4241.0
0


HOST: 209
0.5116116166755553 0.5143939522989233 0.5086376946670942
22088.8315499671 11474.071499979782 10614.760050007588
43175.0 22306.0 20869.0
0


HOST: 210
0.516901923561953 0.516901923561953 0.0
18420.833849977316 18420.833849977316 0.0
35637.0 35637.0 0.0
0


HOST: 211
0.5062499999992985 0.5062499999985448 0.5062499999998237
20163.93749997206 3417.693749990176 16746.243749994166
39830.0 6751.0 33079.0
0


HOST: 212
0.5062499999992695 0.5062499999985448 0.50624999999933
20974.44374996973 488.0249999985972 20486.418749972887
41431.0 964.0 40467.0
0


HOST: 213
0.5190507902310026 0.516204454009391 0.5344374591773731
20361.843449972002 17088.94844998089 3272.895000002233
39229.0 33105.0 6124.0
0


HOST: 214
0.5062499999992258 0.5062499999985448 0.5062499999996404
22317.52499996587 3173.6812499908774 19143.8437499864
44084.0 6269.0 37815.0
0


HOST: 215
0.5077688061410243 0.5081191346997096 0.5076022530484587
21197.82434996934 6835.218599980493 14362.605750006142
41747.0 13452.0 28295.0
0


HOST: 216
0.5158441005544735 0.5158441005544735 0.0
19883.726699972736 19883.726699972736 0.0
38546.0 38546.0 0.0
0


HOST: 217
0.5062499999993234 0.5062499999985448 0.5062499999995727
19518.974999973914 1708.5937499950887 17810.381249984966
38556.0 3375.0 35181.0
0


HOST: 218
0.508501502829609 0.5140062757469742 0.506250000000039
19134.403049975357 5614.490549984199 13519.91250000104
37629.0 10923.0 26706.0
0


HOST: 219
0.5130887547803281 0.5130887547803281 0.0
16366.505099982905 16366.505099982905 0.0
31898.0 31898.0 0.0
0


HOST: 220
0.5137624826758214 0.5137624826758214 0.0
15940.508549982711 15940.508549982711 0.0
31027.0 31027.0 0.0
0


HOST: 221
0.5104329798100358 0.5104329798100358 0.0
11983.94549998002 11983.94549998002 0.0
23478.0 23478.0 0.0
0


HOST: 222
0.5130106808504536 0.5130106808504536 0.0
18083.62649997849 18083.62649997849 0.0
35250.0 35250.0 0.0
0


HOST: 223
0.5169586800492141 0.5169586800492141 0.0
19880.162999972577 19880.162999972577 0.0
38456.0 38456.0 0.0
0


HOST: 224
0.5062499999994703 0.5062499999985448 0.5062499999995655
16421.23124998282 1464.5812499957901 14956.649999987163
32437.0 2893.0 29544.0
0


HOST: 225
0.5133042592292297 0.5167593340495402 0.5062500000003638
22759.397549964815 15379.791299982417 7379.606250005303
44339.0 29762.0 14577.0
0


HOST: 226
0.5073872276985117 0.5075059330367059 0.5072961202556543
21358.46534996885 9276.700949977947 12081.764400008662
42095.0 18279.0 23816.0
0


HOST: 227
0.5148036098102089 0.5170246854358458 0.5062500000003638
15616.052699982876 12450.471449980601 3165.581250002275
30334.0 24081.0 6253.0
0


HOST: 228
0.5174848374022558 0.5190330837483698 0.5108185970152864
13796.663249981542 11229.799799979728 2566.8634500018143
26661.0 21636.0 5025.0
0


HOST: 229
0.5062499999993147 0.5062499999985448 0.5062499999994052
13920.862499981156 1464.5812499957901 12456.281249985366
27498.0 2893.0 24605.0
0


HOST: 230
0.5119203785860793 0.5119203785860793 0.0
14076.274649981422 14076.274649981422 0.0
27497.0 27497.0 0.0
0


HOST: 231
0.5146571476147367 0.5146571476147367 0.0
13133.535749980467 13133.535749980467 0.0
25519.0 25519.0 0.0
0


HOST: 232
0.5062499999993479 0.5062499999985448 0.5062499999994563
14376.487499981484 1708.5937499950887 12667.893749986395
28398.0 3375.0 25023.0
0


HOST: 233
0.5196671607946507 0.5196671607946507 0.0
17878.628999979162 17878.628999979162 0.0
34404.0 34404.0 0.0
0


HOST: 234
0.5260507829696145 0.5260507829696145 0.0
12899.817299980887 12899.817299980887 0.0
24522.0 24522.0 0.0
0


HOST: 235
0.5096342290815997 0.5100746064129675 0.5062500000003638
11853.072899979847 10497.335399978872 1355.7375000009743
23258.0 20580.0 2678.0
0


HOST: 236
0.5110094536545924 0.5162937730363102 0.5062500000003638
17845.98314997933 8544.145649977898 9301.837500006684
34923.0 16549.0 18374.0
0


HOST: 237
0.5207457741471074 0.5245222023267873 0.5062500000003638
14664.200999982544 11717.825999980427 2946.3750000021173
28160.0 22340.0 5820.0
0


HOST: 238
0.9040791071157005 2.8075308729246387 0.5062499999993264
55477.00624994073 29782.287499984566 25694.71874996581
61363.0 10608.0 50755.0
2


HOST: 239
0.5123791855685735 0.5264587556595354 0.5095574296576174
14230.81949998156 2441.1892499932655 11789.630249988295
27774.0 4637.0 23137.0
0


HOST: 240
0.5127875870370038 0.5136724840682104 0.5062500000003638
19368.49994997467 17088.856199981223 2279.643750001638
37771.0 33268.0 4503.0
0


HOST: 241
0.5106207460446651 0.5137006056974395 0.5078913890432545
19109.47079997555 9032.397749978078 10077.073050007211
37424.0 17583.0 19841.0
0


HOST: 242
0.5165977065789024 0.5166252060821057 0.506249999999909
21049.806749970536 20995.131749970693 54.67499999999018
40747.0 40639.0 108.0
0


HOST: 243
0.5105321527438829 0.5110040393729564 0.5062500000001317
21391.297199968692 19285.803449974745 2105.4937500005476
41900.0 37741.0 4159.0
0


HOST: 244
0.5099611238078631 0.5157744031255354 0.5065648617514136
19635.03314997415 7323.480749979477 12311.552400006356
38503.0 14199.0 24304.0
0


HOST: 245
0.5158629919804413 0.5158629919804413 0.0
21036.376949970414 21036.376949970414 0.0
40779.0 40779.0 0.0
0


HOST: 246
0.5121290721795086 0.513008387050363 0.506250000000293
20732.00909997087 18065.590349978535 2666.4187500015432
40482.0 35215.0 5267.0
0


HOST: 247
0.5145257113952258 0.5145257113952258 0.0
15260.8325999824 15260.8325999824 0.0
29660.0 29660.0 0.0
0


HOST: 248
0.5122572760201265 0.5165667662420697 0.509332959584806
20360.689949971966 8300.194799977575 12060.495150008619
39747.0 16068.0 23679.0
0


HOST: 249
0.5121116273267216 0.5135073311638378 0.5062500000001426
22607.67989996545 18309.617399977804 4298.062500001211
44146.0 35656.0 8490.0
0


HOST: 250
0.509585995202512 0.5132687917571979 0.5062500000003638
22947.166949964318 10985.491949979305 11961.675000008596
45031.0 21403.0 23628.0
0


HOST: 251
0.5079960950443644 0.5097690904862773 0.5062500000003638
22063.286399966833 10985.523899979275 11077.76250000796
43432.0 21550.0 21882.0
0


HOST: 252
0.5125754941846072 0.5125754941846072 0.0
18643.90844997672 18643.90844997672 0.0
36373.0 36373.0 0.0
0


HOST: 253
0.5146600170619253 0.5146600170619253 0.0
19605.973349974047 19605.973349974047 0.0
38095.0 38095.0 0.0
0


HOST: 254
0.5195124509370136 0.5137762931427919 0.528937681549584
17868.630749978583 10985.564699979177 6883.066050004736
34395.0 21382.0 13013.0
0


HOST: 255
0.5109318944391887 0.5153274035683717 0.5062500000003638
20648.290649970935 10741.48439997914 9906.80625000712
40413.0 20844.0 19569.0
0


HOST: 256
0.5062499999992978 0.5062499999985448 0.5062499999999451
20185.706249971998 4394.249999987369 15791.45624999829
39873.0 8680.0 31193.0
0


HOST: 257
0.5094898081641812 0.5120624052900177 0.5062500000003638
21353.227349968998 11962.289849980103 9390.937500006748
41911.0 23361.0 18550.0
0


HOST: 258
0.5110095165580644 0.5128161863650066 0.5062500000003638
21478.75199996856 15623.970749982656 5854.781250004207
42032.0 30467.0 11565.0
0


HOST: 259
0.5132574553846652 0.5175600811456147 0.5062500000003638
22663.396199965275 14159.408699981726 8503.987500006111
44156.0 27358.0 16798.0
0


HOST: 260
0.5142265160684822 0.5169186185741037 0.5077630160403325
19952.50304997318 14159.434799981847 5793.068250004153
38801.0 27392.0 11409.0
0


HOST: 261
0.5062499999992552 0.5062499999985448 0.5062499999995094
21394.124999968524 1952.6062499943873 19441.518749981158
42260.0 3857.0 38403.0
0


HOST: 262
0.5074624448298931 0.5099416167650124 0.5062500000002775
22190.825249966394 7323.781499979108 14867.04375000815
43729.0 14362.0 29367.0
0


HOST: 263
0.512053777952184 0.5104640388018997 0.5333297024444491
20791.431599970478 19285.841849974575 1505.58975000068
40604.0 37781.0 2823.0
0


HOST: 264
0.5149161314443821 0.5160465388945324 0.5062500000002986
20652.256199971278 18309.331199978013 2342.925000001382
40108.0 35480.0 4628.0
0


HOST: 265
0.5093383586805403 0.5104485446623194 0.5088509400706139
19959.951599973014 6102.922799982691 13857.028800002958
39188.0 11956.0 27232.0
0


HOST: 266
0.5097398064809405 0.5114765451491738 0.5062500000003638
21862.74029996754 14647.66529998204 7215.075000005185
42890.0 28638.0 14252.0
0


HOST: 267
0.5204008611616812 0.5204008611616812 0.0
15832.675799982986 15832.675799982986 0.0
30424.0 30424.0 0.0
0


HOST: 268
0.5092229104087701 0.5127935558875213 0.507499828042058
20854.205849970363 6835.538099980658 14018.667750005767
40953.0 13330.0 27623.0
0


HOST: 269
0.506249999999221 0.5062499999985448 0.506249999999707
22472.943749965423 3661.7062499894746 18811.23749998911
44391.0 7233.0 37158.0
0


HOST: 270
0.5129855969434081 0.5129855969434081 0.0
20547.125099971265 20547.125099971265 0.0
40054.0 40054.0 0.0
0


HOST: 271
0.5141764861602383 0.5141764861602383 0.0
20490.447149971653 20490.447149971653 0.0
39851.0 39851.0 0.0
0


HOST: 272
0.5062499999991432 0.5062499999985448 0.5062499999991964
11964.71249997975 976.0499999971944 10988.662499982556
23634.0 1928.0 21706.0
0


HOST: 273
0.506249999999437 0.5062499999985448 0.5062499999995649
17033.793749981058 976.0499999971944 16057.743749986199
33647.0 1928.0 31719.0
0


HOST: 274
0.512384196574923 0.5125593165360955 0.5062500000003638
16817.474099982122 16356.280349983344 461.1937500003314
32822.0 31911.0 911.0
0


HOST: 275
0.5197797769379191 0.5197797769379191 0.0
17616.376199979954 17616.376199979954 0.0
33892.0 33892.0 0.0
0


HOST: 276
0.5581520740051759 0.5813358408334455 0.5062500000003638
16954.42739998122 12206.308649979854 4748.118750003412
30376.0 20997.0 9379.0
0


HOST: 277
0.5264561869166494 0.5264561869166494 0.0
13665.749699982385 13665.749699982385 0.0
25958.0 25958.0 0.0
0


HOST: 278
0.5152804374169271 0.5184772915952867 0.5062500000003638
14454.131549982221 10741.294049979553 3712.837500002668
28051.0 20717.0 7334.0
0


HOST: 279
0.5216181073193135 0.5216181073193135 0.0
8593.13669997837 8593.13669997837 0.0
16474.0 16474.0 0.0
0


HOST: 280
0.5225219658815458 0.5225219658815458 0.0
8821.738349978137 8821.738349978137 0.0
16883.0 16883.0 0.0
0


HOST: 281
0.5334133258416749 0.5334133258416749 0.0
10681.60184997954 10681.60184997954 0.0
20025.0 20025.0 0.0
0


HOST: 282
0.5173966167058943 0.5173966167058943 0.0
9389.71379997857 9389.71379997857 0.0
18148.0 18148.0 0.0
0


HOST: 283
0.5165314954270566 0.5177464399319124 0.5161849608949495
15363.71279998237 3417.6442499905534 11946.068549991816
29744.0 6601.0 23143.0
0


HOST: 284
0.5129300517071175 0.5129300517071175 0.0
15078.091799982425 15078.091799982425 0.0
29396.0 29396.0 0.0
0


HOST: 285
0.5105791642004979 0.5105791642004979 0.0
13806.060599981463 13806.060599981463 0.0
27040.0 27040.0 0.0
0


HOST: 286
0.5119542961784083 0.5173516182877911 0.5062500000003638
15515.286899982842 8056.199399977482 7459.08750000536
30306.0 15572.0 14734.0
0


HOST: 287
0.5114164710107657 0.5173708835981569 0.5062499999999365
13504.97474998129 6347.105999982188 7157.868749999101
26407.0 12268.0 14139.0
0


HOST: 288
0.5133643612329412 0.5209471191852083 0.5062500000003638
16897.387949982258 8300.250449977924 8597.137500006178
32915.0 15933.0 16982.0
0


HOST: 289
0.5112524199751257 0.5112524199751257 0.0
13943.387249981604 13943.387249981604 0.0
27273.0 27273.0 0.0
0


HOST: 290
0.5179125365319122 0.5179125365319122 0.0
14353.945949981946 14353.945949981946 0.0
27715.0 27715.0 0.0
0


HOST: 291
0.5108418519299979 0.5169856159533646 0.5081918392201626
14407.27274998173 4393.860749987645 10013.411999994085
28203.0 8499.0 19704.0
0


HOST: 292
0.5127096965840181 0.5138305481245363 0.5062500000003638
13721.136899981491 11717.905649980052 2003.2312500014395
26762.0 22805.0 3957.0
0


HOST: 293
0.5122761283257674 0.5147742855210983 0.5062500000003638
16151.55404998312 11473.804049979759 4677.7500000033615
31529.0 22289.0 9240.0
0


HOST: 294
0.506249999998789 0.5062499999985448 0.5062499999987955
9272.981249977816 244.0124999992986 9028.968749978518
18317.0 482.0 17835.0
0


HOST: 295
0.5386806917258292 0.5386806917258292 0.0
16680.786299982028 16680.786299982028 0.0
30966.0 30966.0 0.0
0


HOST: 296
0.5416059208577748 0.5273009180667504 0.5454695115849405
16506.523649982402 3417.4372499906094 13089.086399992231
30477.0 6481.0 23996.0
0


HOST: 297
0.515515622230248 0.515515622230248 0.0
14544.242249981988 14544.242249981988 0.0
28213.0 28213.0 0.0
0


HOST: 298
0.5141709875126091 0.5158527019531085 0.5062500000003638
17994.44204997878 14891.635799982338 3102.8062500022297
34997.0 28868.0 6129.0
0


HOST: 299
0.5153370963803645 0.5181210351768905 0.5062500000003638
12688.114649980955 9765.027149978854 2923.0875000021006
24621.0 18847.0 5774.0
0


HOST: 300
0.5307297760204125 0.5338476977340689 0.5062500000003638
14501.66039998175 12938.866649980628 1562.793750001123
27324.0 24237.0 3087.0
0


HOST: 301
0.5239883376417237 0.5239883376417237 0.0
12362.456849981188 12362.456849981188 0.0
23593.0 23593.0 0.0
0


HOST: 302
0.5238165899476965 0.5273385562131344 0.5062500000003638
12517.645049980105 10497.201299978653 2020.443750001452
23897.0 19906.0 3991.0
0


HOST: 303
0.5280872716574209 0.5280872716574209 0.0
13471.506299980805 13471.506299980805 0.0
25510.0 25510.0 0.0
0


HOST: 304
0.5130399555088151 0.5130399555088151 0.0
18796.244849976458 18796.244849976458 0.0
36637.0 36637.0 0.0
0


HOST: 305
0.5170049543773372 0.5170049543773372 0.0
12918.919799980902 12918.919799980902 0.0
24988.0 24988.0 0.0
0


HOST: 306
0.5121708178430359 0.5154038152192348 0.5098277486334876
12124.107599980345 5126.721749985729 6997.385849994616
23672.0 9947.0 13725.0
0


HOST: 307
0.5149543668277271 0.516188224721131 0.5062500000003638
13903.252949981805 12206.302949980585 1696.9500000012195
26999.0 23647.0 3352.0
0


HOST: 308
0.5162411714077378 0.516349559921624 0.5062500000003638
15296.74214998268 15135.754649982564 160.9875000001157
29631.0 29313.0 318.0
0


HOST: 309
0.5062499999993807 0.5062499999985448 0.5062499999994394
14854.893749981828 976.0499999971944 13878.843749984633
29343.0 1928.0 27415.0
0


HOST: 310
0.5154345025503821 0.5242603107532373 0.5125330092741457
14547.623399981985 3660.909749989856 10886.713649992129
28224.0 6983.0 21241.0
0


HOST: 311
0.5245369262949391 0.5228615739955104 0.5300334114084686
16297.362299983759 12450.379799981094 3846.982500002665
31070.0 23812.0 7258.0
0


HOST: 312
0.5187554569012912 0.5187554569012912 0.0
12006.595049980384 12006.595049980384 0.0
23145.0 23145.0 0.0
0


HOST: 313
0.5109338091013134 0.5280032445909104 0.506924613099575
16144.486499983299 3173.2994999913717 12971.186999991927
31598.0 6010.0 25588.0
0


HOST: 314
0.5062499999994224 0.5062499999985448 0.5062499999997429
15513.0187499823 4149.731249988072 11363.287499994229
30643.0 8197.0 22446.0
0


HOST: 315
0.5129496363629982 0.5601584337335036 0.5062499999994751
14388.237299982098 1952.7122999949934 12435.524999987105
28050.0 3486.0 24564.0
0


HOST: 316
0.5218287661953886 0.5218287661953886 0.0
13491.882749981773 13491.882749981773 0.0
25855.0 25855.0 0.0
0


HOST: 317
0.5128452557760305 0.5252213692931624 0.5062500000001882
19198.3621499757 6835.230899981216 12363.131250004595
37435.0 13014.0 24421.0
0


HOST: 318
0.5150334266831592 0.5150646214604407 0.5137818897636903
21517.066499969027 20995.064099970485 522.0023999999094
41778.0 40762.0 1016.0
0


HOST: 319
0.5189795002888613 0.5189795002888613 0.0
16139.224499983009 16139.224499983009 0.0
31098.0 31098.0 0.0
0


HOST: 320
0.5077087050790601 0.508263420882599 0.5073705740226191
16741.694549982007 6347.193599981896 10394.500950001397
32975.0 12488.0 20487.0
0


HOST: 321
0.5141311504192508 0.5142038259991495 0.5062500000003638
20200.212899972365 20018.469149972887 181.7437500001306
39290.0 38931.0 359.0
0


HOST: 322
0.5138445177755361 0.5152424704802506 0.5062500000002224
21332.768999969157 18065.43149997855 3267.3375000014353
41516.0 35062.0 6454.0
0


HOST: 323
0.5142119636269584 0.5165006739458141 0.508955642633593
21630.326249968006 15136.052249982084 6494.274000004647
42065.0 29305.0 12760.0
0


HOST: 324
0.5114624725752562 0.5130373054437001 0.5062500000003638
20282.044349971788 15624.038099982443 4658.006250003347
39655.0 30454.0 9201.0
0


HOST: 325
0.507301177172628 0.509269623147944 0.5062500000003043
21655.165349967974 7567.746599978447 14087.418750008466
42687.0 14860.0 27827.0
0


HOST: 326
0.5062499999992986 0.5062499999985448 0.5062499999999024
20159.381249972073 3905.718749988773 16253.662499996866
39821.0 7715.0 32106.0
0


HOST: 327
0.5107072355030133 0.5107072355030133 0.0
16064.806799982787 16064.806799982787 0.0
31456.0 31456.0 0.0
0


HOST: 328
0.5107398759995035 0.5107398759995035 0.0
9761.77124997851 9761.77124997851 0.0
19113.0 19113.0 0.0
0


HOST: 329
0.5089638358941304 0.5094129848154137 0.5062499999988809
8243.68724997723 7079.312249979805 1164.3749999974261
16197.0 13897.0 2300.0
0


HOST: 330
0.512696649349673 0.512696649349673 0.0
10856.351549979325 10856.351549979325 0.0
21175.0 21175.0 0.0
0


HOST: 331
0.5140604732586114 0.5140604732586114 0.0
9689.011799978307 9689.011799978307 0.0
18848.0 18848.0 0.0
0


HOST: 332
0.5165170896843192 0.5165170896843192 0.0
13349.900699980913 13349.900699980913 0.0
25846.0 25846.0 0.0
0


HOST: 333
0.5151843012481547 0.5151843012481547 0.0
8906.5061999781 8906.5061999781 0.0
17288.0 17288.0 0.0
0


HOST: 334
0.5082550332964512 0.5107645148621145 0.5062499999998208
13127.210999980742 5858.979749983315 7268.231249997427
25828.0 11471.0 14357.0
0


HOST: 335
0.5116679840385315 0.5116679840385315 0.0
10771.634399979166 10771.634399979166 0.0
21052.0 21052.0 0.0
0


HOST: 336
0.5062499999989875 0.5062499999985448 0.5062499999990725
10610.999999978778 1708.5937499950887 8902.40624998369
20960.0 3375.0 17585.0
0


HOST: 337
0.5145627762186477 0.5145627762186477 0.0
9174.654299978487 9174.654299978487 0.0
17830.0 17830.0 0.0
0


HOST: 338
0.5136932478233938 0.5169798688590449 0.5062499999992491
9091.343099978423 6346.961849982494 2744.3812499959295
17698.0 12277.0 5421.0
0


HOST: 339
0.5420417431184362 0.5379327125376611 0.5497348283207711
11698.34489998209 7567.637399979816 4130.707500002274
21582.0 14068.0 7514.0
0


HOST: 340
0.5191155096985517 0.5191155096985517 0.0
10918.03739997994 10918.03739997994 0.0
21032.0 21032.0 0.0
0


HOST: 341
0.5301447542837261 0.5301447542837261 0.0
11197.717499980863 11197.717499980863 0.0
21122.0 21122.0 0.0
0


HOST: 342
0.5171947513802461 0.5171947513802461 0.0
10671.796499979997 10671.796499979997 0.0
20634.0 20634.0 0.0
0


HOST: 343
0.5309624427584212 0.5309624427584212 0.0
10783.316249980775 10783.316249980775 0.0
20309.0 20309.0 0.0
0


HOST: 344
0.5137424447278044 0.5062499999985448 0.5139812437993843
8016.950849977387 244.0124999992986 7772.938349978089
15605.0 482.0 15123.0
0


HOST: 345
0.5140215142285773 0.5140215142285773 0.0
11487.352799980246 11487.352799980246 0.0
22348.0 22348.0 0.0
0


HOST: 346
0.5228283038135044 0.5228283038135044 0.0
9210.143399978693 9210.143399978693 0.0
17616.0 17616.0 0.0
0


HOST: 347
0.5306302423743202 0.610320999998609 0.5098579067398665
9238.803149979289 2197.1555999949924 7041.647549984296
17411.0 3600.0 13811.0
0


HOST: 348
0.5121482315964663 0.5121482315964663 0.0
20127.937649972722 20127.937649972722 0.0
39301.0 39301.0 0.0
0


HOST: 349
0.5062499999992364 0.5062499999985448 0.5062500000002205
21977.831249966846 6835.387499980352 15142.443750006594
43413.0 13502.0 29911.0
0


HOST: 350
0.514307167303695 0.514307167303695 0.0
21638.445449968356 21638.445449968356 0.0
42073.0 42073.0 0.0
0


HOST: 351
0.5062499999992337 0.5062499999985448 0.5062500000001692
22059.84374996661 6347.362499981755 15712.48125000525
43575.0 12538.0 31037.0
0


HOST: 352
0.5113550714480503 0.512626574894254 0.5062500000003638
16425.236249982823 13182.704999980637 3242.53125000233
32121.0 25716.0 6405.0
0


HOST: 353
0.5137147799828791 0.5147803349795516 0.5086981633813992
20675.478749970935 17088.647999981193 3586.830750002245
40247.0 33196.0 7051.0
0


HOST: 354
0.5146345450162852 0.5146345450162852 0.0
17102.335199981193 17102.335199981193 0.0
33232.0 33232.0 0.0
0


HOST: 355
0.5091933964979126 0.5108234110518632 0.5062500000003638
21174.2981999692 13671.166949981016 7503.131250005392
41584.0 26763.0 14821.0
0


HOST: 356
0.5154289548096329 0.5175301459594254 0.5062500000003638
18226.59869997824 14891.929949982465 3334.6687500023963
35362.0 28775.0 6587.0
0


HOST: 357
0.513221561440932 0.5117209816744367 0.5190699034537634
20306.124299971918 16112.558549982989 4193.565750002954
39566.0 31487.0 8079.0
0


HOST: 358
0.5067063692742504 0.5068855550010386 0.5062500000003638
16992.90479998126 12206.31104998001 4786.59375000344
33536.0 24081.0 9455.0
0


HOST: 359
0.5116135984364135 0.5142459382077483 0.5084740546289798
17413.792049980206 9520.749299978253 7893.042750005652
34037.0 18514.0 15523.0
0


HOST: 360
0.5096569693813456 0.5118271114355993 0.5062500000003638
21090.115049969463 12938.477549980515 8151.637500005858
41381.0 25279.0 16102.0
0


HOST: 361
0.5067257732252048 0.5073493563943644 0.5062500000002791
17464.81049997991 7567.622999978339 9897.187500005455
34466.0 14916.0 19550.0
0


HOST: 362
0.5113142755629009 0.5113142755629009 0.0
8995.552049978116 8995.552049978116 0.0
17593.0 17593.0 0.0
0


HOST: 363
0.5062499999988562 0.5062499999985448 0.5062499999989348
9687.093749978114 1952.6062499943873 7734.487499983727
19135.0 3857.0 15278.0
0


HOST: 364
0.5133452841118828 0.5133452841118828 0.0
10624.193999979527 10624.193999979527 0.0
20696.0 20696.0 0.0
0


HOST: 365
0.5062499999986662 0.5062499999986662 0.0
8602.706249977335 8602.706249977335 0.0
16993.0 16993.0 0.0
0


HOST: 366
0.5062499999990163 0.5062499999990163 0.0
10837.79999997894 10837.79999997894 0.0
21408.0 21408.0 0.0
0


HOST: 367
0.5224711369371582 0.5224711369371582 0.0
8676.15569997845 8676.15569997845 0.0
16606.0 16606.0 0.0
0


HOST: 368
0.510950526396972 0.5141647871859293 0.5062499999993633
9803.607749978702 5858.907749983664 3944.6999999950385
19187.0 11395.0 7792.0
0


HOST: 369
0.5124827131855825 0.5124827131855825 0.0
9393.295649978541 9393.295649978541 0.0
18329.0 18329.0 0.0
0


HOST: 370
0.5062499999986382 0.5062499999985448 0.5062499999986618
8462.981249977234 1708.5937499950887 6754.3874999821455
16717.0 3375.0 13342.0
0


HOST: 371
0.5062499999987757 0.5062499999987757 0.0
9196.031249977761 9196.031249977761 0.0
18165.0 18165.0 0.0
0


HOST: 372
0.5062499999990072 0.5062499999985448 0.506249999999041
10765.406249978889 732.0374999978958 10033.368749980993
21265.0 1446.0 19819.0
0


HOST: 373
0.5062499999991494 0.5062499999985448 0.5062499999992667
12025.968749979795 1952.6062499943873 10073.362499985407
23755.0 3857.0 19898.0
0


HOST: 374
0.5131807407618679 0.5131807407618679 0.0
8458.75814997787 8458.75814997787 0.0
16483.0 16483.0 0.0
0


HOST: 375
0.5062499999985448 0.5062499999985448 0.0
7864.087499977395 7864.087499977395 0.0
15534.0 15534.0 0.0
0


HOST: 376
0.5142803558308224 0.5142803558308224 0.0
10507.261949979533 10507.261949979533 0.0
20431.0 20431.0 0.0
0


HOST: 377
0.5235623908676045 0.5235623908676045 0.0
6536.676449982042 6536.676449982042 0.0
12485.0 12485.0 0.0
0


HOST: 378
0.5328591620448964 0.5328591620448964 0.0
10282.583249980366 10282.583249980366 0.0
19297.0 19297.0 0.0
0


HOST: 379
0.5203555864893004 0.5203555864893004 0.0
11400.990899980572 11400.990899980572 0.0
21910.0 21910.0 0.0
0


HOST: 380
0.526132731338863 0.535499473528843 0.5091861026591215
11172.428549980756 7323.490799980456 3848.9377500002993
21235.0 13676.0 7559.0
0


HOST: 381
0.5243868164051304 0.5343966531938219 0.506249999999442
9665.497799979365 6347.029049983023 3318.468749996342
18432.0 11877.0 6555.0
0


HOST: 382
0.5212936585052333 0.5212936585052333 0.0
8475.192299978084 8475.192299978084 0.0
16258.0 16258.0 0.0
0


HOST: 383
0.5153033370591608 0.5153033370591608 0.0
7373.475449979531 7373.475449979531 0.0
14309.0 14309.0 0.0
0


HOST: 384
0.5188709205867227 0.5188709205867227 0.0
10134.06794997928 10134.06794997928 0.0
19531.0 19531.0 0.0
0


HOST: 385
0.5341712800294879 0.5341712800294879 0.0
11250.715499981074 11250.715499981074 0.0
21062.0 21062.0 0.0
0


HOST: 386
0.5081397826025671 0.5087209559775427 0.5062500000003638
20405.369249971285 15623.837999982294 4781.531250003436
40157.0 30712.0 9445.0
0


HOST: 387
0.5107902842589762 0.5107902842589762 0.0
19262.92319997451 19262.92319997451 0.0
37712.0 37712.0 0.0
0


HOST: 388
0.5138471285659253 0.5137191134142806 0.5145066964289364
19827.81914997336 16600.833149982478 3226.986000002289
38587.0 32315.0 6272.0
0


HOST: 389
0.514307571276962 0.5134996223342924 0.5165634009613903
21917.217149967735 16112.077649983092 5805.139500004105
42615.0 31377.0 11238.0
0


HOST: 390
0.5081624306485705 0.5109960423274205 0.5068144403468446
20333.6114999719 6591.337949981396 13742.273550004691
40014.0 12899.0 27115.0
0


HOST: 391
0.508471085321364 0.5095356236418999 0.507955475131506
18664.956599976627 6103.217699982677 12561.738900002141
36708.0 11978.0 24730.0
0


HOST: 392
0.506249999999327 0.5062499999985448 0.506249999999394
19430.887499974167 488.0249999985972 18942.862499977324
38382.0 964.0 37418.0
0


HOST: 393
0.5160661293901947 0.5163458527446828 0.5062500000003638
18570.123599976767 18065.392349978218 504.7312500003627
35984.0 34987.0 997.0
0


HOST: 394
0.5144415495045902 0.5181337727969255 0.5062500000003638
20746.913249970617 14403.600749981733 6343.312500004558
40329.0 27799.0 12530.0
0


HOST: 395
0.5146285271474585 0.5146285271474585 0.0
17183.961149980787 17183.961149980787 0.0
33391.0 33391.0 0.0
0


HOST: 396
0.5127826107080025 0.5170223142072605 0.509656992808842
18828.351899976435 8056.241699977534 10772.110200007684
36718.0 15582.0 21136.0
0


HOST: 397
0.5099877205203359 0.5114211368996199 0.5062500000003638
21218.549099969096 15379.96784998227 5838.581250004196
41606.0 30073.0 11533.0
0


HOST: 398
0.5210107879381313 0.5210107879381313 0.0
16345.671449982992 16345.671449982992 0.0
31373.0 31373.0 0.0
0


HOST: 399
0.5133509915938586 0.5116684248962474 0.5188961538465194
21070.491449969923 16112.438699982831 4958.052750003493
41045.0 31490.0 9555.0
0


HOST: 400
0.5062499999994718 0.5062499999985448 0.506249999999581
16394.906249982894 1708.5937499950887 14686.312499987846
32385.0 3375.0 29010.0
0


HOST: 401
0.5123689612049674 0.5123689612049674 0.0
15980.787899982934 15980.787899982934 0.0
31190.0 31190.0 0.0
0


HOST: 402
0.5071153484029448 0.5086378499790142 0.5062500000003349
21491.0413499684 7811.6600999777 13679.38125000905
42379.0 15358.0 27021.0
0


HOST: 403
0.5099384769915365 0.5145333432113498 0.5062500000003226
17387.37224998042 7812.159749977924 9575.212500006102
34097.0 15183.0 18914.0
0


HOST: 404
0.5122941176463872 0.5177562566263301 0.5091023980669345
19647.503999974244 7323.662249979439 12323.841750006282
38352.0 14145.0 24207.0
0


HOST: 405
0.509330165537294 0.5098624783050585 0.5062500000003638
20306.993699971914 17332.774949980463 2974.2187500021373
39870.0 33995.0 5875.0
0


HOST: 406
0.5143823079626668 0.5142263636356709 0.5149843700959499
17524.490849980095 13914.965399981253 3609.525450002513
34069.0 27060.0 7009.0
0


HOST: 407
0.5174986055769771 0.5174986055769771 0.0
20263.17539997212 20263.17539997212 0.0
39156.0 39156.0 0.0
0


HOST: 408
0.5154755069228183 0.5154755069228183 0.0
20362.828949972092 20362.828949972092 0.0
39503.0 39503.0 0.0
0


HOST: 409
0.5062499999993222 0.5062499999985448 0.5062499999998844
19548.84374997383 3905.718749988773 15643.124999996428
38615.0 7715.0 30900.0
0


HOST: 410
0.5165547606904582 0.5175286108780232 0.5062500000003638
20268.5756999722 18553.40069997713 1715.1750000012325
39238.0 35850.0 3388.0
0


HOST: 411
0.5097802750643999 0.510319057461756 0.5088101873539922
17068.972949981304 10985.638349979221 6083.334600004331
33483.0 21527.0 11956.0
0


HOST: 412
0.510036659405697 0.5105062619532444 0.5062499999999641
22480.3757999655 20018.482049972576 2461.8937499998256
44076.0 39213.0 4863.0
0


HOST: 413
0.5085885515039676 0.5123690250493271 0.5062500000002944
19655.421749973837 7567.690499978562 12087.73125000703
38647.0 14770.0 23877.0
0


HOST: 414
0.5062499999993286 0.5062499999985448 0.5062499999995415
19388.86874997429 1464.5812499957901 17924.287499983766
38299.0 2893.0 35406.0
0


HOST: 415
0.5074737419616862 0.5109348315712106 0.5062499999999964
19493.58884997425 5126.720099985527 14366.868749999898
38413.0 10034.0 28379.0
0


HOST: 416
0.5148363718862541 0.5257657565637981 0.5066482928228454
17302.105949981342 7567.87229997931 9734.23365000533
33607.0 14394.0 19213.0
0


HOST: 417
0.506249999999292 0.5062499999985448 0.5062499999993497
13626.224999980945 976.0499999971944 12650.17499998375
26916.0 1928.0 24988.0
0


HOST: 418
0.5160995857141777 0.5368670331852784 0.5118711991692009
15260.54864998252 2685.4088999927626 12575.139749989758
29569.0 5002.0 24567.0
0


HOST: 419
0.5205938649333433 0.5205938649333433 0.0
14862.434249982016 14862.434249982016 0.0
28549.0 28549.0 0.0
0


HOST: 420
0.5137105925485463 0.515046444505313 0.5062500000003638
17512.394099979945 14891.537849982116 2620.8562500018834
34090.0 28913.0 5177.0
0


HOST: 421
0.5164376983749119 0.5164376983749119 0.0
16498.63514998331 16498.63514998331 0.0
31947.0 31947.0 0.0
0


HOST: 422
0.5146414512431011 0.5512914327187899 0.5062499999986859
8560.545899977744 1708.45214999553 6852.093749982214
16634.0 3099.0 13535.0
0


HOST: 423
0.5182225780024875 0.5182225780024875 0.0
12971.629349980263 12971.629349980263 0.0
25031.0 25031.0 0.0
0


HOST: 424
0.5273434475028139 0.529641548232354 0.5062500000003638
18598.876049976745 16844.719799981787 1754.1562500012606
35269.0 31804.0 3465.0
0


HOST: 425
0.5138748189351022 0.5238868159189632 0.5067790652651935
12700.41614998105 5370.363749985292 7330.052399995759
24715.0 10251.0 14464.0
0


HOST: 426
0.5062499999989808 0.5062499999985448 0.506249999999705
10559.868749978741 6591.374999981053 3968.4937499976877
20859.0 13020.0 7839.0
0


HOST: 427
0.5116996672496894 0.5116996672496894 0.0
13148.12294998077 13148.12294998077 0.0
25695.0 25695.0 0.0
0


HOST: 428
0.50767305934744 0.50767305934744 0.0
9554.91464997817 9554.91464997817 0.0
18821.0 18821.0 0.0
0


HOST: 429
0.5149401186070633 0.5149401186070633 0.0
13241.685149980633 13241.685149980633 0.0
25715.0 25715.0 0.0
0


HOST: 430
0.5083982126751181 0.5083982126751181 0.0
8462.28824997734 8462.28824997734 0.0
16645.0 16645.0 0.0
0


HOST: 431
0.5062499999986794 0.5062499999986794 0.0
8670.037499977383 8670.037499977383 0.0
17126.0 17126.0 0.0
0


HOST: 432
0.5085042067119486 0.5085042067119486 0.0
10317.041849978727 10317.041849978727 0.0
20289.0 20289.0 0.0
0


HOST: 433
0.5066618237971996 0.5066618237971996 0.0
10087.130249978447 10087.130249978447 0.0
19909.0 19909.0 0.0
0


HOST: 434
0.5094475928536167 0.5094475928536167 0.0
9354.476699978111 9354.476699978111 0.0
18362.0 18362.0 0.0
0


HOST: 435
0.5289809200593165 0.5289809200593165 0.0
10521.430499979806 10521.430499979806 0.0
19890.0 19890.0 0.0
0


HOST: 436
0.5104179202295042 0.5104179202295042 0.0
11875.893749979872 11875.893749979872 0.0
23267.0 23267.0 0.0
0


HOST: 437
0.5179023606818118 0.5212636654796002 0.5062500000003638
15938.44514998276 12450.382649980253 3488.0625000025066
30775.0 23885.0 6890.0
0


HOST: 438
0.5128491746020412 0.5150210548508726 0.5062499999998223
9692.849399978577 7323.599399979408 2369.2499999991687
18900.0 14220.0 4680.0
0


HOST: 439
0.5178784150800394 0.5300259227971056 0.509218784933468
10315.620149979304 4393.914899988005 5921.705249991299
19919.0 8290.0 11629.0
0


HOST: 440
0.5253584939784244 0.5253584939784244 0.0
7984.923749978072 7984.923749978072 0.0
15199.0 15199.0 0.0
0


HOST: 441
0.5213153652383231 0.5354944474896375 0.5135683820217622
10762.034399979942 3905.896499989416 6856.137899990526
20644.0 7294.0 13350.0
0


HOST: 442
0.535257190832506 0.535257190832506 0.0
9483.151649979509 9483.151649979509 0.0
17717.0 17717.0 0.0
0


HOST: 443
0.5186537784348919 0.5186537784348919 0.0
9279.234749978652 9279.234749978652 0.0
17891.0 17891.0 0.0
0


HOST: 444
0.5062499999985448 0.5062499999985448 0.5062499999985448
6243.074999982055 1220.5687499964915 5022.506249985563
12332.0 2411.0 9921.0
0


HOST: 445
0.5169108578168627 0.5169108578168627 0.0
4591.7191499871915 4591.7191499871915 0.0
8883.0 8883.0 0.0
0


HOST: 446
0.5222029859337458 0.5222029859337458 0.0
9059.177399978622 9059.177399978622 0.0
17348.0 17348.0 0.0
0


HOST: 447
0.5129107905356473 0.5129107905356473 0.0
10666.49279997932 10666.49279997932 0.0
20796.0 20796.0 0.0
0


HOST: 448
0.5153473326535492 0.5188111849082314 0.5111624699070801
7090.663949980182 3905.610599989166 3185.053349991016
13759.0 7528.0 6231.0
0


HOST: 449
0.5062499999990391 0.5062499999985448 0.5062499999991983
11024.606249979075 2685.1499999922817 8339.456249986793
21777.0 5304.0 16473.0
0


HOST: 450
0.5073334489579134 0.5073334489579134 0.0
7678.49174997802 7678.49174997802 0.0
15135.0 15135.0 0.0
0


HOST: 451
0.5141107365874831 0.5172269235412186 0.5096978525507272
14489.696999981623 8544.07154997739 5945.625450004232
28184.0 16519.0 11665.0
0


HOST: 452
0.5104420154988383 0.5100652979636672 0.5109239337588224
10011.299249978714 5614.798799984048 4396.500449994666
19613.0 11008.0 8605.0
0


HOST: 453
0.5087382422910063 0.5087382422910063 0.0
10263.285299978761 10263.285299978761 0.0
20174.0 20174.0 0.0
0


HOST: 454
0.509451809953574 0.5137407997580227 0.5085156516592049
9457.463399978147 1708.7018999951833 7748.761499982964
18564.0 3326.0 15238.0
0


HOST: 455
0.5098912675697042 0.5098912675697042 0.0
14256.04994998136 14256.04994998136 0.0
27959.0 27959.0 0.0
0


HOST: 456
0.5062499999986487 0.5062499999985448 0.5062499999986585
8515.124999977272 732.0374999978958 7783.087499979376
16820.0 1446.0 15374.0
0


HOST: 457
0.5078404966585848 0.5080306073992097 0.5062499999999402
8742.474149977537 7811.986649977647 930.4874999998901
17215.0 15377.0 1838.0
0


HOST: 458
0.7780439332868889 1.0025698369443403 0.5062499999999936
69882.34999996179 49312.39999994432 20569.949999999742
89818.0 49186.0 40632.0
2


HOST: 459
0.5092264825470368 0.5092264825470368 0.0
9016.364099977834 9016.364099977834 0.0
17706.0 17706.0 0.0
0


HOST: 460
0.5129598343940558 0.5129598343940558 0.0
12080.204099980014 12080.204099980014 0.0
23550.0 23550.0 0.0
0


HOST: 461
0.5062499999985784 0.5062499999985784 0.0
8179.987499977031 8179.987499977031 0.0
16158.0 16158.0 0.0
0


HOST: 462
0.5062499999985448 0.5062499999985448 0.0
7652.474999978003 7652.474999978003 0.0
15116.0 15116.0 0.0
0


HOST: 463
0.5174048334976228 0.5174048334976228 0.0
8328.148199977737 8328.148199977737 0.0
16096.0 16096.0 0.0
0


HOST: 464
0.5090252826621806 0.5090252826621806 0.0
9724.4189999783 9724.4189999783 0.0
19104.0 19104.0 0.0
0


HOST: 465
0.5131518629573062 0.5168385514194496 0.506249999999443
9668.294249978606 6347.29424998226 3320.9999999963457
18841.0 12281.0 6560.0
0


HOST: 466
0.5092544200134737 0.5112975057106552 0.5062499999990266
8986.81274997777 5370.668999984722 3616.143749993047
17647.0 10504.0 7143.0
0


HOST: 467
0.5130203330039079 0.5140812977090347 0.5062500000003638
13526.294099981036 11717.969099979737 1808.3250000012995
26366.0 22794.0 3572.0
0


HOST: 468
0.5083070783401593 0.5083070783401593 0.0
8103.93974997716 8103.93974997716 0.0
15943.0 15943.0 0.0
0


HOST: 469
0.5081913818175053 0.5099675684130041 0.506250000000171
13975.262999981398 7323.644249979152 6651.618750002246
27500.0 14361.0 13139.0
0


HOST: 470
0.5177411657163484 0.5177411657163484 0.0
12178.307699979949 12178.307699979949 0.0
23522.0 23522.0 0.0
0


HOST: 471
0.5062499999987978 0.5062499999985448 0.5062499999989442
9325.631249977854 3417.693749990176 5907.937499987678
18421.0 6751.0 11670.0
0


HOST: 472
0.5119503362682346 0.5119503362682346 0.0
12788.519399980501 12788.519399980501 0.0
24980.0 24980.0 0.0
0


HOST: 473
0.5062499999990342 0.5062499999985448 0.5062499999991741
10983.599999979046 2441.137499992983 8542.462499986063
21696.0 4822.0 16874.0
0


HOST: 474
0.5062499999985448 0.5062499999985448 0.0
4384.631249987397 4384.631249987397 0.0
8661.0 8661.0 0.0
0


HOST: 475
0.5062499999988481 0.5062499999985448 0.5062499999989807
9635.456249978077 2929.1624999915803 6706.293749986497
19033.0 5786.0 13247.0
0


HOST: 476
0.5113488460390057 0.5161879469420334 0.5062499999993965
10369.131899978956 5370.419399984916 4998.712499994041
20278.0 10404.0 9874.0
0


HOST: 477
0.5123408314221011 0.5096494572010546 0.515022129782919
9834.894599978652 4882.441799986103 4952.4527999925485
19196.0 9580.0 9616.0
0


HOST: 478
0.50624999999871 0.5062499999985448 0.5062499999987429
8830.518749977498 1464.5812499957901 7365.937499981708
17443.0 2893.0 14550.0
0


HOST: 479
0.5100076953673008 0.5102523074979249 0.5095829268286255
9613.135049978253 6103.12784998268 3510.0071999955726
18849.0 11961.0 6888.0
0


HOST: 480
0.5086404899586684 0.5095780453243258 0.5062499999995489
9498.861149978133 6835.479899980506 2663.3812499976266
18675.0 13414.0 5261.0
0


HOST: 481
0.5099102391265745 0.5229749598271549 0.5062499999987258
8700.088499977614 1952.7884999945964 6747.299999983017
17062.0 3734.0 13328.0
0


HOST: 482
0.5144658926239897 0.5144658926239897 0.0
11077.479599979746 11077.479599979746 0.0
21532.0 21532.0 0.0
0


HOST: 483
0.506249999999452 0.5062499999985448 0.5062499999997445
16016.231249982662 3905.718749988773 12110.512499993889
31637.0 7715.0 23922.0
0


HOST: 484
0.5167805287001795 0.5167805287001795 0.0
20526.522599971133 20526.522599971133 0.0
39720.0 39720.0 0.0
0


HOST: 485
0.5150164312222292 0.5151084594538357 0.5062500000003638
19978.517399972712 19774.4986499733 204.0187500001466
38792.0 38389.0 403.0
0


HOST: 486
0.5184555805436175 0.5184555805436175 0.0
20401.745549971893 20401.745549971893 0.0
39351.0 39351.0 0.0
0


HOST: 487
0.5200510065169506 0.5212399783029332 0.5153384520888171
18910.614749975874 15135.245249982272 3775.3695000026746
36363.0 29037.0 7326.0
0


HOST: 488
0.5155792413750503 0.5140009181272212 0.5201976820526837
20042.11184997233 14891.634599981851 5150.4772500036215
38873.0 28972.0 9901.0
0


HOST: 489
0.5113333957481693 0.5123950692299061 0.5079171895428465
19798.317749973365 15135.637949982196 4662.6798000033305
38719.0 29539.0 9180.0
0


HOST: 490
0.5239489801501944 0.5239489801501944 0.0
9555.781499979246 9555.781499979246 0.0
18238.0 18238.0 0.0
0


HOST: 491
0.5527368708567827 0.5527368708567827 0.0
9257.789849980254 9257.789849980254 0.0
16749.0 16749.0 0.0
0


HOST: 492
0.5179562911056964 0.5179562911056964 0.0
10867.758899979723 10867.758899979723 0.0
20982.0 20982.0 0.0
0


HOST: 493
0.5321520668282246 0.5321520668282246 0.0
8934.301049979062 8934.301049979062 0.0
16789.0 16789.0 0.0
0


HOST: 494
0.5204275097389782 0.5204275097389782 0.0
9751.250249979235 9751.250249979235 0.0
18737.0 18737.0 0.0
0


HOST: 495
0.51440615264301 0.51440615264301 0.0
10204.27484997939 10204.27484997939 0.0
19837.0 19837.0 0.0
0


HOST: 496
0.513168596371044 0.513168596371044 0.0
9081.544649978365 9081.544649978365 0.0
17697.0 17697.0 0.0
0


HOST: 497
0.5062499999989889 0.5062499999985448 0.5062499999990218
10622.137499978786 732.0374999978958 9890.09999998089
20982.0 1446.0 19536.0
0


HOST: 498
0.5191915313216093 0.5222655275294876 0.5062500000003638
11412.349049980294 9276.480299978759 2135.868750001535
21981.0 17762.0 4219.0
0


HOST: 499
0.5183016961556707 0.5183016961556707 0.0
9197.781899978532 9197.781899978532 0.0
17746.0 17746.0 0.0
0


HOST: 500
0.5241601743701054 0.5241601743701054 0.0
9649.26464997927 9649.26464997927 0.0
18409.0 18409.0 0.0
0


HOST: 501
0.517088513693473 0.517088513693473 0.0
11592.090299980277 11592.090299980277 0.0
22418.0 22418.0 0.0
0


HOST: 502
0.5227885482805106 0.5227885482805106 0.0
8808.464249978322 8808.464249978322 0.0
16849.0 16849.0 0.0
0


HOST: 503
0.5145727218812424 0.5225257759528817 0.5062499999985448
5641.26074998406 2929.279499991855 2711.9812499922045
10963.0 5606.0 5357.0
0


HOST: 504
0.5157461701317221 0.516361053361812 0.5135846080309576
10961.669099979621 8544.226349977904 2417.4427500017173
21254.0 16547.0 4707.0
0


HOST: 505
0.5186702759612476 0.5186702759612476 0.0
10713.13454997957 10713.13454997957 0.0
20655.0 20655.0 0.0
0


HOST: 506
0.5062499999985448 0.5062499999985448 0.0
7807.893749977557 7807.893749977557 0.0
15423.0 15423.0 0.0
0


HOST: 507
0.5159345107238279 0.5159345107238279 0.0
10655.595449979217 10655.595449979217 0.0
20653.0 20653.0 0.0
0


HOST: 508
0.5072300231334614 0.5072300231334614 0.0
8770.007099977549 8770.007099977549 0.0
17290.0 17290.0 0.0
0


HOST: 509
0.5107533241831056 0.5107533241831056 0.0
10048.56089997842 10048.56089997842 0.0
19674.0 19674.0 0.0
0


HOST: 510
0.5179655806575749 0.5179655806575749 0.0
11279.73644998001 11279.73644998001 0.0
21777.0 21777.0 0.0
0


HOST: 511
0.5062499999991195 0.5062499999985448 0.5062499999991317
11736.393749979587 244.0124999992986 11492.381249980288
23183.0 482.0 22701.0
0


HOST: 512
0.5062499999987845 0.5062499999985448 0.5062499999988592
9247.162499977798 2197.1249999936845 7050.037499984113
18266.0 4340.0 13926.0
0


HOST: 513
0.5175542546966901 0.5175542546966901 0.0
10631.59949997941 10631.59949997941 0.0
20542.0 20542.0 0.0
0


HOST: 514
0.5160503453834583 0.5219212987692686 0.5062499999992045
9263.61974997846 5859.088499983809 3404.5312499946504
17951.0 11226.0 6725.0
0


HOST: 515
0.5202542633414868 0.5202542633414868 0.0
9933.214649979009 9933.214649979009 0.0
19093.0 19093.0 0.0
0


HOST: 516
0.5136074736048348 0.5766392498509004 0.5062499999986166
8318.90024997751 976.2502499975744 7342.649999979936
16197.0 1693.0 14504.0
0


HOST: 517
0.5213546009691741 0.522296919125634 0.52032829430174
9348.409349978261 4882.431599986427 4465.977749991835
17931.0 9348.0 8583.0
0


HOST: 518
0.5149875491839965 0.5182493052414182 0.5062500000003638
10993.954199979957 8056.185449977846 2937.768750002111
21348.0 15545.0 5803.0
0


HOST: 519
0.531487297295861 0.531487297295861 0.0
4916.257499986714 4916.257499986714 0.0
9250.0 9250.0 0.0
0


HOST: 520
0.5074680350588617 0.5166636325133912 0.5062499999989919
10247.809499978654 1220.35949999663 9027.449999982024
20194.0 2362.0 17832.0
0


HOST: 521
0.5217602182528037 0.5217602182528037 0.0
9466.81739997887 9466.81739997887 0.0
18144.0 18144.0 0.0
0


HOST: 522
0.5376680540467426 0.5376680540467426 0.0
9410.803949980134 9410.803949980134 0.0
17503.0 17503.0 0.0
0


HOST: 523
0.5191635657675152 0.5191635657675152 0.0
9827.766299979063 9827.766299979063 0.0
18930.0 18930.0 0.0
0


HOST: 524
0.5134280318184927 0.5134280318184927 0.0
9745.890899978629 9745.890899978629 0.0
18982.0 18982.0 0.0
0


HOST: 525
0.5119523423645468 0.5119523423645468 0.0
7802.665649978058 7802.665649978058 0.0
15241.0 15241.0 0.0
0


HOST: 526
0.5167188679231169 0.5167188679231169 0.0
8215.829999977559 8215.829999977559 0.0
15900.0 15900.0 0.0
0


HOST: 527
0.5062499999987364 0.5062499999985448 0.5062499999988184
8974.293749977602 2685.1499999922817 6289.14374998532
17727.0 5304.0 12423.0
0


HOST: 528
0.5062499999985448 0.5062499999985448 0.0
5410.799999984447 5410.799999984447 0.0
10688.0 10688.0 0.0
0


HOST: 529
0.5087889523959356 0.5087889523959356 0.0
8946.036149977735 8946.036149977735 0.0
17583.0 17583.0 0.0
0


HOST: 530
0.5062499999986813 0.5062499999985448 0.5062499999986938
8679.65624997739 732.0374999978958 7947.618749979494
17145.0 1446.0 15699.0
0


HOST: 531
0.5148918037908333 0.5148918037908333 0.0
9043.044749978406 9043.044749978406 0.0
17563.0 17563.0 0.0
0


HOST: 532
0.5177658689893009 0.537585134340059 0.5062499999990251
9595.754849978714 3661.4923499901415 5934.262499988572
18533.0 6811.0 11722.0
0


HOST: 533
0.5062499999985659 0.5062499999985448 0.5062499999985763
8122.78124997699 2685.1499999922817 5437.631249984708
16045.0 5304.0 10741.0
0


HOST: 534
0.5211243937516808 0.5220808836385765 0.5062500000003638
11411.060849980555 10741.292099980074 669.7687500004813
21897.0 20574.0 1323.0
0


HOST: 535
0.516727156397008 0.516727156397008 0.0
9812.648699979181 9812.648699979181 0.0
18990.0 18990.0 0.0
0


HOST: 536
0.5324419743165253 0.5353226786801392 0.5062499999998787
8624.495099979076 7811.963849979271 812.5312499998054
16198.0 14593.0 1605.0
0


HOST: 537
0.5215769752773984 0.5215769752773984 0.0
8608.106399978184 8608.106399978184 0.0
16504.0 16504.0 0.0
0


HOST: 538
0.5184071822931857 0.5184071822931857 0.0
10891.734899979832 10891.734899979832 0.0
21010.0 21010.0 0.0
0


HOST: 539
0.5193627683015102 0.5251642269183866 0.5062499999985448
8009.093249977588 5614.530749984471 2394.562499993117
15421.0 10691.0 4730.0
0


HOST: 540
0.5275276851135374 0.5275276851135374 0.0
6262.281149982802 6262.281149982802 0.0
11871.0 11871.0 0.0
0


HOST: 541
0.538738316109666 0.538738316109666 0.0
9175.790999979832 9175.790999979832 0.0
17032.0 17032.0 0.0
0


HOST: 542
0.5126604480963763 0.5126604480963763 0.0
11383.625249980038 11383.625249980038 0.0
22205.0 22205.0 0.0
0


HOST: 543
0.5062499999990485 0.5062499999985448 0.5062499999992092
11103.074999979131 2685.1499999922817 8417.92499998685
21932.0 5304.0 16628.0
0


HOST: 544
0.5087951998793049 0.5087951998793049 0.0
10207.449299978614 10207.449299978614 0.0
20062.0 20062.0 0.0
0


HOST: 545
0.5089588179707284 0.5116585516648672 0.5062499999991751
9696.683399978318 4882.245899986163 4814.437499992155
19052.0 9542.0 9510.0
0


HOST: 546
0.5093897932638187 0.5093897932638187 0.0
8032.567649977158 8032.567649977158 0.0
15769.0 15769.0 0.0
0


HOST: 547
0.5107065138161104 0.5107065138161104 0.0
10090.53929997871 10090.53929997871 0.0
19758.0 19758.0 0.0
0


HOST: 548
0.5163704775315732 0.5163704775315732 0.0
9342.691049978754 9342.691049978754 0.0
18093.0 18093.0 0.0
0


HOST: 549
0.5062499999990926 0.5062499999985448 0.5062499999991578
11488.331249979408 1220.5687499964915 10267.762499982917
22693.0 2411.0 20282.0
0


HOST: 550
0.5234049451805446 0.5234049451805446 0.0
9070.607699978838 9070.607699978838 0.0
17330.0 17330.0 0.0
0


HOST: 551
0.5261013964565694 0.5261013964565694 0.0
9267.802199978927 9267.802199978927 0.0
17616.0 17616.0 0.0
0


HOST: 552
0.5133854375486 0.5133854375486 0.0
11011.604249979922 11011.604249979922 0.0
21449.0 21449.0 0.0
0


HOST: 553
0.5227813628509854 0.5233700809896629 0.5062500000003638
9091.167899978636 8788.430399978419 302.73750000021755
17390.0 16792.0 598.0
0


HOST: 554
0.5729780288814025 0.5730657464780536 0.5062500000003638
12220.475399982552 12206.300399982541 14.175000000010186
21328.0 21300.0 28.0
0


HOST: 555
0.5139248098089484 0.5167809438630819 0.5062499999996948
9660.244649978804 7079.38214998036 2580.862499998444
18797.0 13699.0 5098.0
0


HOST: 556
0.5149519351287876 0.5149519351287876 0.0
11256.334349980169 11256.334349980169 0.0
21859.0 21859.0 0.0
0


HOST: 557
0.506635356026711 0.5062499999985448 0.5066656202466071
10060.764899978425 732.0374999978958 9328.72739998053
19858.0 1446.0 18412.0
0


HOST: 558
0.5538790720449897 0.5538790720449897 0.0
9609.80189998057 9609.80189998057 0.0
17350.0 17350.0 0.0
0


HOST: 559
0.5112347515576009 0.5112347515576009 0.0
7624.043849978501 7624.043849978501 0.0
14913.0 14913.0 0.0
0


HOST: 560
0.515775709103587 0.515775709103587 0.0
7964.608499977592 7964.608499977592 0.0
15442.0 15442.0 0.0
0


HOST: 561
0.516675422364102 0.5236225980859565 0.5062499999993182
9633.413249978683 5858.813249983767 3774.5999999949163
18645.0 11189.0 7456.0
0


HOST: 562
0.5156466339883259 0.5156466339883259 0.0
5943.858749983432 5943.858749983432 0.0
11527.0 11527.0 0.0
0


HOST: 563
0.5204377298841036 0.5204377298841036 0.0
10866.739799980085 10866.739799980085 0.0
20880.0 20880.0 0.0
0


HOST: 564
0.5156512672252512 0.5156512672252512 0.0
9765.919349979033 9765.919349979033 0.0
18939.0 18939.0 0.0
0


HOST: 565
0.5102567697934767 0.5102567697934767 0.0
9466.793849978372 9466.793849978372 0.0
18553.0 18553.0 0.0
0


HOST: 566
0.5181105136690838 0.5181105136690838 0.0
9380.390849978761 9380.390849978761 0.0
18105.0 18105.0 0.0
0


HOST: 567
0.5062499999986734 0.5062499999985448 0.5062499999987393
8639.15624997736 2929.1624999915803 5709.993749985781
17065.0 5786.0 11279.0
0


HOST: 568
0.5105078936424323 0.5105078936424323 0.0
9830.339999978676 9830.339999978676 0.0
19256.0 19256.0 0.0
0


HOST: 569
0.5130063815349368 0.5130063815349368 0.0
10213.444049979056 10213.444049979056 0.0
19909.0 19909.0 0.0
0


HOST: 570
0.5188223946004358 0.5188223946004358 0.0
11186.329649979996 11186.329649979996 0.0
21561.0 21561.0 0.0
0


HOST: 571
0.5120699761606584 0.5120699761606584 0.0
6444.400649981886 6444.400649981886 0.0
12585.0 12585.0 0.0
0


HOST: 572
0.5246662405650931 0.5246662405650931 0.0
8968.120049979138 8968.120049979138 0.0
17093.0 17093.0 0.0
0


HOST: 573
0.5062499999988704 0.5062499999985448 0.5062499999989065
9779.23124997818 976.0499999971944 8803.181249980986
19317.0 1928.0 17389.0
0


HOST: 574
0.5162321336748154 0.5406478659136137 0.5062499999987835
8835.82919997814 2685.397949992919 6150.43124998522
17116.0 4967.0 12149.0
0


HOST: 575
0.5227249147837361 0.5227249147837361 0.0
9814.682999979428 9814.682999979428 0.0
18776.0 18776.0 0.0
0


HOST: 576
0.5062499999990279 0.5062499999990279 0.0
10931.456249979008 10931.456249979008 0.0
21593.0 21593.0 0.0
0


HOST: 577
0.5062499999985448 0.5062499999985448 0.5062499999985448
7658.043749977987 2929.1624999915803 4728.881249986407
15127.0 5786.0 9341.0
0


HOST: 578
0.5130007642876878 0.5133702640328378 0.5062500000003638
9262.741799978492 8788.385549978151 474.3562500003409
18056.0 17119.0 937.0
0


HOST: 579
0.5203429068140116 0.5203429068140116 0.0
10475.543399979682 10475.543399979682 0.0
20132.0 20132.0 0.0
0


HOST: 580
0.5386411055485063 0.5386411055485063 0.0
11191.346249981316 11191.346249981316 0.0
20777.0 20777.0 0.0
0


HOST: 581
0.5331687705803269 0.5331687705803269 0.0
4371.4507499881 4371.4507499881 0.0
8199.0 8199.0 0.0
0


HOST: 582
0.5411112123323811 0.5411112123323811 0.0
9265.988399979695 9265.988399979695 0.0
17124.0 17124.0 0.0
0


HOST: 583
0.5329344979537678 0.5329344979537678 0.0
9251.209949979455 9251.209949979455 0.0
17359.0 17359.0 0.0
0


HOST: 584
0.5127828603390153 0.5127828603390153 0.0
10768.95284997966 10768.95284997966 0.0
21001.0 21001.0 0.0
0


HOST: 585
0.5680816647634241 0.5680816647634241 0.0
10452.13454998224 10452.13454998224 0.0
18399.0 18399.0 0.0
0


HOST: 586
0.5409554389585826 0.5409554389585826 0.0
10980.313499981308 10980.313499981308 0.0
20298.0 20298.0 0.0
0


HOST: 587
0.5131330627821662 0.5131330627821662 0.0
8598.057599977978 8598.057599977978 0.0
16756.0 16756.0 0.0
0


HOST: 588
0.5223292874036968 0.5222458779013541 0.5228238861389677
11698.609049980596 10008.842249979452 1689.7668000011436
22397.0 19165.0 3232.0
0


HOST: 589
0.5272254198611961 0.5332082661275876 0.5190373534142972
10861.89809998036 6347.311199982803 4514.586899997557
20602.0 11904.0 8698.0
0


HOST: 590
0.5141558045691952 0.5141558045691952 0.0
15864.277349982518 15864.277349982518 0.0
30855.0 30855.0 0.0
0


HOST: 591
0.5090829009529316 0.5166619272893928 0.506819142091995
17778.70214997923 4149.828599988403 13628.873549995837
34923.0 8032.0 26891.0
0


HOST: 592
0.5078331201172857 0.5096668589163521 0.5062500000003638
20999.40734996988 9764.70734997839 11234.700000008073
41351.0 19159.0 22192.0
0


HOST: 593
0.5103159003255987 0.5125133943559066 0.5071699807649701
20643.29879997112 12206.018999980271 8437.279800006043
40452.0 23816.0 16636.0
0


HOST: 594
0.5107037327772993 0.5136632119778347 0.507149435825469
19126.876199975413 10497.221399979031 8629.654800006181
37452.0 20436.0 17016.0
0


HOST: 595
0.5088376352925084 0.5101214070105462 0.5075679401806259
17629.697549979537 8788.37159997769 8841.325950006323
34647.0 17228.0 17419.0
0


HOST: 596
0.5113157728456654 0.5122439650285614 0.5081875912002742
19907.568299973136 15380.125049982555 4527.4432500032435
38934.0 30025.0 8909.0
0


HOST: 597
0.5121300445757975 0.51023604368787 0.5132296148429485
20679.811199970703 7567.8209999784885 13111.990200007647
40380.0 14832.0 25548.0
0


HOST: 598
0.5267229743153373 0.5267229743153373 0.0
9536.319449979183 9536.319449979183 0.0
18105.0 18105.0 0.0
0


HOST: 599
0.5105319199190033 0.5105319199190033 0.0
8211.39539997725 8211.39539997725 0.0
16084.0 16084.0 0.0
0


HOST: 600
0.5101531765076601 0.510649778514603 0.5062499999985448
4673.513249986674 4150.050749988179 523.4624999984953
9161.0 8127.0 1034.0
0


HOST: 601
0.5067122410134234 0.5067313435637806 0.5062500000003638
8388.621149977223 8056.014899976984 332.606250000239
16555.0 15898.0 657.0
0


HOST: 602
0.5118831083207711 0.5118831083207711 0.0
9706.32749997846 9706.32749997846 0.0
18962.0 18962.0 0.0
0


HOST: 603
0.5069343118623588 0.5073481226171831 0.5062500000000735
11742.62639997968 7323.5701499790375 4419.056250000642
23164.0 14435.0 8729.0
0


HOST: 604
0.5074448183179768 0.5075527484776109 0.5071848155390879
14160.755099981461 10008.940199978488 4151.814900002973
27906.0 19720.0 8186.0
0


HOST: 605
0.5103400488983761 0.5103400488983761 0.0
8349.163199977434 8349.163199977434 0.0
16360.0 16360.0 0.0
0


HOST: 606
0.5211076659030273 0.5231453926210414 0.5062500000003638
11613.92654998077 10253.126549979792 1360.800000000978
22287.0 19599.0 2688.0
0


HOST: 607
0.5302264369736354 0.5302264369736354 0.0
9464.541899979391 9464.541899979391 0.0
17850.0 17850.0 0.0
0


HOST: 608
0.5134501380951921 0.5134501380951921 0.0
11154.190799979955 11154.190799979955 0.0
21724.0 21724.0 0.0
0


HOST: 609
0.5381855325251698 0.5381855325251698 0.0
10490.312399980608 10490.312399980608 0.0
19492.0 19492.0 0.0
0


HOST: 610
0.5162598367091669 0.5162598367091669 0.0
7872.446249978086 7872.446249978086 0.0
15249.0 15249.0 0.0
0


HOST: 611
0.5179399771852631 0.5179399771852631 0.0
10216.366049979313 10216.366049979313 0.0
19725.0 19725.0 0.0
0


HOST: 612
0.511008811733781 0.5144175862054636 0.5068279370293206
9684.638999978617 5370.51959998504 4314.119399993577
18952.0 10440.0 8512.0
0


HOST: 613
0.516961365547257 0.5175501922782527 0.5062500000003638
11061.939299980206 10497.4705499798 564.4687500004056
21398.0 20283.0 1115.0
0


HOST: 614
0.5070539866087658 0.5070539866087658 0.0
9997.076399978425 9997.076399978425 0.0
19716.0 19716.0 0.0
0


HOST: 615
0.5131789403446134 0.5096920063620408 0.5262555928415247
13075.799399980751 10252.964399978813 2822.835000001938
25480.0 20116.0 5364.0
0


HOST: 616
0.5062499999990502 0.5062499999985448 0.5062499999991269
11117.249999979142 1464.5812499957901 9652.668749983352
21960.0 2893.0 19067.0
0


HOST: 617
0.510625403409453 0.5109844973824379 0.5062500000003638
10031.236049978703 9276.92354997816 754.3125000005421
19645.0 18155.0 1490.0
0


HOST: 618
0.5094996387001199 0.5093033381698118 0.5096413555990144
13396.783499980955 5614.559999984005 7782.22349999695
26294.0 11024.0 15270.0
0


HOST: 619
0.5106562825443508 0.5117651060841851 0.5084408871687865
12062.212049980111 8056.206299977242 4006.005750002869
23621.0 15742.0 7879.0
0


HOST: 620
0.5188142779101456 0.5188142779101456 0.0
9498.451799978944 9498.451799978944 0.0
18308.0 18308.0 0.0
0


HOST: 621
0.5383302582925742 0.5383302582925742 0.0
10921.105949981453 10921.105949981453 0.0
20287.0 20287.0 0.0
0


HOST: 622
0.5309459188116363 0.5309459188116363 0.0
9731.17679997967 9731.17679997967 0.0
18328.0 18328.0 0.0
0


HOST: 623
0.5257277525662003 0.5257277525662003 0.0
8804.888399978723 8804.888399978723 0.0
16748.0 16748.0 0.0
0


HOST: 624
0.5062499999987551 0.5062499999987551 0.0
9078.074999977676 9078.074999977676 0.0
17932.0 17932.0 0.0
0


