Selfish Battery Level: [35, 84, 62, 49, 58, 23, 87, 27, 77, 59, 45, 41, 82, 38, 71, 82, 1, 69, 46, 36, 24, 14, 10, 0, 91, 78, 15, 66, 14, 52, 35, 78, 44, 82, 41, 45, 84, 33, 98, 58, 43, 9, 55, 84, 78, 92, 70, 88, 49, 51, 4, 13, 77, 3, 58, 4, 59, 61, 67, 75, 99, 61, 53, 66, 56, 98, 42, 36, 21, 74, 27, 52, 90, 98, 64, 15, 17, 77, 64, 79, 63, 86, 85, 83, 87, 89, 52, 2, 69, 33, 67, 6, 73, 43, 31, 45, 33, 44, 33, 38, 33, 62, 24, 22, 61, 62, 81, 79, 99, 97, 67, 43, 91, 72, 27, 54, 5, 30, 81, 37, 39, 2, 57, 11, 40, 51, 64, 50, 53, 3, 94, 79, 51, 31, 45, 64, 26, 13, 81, 58, 88, 85, 52, 63, 33, 30, 80, 38, 72, 57, 12, 46, 32, 52, 76, 14, 1, 92, 81, 42, 90, 97, 9, 75, 43, 31, 19, 89, 71, 94, 56, 82, 73, 68, 87, 63, 9, 72, 46, 11, 31, 23, 54, 8, 87, 58, 16, 47, 99, 2, 50, 20, 98, 68, 38, 39, 93, 25, 26, 53, 93, 15, 82, 10, 30, 3, 55, 9, 31, 53, 24, 86, 98, 30, 87, 72, 17, 93, 77, 14, 15, 42, 11, 17, 94, 37, 62, 49, 54, 94, 26, 25, 93, 14, 19, 57, 65, 52, 89, 90, 30, 63, 14, 21, 70, 5, 26, 22, 66, 25, 55, 55, 16, 14, 55, 56, 82, 51, 36, 42, 42, 92, 70, 21, 25, 75, 40, 33, 72, 85, 8, 0, 96, 96, 33, 17, 50, 44, 56, 33, 42, 9, 31, 86, 6, 12, 67, 74, 66, 32, 28, 82, 52, 53, 99, 16, 86, 36, 39, 60, 47, 33, 57, 35, 19, 25, 79, 50, 38, 96, 85, 49, 37, 87, 83, 92, 38, 72, 14, 11, 74, 18, 26, 38, 36, 69, 84, 23, 16, 71, 54, 24, 21, 5, 76, 6, 93, 41, 74, 69, 7, 16, 36, 19, 99, 49, 9, 91, 15, 72, 1, 74, 46, 30, 6, 44, 39, 34, 50, 61, 47, 69, 40, 92, 30, 7, 16, 14, 76, 10, 93, 0, 97, 92, 42, 50, 24, 20, 16, 16, 70, 74, 64, 3, 13, 0, 36, 21, 32, 34, 73, 75, 98, 26, 41, 16, 67, 37, 7, 34, 93, 34, 68, 68, 70, 29, 43, 4, 0, 84, 24, 55, 18, 69, 94, 79, 69, 96, 89, 26, 39, 12, 93, 0, 31, 78, 73, 7, 35, 19, 46, 23, 28, 30, 39, 10, 17, 49, 70, 82, 43, 84, 42, 57, 95, 70, 41, 22, 84, 89, 36, 65, 77, 44, 93, 33, 97, 68, 49, 47, 31, 55, 16, 32, 41, 74, 78, 52, 51, 70, 4, 86, 0, 90, 36, 88, 78, 80, 94, 75, 72, 92, 9, 84, 5, 19, 14, 38, 39, 38, 11, 7, 42, 51, 59, 26, 56, 97, 62, 16, 6, 28, 5, 88, 65, 48, 4, 45, 14, 55, 8, 99, 91, 21, 76, 25, 96, 80, 67, 22, 95, 2, 25, 11, 4, 26, 64, 89, 60, 60, 97, 40, 85, 89, 56, 7, 68, 15, 13, 77, 12, 7, 29, 89, 50, 80, 1, 46, 41, 95, 33, 33, 3, 64, 50, 71, 30, 97, 50, 68, 55, 76, 73, 50, 41, 11, 58, 88, 10, 19, 50, 58, 27, 96, 89, 46, 1, 88, 64, 37, 1, 17, 32, 36, 52, 46, 2, 43, 59, 74, 26, 83, 60, 50, 57, 64, 37, 69, 22, 22, 83, 67, 2, 70, 59, 51, 58, 37, 32, 43, 14, 20, 78, 57, 3, 58, 94, 62, 77, 67, 12, 15, 8, 35, 34]
Hosts: 625
Hosts Average Energy Consume/s: 0.5171261599482261
Hosts Average normal Energy Consume/s: 0.5214687600285287
Hosts Average  Selfish Period Consume/s: 0.26546174785453613

Hosts Average Energy Consume: 13054.814098457991
Hosts Average Normal Energy Consume: 9387.968352862094
Hosts Average Selfish Energy Consume: 3666.8457455980197

Description:
host number
average energy consumption of all periods  - average energy consumption of Normal periods  -  average energy consumption of all selfish periods
energy consumption of all periods  -  energy consumption of Normal periods  -  energy consumption of selfish periods
Active total time  -  Normal Active Time  -  Selfish Active Time
Normal proportion of time  -  Selfish proportion of time
Number of Recharges 


HOST: 0
0.5431121626031439 0.5431121626031439 0.0
9960.133949979056 9960.133949979056 0.0
18339.0 18339.0 0.0
0


HOST: 1
0.519094891045946 0.5310988441649911 0.5145011942546955
13792.87034998183 3905.700899989344 9887.169449992485
26571.0 7354.0 19217.0
0


HOST: 2
0.5085823632385669 0.5086427294647419 0.5082890087933282
11184.234749979323 9276.626099977962 1907.6086500013607
21991.0 18238.0 3753.0
0


HOST: 3
0.5105024008691631 0.5105024008691631 0.0
12205.09139997995 12205.09139997995 0.0
23908.0 23908.0 0.0
0


HOST: 4
0.521138268249054 0.5234869345440261 0.5105193905820818
12464.585099980874 10253.015099979295 2211.5700000015786
23918.0 19586.0 4332.0
0


HOST: 5
0.5101020676972439 0.5101020676972439 0.0
9855.682049978448 9855.682049978448 0.0
19321.0 19321.0 0.0
0


HOST: 6
0.5163669809158733 0.5089676583786645 0.5204424911649455
9064.822349978156 3173.413349990973 5891.408999987183
17555.0 6235.0 11320.0
0


HOST: 7
0.5107834149960517 0.5107834149960517 0.0
11675.487299979752 11675.487299979752 0.0
22858.0 22858.0 0.0
0


HOST: 8
0.5074532867444022 0.508378196304237 0.506249999999342
9912.085049978406 5614.528799983993 4297.5562499944135
19533.0 11044.0 8489.0
0


HOST: 9
0.5109513221833527 0.5109513221833527 0.0
9777.053549978455 9777.053549978455 0.0
19135.0 19135.0 0.0
0


HOST: 10
0.51749359300365 0.51749359300365 0.0
9765.104099978877 9765.104099978877 0.0
18870.0 18870.0 0.0
0


HOST: 11
0.5107321125804861 0.5107321125804861 0.0
14399.070449981646 14399.070449981646 0.0
28193.0 28193.0 0.0
0


HOST: 12
0.5112691643324875 0.5089725529928764 0.5131944552331346
9678.836549978321 4393.960049987501 5284.87649999082
18931.0 8633.0 10298.0
0


HOST: 13
0.5191893024388639 0.5191893024388639 0.0
8425.403999977883 8425.403999977883 0.0
16228.0 16228.0 0.0
0


HOST: 14
0.5141985939650092 0.5175952551528117 0.5062499999997803
10038.699149978875 7079.667899980159 2959.031249998716
19523.0 13678.0 5845.0
0


HOST: 15
0.5094276704164008 0.5093442390155872 0.5095139108543135
8646.515849977572 4394.112749987471 4252.403099990101
16973.0 8627.0 8346.0
0


HOST: 16
0.5172781995328202 0.5172781995328202 0.0
13750.289099981424 13750.289099981424 0.0
26582.0 26582.0 0.0
0


HOST: 17
0.5169875368179138 0.5147986530597775 0.5215658793399122
11233.105199979631 7567.540199978728 3665.5650000009027
21728.0 14700.0 7028.0
0


HOST: 18
0.5089419487243286 0.5089419487243286 0.0
10600.75184997904 10600.75184997904 0.0
20829.0 20829.0 0.0
0


HOST: 19
0.5062499999985448 0.5062499999985448 0.0
4001.9062499884967 4001.9062499884967 0.0
7905.0 7905.0 0.0
0


HOST: 20
0.5178347865791119 0.5178347865791119 0.0
9353.649749978498 9353.649749978498 0.0
18063.0 18063.0 0.0
0


HOST: 21
0.5171989648600238 0.5171989648600238 0.0
13040.65469998064 13040.65469998064 0.0
25214.0 25214.0 0.0
0


HOST: 22
0.510288833971082 0.510288833971082 0.0
10118.006999978616 10118.006999978616 0.0
19828.0 19828.0 0.0
0


HOST: 23
0.5148526247889796 0.5148526247889796 0.0
13769.73344998126 13769.73344998126 0.0
26745.0 26745.0 0.0
0


HOST: 24
0.5062499999990396 0.5062499999985448 0.5062499999991628
11029.162499979078 2197.1249999936845 8832.037499985394
21786.0 4340.0 17446.0
0


HOST: 25
0.5082213030733547 0.509442942514201 0.5062499999989017
8677.878749977532 5370.5474999847065 3307.331249992825
17075.0 10542.0 6533.0
0


HOST: 26
0.5193567609792801 0.5193567609792801 0.0
9471.509249979132 9471.509249979132 0.0
18237.0 18237.0 0.0
0


HOST: 27
0.5147867558653633 0.5182202191407785 0.5062500000003638
11561.595749980193 8300.33324997785 3261.2625000023436
22459.0 16017.0 6442.0
0


HOST: 28
0.5254480999145604 0.5254480999145604 0.0
8130.258449977993 8130.258449977993 0.0
15473.0 15473.0 0.0
0


HOST: 29
0.52546853071653 0.52546853071653 0.0
11008.040249980588 11008.040249980588 0.0
20949.0 20949.0 0.0
0


HOST: 30
0.5184397651900321 0.5184397651900321 0.0
11569.501799980757 11569.501799980757 0.0
22316.0 22316.0 0.0
0


HOST: 31
0.5185217528962984 0.5263817847677562 0.5062499999989022
8679.017099978242 5370.673349985416 3308.343749992826
16738.0 10203.0 6535.0
0


HOST: 32
0.5323089348856177 0.5323089348856177 0.0
10235.236199980656 10235.236199980656 0.0
19228.0 19228.0 0.0
0


HOST: 33
0.5193886024139428 0.5192229614734032 0.5195441515914865
9075.277049978822 4393.664699987938 4681.6123499908845
17473.0 8462.0 9011.0
0


HOST: 34
0.5345225913015654 0.5345225913015654 0.0
10435.484549980461 10435.484549980461 0.0
19523.0 19523.0 0.0
0


HOST: 35
0.5134378830560805 0.5134378830560805 0.0
8745.900899977276 8745.900899977276 0.0
17034.0 17034.0 0.0
0


HOST: 36
0.5731696654333296 0.5605289896656475 0.5997478877475148
5893.330499985495 3905.7659999902316 1987.5644999952638
10282.0 6968.0 3314.0
0


HOST: 37
0.5166012845428852 0.5166012845428852 0.0
11160.137549979949 11160.137549979949 0.0
21603.0 21603.0 0.0
0


HOST: 38
0.5062499999988367 0.5062499999985448 0.5062499999988523
9563.062499978025 488.0249999985972 9075.037499979428
18890.0 964.0 17926.0
0


HOST: 39
0.5171721936662896 0.5176215872364496 0.5062500000003638
10665.64214997989 10253.048399979594 412.5937500002965
20623.0 19808.0 815.0
0


HOST: 40
0.5288505456778101 0.5288505456778101 0.0
12017.599799982558 12017.599799982558 0.0
22724.0 22724.0 0.0
0


HOST: 41
0.5172896217728095 0.5172896217728095 0.0
7877.803649978116 7877.803649978116 0.0
15229.0 15229.0 0.0
0


HOST: 42
0.5221373980985193 0.5221373980985193 0.0
10055.844149979384 10055.844149979384 0.0
19259.0 19259.0 0.0
0


HOST: 43
0.5286346529664716 0.5217718541262862 0.5324711784027817
11036.305649981028 3905.9840999893786 7130.32154999165
20877.0 7486.0 13391.0
0


HOST: 44
0.5224413512918603 0.5327129041842337 0.5101729238234434
9677.18114997913 5370.811499985444 4306.369649993685
18523.0 10082.0 8441.0
0


HOST: 45
0.5062499999990285 0.5062499999985448 0.5062499999991337
10937.024999979012 1952.6062499943873 8984.418749984625
21604.0 3857.0 17747.0
0


HOST: 46
0.528528315276007 0.5343047165667467 0.5062499999996508
9122.927249979157 7323.714749980398 1799.212499998759
17261.0 13707.0 3554.0
0


HOST: 47
0.5185444017550763 0.5359715736491127 0.510503242146759
8975.485049978615 2929.084649992401 6046.400399986214
17309.0 5465.0 11844.0
0


HOST: 48
0.5285587619245314 0.5285587619245314 0.0
9639.854699979605 9639.854699979605 0.0
18238.0 18238.0 0.0
0


HOST: 49
0.5230676030326423 0.5230676030326423 0.0
10483.320899980217 10483.320899980217 0.0
20042.0 20042.0 0.0
0


HOST: 50
0.5221651548781108 0.5221651548781108 0.0
4703.141549987144 4703.141549987144 0.0
9007.0 9007.0 0.0
0


HOST: 51
0.5171263164479577 0.5171263164479577 0.0
8249.198999977822 8249.198999977822 0.0
15952.0 15952.0 0.0
0


HOST: 52
0.5188845405238449 0.5182410282429718 0.5195945010178348
10717.041299979493 5614.623299984356 5102.4179999951375
20654.0 10834.0 9820.0
0


HOST: 53
0.5268348069037863 0.5268348069037863 0.0
9522.012299979033 9522.012299979033 0.0
18074.0 18074.0 0.0
0


HOST: 54
0.5177325366140706 0.5177325366140706 0.0
10180.692599979084 10180.692599979084 0.0
19664.0 19664.0 0.0
0


HOST: 55
0.5184890574585083 0.5184890574585083 0.0
11089.962449980034 11089.962449980034 0.0
21389.0 21389.0 0.0
0


HOST: 56
0.5238381376435873 0.5238381376435873 0.0
9088.067849978597 9088.067849978597 0.0
17349.0 17349.0 0.0
0


HOST: 57
0.5223741957551061 0.5223741957551061 0.0
9158.264399978521 9158.264399978521 0.0
17532.0 17532.0 0.0
0


HOST: 58
0.5147999644758979 0.5167210025000079 0.5093760412897521
10868.971649979634 8056.197149977623 2812.7745000020113
21113.0 15591.0 5522.0
0


HOST: 59
0.5198098802954598 0.5211432285870758 0.5181382346640375
10943.03759998002 6103.108349983246 4839.929249996774
21052.0 11711.0 9341.0
0


HOST: 60
0.5062499999990427 0.5062499999985448 0.506249999999054
11054.474999979097 244.0124999992986 10810.462499979798
21836.0 482.0 21354.0
0


HOST: 61
0.5178033799092994 0.5140738768886904 0.5401345780799031
11191.284449979687 9520.648199978546 1670.63625000114
21613.0 18520.0 3093.0
0


HOST: 62
0.5201790521492231 0.5201790521492231 0.0
9785.088149979036 9785.088149979036 0.0
18811.0 18811.0 0.0
0


HOST: 63
0.5689322604524474 0.5836177682450463 0.5062500000003638
9987.03689998226 8300.211899981048 1686.8250000012122
17554.0 14222.0 3332.0
0


HOST: 64
0.5142056973372275 0.5142056973372275 0.0
10315.99469997946 10315.99469997946 0.0
20062.0 20062.0 0.0
0


HOST: 65
0.5062499999987279 0.5062499999985448 0.5062499999987385
8927.212499977568 488.0249999985972 8439.18749997897
17634.0 964.0 16670.0
0


HOST: 66
0.5348009641862465 0.5348009641862465 0.0
9900.770249979982 9900.770249979982 0.0
18513.0 18513.0 0.0
0


HOST: 67
0.5225856161927555 0.5225856161927555 0.0
8790.41264997834 8790.41264997834 0.0
16821.0 16821.0 0.0
0


HOST: 68
0.5227449024873725 0.5227449024873725 0.0
11659.825049980844 11659.825049980844 0.0
22305.0 22305.0 0.0
0


HOST: 69
0.5220461725773496 0.5294111810812089 0.5114562125206492
10611.632549979786 6347.110649982613 4264.521899997173
20327.0 11989.0 8338.0
0


HOST: 70
0.5290789802638327 0.5290789802638327 0.0
9946.155749979791 9946.155749979791 0.0
18799.0 18799.0 0.0
0


HOST: 71
0.523341180960681 0.523341180960681 0.0
8224.829999978063 8224.829999978063 0.0
15716.0 15716.0 0.0
0


HOST: 72
0.5173776064454632 0.5124628910336076 0.5189035036820623
10401.35939997959 2440.860749993073 7960.498649986517
20104.0 4763.0 15341.0
0


HOST: 73
0.5062499999988276 0.5062499999985448 0.5062499999988429
9506.362499977984 488.0249999985972 9018.337499979387
18778.0 964.0 17814.0
0


HOST: 74
0.5171088017842593 0.5205168088117921 0.5062500000003638
11471.024549980226 8788.405799978298 2682.6187500019278
22183.0 16884.0 5299.0
0


HOST: 75
0.5207218190944518 0.5207218190944518 0.0
10362.364199979591 10362.364199979591 0.0
19900.0 19900.0 0.0
0


HOST: 76
0.5174963474459262 0.5174963474459262 0.0
11391.129599979728 11391.129599979728 0.0
22012.0 22012.0 0.0
0


HOST: 77
0.507149268166884 0.5076832188050586 0.5062499999990431
8939.520149977665 5614.976399983949 3324.543749993716
17627.0 11060.0 6567.0
0


HOST: 78
0.5129206410118154 0.5129091805753456 0.5129877049183975
10290.21389997904 8788.185899977972 1502.028000001068
20062.0 17134.0 2928.0
0


HOST: 79
0.5101059520855333 0.5080830029717859 0.5134488208306549
8261.675999977298 5126.55749998532 3135.1184999919788
16196.0 10090.0 6106.0
0


HOST: 80
0.5130096039590488 0.5130096039590488 0.0
8549.305049977549 8549.305049977549 0.0
16665.0 16665.0 0.0
0


HOST: 81
0.5062499999992234 0.5062499999985448 0.5062499999994704
12805.593749980355 3417.693749990176 9387.899999990179
25295.0 6751.0 18544.0
0


HOST: 82
0.5173971590603917 0.5133640333646027 0.5197602513544664
9989.386949978983 3661.8256499897107 6327.561299989273
19307.0 7133.0 12174.0
0


HOST: 83
0.5062499999986652 0.5062499999985448 0.5062499999987775
8597.643749977331 4149.731249988072 4447.912499989259
16983.0 8197.0 8786.0
0


HOST: 84
0.5118401950963305 0.5169488434584063 0.5091940600731459
9208.516949978082 3173.5489499911564 6034.967999986926
17991.0 6139.0 11852.0
0


HOST: 85
0.5062499999990699 0.5062499999985448 0.5062499999992339
11287.349999979264 2685.1499999922817 8602.199999986982
22296.0 5304.0 16992.0
0


HOST: 86
0.5131655907700919 0.5131655907700919 0.0
8807.974199977858 8807.974199977858 0.0
17164.0 17164.0 0.0
0


HOST: 87
0.5160402715330215 0.5160402715330215 0.0
11478.799799980528 11478.799799980528 0.0
22244.0 22244.0 0.0
0


HOST: 88
0.5180207160306084 0.5242660859008752 0.5062500000001474
11445.149699980262 7567.780949979133 3877.3687500011292
22094.0 14435.0 7659.0
0


HOST: 89
0.5240172563510993 0.5240172563510993 0.0
8145.848249977838 8145.848249977838 0.0
15545.0 15545.0 0.0
0


HOST: 90
0.522579168584684 0.5247222855453695 0.5062500000003638
9076.154999978791 8056.061249978058 1020.093750000733
17368.0 15353.0 2015.0
0


HOST: 91
0.5256364303717689 0.5256364303717689 0.0
8126.864849977919 8126.864849977919 0.0
15461.0 15461.0 0.0
0


HOST: 92
0.5155700813550447 0.5226000475723176 0.5062499999998208
11406.988049980364 6591.031799982069 4815.956249998295
22125.0 12612.0 9513.0
0


HOST: 93
0.5407898299530262 0.5407898299530262 0.0
9095.544149979947 9095.544149979947 0.0
16819.0 16819.0 0.0
0


HOST: 94
0.5225475874859047 0.5225475874859047 0.0
11826.296999980996 11826.296999980996 0.0
22632.0 22632.0 0.0
0


HOST: 95
0.520247420099145 0.520247420099145 0.0
10808.660399979837 10808.660399979837 0.0
20776.0 20776.0 0.0
0


HOST: 96
0.5230866900847998 0.5230866900847998 0.0
10051.110749979429 10051.110749979429 0.0
19215.0 19215.0 0.0
0


HOST: 97
0.5108528824305892 0.5128637079824878 0.5062500000003638
19566.176249974 13670.894999981194 5895.281250004236
38301.0 26656.0 11645.0
0


HOST: 98
0.5074608757328234 0.5076141611316201 0.5062500000003638
18421.337249977223 16356.34349998306 2064.993750001484
36301.0 32222.0 4079.0
0


HOST: 99
0.5109009288650158 0.5112476356137926 0.5062500000003638
16253.291249982747 15135.997499981944 1117.293750000803
31813.0 29606.0 2207.0
0


HOST: 100
0.509535391078849 0.5100537919415857 0.5062500000003638
18918.029999975508 16356.404999982771 2561.625000001841
37128.0 32068.0 5060.0
0


HOST: 101
0.5124140153648803 0.511116115701282 0.513779314941826
18141.505799978222 9276.757499978268 8864.748300006266
35404.0 18150.0 17254.0
0


HOST: 102
0.5112624386245606 0.51131410185683 0.5062500000003638
18742.88099997639 18553.543499976935 189.33750000013606
36660.0 36286.0 374.0
0


HOST: 103
0.5149206723153867 0.5154452359032963 0.5062500000003638
20173.562099972223 19042.093349975476 1131.468750000813
39178.0 36943.0 2235.0
0


HOST: 104
0.5087702735972678 0.5106969452329669 0.5062500000003638
16735.998149982122 9520.923149978204 7215.075000005185
32895.0 18643.0 14252.0
0


HOST: 105
0.5119858138687186 0.5168396373044827 0.5062500000003638
16966.185899981596 9276.75464997816 7689.431250005526
33138.0 17949.0 15189.0
0


HOST: 106
0.5133147249383341 0.5127406256894654 0.5135340922529528
16795.65779998229 4638.251699986904 12157.406099996404
32720.0 9046.0 23674.0
0


HOST: 107
0.5158323849871215 0.5095959244518298 0.5177398029916045
22156.032599966842 5126.534999985408 17029.497599999853
42952.0 10060.0 32892.0
0


HOST: 108
0.5062499999991903 0.5062499999985448 0.5062499999992162
23546.19374996234 244.0124999992986 23302.18124996392
46511.0 482.0 46029.0
0


HOST: 109
0.5062499999993125 0.5062499999985448 0.5062499999994119
19796.399999973117 732.0374999978958 19064.362499977855
39104.0 1446.0 37658.0
0


HOST: 110
0.513833378581494 0.5077313008115631 0.5178822920590772
20440.291799971834 8056.172549977073 12384.119250008715
39780.0 15867.0 23913.0
0


HOST: 111
0.5119399954995077 0.5146685079698673 0.5062500000003638
20478.623699971307 13915.0924499813 6563.531250004717
40002.0 27037.0 12965.0
0


HOST: 112
0.5062499999993589 0.5062499999985448 0.5062499999997102
18666.956249976363 2197.1249999936845 16469.831249990573
36873.0 4340.0 32533.0
0


HOST: 113
0.5217059338907942 0.5265662005994473 0.5062499999993135
8901.868349978622 6835.355849981424 2066.5124999971977
17063.0 12981.0 4082.0
0


HOST: 114
0.519454605472683 0.519454605472683 0.0
11369.302949980613 11369.302949980613 0.0
21887.0 21887.0 0.0
0


HOST: 115
0.5154649816165915 0.5154649816165915 0.0
10094.866199979328 10094.866199979328 0.0
19584.0 19584.0 0.0
0


HOST: 116
0.5255925985711528 0.5255925985711528 0.0
11557.255649981078 11557.255649981078 0.0
21989.0 21989.0 0.0
0


HOST: 117
0.5083460978379245 0.5083460978379245 0.0
9809.554649978429 9809.554649978429 0.0
19297.0 19297.0 0.0
0


HOST: 118
0.5062499999985448 0.5062499999985448 0.5062499999985448
5799.093749983331 4638.2624999866675 1160.8312499966632
11455.0 9162.0 2293.0
0


HOST: 119
0.5152447088372892 0.5152447088372892 0.0
10458.437099979297 10458.437099979297 0.0
20298.0 20298.0 0.0
0


HOST: 120
0.5129207206763897 0.5129207206763897 0.0
10661.570099979437 10661.570099979437 0.0
20786.0 20786.0 0.0
0


HOST: 121
0.5072342355934899 0.5072342355934899 0.0
8732.544599977522 8732.544599977522 0.0
17216.0 17216.0 0.0
0


HOST: 122
0.5346432041488534 0.5346432041488534 0.0
9739.595249979662 9739.595249979662 0.0
18217.0 18217.0 0.0
0


HOST: 123
0.5134575331216177 0.5134575331216177 0.0
8138.30189997764 8138.30189997764 0.0
15850.0 15850.0 0.0
0


HOST: 124
0.5194912593692911 0.5194912593692911 0.0
10395.020099979514 10395.020099979514 0.0
20010.0 20010.0 0.0
0


HOST: 125
0.5197602030746976 0.5197602030746976 0.0
10544.894999979466 10544.894999979466 0.0
20288.0 20288.0 0.0
0


HOST: 126
0.5175212053030027 0.5175212053030027 0.0
8741.968199978322 8741.968199978322 0.0
16892.0 16892.0 0.0
0


HOST: 127
0.5211990050738883 0.5211990050738883 0.0
6469.643249982175 6469.643249982175 0.0
12413.0 12413.0 0.0
0


HOST: 128
0.5186653029622837 0.5186653029622837 0.0
10554.320249979512 10554.320249979512 0.0
20349.0 20349.0 0.0
0


HOST: 129
0.5177277752850744 0.5177277752850744 0.0
11542.740749980734 11542.740749980734 0.0
22295.0 22295.0 0.0
0


HOST: 130
0.5062499999987986 0.5062499999985448 0.5062499999988459
9330.693749977858 1464.5812499957901 7866.112499982068
18431.0 2893.0 15538.0
0


HOST: 131
0.5068010080630658 0.5071151300806522 0.5062499999985542
8043.945599976982 5126.426849985313 2917.5187499916683
15872.0 10109.0 5763.0
0


HOST: 132
0.5062499999990164 0.5062499999990164 0.0
10838.812499978942 10838.812499978942 0.0
21410.0 21410.0 0.0
0


HOST: 133
0.5155701786573887 0.5155701786573887 0.0
11658.588449979532 11658.588449979532 0.0
22613.0 22613.0 0.0
0


HOST: 134
0.5092266040838908 0.5092266040838908 0.0
9872.885399978473 9872.885399978473 0.0
19388.0 19388.0 0.0
0


HOST: 135
0.5189418889186956 0.5165407017737156 0.523779520426652
13211.741549981072 8788.423499977996 4423.318050003076
25459.0 17014.0 8445.0
0


HOST: 136
0.5084382756638582 0.5084382756638582 0.0
10668.051899979075 10668.051899979075 0.0
20982.0 20982.0 0.0
0


HOST: 137
0.5111743386772881 0.5111743386772881 0.0
10009.815899978656 10009.815899978656 0.0
19582.0 19582.0 0.0
0


HOST: 138
0.5062499999990898 0.5062499999985448 0.5062499999994602
11463.01874997939 4638.2624999866675 6824.756249992723
22643.0 9162.0 13481.0
0


HOST: 139
0.5133414412210109 0.5144991344261493 0.5099091788161902
13681.06274998116 10253.45324997873 3427.6095000024307
26651.0 19929.0 6722.0
0


HOST: 140
0.5062499999985828 0.5062499999985448 0.5062499999986039
8199.731249977045 2929.1624999915803 5270.568749985465
16197.0 5786.0 10411.0
0


HOST: 141
0.506249999998869 0.5062499999985448 0.5062499999990633
9769.612499978173 3661.7062499894746 6107.906249988699
19298.0 7233.0 12065.0
0


HOST: 142
0.5210007073705432 0.5210007073705432 0.0
10495.559249979591 10495.559249979591 0.0
20145.0 20145.0 0.0
0


HOST: 143
0.5150996742722469 0.5105153817881587 0.5229002019622808
14469.664949981687 9032.54864997789 5437.116300003796
28091.0 17693.0 10398.0
0


HOST: 144
0.5100011853679145 0.5100011853679145 0.0
9035.180999977973 9035.180999977973 0.0
17716.0 17716.0 0.0
0


HOST: 145
0.5094795143737566 0.5094795143737566 0.0
9463.072499978154 9463.072499978154 0.0
18574.0 18574.0 0.0
0


HOST: 146
0.5122350625204073 0.5099848025888942 0.5134981210057392
13641.331949980968 4882.594499986073 8758.737449994895
26631.0 9574.0 17057.0
0


HOST: 147
0.5108558743531546 0.5108558743531546 0.0
11270.502299979296 11270.502299979296 0.0
22062.0 22062.0 0.0
0


HOST: 148
0.512911022332451 0.5115478446325853 0.5153678311300778
10656.239399979002 6835.302299980605 3820.9370999983967
20776.0 13362.0 7414.0
0


HOST: 149
0.5086209258518074 0.5086209258518074 0.0
9047.857649977801 9047.857649977801 0.0
17789.0 17789.0 0.0
0


HOST: 150
0.5192298880830888 0.5192298880830888 0.0
9464.522399978543 9464.522399978543 0.0
18228.0 18228.0 0.0
0


HOST: 151
0.506249999998756 0.506249999998756 0.0
9083.13749997768 9083.13749997768 0.0
17942.0 17942.0 0.0
0


HOST: 152
0.5164159669620768 0.5164159669620768 0.0
10160.484149978862 10160.484149978862 0.0
19675.0 19675.0 0.0
0


HOST: 153
0.5062499999985448 0.5062499999985448 0.0
7585.143749978197 7585.143749978197 0.0
14983.0 14983.0 0.0
0


HOST: 154
0.5062499999986835 0.5062499999985448 0.5062499999989704
8691.299999977398 5858.831249983159 2832.4687499942393
17168.0 11573.0 5595.0
0


HOST: 155
0.5165714366715662 0.5165714366715662 0.0
8197.988699977755 8197.988699977755 0.0
15870.0 15870.0 0.0
0


HOST: 156
0.5179455801655789 0.5179455801655789 0.0
10195.240799979254 10195.240799979254 0.0
19684.0 19684.0 0.0
0


HOST: 157
0.5269958476508412 0.5375687448375817 0.5247779750554588
11041.616999980424 1952.9872499949342 9088.62974998549
20952.0 3633.0 17319.0
0


HOST: 158
0.5062499999989877 0.5062499999985448 0.5062499999993314
10612.012499978779 4638.2624999866675 5973.749999992111
20962.0 9162.0 11800.0
0


HOST: 159
0.5132317862442018 0.5132317862442018 0.0
11395.285349980015 11395.285349980015 0.0
22203.0 22203.0 0.0
0


HOST: 160
0.5081000114718673 0.5065903486909492 0.5086766370687013
8857.199399977591 2440.7522999929934 6416.447099984598
17432.0 4818.0 12614.0
0


HOST: 161
0.5062499999988334 0.5062499999985448 0.5062499999988573
9542.30624997801 732.0374999978958 8810.268749980114
18849.0 1446.0 17403.0
0


HOST: 162
0.5331358825497408 0.5331358825497408 0.0
9505.279649979328 9505.279649979328 0.0
17829.0 17829.0 0.0
0


HOST: 163
0.5244684245259161 0.5170198576739231 0.5346364461658983
10725.90374997951 6102.902399982988 4623.001349996523
20451.0 11804.0 8647.0
0


HOST: 164
0.5087275484377454 0.5087275484377454 0.0
8848.298249977704 8848.298249977704 0.0
17393.0 17393.0 0.0
0


HOST: 165
0.5062499999986602 0.5062499999986602 0.0
8572.331249977313 8572.331249977313 0.0
16933.0 16933.0 0.0
0


HOST: 166
0.5184955104009288 0.5184955104009288 0.0
9620.165699978832 9620.165699978832 0.0
18554.0 18554.0 0.0
0


HOST: 167
0.50787771432534 0.5128096638640998 0.5062499999991537
10716.727649978999 2685.0713999924264 8031.656249986572
21101.0 5236.0 15865.0
0


HOST: 168
0.5145268496410624 0.5159765942701193 0.5119259152719082
10994.924249979862 7079.714849980308 3915.209399999554
21369.0 13721.0 7648.0
0


HOST: 169
0.5234651618081182 0.5955033550209242 0.5110949161998577
8783.221949978415 1464.3427499964528 7318.879199981962
16779.0 2459.0 14320.0
0


HOST: 170
0.520582430525242 0.5210350116404775 0.5062500000003638
11071.226549980322 10741.657799980085 329.56875000023683
21267.0 20616.0 651.0
0


HOST: 171
0.5113319165364126 0.5113319165364126 0.0
3969.9809999887075 3969.9809999887075 0.0
7764.0 7764.0 0.0
0


HOST: 172
0.5109557632250858 0.5138783642586623 0.5070477898246843
11454.606299979974 6591.003899981602 4863.602399998372
22418.0 12826.0 9592.0
0


HOST: 173
0.5163936774292889 0.5178912887813835 0.5062500000000142
8939.29094997842 7811.872199978388 1127.4187500000317
17311.0 15084.0 2227.0
0


HOST: 174
0.518919272667889 0.5457327858970921 0.506842703894919
9717.28229997889 3173.4361499915904 6543.846149987299
18726.0 5815.0 12911.0
0


HOST: 175
0.5164452110803571 0.5164452110803571 0.0
7829.309399978214 7829.309399978214 0.0
15160.0 15160.0 0.0
0


HOST: 176
0.5298209794192819 0.5298209794192819 0.0
5561.0009999847825 5561.0009999847825 0.0
10496.0 10496.0 0.0
0


HOST: 177
0.529534143432734 0.541199643704013 0.5134810525168205
11548.080599981062 6835.351499981683 4712.729099999378
21808.0 12630.0 9178.0
0


HOST: 178
0.5174824639280503 0.5174824639280503 0.0
11190.04079998016 11190.04079998016 0.0
21624.0 21624.0 0.0
0


HOST: 179
0.5155821561001438 0.5155821561001438 0.0
11678.966999980457 11678.966999980457 0.0
22652.0 22652.0 0.0
0


HOST: 180
0.5242909097498464 0.5242909097498464 0.0
10834.471649980576 10834.471649980576 0.0
20665.0 20665.0 0.0
0


HOST: 181
0.5238373054608737 0.5238373054608737 0.0
6866.459399981133 6866.459399981133 0.0
13108.0 13108.0 0.0
0


HOST: 182
0.5293111294702997 0.5293111294702997 0.0
10891.105799980887 10891.105799980887 0.0
20576.0 20576.0 0.0
0


HOST: 183
0.5264578184100259 0.5264578184100259 0.0
10019.545199979613 10019.545199979613 0.0
19032.0 19032.0 0.0
0


HOST: 184
0.5062499999993041 0.5062499999985448 0.5062499999997901
20015.606249972487 3173.6812499908774 16841.924999993018
39537.0 6269.0 33268.0
0


HOST: 185
0.5236959652520566 0.518284817771773 0.5312166010963263
17814.56564997921 10253.228549978987 7561.337100005108
34017.0 19783.0 14234.0
0


HOST: 186
0.5170562264436225 0.5170562264436225 0.0
20029.72409997305 20029.72409997305 0.0
38738.0 38738.0 0.0
0


HOST: 187
0.5139004801232153 0.5147413033092326 0.5123468979715479
19908.504599973363 12938.537399980873 6969.967200004938
38740.0 25136.0 13604.0
0


HOST: 188
0.5062499999992813 0.5062499999985448 0.506249999999312
20634.749999970707 244.0124999992986 20390.73749997229
40760.0 482.0 40278.0
0


HOST: 189
0.5208945443669323 0.5208945443669323 0.0
20040.896699973353 20040.896699973353 0.0
38474.0 38474.0 0.0
0


HOST: 190
0.516633245885899 0.5145779878580211 0.5197702882701031
20284.054499972168 12206.30444998012 8077.750050005672
39262.0 23721.0 15541.0
0


HOST: 191
0.5136928336233758 0.5132041190375579 0.5207322104468112
20905.757249970527 19529.982749974268 1375.7745000004752
40697.0 38055.0 2642.0
0


HOST: 192
0.5062499999992777 0.5062499999985448 0.5062499999993392
20737.012499970413 488.0249999985972 20248.98749997357
40962.0 964.0 39998.0
0


HOST: 193
0.5138372394947325 0.5104109931380437 0.5156345626545729
22855.994249965195 7811.8402499777585 15044.154000009818
44481.0 15305.0 29176.0
0


HOST: 194
0.5121976519978694 0.5128977600807305 0.5108334929023106
22872.18614996486 15135.612899982358 7736.573250005495
44655.0 29510.0 15145.0
0


HOST: 195
0.5167078943931754 0.5173975297054385 0.5062500000003638
15852.598199982622 14891.735699981931 960.8625000006905
30680.0 28782.0 1898.0
0


HOST: 196
0.5062499999993234 0.5062499999985448 0.5062499999995727
19518.974999973914 1708.5937499950887 17810.381249984966
38556.0 3375.0 35181.0
0


HOST: 197
0.5135219568403813 0.5143149269656625 0.5062500000003638
20274.873899971935 18309.611399977584 1965.2625000014123
39482.0 35600.0 3882.0
0


HOST: 198
0.5168622745432476 0.5168622745432476 0.0
14872.71194998195 14872.71194998195 0.0
28775.0 28775.0 0.0
0


HOST: 199
0.5113652796162881 0.5133499239398474 0.5087431370814065
20080.2917999724 11473.884149979529 8606.407650006155
39268.0 22351.0 16917.0
0


HOST: 200
0.5062499999993635 0.5062499999985448 0.5062499999996309
18563.17499997666 1708.5937499950887 16854.581249987714
36668.0 3375.0 33293.0
0


HOST: 201
0.5124375644691687 0.5126520357232707 0.506249999999909
21460.885199968783 20750.616449970825 710.2687499998724
41880.0 40477.0 1403.0
0


HOST: 202
0.5100970829661379 0.5083898819839668 0.5105540602062101
20879.293799969957 4394.013749987425 16485.280049998317
40932.0 8643.0 32289.0
0


HOST: 203
0.5097683692372039 0.5097683692372039 0.0
19806.030449973085 19806.030449973085 0.0
38853.0 38853.0 0.0
0


HOST: 204
0.5175972664460667 0.519276977422013 0.5077156775119825
19929.047549972907 17088.886049981025 2840.16150000203
38503.0 32909.0 5594.0
0


HOST: 205
0.508200791029007 0.508200791029007 0.0
19080.906899975096 19080.906899975096 0.0
37546.0 37546.0 0.0
0


HOST: 206
0.5099822121597065 0.5127605769220935 0.5066751569535276
20105.02874997211 10985.382599978931 9119.646150006543
39423.0 21424.0 17999.0
0


HOST: 207
0.5129900697862779 0.5129900697862779 0.0
21317.302349968777 21317.302349968777 0.0
41555.0 41555.0 0.0
0


HOST: 208
0.5116321847737549 0.5123310061127668 0.5062500000003638
19006.11239997545 16844.93114998166 2161.181250001553
37148.0 32879.0 4269.0
0


HOST: 209
0.5153739745215258 0.5147680133689191 0.5160206406208738
22251.271349966875 11473.664249979836 10777.60710000757
43175.0 22289.0 20886.0
0


HOST: 210
0.5174808106736648 0.5174808106736648 0.0
18441.46364997739 18441.46364997739 0.0
35637.0 35637.0 0.0
0


HOST: 211
0.5062499999992985 0.5062499999985448 0.5062499999998237
20163.93749997206 3417.693749990176 16746.243749994166
39830.0 6751.0 33079.0
0


HOST: 212
0.5062499999992695 0.5062499999985448 0.50624999999933
20974.44374996973 488.0249999985972 20486.418749972887
41431.0 964.0 40467.0
0


HOST: 213
0.5195721443312826 0.5173305376435952 0.5315229180119821
20382.295649971886 17088.97964998088 3293.3160000022417
39229.0 33033.0 6196.0
0


HOST: 214
0.5062499999992258 0.5062499999985448 0.5062499999996404
22317.52499996587 3173.6812499908774 19143.8437499864
44084.0 6269.0 37815.0
0


HOST: 215
0.5095549368809534 0.5079967152185257 0.5102960711889337
21272.38994996916 6835.603799980483 14436.786150006123
41747.0 13456.0 28291.0
0


HOST: 216
0.5124682016285278 0.5124682016285278 0.0
19753.599299973233 19753.599299973233 0.0
38546.0 38546.0 0.0
0


HOST: 217
0.5062499999993234 0.5062499999985448 0.5062499999995727
19518.974999973914 1708.5937499950887 17810.381249984966
38556.0 3375.0 35181.0
0


HOST: 218
0.5178473052691898 0.5140062757469742 0.5194183217254965
19486.076249974343 5614.490549984199 13871.585700001111
37629.0 10923.0 26706.0
0


HOST: 219
0.5137925105016895 0.5137925105016895 0.0
16388.95349998289 16388.95349998289 0.0
31898.0 31898.0 0.0
0


HOST: 220
0.5142733731905361 0.5142733731905361 0.0
15956.359949982763 15956.359949982763 0.0
31027.0 31027.0 0.0
0


HOST: 221
0.511674993610189 0.511674993610189 0.0
12013.105499980018 12013.105499980018 0.0
23478.0 23478.0 0.0
0


HOST: 222
0.514172195744068 0.514172195744068 0.0
18124.5698999784 18124.5698999784 0.0
35250.0 35250.0 0.0
0


HOST: 223
0.5167134127307242 0.5167134127307242 0.0
19870.73099997273 19870.73099997273 0.0
38456.0 38456.0 0.0
0


HOST: 224
0.5062499999994703 0.5062499999985448 0.5062499999995655
16421.23124998282 1464.5812499957901 14956.649999987163
32437.0 2893.0 29544.0
0


HOST: 225
0.5152468740829746 0.5164299536611402 0.512826672620227
22845.531149965012 15379.800449982416 7465.730700005264
44339.0 29781.0 14558.0
0


HOST: 226
0.5103389939415277 0.5075059330367059 0.5125133943570976
21482.71994996861 9276.700949977947 12206.019000008639
42095.0 18279.0 23816.0
0


HOST: 227
0.5186119305064629 0.5200482707481191 0.5132330126704718
15731.574299983045 12450.475649980719 3281.0986500023264
30334.0 23941.0 6393.0
0


HOST: 228
0.5241511139860386 0.5270705012663022 0.5125357142860767
13974.392849981776 11229.764099979835 2744.6287500019407
26661.0 21306.0 5355.0
0


HOST: 229
0.5062499999993147 0.5062499999985448 0.5062499999994052
13920.862499981156 1464.5812499957901 12456.281249985366
27498.0 2893.0 24605.0
0


HOST: 230
0.5151901243765344 0.5151901243765344 0.0
14166.182849981567 14166.182849981567 0.0
27497.0 27497.0 0.0
0


HOST: 231
0.5145605137340987 0.5145605137340987 0.0
13131.069749980466 13131.069749980466 0.0
25519.0 25519.0 0.0
0


HOST: 232
0.5062499999993479 0.5062499999985448 0.5062499999994563
14376.487499981484 1708.5937499950887 12667.893749986395
28398.0 3375.0 25023.0
0


HOST: 233
0.5212662539233557 0.5212662539233557 0.0
17933.644199979128 17933.644199979128 0.0
34404.0 34404.0 0.0
0


HOST: 234
0.5280309640315318 0.5280309640315318 0.0
12948.375299981222 12948.375299981222 0.0
24522.0 24522.0 0.0
0


HOST: 235
0.5149690386095123 0.5131977389381087 0.5278951658940502
11977.149899980037 10497.459749979014 1479.6901500010226
23258.0 20455.0 2803.0
0


HOST: 236
0.5158613735927284 0.517108936027236 0.5147410760873202
18015.426749978855 8544.19094997802 9471.235800006692
34923.0 16523.0 18400.0
0


HOST: 237
0.527396697442575 0.5333547337269303 0.5062500000003638
14851.49099998291 11717.803499980659 3133.687500002252
28160.0 21970.0 6190.0
0


HOST: 238
0.9040791071157005 2.8075308729246387 0.5062499999993264
55477.00624994073 29782.287499984566 25694.71874996581
61363.0 10608.0 50755.0
2


HOST: 239
0.5177733095694542 0.5264587556595354 0.5160326165876629
14380.635899982022 2441.1892499932655 11939.446649988757
27774.0 4637.0 23137.0
0


HOST: 240
0.5156094503713021 0.5153114800066688 0.5177533629858286
19475.084549974454 17088.759299981153 2386.3252500016843
37771.0 33162.0 4609.0
0


HOST: 241
0.5133421013246956 0.5160744429195648 0.5109416675036257
19211.314799975407 9032.334899978225 10178.97990000723
37424.0 17502.0 19922.0
0


HOST: 242
0.5144146059825422 0.5144146059825422 0.0
20960.851949970645 20960.851949970645 0.0
40747.0 40747.0 0.0
0


HOST: 243
0.5126042004765794 0.5131006504901943 0.5082777301183679
21478.11599996868 19285.91414997493 2192.2018500005206
41900.0 37587.0 4313.0
0


HOST: 244
0.5178646741805423 0.5157744031255354 0.5190858624097513
19939.34354997342 7323.480749979477 12615.862800006596
38503.0 14199.0 24304.0
0


HOST: 245
0.5157934709034165 0.5157934709034165 0.0
21033.541949970422 21033.541949970422 0.0
40779.0 40779.0 0.0
0


HOST: 246
0.5139405587661398 0.5144055511255632 0.5108956088013258
20805.34169997087 18065.408549978652 2739.93315000151
40482.0 35119.0 5363.0
0


HOST: 247
0.5142385772077678 0.5142385772077678 0.0
15252.316199982391 15252.316199982391 0.0
29660.0 29660.0 0.0
0


HOST: 248
0.5195169635436989 0.516942600895468 0.5212616753201025
20649.240749971403 8300.030399977633 12349.210350008547
39747.0 16056.0 23691.0
0


HOST: 249
0.5142732229412756 0.5139030144823683 0.5158216834939239
22703.105699965556 18309.336599977818 4393.769100001244
44146.0 35628.0 8518.0
0


HOST: 250
0.5125739501668708 0.5134282118978984 0.5118005458241769
23081.717549964356 10985.823449979333 12095.894100008598
45031.0 21397.0 23634.0
0


HOST: 251
0.5135589288995721 0.5115612642598022 0.5155127408119505
22304.891399966218 10985.778149979253 11319.113250007998
43432.0 21475.0 21957.0
0


HOST: 252
0.5121735916745056 0.5121735916745056 0.0
18629.290049976793 18629.290049976793 0.0
36373.0 36373.0 0.0
0


HOST: 253
0.516062453077149 0.516062453077149 0.0
19659.399149973993 19659.399149973993 0.0
38095.0 38095.0 0.0
0


HOST: 254
0.5175145791533302 0.5106437526137325 0.52898889147684
17799.913949978793 10985.479049979227 6814.434900004653
34395.0 21513.0 12882.0
0


HOST: 255
0.5117943693853721 0.5119245079340028 0.5116538291305743
20683.145849971042 10741.71194997918 9941.43390000706
40413.0 20983.0 19430.0
0


HOST: 256
0.5062499999992978 0.5062499999985448 0.5062499999999451
20185.706249971998 4394.249999987369 15791.45624999829
39873.0 8680.0 31193.0
0


HOST: 257
0.5128958256774845 0.5120327754464559 0.5139828157855802
21495.976949969052 11962.109699980103 9533.867250006728
41911.0 23362.0 18549.0
0


HOST: 258
0.512559135895711 0.5139483355257446 0.5089284903717515
21543.885599968526 15624.029399982637 5919.856200004213
42032.0 30400.0 11632.0
0


HOST: 259
0.5173156354734426 0.5220344043793846 0.5098015646102382
22842.589199965332 14159.139149982051 8683.450050006188
44156.0 27123.0 17033.0
0


HOST: 260
0.5148286654976164 0.5158681877794219 0.5123157389469903
19975.867049973014 14159.034149981791 5816.8329000041285
38801.0 27447.0 11354.0
0


HOST: 261
0.5062499999992552 0.5062499999985448 0.5062499999995094
21394.124999968524 1952.6062499943873 19441.518749981158
42260.0 3857.0 38403.0
0


HOST: 262
0.5096228235259475 0.50985526315644 0.5095091248087228
22285.296449966154 7323.560999979105 14961.735450008146
43729.0 14364.0 29365.0
0


HOST: 263
0.5118956802278224 0.5102927369416992 0.5334549822066481
20785.0121999705 19286.00369997458 1499.0085000006811
40604.0 37794.0 2810.0
0


HOST: 264
0.5147117083866387 0.515810869932051 0.5062500000003
20644.057199971307 18309.738449978016 2334.3187500013833
40108.0 35497.0 4611.0
0


HOST: 265
0.5170438144322886 0.5104485446623194 0.5199394168626207
20261.912999972526 6102.922799982691 14158.990200002885
39188.0 11956.0 27232.0
0


HOST: 266
0.5113295476793546 0.5130077542722793 0.507987648207924
21930.92429996752 14647.39739998212 7283.526900005214
42890.0 28552.0 14338.0
0


HOST: 267
0.5215715553504796 0.5215715553504796 0.0
15868.29299998299 15868.29299998299 0.0
30424.0 30424.0 0.0
0


HOST: 268
0.5140314665584926 0.5121057536695125 0.5149626172796874
21051.13064996995 6835.587599980652 14215.543050005772
40953.0 13348.0 27605.0
0


HOST: 269
0.506249999999221 0.5062499999985448 0.506249999999707
22472.943749965423 3661.7062499894746 18811.23749998911
44391.0 7233.0 37158.0
0


HOST: 270
0.5137701477997572 0.5137701477997572 0.0
20578.549499971472 20578.549499971472 0.0
40054.0 40054.0 0.0
0


HOST: 271
0.5139353479202956 0.5139353479202956 0.0
20480.8375499717 20480.8375499717 0.0
39851.0 39851.0 0.0
0


HOST: 272
0.5062499999991432 0.5062499999985448 0.5062499999991964
11964.71249997975 976.0499999971944 10988.662499982556
23634.0 1928.0 21706.0
0


HOST: 273
0.506249999999437 0.5062499999985448 0.5062499999995649
17033.793749981058 976.0499999971944 16057.743749986199
33647.0 1928.0 31719.0
0


HOST: 274
0.5114098135391565 0.5115464941355222 0.5062500000003638
16785.492899982193 16356.699149983324 428.79375000030814
32822.0 31975.0 847.0
0


HOST: 275
0.515669922104933 0.515669922104933 0.0
17477.08499998039 17477.08499998039 0.0
33892.0 33892.0 0.0
0


HOST: 276
0.5564066499862157 0.5780067667383171 0.5071356124436556
16901.408399981286 12206.34689997978 4695.061500003363
30376.0 21118.0 9258.0
0


HOST: 277
0.5255958047608585 0.5255958047608585 0.0
13643.415899982367 13643.415899982367 0.0
25958.0 25958.0 0.0
0


HOST: 278
0.5166004545286155 0.5170168736452253 0.5154114623423088
14491.159349982194 10741.025549979555 3750.133800002639
28051.0 20775.0 7276.0
0


HOST: 279
0.5216181073193135 0.5216181073193135 0.0
8593.13669997837 8593.13669997837 0.0
16474.0 16474.0 0.0
0


HOST: 280
0.5236174465425667 0.5236174465425667 0.0
8840.233349978154 8840.233349978154 0.0
16883.0 16883.0 0.0
0


HOST: 281
0.5334133258416749 0.5334133258416749 0.0
10681.60184997954 10681.60184997954 0.0
20025.0 20025.0 0.0
0


HOST: 282
0.5183001873472931 0.5183001873472931 0.0
9406.111799978675 9406.111799978675 0.0
18148.0 18148.0 0.0
0


HOST: 283
0.5160169445932753 0.5177464399319124 0.5155236464586193
15348.407999982379 3417.6442499905534 11930.763749991826
29744.0 6601.0 23143.0
0


HOST: 284
0.5118780106130955 0.5118780106130955 0.0
15047.165999982553 15047.165999982553 0.0
29396.0 29396.0 0.0
0


HOST: 285
0.512144112425356 0.512144112425356 0.0
13848.376799981625 13848.376799981625 0.0
27040.0 27040.0 0.0
0


HOST: 286
0.5136165214803325 0.5190285194238503 0.5079351132908608
15565.662299982958 8055.841649977581 7509.820650005377
30306.0 15521.0 14785.0
0


HOST: 287
0.5126964270830255 0.5196859020540754 0.5066842772611398
13538.774549981455 6345.884549982315 7192.889999999141
26407.0 12211.0 14196.0
0


HOST: 288
0.5158371851733915 0.5212622087532588 0.5107534604523408
16978.78094998218 8300.05814997814 8678.722800006175
32915.0 15923.0 16992.0
0


HOST: 289
0.513119541303921 0.513119541303921 0.0
13994.309249981838 13994.309249981838 0.0
27273.0 27273.0 0.0
0


HOST: 290
0.5200424878218354 0.5200424878218354 0.0
14412.977549982168 14412.977549982168 0.0
27715.0 27715.0 0.0
0


HOST: 291
0.5119853260285013 0.5169856159533646 0.5098285322774146
14439.522149981824 4393.860749987645 10045.661399994178
28203.0 8499.0 19704.0
0


HOST: 292
0.5139536619079872 0.5153165992339193 0.5062500000003638
13754.427899981554 11717.78414998009 2036.6437500014636
26762.0 22739.0 4023.0
0


HOST: 293
0.5135287465502658 0.5165823398307119 0.5062500000003638
16191.047849983332 11473.810349979942 4717.23750000339
31529.0 22211.0 9318.0
0


HOST: 294
0.506249999998789 0.5062499999985448 0.5062499999987955
9272.981249977816 244.0124999992986 9028.968749978518
18317.0 482.0 17835.0
0


HOST: 295
0.5359021023051878 0.5359021023051878 0.0
16594.744499982444 16594.744499982444 0.0
30966.0 30966.0 0.0
0


HOST: 296
0.5465312284667797 0.5300009925543825 0.550966991967721
16656.632249982045 3417.4463999906584 13239.185849992367
30477.0 6448.0 24029.0
0


HOST: 297
0.5139107875795531 0.5139107875795531 0.0
14498.96504998193 14498.96504998193 0.0
28213.0 28213.0 0.0
0


HOST: 298
0.516711691001484 0.5183066565724394 0.5093984200450499
18083.359049978935 14891.468549982756 3191.8905000022824
34997.0 28731.0 6266.0
0


HOST: 299
0.5146008955761766 0.5171384922935423 0.5062500000003638
12669.988649981045 9765.126149978958 2904.8625000020875
24621.0 18883.0 5738.0
0


HOST: 300
0.5351841238465013 0.5337329057000525 0.5465989292670757
14623.3709999818 12938.753099980673 1684.617900001127
27324.0 24242.0 3082.0
0


HOST: 301
0.5196117937515702 0.5196117937515702 0.0
12259.201049980795 12259.201049980795 0.0
23593.0 23593.0 0.0
0


HOST: 302
0.5234963656517602 0.5269385397308702 0.5062500000003638
12509.992649980113 10497.142649978667 2012.8500000014465
23897.0 19921.0 3976.0
0


HOST: 303
0.5260213994504442 0.5260213994504442 0.0
13418.805899980833 13418.805899980833 0.0
25510.0 25510.0 0.0
0


HOST: 304
0.5151532453524108 0.5151532453524108 0.0
18873.669449976274 18873.669449976274 0.0
36637.0 36637.0 0.0
0


HOST: 305
0.5197213782608057 0.5197213782608057 0.0
12986.797799981012 12986.797799981012 0.0
24988.0 24988.0 0.0
0


HOST: 306
0.5192670243317222 0.517464131420788 0.5205646095165115
12292.088999980528 5126.517149985746 7165.571849994782
23672.0 9907.0 13765.0
0


HOST: 307
0.5139604855728689 0.5150337721510839 0.5062500000003638
13876.419149981888 12206.300399980688 1670.1187500012002
26999.0 23700.0 3299.0
0


HOST: 308
0.5154227042618432 0.5155070552768155 0.5062500000003638
15272.490149982677 15135.80264998258 136.68750000009823
29631.0 29361.0 270.0
0


HOST: 309
0.5062499999993807 0.5062499999985448 0.5062499999994394
14854.893749981828 976.0499999971944 13878.843749984633
29343.0 1928.0 27415.0
0


HOST: 310
0.5187704506796417 0.5230175189244177 0.5173694364600837
14641.777199982205 3661.6456499898486 10980.131549992357
28224.0 7001.0 21223.0
0


HOST: 311
0.5284277148369383 0.5212633394733363 0.5522398413585629
16418.249099983674 12449.853599981163 3968.3955000026326
31070.0 23884.0 7186.0
0


HOST: 312
0.5220776344774481 0.5220776344774481 0.0
12083.486849980536 12083.486849980536 0.0
23145.0 23145.0 0.0
0


HOST: 313
0.5140720646871214 0.5280032445909104 0.5107999687350434
16243.649099983662 3173.2994999913717 13070.34959999229
31598.0 6010.0 25588.0
0


HOST: 314
0.5062499999994224 0.5062499999985448 0.5062499999997429
15513.0187499823 4149.731249988072 11363.287499994229
30643.0 8197.0 22446.0
0


HOST: 315
0.5333190695181389 0.5713315681670852 0.5280443569336107
14959.599899983798 1952.8112999950972 13006.7885999887
28050.0 3418.0 24632.0
0


HOST: 316
0.5174673428729998 0.5174673428729998 0.0
13379.11814998141 13379.11814998141 0.0
25855.0 25855.0 0.0
0


HOST: 317
0.5211922999859702 0.5259885917646191 0.5186420621933139
19510.833749974794 6835.221749981225 12675.612000004592
37435.0 12995.0 24440.0
0


HOST: 318
0.5160265331028041 0.5162941165614305 0.506249999999909
21558.556499968952 20995.100249970572 563.4562499998988
41778.0 40665.0 1113.0
0


HOST: 319
0.5195799440473028 0.5195799440473028 0.0
16157.897099983024 16157.897099983024 0.0
31098.0 31098.0 0.0
0


HOST: 320
0.5081894147075645 0.508263420882599 0.5081443037048561
16757.54594998194 6347.193599981896 10410.352350001387
32975.0 12488.0 20487.0
0


HOST: 321
0.5169102392459166 0.5170685664464136 0.5062500000003638
20309.403299972066 20018.309549972902 291.0937500002092
39290.0 38715.0 575.0
0


HOST: 322
0.5141494893527578 0.5156102534457437 0.5062500000002211
21345.430199969094 18065.436449978522 3279.993750001433
41516.0 35037.0 6479.0
0


HOST: 323
0.5149061036483662 0.5121530352242457 0.5214087755758117
21659.525249968523 15135.658649982135 6523.866600004556
42065.0 29553.0 12512.0
0


HOST: 324
0.5116198751726578 0.5132450200375278 0.5062500000003638
20288.286149971747 15624.204899982422 4664.081250003352
39655.0 30442.0 9213.0
0


HOST: 325
0.5110657424969569 0.509269623147944 0.5120248948865651
21815.8633499676 7567.746599978447 14248.116750008448
42687.0 14860.0 27827.0
0


HOST: 326
0.5062499999992986 0.5062499999985448 0.5062499999999024
20159.381249972073 3905.718749988773 16253.662499996866
39821.0 7715.0 32106.0
0


HOST: 327
0.5129459435396363 0.5129459435396363 0.0
16135.227599982798 16135.227599982798 0.0
31456.0 31456.0 0.0
0


HOST: 328
0.5133469392548792 0.5133469392548792 0.0
9811.600049978506 9811.600049978506 0.0
19113.0 19113.0 0.0
0


HOST: 329
0.5089638358941304 0.5094129848154137 0.5062499999988809
8243.68724997723 7079.312249979805 1164.3749999974261
16197.0 13897.0 2300.0
0


HOST: 330
0.512696649349673 0.512696649349673 0.0
10856.351549979325 10856.351549979325 0.0
21175.0 21175.0 0.0
0


HOST: 331
0.5107861629869624 0.5107861629869624 0.0
9627.297599978268 9627.297599978268 0.0
18848.0 18848.0 0.0
0


HOST: 332
0.517530213571962 0.517530213571962 0.0
13376.085899980932 13376.085899980932 0.0
25846.0 25846.0 0.0
0


HOST: 333
0.5145887436359372 0.5145887436359372 0.0
8896.210199978083 8896.210199978083 0.0
17288.0 17288.0 0.0
0


HOST: 334
0.5182739042891797 0.5107645148621145 0.5242737793409221
13385.978399980933 5858.979749983315 7526.9986499976185
25828.0 11471.0 14357.0
0


HOST: 335
0.5117265532956092 0.5117265532956092 0.0
10772.867399979166 10772.867399979166 0.0
21052.0 21052.0 0.0
0


HOST: 336
0.5062499999989875 0.5062499999985448 0.5062499999990725
10610.999999978778 1708.5937499950887 8902.40624998369
20960.0 3375.0 17585.0
0


HOST: 337
0.5148108524945857 0.5148108524945857 0.0
9179.077499978463 9179.077499978463 0.0
17830.0 17830.0 0.0
0


HOST: 338
0.5141823539370793 0.5177007993460436 0.5062499999992526
9099.99929997843 6347.011799982494 2752.9874999959357
17698.0 12260.0 5438.0
0


HOST: 339
0.5360647623010557 0.5373194596307416 0.5337084611283707
11569.349699981385 7567.069949979734 4002.2797500016513
21582.0 14083.0 7499.0
0


HOST: 340
0.5198304488389069 0.5198304488389069 0.0
10933.073999979892 10933.073999979892 0.0
21032.0 21032.0 0.0
0


HOST: 341
0.5267607849626247 0.5267607849626247 0.0
11126.241299980558 11126.241299980558 0.0
21122.0 21122.0 0.0
0


HOST: 342
0.5181441261985176 0.5181441261985176 0.0
10691.38589998021 10691.38589998021 0.0
20634.0 20634.0 0.0
0


HOST: 343
0.5286929661716806 0.5286929661716806 0.0
10737.225449980662 10737.225449980662 0.0
20309.0 20309.0 0.0
0


HOST: 344
0.5142678532507151 0.5062499999985448 0.5145233981338432
8025.14984997741 244.0124999992986 7781.137349978111
15605.0 482.0 15123.0
0


HOST: 345
0.5140198228020532 0.5140198228020532 0.0
11487.314999980284 11487.314999980284 0.0
22348.0 22348.0 0.0
0


HOST: 346
0.5222048705709965 0.5222048705709965 0.0
9199.160999978674 9199.160999978674 0.0
17616.0 17616.0 0.0
0


HOST: 347
0.5323028746183136 0.6012307881759631 0.5139949153147116
9267.925349979458 2196.897299994969 7071.0280499844885
17411.0 3654.0 13757.0
0


HOST: 348
0.5138763555627791 0.5138763555627791 0.0
20195.85464997278 20195.85464997278 0.0
39301.0 39301.0 0.0
0


HOST: 349
0.5062499999992364 0.5062499999985448 0.5062500000002205
21977.831249966846 6835.387499980352 15142.443750006594
43413.0 13502.0 29911.0
0


HOST: 350
0.5169625947749937 0.5169625947749937 0.0
21750.16724996831 21750.16724996831 0.0
42073.0 42073.0 0.0
0


HOST: 351
0.5062499999992337 0.5062499999985448 0.5062500000001692
22059.84374996661 6347.362499981755 15712.48125000525
43575.0 12538.0 31037.0
0


HOST: 352
0.5118655785929066 0.512626574894254 0.5088101873539922
16441.63424998275 13182.704999980637 3258.9292500023203
32121.0 25716.0 6405.0
0


HOST: 353
0.5123828894071895 0.5131058895055173 0.5089142178049919
20621.874149971154 17088.991649981253 3532.882500002254
40247.0 33305.0 6942.0
0


HOST: 354
0.514930609050951 0.514930609050951 0.0
17112.173999981205 17112.173999981205 0.0
33232.0 33232.0 0.0
0


HOST: 355
0.5101596383216908 0.5113789518957517 0.5079645454549091
21214.478399969186 13671.204899981025 7543.2735000054
41584.0 26734.0 14850.0
0


HOST: 356
0.5177281007855321 0.520434965400938 0.5062500000003638
18307.901099977986 14891.726099982441 3416.175000002455
35362.0 28614.0 6748.0
0


HOST: 357
0.5136533564164147 0.5128259954162436 0.5168440837121611
20323.208699971867 16112.479949982957 4210.728750002976
39566.0 31419.0 8147.0
0


HOST: 358
0.5069508528143258 0.5068855550010386 0.5071171602330444
17001.103799981232 12206.31104998001 4794.792750003435
33536.0 24081.0 9455.0
0


HOST: 359
0.5140037620818549 0.512564325705427 0.5157330034927963
17495.146049980096 9520.882349978307 7974.263700005617
34037.0 18575.0 15462.0
0


HOST: 360
0.5116007890087059 0.5133397837722876 0.5088911350152006
21170.55224996926 12938.72924998051 8231.823000005885
41381.0 25205.0 16176.0
0


HOST: 361
0.5072015464509922 0.5073493563943644 0.5070887723787951
17481.208499979897 7567.622999978339 9913.585500005445
34466.0 14916.0 19550.0
0


HOST: 362
0.5132976212117484 0.5132976212117484 0.0
9030.445049978289 9030.445049978289 0.0
17593.0 17593.0 0.0
0


HOST: 363
0.5062499999988562 0.5062499999985448 0.5062499999989348
9687.093749978114 1952.6062499943873 7734.487499983727
19135.0 3857.0 15278.0
0


HOST: 364
0.5111052860446109 0.5111052860446109 0.0
10577.834999979268 10577.834999979268 0.0
20696.0 20696.0 0.0
0


HOST: 365
0.5062499999986662 0.5062499999986662 0.0
8602.706249977335 8602.706249977335 0.0
16993.0 16993.0 0.0
0


HOST: 366
0.5062499999990163 0.5062499999990163 0.0
10837.79999997894 10837.79999997894 0.0
21408.0 21408.0 0.0
0


HOST: 367
0.5227535770190554 0.5227535770190554 0.0
8680.845899978434 8680.845899978434 0.0
16606.0 16606.0 0.0
0


HOST: 368
0.5109790144357484 0.5142134544482769 0.5062499999993634
9804.154349978706 5858.948099983667 3945.206249995039
19187.0 11394.0 7793.0
0


HOST: 369
0.5112003846351898 0.5112003846351898 0.0
9369.791849978394 9369.791849978394 0.0
18329.0 18329.0 0.0
0


HOST: 370
0.5062499999986382 0.5062499999985448 0.5062499999986618
8462.981249977234 1708.5937499950887 6754.3874999821455
16717.0 3375.0 13342.0
0


HOST: 371
0.5112729562333114 0.5112729562333114 0.0
9287.273249978101 9287.273249978101 0.0
18165.0 18165.0 0.0
0


HOST: 372
0.5062499999990072 0.5062499999985448 0.506249999999041
10765.406249978889 732.0374999978958 10033.368749980993
21265.0 1446.0 19819.0
0


HOST: 373
0.5062499999991494 0.5062499999985448 0.5062499999992667
12025.968749979795 1952.6062499943873 10073.362499985407
23755.0 3857.0 19898.0
0


HOST: 374
0.512185897590109 0.512185897590109 0.0
8442.360149977767 8442.360149977767 0.0
16483.0 16483.0 0.0
0


HOST: 375
0.5062499999985448 0.5062499999985448 0.0
7864.087499977395 7864.087499977395 0.0
15534.0 15534.0 0.0
0


HOST: 376
0.5106108144476114 0.5106108144476114 0.0
10432.289549979148 10432.289549979148 0.0
20431.0 20431.0 0.0
0


HOST: 377
0.5218000680802661 0.5218000680802661 0.0
6514.673849982122 6514.673849982122 0.0
12485.0 12485.0 0.0
0


HOST: 378
0.5286386407203115 0.5286386407203115 0.0
10201.13984997985 10201.13984997985 0.0
19297.0 19297.0 0.0
0


HOST: 379
0.5166924372423666 0.5166924372423666 0.0
11320.73129998025 11320.73129998025 0.0
21910.0 21910.0 0.0
0


HOST: 380
0.5238849423113018 0.5335303962978288 0.5062500000000263
11124.696749980494 7323.771749980297 3800.9250000001975
21235.0 13727.0 7508.0
0


HOST: 381
0.5171911132800969 0.5228631147526567 0.5062499999994036
9532.866599978746 6347.0353499825 3185.8312499962467
18432.0 12139.0 6293.0
0


HOST: 382
0.5186009287721649 0.5186009287721649 0.0
8431.413899977857 8431.413899977857 0.0
16258.0 16258.0 0.0
0


HOST: 383
0.5135843490096766 0.5135843490096766 0.0
7348.878449979464 7348.878449979464 0.0
14309.0 14309.0 0.0
0


HOST: 384
0.5178211740299674 0.5178211740299674 0.0
10113.565349979293 10113.565349979293 0.0
19531.0 19531.0 0.0
0


HOST: 385
0.5297251210702051 0.5297251210702051 0.0
11157.07049998066 11157.07049998066 0.0
21062.0 21062.0 0.0
0


HOST: 386
0.5088124274714544 0.5096062542803838 0.5062500000003638
20432.380649971194 15624.018149982285 4808.362500003455
40157.0 30659.0 9498.0
0


HOST: 387
0.5106345566391224 0.5106345566391224 0.0
19257.050399974585 19257.050399974585 0.0
37712.0 37712.0 0.0
0


HOST: 388
0.5110711003699091 0.5107597470919493 0.5127341413315069
19720.700549973684 16600.713299982533 3119.9872500022193
38587.0 32502.0 6085.0
0


HOST: 389
0.5148826645539777 0.5134864267953054 0.5187814941714072
21941.72474996776 16112.177099983093 5829.547650004102
42615.0 31378.0 11237.0
0


HOST: 390
0.5113861823354716 0.5109960423274205 0.5115717776140399
20462.606699971562 6591.337949981396 13871.268750004692
40014.0 12899.0 27115.0
0


HOST: 391
0.5154518143177507 0.5095356236418999 0.5183173271331349
18921.205199975993 6103.217699982677 12817.987500002428
36708.0 11978.0 24730.0
0


HOST: 392
0.506249999999327 0.5062499999985448 0.506249999999394
19430.887499974167 488.0249999985972 18942.862499977324
38382.0 964.0 37418.0
0


HOST: 393
0.516965145619629 0.5167861386840468 0.5230581791629757
18602.47379997673 18065.293049978223 537.1807500003761
35984.0 34957.0 1027.0
0


HOST: 394
0.5167093617488725 0.521523213121213 0.5062500000003638
20838.37184997028 14403.42809998166 6434.943750004624
40329.0 27618.0 12711.0
0


HOST: 395
0.515314885747079 0.515314885747079 0.0
17206.879349980714 17206.879349980714 0.0
33391.0 33391.0 0.0
0


HOST: 396
0.5195956288462201 0.5154793959545375 0.5226458179235506
19078.51229997551 8055.911999977512 11022.600300007682
36718.0 15628.0 21090.0
0


HOST: 397
0.5119628923705463 0.5129020242774041 0.5095394148024297
21300.728099968946 15379.880099982238 5920.848000004233
41606.0 29986.0 11620.0
0


HOST: 398
0.5213389682205399 0.5213389682205399 0.0
16355.967449983 16355.967449983 0.0
31373.0 31373.0 0.0
0


HOST: 399
0.5136418187348034 0.5112974216984362 0.5213924464963775
21082.428449970008 16112.51564998282 4969.912800003471
41045.0 31513.0 9532.0
0


HOST: 400
0.5062499999994718 0.5062499999985448 0.506249999999581
16394.906249982894 1708.5937499950887 14686.312499987846
32385.0 3375.0 29010.0
0


HOST: 401
0.5138222731639287 0.5138222731639287 0.0
16026.116699982935 16026.116699982935 0.0
31190.0 31190.0 0.0
0


HOST: 402
0.5105161459677706 0.5086378499790142 0.5115837182194971
21635.163749968153 7811.6600999777 13823.50365000903
42379.0 15358.0 27021.0
0


HOST: 403
0.5155893905616252 0.5145333432113498 0.5164371206516922
17580.051449979735 7812.159749977924 9767.891700006106
34097.0 15183.0 18914.0
0


HOST: 404
0.5189554130155875 0.5189181074172385 0.5189771339579305
19902.97799997381 7323.491249979488 12579.48675000628
38352.0 14113.0 24239.0
0


HOST: 405
0.5108429571099026 0.5111043685306661 0.509354750713803
20367.308699971814 17333.08244998048 3034.2262500021243
39870.0 33913.0 5957.0
0


HOST: 406
0.5151217719915433 0.5146918331107141 0.5167745272291399
17549.68364997989 13915.208399981268 3634.4752500025406
34069.0 27036.0 7033.0
0


HOST: 407
0.5188828225552203 0.5188828225552203 0.0
20317.375799972207 20317.375799972207 0.0
39156.0 39156.0 0.0
0


HOST: 408
0.5174036541521416 0.5174036541521416 0.0
20438.99654997205 20438.99654997205 0.0
39503.0 39503.0 0.0
0


HOST: 409
0.5062499999993222 0.5062499999985448 0.5062499999998844
19548.84374997383 3905.718749988773 15643.124999996428
38615.0 7715.0 30900.0
0


HOST: 410
0.520050259951379 0.5212476738299617 0.508350576448323
20405.732099972207 18553.810949977487 1851.9211500012407
39238.0 35595.0 3643.0
0


HOST: 411
0.5141624451208436 0.512717824137932 0.5167296217968264
17215.701149981207 10985.49209997933 6230.209050004336
33483.0 21426.0 12057.0
0


HOST: 412
0.5118904846166974 0.5121371008998366 0.5099578989574599
22562.084999965555 20018.41499997281 2543.66999999981
44076.0 39088.0 4988.0
0


HOST: 413
0.5155739630494708 0.5122000507599699 0.5176621648796524
19925.386949972897 7567.755749978554 12357.631200007063
38647.0 14775.0 23872.0
0


HOST: 414
0.5062499999993286 0.5062499999985448 0.5062499999995415
19388.86874997429 1464.5812499957901 17924.287499983766
38299.0 2893.0 35406.0
0


HOST: 415
0.511054904588916 0.5109348315712106 0.511097358962615
19631.15204997403 5126.720099985527 14504.431950000051
38413.0 10034.0 28379.0
0


HOST: 416
0.5191543294546126 0.5319140753482539 0.5097873065018256
17447.219549981164 7567.541549979607 9879.678000005379
33607.0 14227.0 19380.0
0


HOST: 417
0.506249999999292 0.5062499999985448 0.5062499999993497
13626.224999980945 976.0499999971944 12650.17499998375
26916.0 1928.0 24988.0
0


HOST: 418
0.5170625401597206 0.5336077106503812 0.5136694889346726
15289.02224998278 2685.113999992718 12603.908249990061
29569.0 5032.0 24537.0
0


HOST: 419
0.5244021174115457 0.5244021174115457 0.0
14971.156049982219 14971.156049982219 0.0
28549.0 28549.0 0.0
0


HOST: 420
0.5152613875030783 0.5162587779505036 0.5097762154436436
17565.26069997994 14891.484449982274 2673.7762500019107
34090.0 28845.0 5245.0
0


HOST: 421
0.5168908676865863 0.5168908676865863 0.0
16513.112549983372 16513.112549983372 0.0
31947.0 31947.0 0.0
0


HOST: 422
0.5300710171924135 0.6061552146136847 0.5145457654710552
8817.201299978606 1708.7515499959773 7108.449749982628
16634.0 2819.0 13815.0
0


HOST: 423
0.5186455814781781 0.5186455814781781 0.0
12982.217549980276 12982.217549980276 0.0
25031.0 25031.0 0.0
0


HOST: 424
0.5281792353051348 0.5306128236622544 0.5062500000003638
18628.3534499768 16844.834699981926 1783.5187500012817
35269.0 31746.0 3523.0
0


HOST: 425
0.5143705988258511 0.520564393717665 0.509932386442267
12712.669349980912 5370.66284998515 7342.006499995761
24715.0 10317.0 14398.0
0


HOST: 426
0.5062499999989808 0.5062499999985448 0.506249999999705
10559.868749978741 6591.374999981053 3968.4937499976877
20859.0 13020.0 7839.0
0


HOST: 427
0.5128375072963904 0.5128375072963904 0.0
13177.359749980751 13177.359749980751 0.0
25695.0 25695.0 0.0
0


HOST: 428
0.5076440173199174 0.5076440173199174 0.0
9554.368049978166 9554.368049978166 0.0
18821.0 18821.0 0.0
0


HOST: 429
0.5128288605864536 0.5128288605864536 0.0
13187.394149980653 13187.394149980653 0.0
25715.0 25715.0 0.0
0


HOST: 430
0.5083982126751181 0.5083982126751181 0.0
8462.28824997734 8462.28824997734 0.0
16645.0 16645.0 0.0
0


HOST: 431
0.5062499999986794 0.5062499999986794 0.0
8670.037499977383 8670.037499977383 0.0
17126.0 17126.0 0.0
0


HOST: 432
0.5085042067119486 0.5085042067119486 0.0
10317.041849978727 10317.041849978727 0.0
20289.0 20289.0 0.0
0


HOST: 433
0.5066618237971996 0.5066618237971996 0.0
10087.130249978447 10087.130249978447 0.0
19909.0 19909.0 0.0
0


HOST: 434
0.5094475928536167 0.5094475928536167 0.0
9354.476699978111 9354.476699978111 0.0
18362.0 18362.0 0.0
0


HOST: 435
0.5315225490185927 0.5315225490185927 0.0
10571.98349997981 10571.98349997981 0.0
19890.0 19890.0 0.0
0


HOST: 436
0.5104179202295042 0.5104179202295042 0.0
11875.893749979872 11875.893749979872 0.0
23267.0 23267.0 0.0
0


HOST: 437
0.5158615418353447 0.516836525528448 0.512348100224745
15875.638949982733 12450.591899980313 3425.0470500024203
30775.0 24090.0 6685.0
0


HOST: 438
0.5145918095226782 0.515696968521897 0.5112518727387022
9725.78519997862 7323.412649979458 2402.3725499991615
18900.0 14201.0 4699.0
0


HOST: 439
0.5222434534855958 0.5274203997104775 0.5185215740413871
10402.567349979581 4393.939349987988 6008.627999991593
19919.0 8331.0 11588.0
0


HOST: 440
0.5177789295334021 0.5177789295334021 0.0
7869.721949978179 7869.721949978179 0.0
15199.0 15199.0 0.0
0


HOST: 441
0.5216441968601033 0.5365075549436069 0.5135474259196733
10768.822799979973 3905.7749999894586 6863.047799990514
20644.0 7280.0 13364.0
0


HOST: 442
0.544208322513985 0.544208322513985 0.0
9641.738849980273 9641.738849980273 0.0
17717.0 17717.0 0.0
0


HOST: 443
0.5272771644949499 0.5272771644949499 0.0
9433.515749979148 9433.515749979148 0.0
17891.0 17891.0 0.0
0


HOST: 444
0.5062499999985448 0.5062499999985448 0.5062499999985448
6243.074999982055 1220.5687499964915 5022.506249985563
12332.0 2411.0 9921.0
0


HOST: 445
0.514793059775665 0.514793059775665 0.0
4572.906749987233 4572.906749987233 0.0
8883.0 8883.0 0.0
0


HOST: 446
0.525188113902399 0.525188113902399 0.0
9110.963399978817 9110.963399978817 0.0
17348.0 17348.0 0.0
0


HOST: 447
0.514731044430638 0.514731044430638 0.0
10704.346799979547 10704.346799979547 0.0
20796.0 20796.0 0.0
0


HOST: 448
0.5329135220568494 0.5490600927733611 0.5156273363416854
7332.357149980191 3906.013499989691 3426.3436499905
13759.0 7114.0 6645.0
0


HOST: 449
0.5062499999990391 0.5062499999985448 0.5062499999991983
11024.606249979075 2685.1499999922817 8339.456249986793
21777.0 5304.0 16473.0
0


HOST: 450
0.5086369177388849 0.5086369177388849 0.0
7698.219749978023 7698.219749978023 0.0
15135.0 15135.0 0.0
0


HOST: 451
0.5181784700532782 0.5178219636349933 0.5186819239989903
14604.341999981592 8544.06239997739 6060.279600004202
28184.0 16500.0 11684.0
0


HOST: 452
0.5108879238249513 0.5100652979636672 0.5119402730964231
10020.044849978769 5614.798799984048 4405.246049994721
19613.0 11008.0 8605.0
0


HOST: 453
0.5087653365707725 0.5087653365707725 0.0
10263.831899978764 10263.831899978764 0.0
20174.0 20174.0 0.0
0


HOST: 454
0.509451809953574 0.5137407997580227 0.5085156516592049
9457.463399978147 1708.7018999951833 7748.761499982964
18564.0 3326.0 15238.0
0


HOST: 455
0.5096794144991362 0.5096794144991362 0.0
14250.12674998135 14250.12674998135 0.0
27959.0 27959.0 0.0
0


HOST: 456
0.5062499999986487 0.5062499999985448 0.5062499999986585
8515.124999977272 732.0374999978958 7783.087499979376
16820.0 1446.0 15374.0
0


HOST: 457
0.5078404966585848 0.5080306073992097 0.5062499999999402
8742.474149977537 7811.986649977647 930.4874999998901
17215.0 15377.0 1838.0
0


HOST: 458
0.7780439332868889 1.0025698369443403 0.5062499999999936
69882.34999996179 49312.39999994432 20569.949999999742
89818.0 49186.0 40632.0
2


HOST: 459
0.5092264825470368 0.5092264825470368 0.0
9016.364099977834 9016.364099977834 0.0
17706.0 17706.0 0.0
0


HOST: 460
0.5143043694259039 0.5143043694259039 0.0
12111.867899980036 12111.867899980036 0.0
23550.0 23550.0 0.0
0


HOST: 461
0.5062499999985784 0.5062499999985784 0.0
8179.987499977031 8179.987499977031 0.0
16158.0 16158.0 0.0
0


HOST: 462
0.5062499999985448 0.5062499999985448 0.0
7652.474999978003 7652.474999978003 0.0
15116.0 15116.0 0.0
0


HOST: 463
0.5184772738554798 0.5184772738554798 0.0
8345.410199977803 8345.410199977803 0.0
16096.0 16096.0 0.0
0


HOST: 464
0.5090252826621806 0.5090252826621806 0.0
9724.4189999783 9724.4189999783 0.0
19104.0 19104.0 0.0
0


HOST: 465
0.5132173053435917 0.5169415621422271 0.5062499999994431
9669.52724997861 6347.008499982265 3322.518749996345
18841.0 12278.0 6563.0
0


HOST: 466
0.5092544200134737 0.5112975057106552 0.5062499999990266
8986.81274997777 5370.668999984722 3616.143749993047
17647.0 10504.0 7143.0
0


HOST: 467
0.5159694265334533 0.5160470934064255 0.515487441924385
13604.04989998103 11717.881349979705 1886.1685500013245
26366.0 22707.0 3659.0
0


HOST: 468
0.5087184940084802 0.5087184940084802 0.0
8110.4989499772 8110.4989499772 0.0
15943.0 15943.0 0.0
0


HOST: 469
0.5107655563629596 0.5098909385211409 0.5117217972141466
14046.05279998139 7323.563549979146 6722.489250002243
27500.0 14363.0 13137.0
0


HOST: 470
0.5126640719318061 0.5126640719318061 0.0
12058.884299979944 12058.884299979944 0.0
23522.0 23522.0 0.0
0


HOST: 471
0.5062499999987978 0.5062499999985448 0.5062499999989442
9325.631249977854 3417.693749990176 5907.937499987678
18421.0 6751.0 11670.0
0


HOST: 472
0.5138667333859281 0.5138667333859281 0.0
12836.390999980486 12836.390999980486 0.0
24980.0 24980.0 0.0
0


HOST: 473
0.5062499999990342 0.5062499999985448 0.5062499999991741
10983.599999979046 2441.137499992983 8542.462499986063
21696.0 4822.0 16874.0
0


HOST: 474
0.5062499999985448 0.5062499999985448 0.0
4384.631249987397 4384.631249987397 0.0
8661.0 8661.0 0.0
0


HOST: 475
0.5062499999988481 0.5062499999985448 0.5062499999989807
9635.456249978077 2929.1624999915803 6706.293749986497
19033.0 5786.0 13247.0
0


HOST: 476
0.5126382927300033 0.5161879469420334 0.5088981061367319
10395.279299979007 5370.419399984916 5024.859899994091
20278.0 10404.0 9874.0
0


HOST: 477
0.5123408314221011 0.5096494572010546 0.515022129782919
9834.894599978652 4882.441799986103 4952.4527999925485
19196.0 9580.0 9616.0
0


HOST: 478
0.50624999999871 0.5062499999985448 0.5062499999987429
8830.518749977498 1464.5812499957901 7365.937499981708
17443.0 2893.0 14550.0
0


HOST: 479
0.5108196641720114 0.5102523074979249 0.5118048780481363
9628.439849978244 6103.12784998268 3525.3119999955634
18849.0 11961.0 6888.0
0


HOST: 480
0.5086404899586684 0.5095780453243258 0.5062499999995489
9498.861149978133 6835.479899980506 2663.3812499976266
18675.0 13414.0 5261.0
0


HOST: 481
0.5099102391265745 0.5229749598271549 0.5062499999987258
8700.088499977614 1952.7884999945964 6747.299999983017
17062.0 3734.0 13328.0
0


HOST: 482
0.5144658926239897 0.5144658926239897 0.0
11077.479599979746 11077.479599979746 0.0
21532.0 21532.0 0.0
0


HOST: 483
0.506249999999452 0.5062499999985448 0.5062499999997445
16016.231249982662 3905.718749988773 12110.512499993889
31637.0 7715.0 23922.0
0


HOST: 484
0.5162300755279765 0.5162300755279765 0.0
20504.658599971226 20504.658599971226 0.0
39720.0 39720.0 0.0
0


HOST: 485
0.5151455506282957 0.5152412764786328 0.5062500000003638
19983.526199972846 19774.444949973447 209.08125000015025
38792.0 38379.0 413.0
0


HOST: 486
0.5184058435610754 0.5184058435610754 0.0
20399.78834997188 20399.78834997188 0.0
39351.0 39351.0 0.0
0


HOST: 487
0.5225262973345358 0.5213179136089805 0.5273108837974161
19000.623749975726 15134.380349982312 3866.243400002655
36363.0 29031.0 7332.0
0


HOST: 488
0.5169431443411243 0.5140009181272212 0.5255525956977708
20095.130849972527 14891.634599981851 5203.496250003629
38873.0 28972.0 9901.0
0


HOST: 489
0.5121108125202937 0.5134284260509555 0.5079065429162628
19828.41854997325 15135.869999982167 4692.548550003352
38719.0 29480.0 9239.0
0


HOST: 490
0.5283970336648498 0.5283970336648498 0.0
9636.90509997953 9636.90509997953 0.0
18238.0 18238.0 0.0
0


HOST: 491
0.5407222192357444 0.5407222192357444 0.0
9056.556449979482 9056.556449979482 0.0
16749.0 16749.0 0.0
0


HOST: 492
0.5167276951663163 0.5167276951663163 0.0
10841.980499979649 10841.980499979649 0.0
20982.0 20982.0 0.0
0


HOST: 493
0.5325101226981335 0.5325101226981335 0.0
8940.312449978963 8940.312449978963 0.0
16789.0 16789.0 0.0
0


HOST: 494
0.5186771761743625 0.5186771761743625 0.0
9718.45424997903 9718.45424997903 0.0
18737.0 18737.0 0.0
0


HOST: 495
0.5225301230014664 0.5225301230014664 0.0
10365.430049980088 10365.430049980088 0.0
19837.0 19837.0 0.0
0


HOST: 496
0.5127052975068267 0.5127052975068267 0.0
9073.345649978311 9073.345649978311 0.0
17697.0 17697.0 0.0
0


HOST: 497
0.5062499999989889 0.5062499999985448 0.5062499999990218
10622.137499978786 732.0374999978958 9890.09999998089
20982.0 1446.0 19536.0
0


HOST: 498
0.5172270984022637 0.5197690273408031 0.5062500000003638
11369.168849980157 9276.837599978653 2092.3312500015036
21981.0 17848.0 4133.0
0


HOST: 499
0.5202142172872025 0.5202142172872025 0.0
9231.721499978696 9231.721499978696 0.0
17746.0 17746.0 0.0
0


HOST: 500
0.5171501901232355 0.5171501901232355 0.0
9520.217849978642 9520.217849978642 0.0
18409.0 18409.0 0.0
0


HOST: 501
0.5139773619404124 0.5139773619404124 0.0
11522.344499980167 11522.344499980167 0.0
22418.0 22418.0 0.0
0


HOST: 502
0.509545388449023 0.509545388449023 0.0
8585.330249977587 8585.330249977587 0.0
16849.0 16849.0 0.0
0


HOST: 503
0.5274487777053879 0.5225257759528817 0.5326006066814097
5782.420949984167 2929.279499991855 2853.141449992312
10963.0 5606.0 5357.0
0


HOST: 504
0.5123001364439398 0.5129331312269072 0.5100058746739936
10888.427099979495 8544.44009997782 2343.9870000016745
21254.0 16658.0 4596.0
0


HOST: 505
0.5197977124173158 0.5197977124173158 0.0
10736.421749979658 10736.421749979658 0.0
20655.0 20655.0 0.0
0


HOST: 506
0.5062499999985448 0.5062499999985448 0.0
7807.893749977557 7807.893749977557 0.0
15423.0 15423.0 0.0
0


HOST: 507
0.5161554471495357 0.5161554471495357 0.0
10660.158449979359 10660.158449979359 0.0
20653.0 20653.0 0.0
0


HOST: 508
0.5086210237118394 0.5086210237118394 0.0
8794.057499977702 8794.057499977702 0.0
17290.0 17290.0 0.0
0


HOST: 509
0.5120313357720128 0.5120313357720128 0.0
10073.70449997858 10073.70449997858 0.0
19674.0 19674.0 0.0
0


HOST: 510
0.5183251343151037 0.5183251343151037 0.0
11287.566449980013 11287.566449980013 0.0
21777.0 21777.0 0.0
0


HOST: 511
0.5062499999991195 0.5062499999985448 0.5062499999991317
11736.393749979587 244.0124999992986 11492.381249980288
23183.0 482.0 22701.0
0


HOST: 512
0.5062499999987845 0.5062499999985448 0.5062499999988592
9247.162499977798 2197.1249999936845 7050.037499984113
18266.0 4340.0 13926.0
0


HOST: 513
0.5188233911001634 0.5188233911001634 0.0
10657.670099979558 10657.670099979558 0.0
20542.0 20542.0 0.0
0


HOST: 514
0.5233552309051823 0.5260709571683508 0.5189165688281485
9394.749749978928 5858.852249983924 3535.897499995004
17951.0 11137.0 6814.0
0


HOST: 515
0.522053163461962 0.522053163461962 0.0
9967.56104997924 9967.56104997924 0.0
19093.0 19093.0 0.0
0


HOST: 516
0.521014400813589 0.5711827091852129 0.515096562671188
8438.870249977701 976.1512499975288 7462.718999980172
16197.0 1709.0 14488.0
0


HOST: 517
0.5215425547921807 0.5218594271041626 0.521196822156507
9351.779549978592 4882.516799986544 4469.262749992047
17931.0 9356.0 8575.0
0


HOST: 518
0.5145480888129965 0.517632612605394 0.5062500000003638
10984.57259997985 8055.916349977746 2928.6562500021046
21348.0 15563.0 5785.0
0


HOST: 519
0.5284489621607276 0.5284489621607276 0.0
4888.15289998673 4888.15289998673 0.0
9250.0 9250.0 0.0
0


HOST: 520
0.5284021045845386 0.5166636325133912 0.5299569650058066
10670.552099980172 1220.35949999663 9450.192599983542
20194.0 2362.0 17832.0
0


HOST: 521
0.5190958994697238 0.5190958994697238 0.0
9418.47599997867 9418.47599997867 0.0
18144.0 18144.0 0.0
0


HOST: 522
0.5466015511615585 0.5466015511615585 0.0
9567.166949980758 9567.166949980758 0.0
17503.0 17503.0 0.0
0


HOST: 523
0.516897290014735 0.516897290014735 0.0
9784.865699978933 9784.865699978933 0.0
18930.0 18930.0 0.0
0


HOST: 524
0.51216778526913 0.51216778526913 0.0
9721.968899978625 9721.968899978625 0.0
18982.0 18982.0 0.0
0


HOST: 525
0.5104819270374645 0.5104819270374645 0.0
7780.255049977997 7780.255049977997 0.0
15241.0 15241.0 0.0
0


HOST: 526
0.518165094338218 0.518165094338218 0.0
8238.824999977665 8238.824999977665 0.0
15900.0 15900.0 0.0
0


HOST: 527
0.5062499999987364 0.5062499999985448 0.5062499999988184
8974.293749977602 2685.1499999922817 6289.14374998532
17727.0 5304.0 12423.0
0


HOST: 528
0.5062499999985448 0.5062499999985448 0.0
5410.799999984447 5410.799999984447 0.0
10688.0 10688.0 0.0
0


HOST: 529
0.5082966473285405 0.5082966473285405 0.0
8937.379949977729 8937.379949977729 0.0
17583.0 17583.0 0.0
0


HOST: 530
0.5062499999986813 0.5062499999985448 0.5062499999986938
8679.65624997739 732.0374999978958 7947.618749979494
17145.0 1446.0 15699.0
0


HOST: 531
0.514385887945018 0.514385887945018 0.0
9034.159349978352 9034.159349978352 0.0
17563.0 17563.0 0.0
0


HOST: 532
0.5255814735865405 0.539299484534632 0.5176494890563913
9740.601449979355 3661.843499990151 6078.757949989204
18533.0 6790.0 11743.0
0


HOST: 533
0.5062499999985659 0.5062499999985448 0.5062499999985763
8122.78124997699 2685.1499999922817 5437.631249984708
16045.0 5304.0 10741.0
0


HOST: 534
0.5209490272630998 0.5176009348486733 0.5816299126641299
11407.220849980096 10741.254599979668 665.9662500004288
21897.0 20752.0 1145.0
0


HOST: 535
0.5189769826213533 0.5189769826213533 0.0
9855.372899979498 9855.372899979498 0.0
18990.0 18990.0 0.0
0


HOST: 536
0.5203559266562579 0.5215028571414152 0.5062499999997246
8428.725299978065 7812.1127999784 616.6124999996646
16198.0 14980.0 1218.0
0


HOST: 537
0.5222755332027512 0.5222755332027512 0.0
8619.635399978206 8619.635399978206 0.0
16504.0 16504.0 0.0
0


HOST: 538
0.518909343168961 0.518909343168961 0.0
10902.28529997987 10902.28529997987 0.0
21010.0 21010.0 0.0
0


HOST: 539
0.5180834738329282 0.5232568965502713 0.5062499999985448
7989.365249977585 5614.546499984412 2374.8187499931737
15421.0 10730.0 4691.0
0


HOST: 540
0.525356141014474 0.525356141014474 0.0
6236.502749982821 6236.502749982821 0.0
11871.0 11871.0 0.0
0


HOST: 541
0.5313758102383319 0.5313758102383319 0.0
9050.392799979269 9050.392799979269 0.0
17032.0 17032.0 0.0
0


HOST: 542
0.516689891915342 0.516689891915342 0.0
11473.099049980168 11473.099049980168 0.0
22205.0 22205.0 0.0
0


HOST: 543
0.5062499999990485 0.5062499999985448 0.5062499999992092
11103.074999979131 2685.1499999922817 8417.92499998685
21932.0 5304.0 16628.0
0


HOST: 544
0.5105160651968208 0.5105160651968208 0.0
10241.97329997862 10241.97329997862 0.0
20062.0 20062.0 0.0
0


HOST: 545
0.5099295821949604 0.5116585516648672 0.5081947949518636
9715.178399978386 4882.245899986163 4832.932499992223
19052.0 9542.0 9510.0
0


HOST: 546
0.5093897932638187 0.5093897932638187 0.0
8032.567649977158 8032.567649977158 0.0
15769.0 15769.0 0.0
0


HOST: 547
0.5110185393247652 0.5110185393247652 0.0
10096.70429997871 10096.70429997871 0.0
19758.0 19758.0 0.0
0


HOST: 548
0.5159854667539219 0.5159854667539219 0.0
9335.725049978708 9335.725049978708 0.0
18093.0 18093.0 0.0
0


HOST: 549
0.5062499999990926 0.5062499999985448 0.5062499999991578
11488.331249979408 1220.5687499964915 10267.762499982917
22693.0 2411.0 20282.0
0


HOST: 550
0.5188140969404871 0.5188140969404871 0.0
8991.048299978642 8991.048299978642 0.0
17330.0 17330.0 0.0
0


HOST: 551
0.5206341280641941 0.5206341280641941 0.0
9171.490799978843 9171.490799978843 0.0
17616.0 17616.0 0.0
0


HOST: 552
0.5165198773826384 0.5165198773826384 0.0
11078.83484998021 11078.83484998021 0.0
21449.0 21449.0 0.0
0


HOST: 553
0.5223493559504649 0.5229078092448607 0.5062500000003638
9083.655299978585 8788.511549978373 295.1437500002121
17390.0 16807.0 583.0
0


HOST: 554
0.5420709958731134 0.5420709958731134 0.0
11561.290199981762 11561.290199981762 0.0
21328.0 21328.0 0.0
0


HOST: 555
0.512974647549005 0.5154529996345262 0.50624999999969
9642.384449978648 7079.746949980217 2562.637499998431
18797.0 13735.0 5062.0
0


HOST: 556
0.5275637105988501 0.5275637105988501 0.0
11532.015149980265 11532.015149980265 0.0
21859.0 21859.0 0.0
0


HOST: 557
0.5143225047829136 0.5062499999985448 0.5149564849001305
10213.416299979099 732.0374999978958 9481.378799981203
19858.0 1446.0 18412.0
0


HOST: 558
0.5442499884714702 0.5442499884714702 0.0
9442.737299980008 9442.737299980008 0.0
17350.0 17350.0 0.0
0


HOST: 559
0.5140510058323992 0.5140510058323992 0.0
7666.042649978568 7666.042649978568 0.0
14913.0 14913.0 0.0
0


HOST: 560
0.5230977528803097 0.5230977528803097 0.0
8077.675499977742 8077.675499977742 0.0
15442.0 15442.0 0.0
0


HOST: 561
0.522794939660996 0.5241928290224376 0.5207027852163209
9747.51164997927 5858.903249983785 3888.6083999954844
18645.0 11177.0 7468.0
0


HOST: 562
0.5156466339883259 0.5156466339883259 0.0
5943.858749983432 5943.858749983432 0.0
11527.0 11527.0 0.0
0


HOST: 563
0.5117059770105066 0.5117059770105066 0.0
10684.420799979376 10684.420799979376 0.0
20880.0 20880.0 0.0
0


HOST: 564
0.5165009424984968 0.5165009424984968 0.0
9782.01134997903 9782.01134997903 0.0
18939.0 18939.0 0.0
0


HOST: 565
0.5120710316379313 0.5120710316379313 0.0
9500.45384997854 9500.45384997854 0.0
18553.0 18553.0 0.0
0


HOST: 566
0.5181105136690838 0.5181105136690838 0.0
9380.390849978761 9380.390849978761 0.0
18105.0 18105.0 0.0
0


HOST: 567
0.5062499999986734 0.5062499999985448 0.5062499999987393
8639.15624997736 2929.1624999915803 5709.993749985781
17065.0 5786.0 11279.0
0


HOST: 568
0.5124949106760966 0.5124949106760966 0.0
9868.601999978917 9868.601999978917 0.0
19256.0 19256.0 0.0
0


HOST: 569
0.5140522000089979 0.5140522000089979 0.0
10234.265249979138 10234.265249979138 0.0
19909.0 19909.0 0.0
0


HOST: 570
0.5185665437586364 0.5185665437586364 0.0
11180.81324997996 11180.81324997996 0.0
21561.0 21561.0 0.0
0


HOST: 571
0.5140496662679308 0.5140496662679308 0.0
6469.315049981909 6469.315049981909 0.0
12585.0 12585.0 0.0
0


HOST: 572
0.5240719271034249 0.5240719271034249 0.0
8957.961449978842 8957.961449978842 0.0
17093.0 17093.0 0.0
0


HOST: 573
0.5062499999988704 0.5062499999985448 0.5062499999989065
9779.23124997818 976.0499999971944 8803.181249980986
19317.0 1928.0 17389.0
0


HOST: 574
0.5157531082015709 0.5388920228763543 0.5062499999987814
8827.630199978088 2685.2989499928735 6142.3312499852145
17116.0 4983.0 12133.0
0


HOST: 575
0.5190515445238193 0.5190515445238193 0.0
9745.711799979232 9745.711799979232 0.0
18776.0 18776.0 0.0
0


HOST: 576
0.5062499999990279 0.5062499999990279 0.0
10931.456249979008 10931.456249979008 0.0
21593.0 21593.0 0.0
0


HOST: 577
0.5062499999985448 0.5062499999985448 0.5062499999985448
7658.043749977987 2929.1624999915803 4728.881249986407
15127.0 5786.0 9341.0
0


HOST: 578
0.5134245790860955 0.5138239125338045 0.5062500000003638
9270.39419997854 8788.444199978194 481.95000000034634
18056.0 17104.0 952.0
0


HOST: 579
0.5196085833488782 0.5196085833488782 0.0
10460.759999979615 10460.759999979615 0.0
20132.0 20132.0 0.0
0


HOST: 580
0.5371997425028294 0.5371997425028294 0.0
11161.399049981286 11161.399049981286 0.0
20777.0 20777.0 0.0
0


HOST: 581
0.5376802963761563 0.5376802963761563 0.0
4408.440749988105 4408.440749988105 0.0
8199.0 8199.0 0.0
0


HOST: 582
0.5437731604753505 0.5437731604753505 0.0
9311.571599979903 9311.571599979903 0.0
17124.0 17124.0 0.0
0


HOST: 583
0.5449619764952114 0.5449619764952114 0.0
9459.994949980375 9459.994949980375 0.0
17359.0 17359.0 0.0
0


HOST: 584
0.5126527236788554 0.5126527236788554 0.0
10766.219849979641 10766.219849979641 0.0
21001.0 21001.0 0.0
0


HOST: 585
0.5683690282070758 0.5683690282070758 0.0
10457.421749981988 10457.421749981988 0.0
18399.0 18399.0 0.0
0


HOST: 586
0.5419899645276062 0.5419899645276062 0.0
11001.31229998135 11001.31229998135 0.0
20298.0 20298.0 0.0
0


HOST: 587
0.5152018023381537 0.5152018023381537 0.0
8632.721399978103 8632.721399978103 0.0
16756.0 16756.0 0.0
0


HOST: 588
0.521446713844735 0.5220056482726285 0.5181215482473315
11678.842049980529 10008.93629997938 1669.9057500011495
22397.0 19174.0 3223.0
0


HOST: 589
0.5246519318503108 0.530796813847023 0.5161511800089543
10808.879099980102 6347.268299982701 4461.610799997401
20602.0 11958.0 8644.0
0


HOST: 590
0.5163124793382738 0.5163124793382738 0.0
15930.82154998244 15930.82154998244 0.0
30855.0 30855.0 0.0
0


HOST: 591
0.5127467786266618 0.5166619272893928 0.5115773734705243
17906.655749978912 4149.828599988403 13756.82714999587
34923.0 8032.0 26891.0
0


HOST: 592
0.5108579756225882 0.5096092735611305 0.5119363310653049
21124.488149969642 9765.132899978384 11359.35525000805
41351.0 19162.0 22189.0
0


HOST: 593
0.5116598783736548 0.5135016679979924 0.5090352646727438
20697.665399971083 12206.448149980275 8491.21725000604
40452.0 23771.0 16681.0
0


HOST: 594
0.5135082665805605 0.5160508062127164 0.5104854529518523
19231.911599975152 10497.505499979077 8734.406100006194
37452.0 20342.0 17110.0
0


HOST: 595
0.5119980128143587 0.5129284405263007 0.5110877205508091
17739.19514997909 8788.515899977636 8950.67925000632
34647.0 17134.0 17513.0
0


HOST: 596
0.5153961858522882 0.5143569930765738 0.5188361175692789
20066.435099972987 15379.788449982632 4686.646650003297
38934.0 29901.0 9033.0
0


HOST: 597
0.5159170282310802 0.5158973242878735 0.5159282700014665
20832.72959997102 7567.6978499788165 13265.031750007705
40380.0 14669.0 25711.0
0


HOST: 598
0.5267229743153373 0.5267229743153373 0.0
9536.319449979183 9536.319449979183 0.0
18105.0 18105.0 0.0
0


HOST: 599
0.5105319199190033 0.5105319199190033 0.0
8211.39539997725 8211.39539997725 0.0
16084.0 16084.0 0.0
0


HOST: 600
0.5101531765076601 0.510649778514603 0.5062499999985448
4673.513249986674 4150.050749988179 523.4624999984953
9161.0 8127.0 1034.0
0


HOST: 601
0.5067122410134234 0.5067313435637806 0.5062500000003638
8388.621149977223 8056.014899976984 332.606250000239
16555.0 15898.0 657.0
0


HOST: 602
0.5128584801169952 0.5128584801169952 0.0
9724.822499978463 9724.822499978463 0.0
18962.0 18962.0 0.0
0


HOST: 603
0.5213298307710105 0.5073481226171831 0.5444511456066731
12076.084199979687 7323.5701499790375 4752.514050000649
23164.0 14435.0 8729.0
0


HOST: 604
0.515294098042768 0.5079699147370319 0.5328892831020494
14379.797099981486 10009.039199978477 4370.757900003009
27906.0 19704.0 8202.0
0


HOST: 605
0.5103400488983761 0.5103400488983761 0.0
8349.163199977434 8349.163199977434 0.0
16360.0 16360.0 0.0
0


HOST: 606
0.5188165634666191 0.5204668020294212 0.5062500000003638
11562.86474998054 10253.195999979598 1309.6687500009411
22287.0 19700.0 2587.0
0


HOST: 607
0.5281541680660646 0.5281541680660646 0.0
9427.551899979253 9427.551899979253 0.0
17850.0 17850.0 0.0
0


HOST: 608
0.5119112502292319 0.5119112502292319 0.0
11120.759999979833 11120.759999979833 0.0
21724.0 21724.0 0.0
0


HOST: 609
0.5361124050882646 0.5361124050882646 0.0
10449.902999980453 10449.902999980453 0.0
19492.0 19492.0 0.0
0


HOST: 610
0.5156863171341112 0.5156863171341112 0.0
7863.700649978062 7863.700649978062 0.0
15249.0 15249.0 0.0
0


HOST: 611
0.5165756882118699 0.5165756882118699 0.0
10189.455449979134 10189.455449979134 0.0
19725.0 19725.0 0.0
0


HOST: 612
0.511008811733781 0.5147898063821587 0.5063783249200089
9684.638999978617 5370.802049985061 4313.836949993556
18952.0 10433.0 8519.0
0


HOST: 613
0.5129022104860148 0.5132092255783417 0.5062500000003638
10975.081499979744 10497.1814999794 477.9000000003434
21398.0 20454.0 944.0
0


HOST: 614
0.5070539866087658 0.5070539866087658 0.0
9997.076399978425 9997.076399978425 0.0
19716.0 19716.0 0.0
0


HOST: 615
0.5142051334372372 0.5100752723734568 0.5296381762412988
13101.946799980802 10253.023049978856 2848.9237500019462
25480.0 20101.0 5379.0
0


HOST: 616
0.5062499999990502 0.5062499999985448 0.5062499999991269
11117.249999979142 1464.5812499957901 9652.668749983352
21960.0 2893.0 19067.0
0


HOST: 617
0.510625403409453 0.5109844973824379 0.5062500000003638
10031.236049978703 9276.92354997816 754.3125000005421
19645.0 18155.0 1490.0
0


HOST: 618
0.5113705598228084 0.5093033381698118 0.5128629666009771
13445.977499980925 5614.559999984005 7831.41749999692
26294.0 11024.0 15270.0
0


HOST: 619
0.5144071144312312 0.5117651060841851 0.5196857659605114
12150.810449980112 8056.206299977242 4094.6041500028696
23621.0 15742.0 7879.0
0


HOST: 620
0.5290115577878349 0.5290115577878349 0.0
9685.143599979681 9685.143599979681 0.0
18308.0 18308.0 0.0
0


HOST: 621
0.539937987380166 0.539937987380166 0.0
10953.721949981427 10953.721949981427 0.0
20287.0 20287.0 0.0
0


HOST: 622
0.5282154408544043 0.5282154408544043 0.0
9681.132599979523 9681.132599979523 0.0
18328.0 18328.0 0.0
0


HOST: 623
0.5251433006913429 0.5251433006913429 0.0
8795.09999997861 8795.09999997861 0.0
16748.0 16748.0 0.0
0


HOST: 624
0.5062499999987551 0.5062499999987551 0.0
9078.074999977676 9078.074999977676 0.0
17932.0 17932.0 0.0
0


