records: 20
      Record Time
Host  UsedBuffer

  49376.0 98752.0 148128.0 197504.0 246880.0 296256.0 345632.0 395008.0 444384.0 493760.0 543136.0 592512.0 641888.0 691264.0 740640.0 790016.0 839392.0 888768.0 938144.0 987520.0
0 0.0 4.0E8 4.0E8 5.0E8 7.0E8 7.0E8 9.0E8 1.0E9 1.1E9 1.1E9 1.1E9 1.1E9 1.2E9 1.4E9 1.6E9 1.6E9 1.6E9 1.6E9 1.7E9 1.8E9
1 0.0 0.0 1.0E8 1.0E8 1.0E8 1.0E8 2.0E8 3.0E8 4.0E8 4.0E8 4.0E8 5.0E8 6.0E8 7.0E8 7.0E8 7.0E8 9.0E8 9.0E8 1.3E9 1.4E9
2 1.0E8 2.0E8 3.0E8 4.0E8 5.0E8 6.0E8 7.0E8 8.0E8 1.0E9 1.0E9 1.1E9 1.4E9 1.5E9 1.5E9 1.6E9 1.6E9 1.9E9 1.9E9 1.9E9 -2.094967296E9
3 0.0 0.0 1.0E8 2.0E8 2.0E8 2.0E8 2.0E8 2.0E8 2.0E8 3.0E8 3.0E8 5.0E8 6.0E8 7.0E8 8.0E8 9.0E8 1.0E9 1.0E9 1.0E9 1.0E9
4 0.0 0.0 1.0E8 2.0E8 3.0E8 7.0E8 7.0E8 8.0E8 8.0E8 8.0E8 1.0E9 1.1E9 1.4E9 1.5E9 1.7E9 1.8E9 1.8E9 1.8E9 2.0E9 -2.094967296E9
5 1.0E8 3.0E8 4.0E8 5.0E8 6.0E8 7.0E8 7.0E8 7.0E8 8.0E8 8.0E8 8.0E8 8.0E8 1.0E9 1.2E9 1.3E9 1.3E9 1.4E9 1.7E9 1.7E9 1.8E9
6 1.0E8 3.0E8 4.0E8 5.0E8 5.0E8 6.0E8 7.0E8 8.0E8 8.0E8 1.0E9 1.3E9 1.5E9 1.6E9 1.6E9 1.6E9 1.8E9 1.8E9 1.9E9 1.9E9 1.9E9
7 1.0E8 3.0E8 4.0E8 4.0E8 5.0E8 6.0E8 8.0E8 9.0E8 9.0E8 1.2E9 1.2E9 1.2E9 1.3E9 1.4E9 1.4E9 1.5E9 1.6E9 1.6E9 1.8E9 1.8E9
8 0.0 1.0E8 2.0E8 2.0E8 2.0E8 3.0E8 4.0E8 6.0E8 6.0E8 7.0E8 7.0E8 8.0E8 9.0E8 9.0E8 9.0E8 1.0E9 1.3E9 1.4E9 1.4E9 1.5E9
9 0.0 1.0E8 1.0E8 2.0E8 2.0E8 3.0E8 3.0E8 3.0E8 4.0E8 4.0E8 5.0E8 5.0E8 7.0E8 7.0E8 7.0E8 7.0E8 7.0E8 8.0E8 8.0E8 9.0E8
10 0.0 1.0E8 1.0E8 1.0E8 1.0E8 2.0E8 3.0E8 3.0E8 5.0E8 5.0E8 5.0E8 5.0E8 6.0E8 7.0E8 8.0E8 8.0E8 8.0E8 9.0E8 1.0E9 1.1E9
11 0.0 2.0E8 2.0E8 2.0E8 2.0E8 2.0E8 3.0E8 6.0E8 9.0E8 1.2E9 1.3E9 1.5E9 1.5E9 1.5E9 1.6E9 1.7E9 1.8E9 1.8E9 1.8E9 1.8E9
12 0.0 1.0E8 1.0E8 1.0E8 1.0E8 1.0E8 2.0E8 3.0E8 4.0E8 4.0E8 4.0E8 6.0E8 8.0E8 9.0E8 9.0E8 1.2E9 1.3E9 1.3E9 1.4E9 1.5E9
13 1.0E8 1.0E8 2.0E8 3.0E8 3.0E8 3.0E8 3.0E8 4.0E8 4.0E8 4.0E8 4.0E8 4.0E8 4.0E8 4.0E8 4.0E8 5.0E8 6.0E8 7.0E8 1.2E9 1.4E9
14 1.0E8 2.0E8 2.0E8 3.0E8 4.0E8 4.0E8 5.0E8 6.0E8 6.0E8 8.0E8 9.0E8 9.0E8 1.0E9 1.1E9 1.2E9 1.4E9 1.4E9 1.6E9 1.6E9 1.7E9
15 2.0E8 2.0E8 2.0E8 2.0E8 2.0E8 4.0E8 6.0E8 7.0E8 9.0E8 9.0E8 9.0E8 1.0E9 1.1E9 1.1E9 1.1E9 1.1E9 1.1E9 1.1E9 1.1E9 1.1E9
16 1.0E8 1.0E8 1.0E8 1.0E8 1.0E8 1.0E8 3.0E8 5.0E8 6.0E8 6.0E8 7.0E8 8.0E8 1.0E9 1.1E9 1.4E9 1.6E9 1.8E9 2.0E9 -1.994967296E9 -1.894967296E9
17 1.0E8 3.0E8 4.0E8 5.0E8 7.0E8 8.0E8 8.0E8 1.0E9 1.1E9 1.1E9 1.1E9 1.1E9 1.2E9 1.4E9 1.6E9 1.8E9 1.8E9 1.9E9 2.1E9 -1.894967296E9
18 0.0 1.0E8 1.0E8 2.0E8 3.0E8 5.0E8 5.0E8 5.0E8 5.0E8 8.0E8 8.0E8 8.0E8 8.0E8 8.0E8 9.0E8 1.0E9 1.1E9 1.3E9 1.3E9 1.3E9
19 1.0E8 1.0E8 3.0E8 4.0E8 5.0E8 5.0E8 5.0E8 6.0E8 6.0E8 8.0E8 9.0E8 1.1E9 1.3E9 1.3E9 1.3E9 1.3E9 1.3E9 1.3E9 1.3E9 1.4E9
20 0.0 1.0E8 2.0E8 3.0E8 3.0E8 3.0E8 4.0E8 4.0E8 4.0E8 4.0E8 5.0E8 5.0E8 5.0E8 5.0E8 5.0E8 5.0E8 6.0E8 8.0E8 8.0E8 8.0E8
21 1.0E8 3.0E8 3.0E8 3.0E8 3.0E8 3.0E8 5.0E8 7.0E8 8.0E8 8.0E8 1.0E9 1.0E9 1.1E9 1.1E9 1.1E9 1.2E9 1.3E9 1.4E9 1.5E9 1.5E9
22 1.0E8 1.0E8 2.0E8 2.0E8 5.0E8 6.0E8 6.0E8 7.0E8 7.0E8 8.0E8 9.0E8 9.0E8 1.0E9 1.0E9 1.0E9 1.0E9 1.0E9 1.0E9 1.1E9 1.1E9
23 0.0 1.0E8 4.0E8 6.0E8 8.0E8 8.0E8 8.0E8 8.0E8 8.0E8 8.0E8 8.0E8 9.0E8 9.0E8 9.0E8 1.0E9 1.0E9 1.1E9 1.2E9 1.3E9 1.5E9
24 0.0 0.0 0.0 0.0 1.0E8 1.0E8 4.0E8 4.0E8 5.0E8 7.0E8 8.0E8 8.0E8 9.0E8 1.0E9 1.2E9 1.2E9 1.2E9 1.2E9 1.4E9 1.6E9
25 1.0E8 2.0E8 2.0E8 3.0E8 5.0E8 5.0E8 7.0E8 8.0E8 1.0E9 1.0E9 1.1E9 1.1E9 1.1E9 1.2E9 1.2E9 1.2E9 1.2E9 1.3E9 1.4E9 1.4E9
26 0.0 2.0E8 2.0E8 4.0E8 6.0E8 7.0E8 8.0E8 9.0E8 1.1E9 1.1E9 1.4E9 1.4E9 1.5E9 1.5E9 1.6E9 1.8E9 1.9E9 1.9E9 1.9E9 2.0E9
27 1.0E8 1.0E8 1.0E8 2.0E8 2.0E8 3.0E8 3.0E8 3.0E8 5.0E8 5.0E8 5.0E8 7.0E8 7.0E8 1.0E9 1.1E9 1.4E9 1.5E9 1.6E9 1.7E9 1.7E9
28 1.0E8 1.0E8 2.0E8 4.0E8 4.0E8 6.0E8 6.0E8 7.0E8 8.0E8 1.0E9 1.1E9 1.2E9 1.2E9 1.3E9 1.4E9 1.7E9 1.7E9 1.7E9 1.9E9 2.1E9
29 0.0 2.0E8 5.0E8 5.0E8 6.0E8 7.0E8 7.0E8 7.0E8 8.0E8 8.0E8 9.0E8 9.0E8 1.0E9 1.0E9 1.2E9 1.2E9 1.3E9 1.4E9 1.5E9 1.5E9
30 1.0E8 1.0E8 1.0E8 2.0E8 4.0E8 6.0E8 8.0E8 8.0E8 1.1E9 1.2E9 1.5E9 1.7E9 1.7E9 1.7E9 1.8E9 1.9E9 1.9E9 2.0E9 2.0E9 2.0E9
31 3.0E8 3.0E8 5.0E8 6.0E8 8.0E8 8.0E8 8.0E8 9.0E8 1.0E9 1.1E9 1.4E9 1.5E9 1.5E9 1.6E9 1.6E9 1.6E9 1.7E9 1.8E9 1.8E9 1.8E9
32 2.0E8 2.0E8 2.0E8 4.0E8 6.0E8 7.0E8 7.0E8 8.0E8 9.0E8 1.0E9 1.2E9 1.3E9 1.3E9 1.7E9 1.7E9 1.8E9 1.9E9 2.1E9 -2.094967296E9 -1.994967296E9
33 0.0 1.0E8 2.0E8 3.0E8 4.0E8 7.0E8 7.0E8 8.0E8 8.0E8 1.0E9 1.1E9 1.2E9 1.3E9 1.3E9 1.3E9 1.3E9 1.4E9 1.4E9 1.4E9 1.4E9
34 1.0E8 1.0E8 3.0E8 5.0E8 5.0E8 5.0E8 5.0E8 5.0E8 5.0E8 5.0E8 5.0E8 6.0E8 6.0E8 6.0E8 6.0E8 7.0E8 7.0E8 9.0E8 1.0E9 1.0E9
35 3.0E8 3.0E8 3.0E8 4.0E8 5.0E8 5.0E8 6.0E8 8.0E8 9.0E8 1.1E9 1.1E9 1.2E9 1.2E9 1.4E9 1.5E9 1.5E9 1.6E9 1.6E9 1.7E9 1.8E9
36 1.0E8 1.0E8 3.0E8 3.0E8 4.0E8 5.0E8 7.0E8 8.0E8 8.0E8 9.0E8 9.0E8 1.1E9 1.1E9 1.2E9 1.3E9 1.3E9 1.4E9 1.4E9 1.4E9 1.4E9
37 2.0E8 2.0E8 2.0E8 2.0E8 3.0E8 4.0E8 4.0E8 6.0E8 8.0E8 1.1E9 1.3E9 1.5E9 1.6E9 1.7E9 1.8E9 2.0E9 -2.094967296E9 -2.094967296E9 -2.094967296E9 -2.094967296E9
38 0.0 3.0E8 3.0E8 4.0E8 8.0E8 9.0E8 9.0E8 1.0E9 1.1E9 1.2E9 1.3E9 1.4E9 1.5E9 1.7E9 1.9E9 2.0E9 2.0E9 2.0E9 2.1E9 2.1E9
39 3.0E8 3.0E8 3.0E8 3.0E8 6.0E8 8.0E8 9.0E8 9.0E8 9.0E8 1.0E9 1.1E9 1.1E9 1.2E9 1.3E9 1.3E9 1.3E9 1.3E9 1.4E9 1.4E9 1.6E9
40 2.0E8 3.0E8 6.0E8 7.0E8 8.0E8 8.0E8 8.0E8 8.0E8 8.0E8 8.0E8 8.0E8 9.0E8 1.0E9 1.0E9 1.1E9 1.1E9 1.2E9 1.4E9 1.5E9 1.6E9
41 2.0E8 3.0E8 4.0E8 6.0E8 6.0E8 7.0E8 9.0E8 1.1E9 1.1E9 1.2E9 1.2E9 1.2E9 1.4E9 1.4E9 1.5E9 1.7E9 1.7E9 1.8E9 1.8E9 1.8E9
42 0.0 1.0E8 1.0E8 4.0E8 4.0E8 4.0E8 4.0E8 5.0E8 6.0E8 6.0E8 8.0E8 9.0E8 9.0E8 1.0E9 1.1E9 1.1E9 1.2E9 1.4E9 1.5E9 1.6E9
43 1.0E8 1.0E8 2.0E8 2.0E8 2.0E8 2.0E8 3.0E8 5.0E8 7.0E8 7.0E8 8.0E8 8.0E8 8.0E8 9.0E8 1.0E9 1.1E9 1.4E9 1.5E9 1.5E9 1.7E9
44 0.0 0.0 0.0 0.0 0.0 1.0E8 2.0E8 2.0E8 3.0E8 3.0E8 4.0E8 5.0E8 5.0E8 6.0E8 8.0E8 9.0E8 1.0E9 1.0E9 1.0E9 1.1E9
45 1.0E8 1.0E8 2.0E8 3.0E8 3.0E8 6.0E8 6.0E8 6.0E8 6.0E8 6.0E8 6.0E8 6.0E8 7.0E8 8.0E8 8.0E8 9.0E8 9.0E8 1.0E9 1.1E9 1.3E9
46 2.0E8 2.0E8 4.0E8 4.0E8 4.0E8 5.0E8 5.0E8 5.0E8 6.0E8 7.0E8 7.0E8 7.0E8 7.0E8 9.0E8 1.1E9 1.1E9 1.2E9 1.3E9 1.3E9 1.3E9
47 0.0 0.0 2.0E8 2.0E8 2.0E8 2.0E8 4.0E8 5.0E8 5.0E8 5.0E8 5.0E8 6.0E8 6.0E8 7.0E8 7.0E8 8.0E8 9.0E8 9.0E8 1.0E9 1.0E9
48 0.0 0.0 1.0E8 2.0E8 2.0E8 3.0E8 4.0E8 4.0E8 4.0E8 5.0E8 5.0E8 5.0E8 5.0E8 6.0E8 6.0E8 6.0E8 7.0E8 8.0E8 8.0E8 9.0E8
49 0.0 1.0E8 2.0E8 2.0E8 2.0E8 2.0E8 3.0E8 3.0E8 3.0E8 4.0E8 4.0E8 5.0E8 8.0E8 1.0E9 1.1E9 1.3E9 1.4E9 1.5E9 1.5E9 1.6E9
50 0.0 3.0E8 4.0E8 7.0E8 7.0E8 8.0E8 1.1E9 1.1E9 1.2E9 1.3E9 1.4E9 1.5E9 1.6E9 1.6E9 1.7E9 1.7E9 1.7E9 1.8E9 1.9E9 2.0E9
51 1.0E8 1.0E8 1.0E8 1.0E8 2.0E8 2.0E8 2.0E8 2.0E8 2.0E8 3.0E8 4.0E8 5.0E8 5.0E8 5.0E8 6.0E8 6.0E8 7.0E8 8.0E8 9.0E8 9.0E8
