0 3350
1 1981
2 4463
3 3280
4 2959
5 2675
6 762
7 1050
8 1526
9 2865
10 545
11 435
12 4367
13 4082
14 2319
15 4019
16 3450
17 976
18 676
19 1393
20 1350
21 2371
22 2488
23 3022
24 3229
25 3093
26 2433
27 2930
28 1996
29 2814
30 3281
31 4084
32 2386
33 2635
34 2410
35 2738
36 2827
37 3205
38 2585
39 3486
40 2588
41 2130
42 4115
43 3604
44 2965
45 2628
46 3217
47 3967
48 3118
49 3944
50 4116
51 3639
52 4257
53 3048
54 1891
55 3722
56 3355
57 3779
58 2782
59 5382
60 3591
61 2390
62 1495
63 3542
64 2375
65 5046
66 3276
67 1991
68 1388
69 3980
70 3167
71 4673
72 3604
73 4763
74 4496
75 4968
76 5465
77 5268
78 5058
79 3920
80 4184
81 5288
82 1441
83 5445
84 2749
85 4152
86 4108
87 5652
88 5244
89 5117
90 4185
91 2014
92 5285
93 1844
94 4158
95 2371
96 657
97 3953
