0 3349
1 1982
2 4465
3 3280
4 2961
5 2675
6 762
7 1057
8 1525
9 2866
10 545
11 435
12 4370
13 4083
14 2318
15 4024
16 3451
17 976
18 676
19 1394
20 1350
21 2371
22 2489
23 3022
24 3230
25 3093
26 2433
27 2931
28 1996
29 2815
30 3280
31 4086
32 2386
33 2635
34 2410
35 2739
36 2827
37 3205
38 2585
39 3487
40 2590
41 2130
42 4115
43 3607
44 2966
45 2627
46 3218
47 3968
48 3118
49 3943
50 4117
51 3640
52 4257
53 3048
54 1892
55 3721
56 3354
57 3780
58 2782
59 5381
60 3591
61 2391
62 1495
63 3542
64 2375
65 5047
66 3276
67 1991
68 1388
69 3979
70 3167
71 4673
72 3604
73 4763
74 4499
75 4970
76 5465
77 5267
78 5060
79 3919
80 4184
81 5285
82 1441
83 5445
84 2749
85 4152
86 4109
87 5652
88 5245
89 5120
90 4187
91 2014
92 5284
93 1845
94 4158
95 2371
96 657
97 3954
