0 3350
1 1982
2 4464
3 3281
4 2961
5 2676
6 762
7 1051
8 1527
9 2867
10 545
11 435
12 4369
13 4083
14 2319
15 4024
16 3451
17 976
18 676
19 1394
20 1350
21 2371
22 2487
23 3021
24 3229
25 3093
26 2432
27 2930
28 1995
29 2814
30 3280
31 4085
32 2386
33 2635
34 2410
35 2738
36 2828
37 3205
38 2585
39 3486
40 2590
41 2129
42 4115
43 3605
44 2965
45 2628
46 3217
47 3968
48 3119
49 3943
50 4117
51 3639
52 4258
53 3048
54 1891
55 3722
56 3356
57 3779
58 2784
59 5382
60 3592
61 2390
62 1495
63 3542
64 2375
65 5047
66 3276
67 1991
68 1388
69 3979
70 3167
71 4674
72 3604
73 4763
74 4498
75 4970
76 5466
77 5267
78 5060
79 3919
80 4184
81 5287
82 1441
83 5446
84 2749
85 4152
86 4109
87 5654
88 5246
89 5119
90 4187
91 2014
92 5284
93 1844
94 4158
95 2371
96 657
97 3955
