0 3351
1 1980
2 4470
3 3283
4 2961
5 2675
6 763
7 1051
8 1527
9 2871
10 546
11 435
12 4366
13 4083
14 2319
15 4022
16 3451
17 975
18 675
19 1393
20 1350
21 2372
22 2488
23 3022
24 3233
25 3091
26 2435
27 2933
28 1997
29 2816
30 3283
31 4082
32 2389
33 2638
34 2415
35 2741
36 2824
37 3208
38 2586
39 3489
40 2589
41 2134
42 4115
43 3606
44 2966
45 2629
46 3220
47 3970
48 3122
49 3943
50 4117
51 3640
52 4257
53 3049
54 1892
55 3720
56 3357
57 3781
58 2784
59 5384
60 3587
61 2391
62 1495
63 3545
64 2375
65 5045
66 3279
67 1991
68 1388
69 3977
70 3167
71 4676
72 3607
73 4760
74 4495
75 4972
76 5461
77 5270
78 5064
79 3919
80 4184
81 5285
82 1441
83 5447
84 2749
85 4152
86 4104
87 5652
88 5249
89 5123
90 4189
91 2013
92 5285
93 1846
94 4153
95 2374
96 657
97 3951
