records: 20
      Record Time
Host  UsedBuffer

  16870.0 33740.0 50610.0 67480.0 84350.0 101220.0 118090.0 134960.0 151830.0 168700.0 185570.0 202440.0 219310.0 236180.0 253050.0 269920.0 286790.0 303660.0 320530.0 337400.0
0 1000000.0 1000000.0 1000000.0 3000000.0 3000000.0 3000000.0 3000000.0 3000000.0 4000000.0 4000000.0 4000000.0 4000000.0 4000000.0 4000000.0 4000000.0 4000000.0 4000000.0 4000000.0 4000000.0 4000000.0
1 1000000.0 1.0E7 1.0E7 4.7E7 6.4E7 6.6E7 7.1E7 7.2E7 1.15E8 1.33E8 1.41E8 1.43E8 1.43E8 1.7E8 1.9E8 1.91E8 1.91E8 1.96E8 2.26E8 2.41E8
2 0.0 0.0 0.0 0.0 0.0 2000000.0 2000000.0 3000000.0 3000000.0 3000000.0 3000000.0 4000000.0 4000000.0 4000000.0 4000000.0 5000000.0 6000000.0 6000000.0 6000000.0 6000000.0
3 0.0 0.0 0.0 0.0 0.0 0.0 1000000.0 1000000.0 1000000.0 1000000.0 1000000.0 1000000.0 1000000.0 1000000.0 1000000.0 2000000.0 2000000.0 2000000.0 2000000.0 2000000.0
4 1000000.0 1000000.0 1000000.0 1000000.0 1000000.0 2000000.0 2000000.0 2000000.0 2000000.0 2000000.0 3000000.0 3000000.0 3000000.0 3000000.0 4000000.0 4000000.0 4000000.0 5000000.0 6000000.0 6000000.0
5 0.0 0.0 0.0 0.0 0.0 0.0 2000000.0 2000000.0 2000000.0 2000000.0 3000000.0 4000000.0 4000000.0 5000000.0 5000000.0 6000000.0 6000000.0 7000000.0 7000000.0 7000000.0
6 0.0 0.0 0.0 0.0 0.0 0.0 0.0 0.0 1000000.0 2000000.0 2000000.0 2000000.0 2000000.0 2000000.0 2000000.0 2000000.0 2000000.0 2000000.0 2000000.0 2000000.0
7 0.0 1.3E7 2.0E7 4.7E7 5.4E7 5.4E7 5.4E7 5.5E7 1.19E8 1.25E8 1.25E8 1.25E8 1.25E8 1.8E8 1.84E8 1.85E8 1.86E8 1.86E8 2.38E8 2.4E8
8 0.0 0.0 0.0 0.0 0.0 0.0 0.0 0.0 0.0 0.0 0.0 0.0 0.0 0.0 0.0 0.0 0.0 1000000.0 1000000.0 1000000.0
9 0.0 1000000.0 1000000.0 4.8E7 6.4E7 6.5E7 7.1E7 7.1E7 1.13E8 1.37E8 1.4E8 1.43E8 1.43E8 1.81E8 1.9E8 1.93E8 1.94E8 1.96E8 2.35E8 2.41E8
10 0.0 0.0 3.1E7 4.7E7 4.7E7 4.7E7 4.9E7 5.0E7 1.2E8 1.37E8 1.38E8 1.38E8 1.46E8 1.78E8 1.9E8 1.9E8 1.9E8 1.92E8 2.34E8 2.42E8
11 0.0 0.0 0.0 4.5E7 5.9E7 6.2E7 6.3E7 7.8E7 8.4E7 1.34E8 1.36E8 1.36E8 1.41E8 1.74E8 1.84E8 1.88E8 1.88E8 1.98E8 2.14E8 2.14E8
12 0.0 0.0 0.0 0.0 0.0 0.0 0.0 0.0 0.0 0.0 0.0 0.0 0.0 0.0 0.0 0.0 1000000.0 1000000.0 1000000.0 2000000.0
13 5000000.0 1.3E7 3.1E7 4.7E7 6.2E7 6.4E7 6.4E7 7.2E7 1.13E8 1.35E8 1.38E8 1.39E8 1.39E8 1.78E8 1.78E8 1.78E8 1.78E8 1.79E8 1.79E8 1.79E8
14 1000000.0 1000000.0 3.0E7 4.7E7 6.2E7 6.4E7 6.4E7 7.0E7 1.17E8 1.35E8 1.38E8 1.39E8 1.39E8 1.78E8 1.81E8 1.81E8 1.81E8 1.82E8 1.82E8 1.82E8
15 0.0 0.0 0.0 0.0 0.0 0.0 0.0 0.0 0.0 0.0 0.0 0.0 0.0 0.0 0.0 0.0 0.0 0.0 0.0 0.0
16 0.0 0.0 0.0 0.0 0.0 0.0 0.0 0.0 0.0 0.0 0.0 0.0 0.0 0.0 0.0 0.0 0.0 0.0 0.0 0.0
17 1000000.0 1000000.0 1000000.0 2000000.0 2000000.0 2000000.0 2000000.0 2000000.0 2000000.0 2000000.0 2000000.0 3000000.0 3000000.0 3000000.0 3000000.0 3000000.0 3000000.0 3000000.0 4000000.0 4000000.0
18 0.0 0.0 6000000.0 1.0E7 6.2E7 6.2E7 6.3E7 6.4E7 7.1E7 1.33E8 1.4E8 1.4E8 1.41E8 1.41E8 1.46E8 1.93E8 1.97E8 1.97E8 1.97E8 1.97E8
19 0.0 6000000.0 6000000.0 1.6E7 3.8E7 3.8E7 6.2E7 6.4E7 7.7E7 8.4E7 1.39E8 1.4E8 1.4E8 1.4E8 1.45E8 1.92E8 1.96E8 1.96E8 1.96E8 1.96E8
20 0.0 0.0 0.0 0.0 0.0 0.0 0.0 0.0 0.0 0.0 0.0 0.0 0.0 1000000.0 1000000.0 1000000.0 1000000.0 1000000.0 1000000.0 2000000.0
21 0.0 0.0 0.0 0.0 0.0 0.0 0.0 2000000.0 2000000.0 2000000.0 2000000.0 2000000.0 2000000.0 2000000.0 2000000.0 2000000.0 2000000.0 2000000.0 2000000.0 2000000.0
22 8000000.0 1.1E7 3.1E7 4.7E7 5.5E7 5.5E7 5.5E7 6.4E7 1.2E8 1.34E8 1.34E8 1.34E8 1.34E8 1.34E8 1.35E8 1.35E8 1.36E8 1.36E8 1.36E8 1.36E8
23 0.0 2000000.0 3000000.0 3000000.0 3000000.0 3000000.0 3000000.0 3000000.0 3000000.0 3000000.0 3000000.0 4000000.0 4000000.0 4000000.0 4000000.0 4000000.0 4000000.0 4000000.0 4000000.0 4000000.0
24 0.0 0.0 1000000.0 2000000.0 2000000.0 2000000.0 2000000.0 2000000.0 2000000.0 2000000.0 2000000.0 2000000.0 2000000.0 2000000.0 2000000.0 2000000.0 2000000.0 3000000.0 3000000.0 3000000.0
25 8000000.0 8000000.0 1.4E7 1.4E7 6.3E7 6.4E7 6.5E7 6.6E7 1.19E8 1.36E8 1.41E8 1.41E8 1.41E8 1.78E8 1.87E8 1.9E8 1.9E8 1.9E8 2.35E8 2.41E8
26 0.0 0.0 0.0 2000000.0 3000000.0 4000000.0 4000000.0 4000000.0 4000000.0 4000000.0 4000000.0 4000000.0 4000000.0 4000000.0 4000000.0 4000000.0 4000000.0 4000000.0 4000000.0 4000000.0
27 0.0 1000000.0 1000000.0 1000000.0 1000000.0 1000000.0 1000000.0 1000000.0 2000000.0 2000000.0 2000000.0 2000000.0 2000000.0 3000000.0 3000000.0 3000000.0 3000000.0 3000000.0 3000000.0 3000000.0
28 7000000.0 9000000.0 2.9E7 4.6E7 6.2E7 6.4E7 6.5E7 6.5E7 1.19E8 1.36E8 1.38E8 1.38E8 1.38E8 1.38E8 1.39E8 1.39E8 1.39E8 1.44E8 2.37E8 2.42E8
29 1000000.0 1.0E7 3.1E7 4.8E7 6.4E7 6.4E7 6.4E7 6.4E7 6.4E7 6.4E7 6.4E7 6.4E7 6.5E7 1.79E8 1.88E8 1.89E8 1.89E8 1.89E8 2.35E8 2.41E8
30 0.0 0.0 0.0 0.0 0.0 0.0 1000000.0 2000000.0 4000000.0 4000000.0 4000000.0 4000000.0 4000000.0 4000000.0 4000000.0 5000000.0 5000000.0 5000000.0 5000000.0 5000000.0
31 0.0 0.0 0.0 0.0 1000000.0 1000000.0 1000000.0 1000000.0 1000000.0 1000000.0 1000000.0 1000000.0 1000000.0 1000000.0 1000000.0 1000000.0 1000000.0 2000000.0 3000000.0 4000000.0
32 0.0 0.0 0.0 0.0 0.0 0.0 0.0 1000000.0 1000000.0 1000000.0 1000000.0 1000000.0 2000000.0 2000000.0 3000000.0 3000000.0 3000000.0 3000000.0 4000000.0 4000000.0
33 0.0 0.0 0.0 0.0 0.0 0.0 0.0 1000000.0 1000000.0 1000000.0 1000000.0 1000000.0 2000000.0 2000000.0 2000000.0 2000000.0 2000000.0 2000000.0 2000000.0 2000000.0
34 7000000.0 8000000.0 3.0E7 4.7E7 6.2E7 6.2E7 6.5E7 6.5E7 1.17E8 1.32E8 1.4E8 1.4E8 1.41E8 1.78E8 1.83E8 1.83E8 1.83E8 1.83E8 2.26E8 2.42E8
35 8000000.0 1.0E7 3.1E7 4.7E7 6.0E7 6.0E7 7.7E7 8.1E7 1.21E8 1.26E8 1.43E8 1.43E8 1.5E8 1.81E8 1.91E8 1.93E8 1.93E8 1.93E8 2.35E8 2.46E8
36 4000000.0 1.5E7 3.1E7 4.8E7 5.0E7 5.1E7 5.1E7 5.3E7 1.2E8 1.37E8 1.42E8 1.42E8 1.43E8 1.43E8 1.44E8 1.44E8 1.45E8 1.45E8 1.46E8 1.46E8
37 0.0 0.0 1000000.0 1000000.0 1000000.0 1000000.0 1000000.0 1000000.0 1000000.0 2000000.0 2000000.0 2000000.0 2000000.0 2000000.0 2000000.0 2000000.0 2000000.0 2000000.0 2000000.0 2000000.0
38 1000000.0 2000000.0 2000000.0 3000000.0 6.4E7 6.5E7 6.5E7 6.6E7 1.17E8 1.27E8 1.38E8 1.38E8 1.44E8 1.71E8 1.82E8 1.86E8 1.87E8 1.87E8 2.04E8 2.04E8
39 0.0 0.0 0.0 1000000.0 1000000.0 1000000.0 1000000.0 2000000.0 2000000.0 2000000.0 2000000.0 2000000.0 2000000.0 2000000.0 2000000.0 2000000.0 2000000.0 2000000.0 2000000.0 2000000.0
40 0.0 0.0 0.0 0.0 0.0 0.0 0.0 0.0 0.0 0.0 0.0 0.0 0.0 0.0 0.0 1000000.0 1000000.0 1000000.0 1000000.0 1000000.0
41 0.0 1000000.0 1000000.0 1000000.0 1000000.0 1000000.0 1000000.0 1000000.0 1000000.0 1000000.0 1000000.0 1000000.0 1000000.0 1000000.0 3000000.0 3000000.0 3000000.0 4000000.0 4000000.0 4000000.0
42 0.0 0.0 0.0 0.0 0.0 0.0 0.0 0.0 0.0 0.0 1000000.0 1000000.0 1000000.0 1000000.0 1000000.0 1000000.0 3000000.0 3000000.0 3000000.0 3000000.0
43 2000000.0 3000000.0 3.0E7 3.5E7 3.6E7 3.6E7 7.3E7 7.4E7 1.2E8 1.37E8 1.42E8 1.42E8 1.42E8 1.77E8 1.9E8 1.93E8 1.95E8 1.95E8 2.37E8 2.4E8
44 8000000.0 8000000.0 9000000.0 3.7E7 5.0E7 6.4E7 7.3E7 7.5E7 1.19E8 1.36E8 1.41E8 1.41E8 1.42E8 1.78E8 1.85E8 1.89E8 1.89E8 1.9E8 2.36E8 2.4E8
45 0.0 1000000.0 1000000.0 1000000.0 1000000.0 1000000.0 1000000.0 1000000.0 1000000.0 2000000.0 3000000.0 3000000.0 4000000.0 5000000.0 5000000.0 5000000.0 5000000.0 5000000.0 5000000.0 5000000.0
46 8000000.0 1.0E7 2.0E7 4.8E7 6.5E7 6.6E7 6.6E7 6.7E7 1.21E8 1.38E8 1.43E8 1.43E8 1.43E8 1.82E8 1.87E8 1.88E8 1.88E8 1.88E8 2.4E8 2.41E8
47 0.0 0.0 0.0 0.0 0.0 0.0 0.0 0.0 0.0 0.0 0.0 0.0 0.0 0.0 0.0 0.0 0.0 0.0 0.0 0.0
48 8000000.0 8000000.0 3.0E7 4.7E7 6.2E7 6.6E7 6.7E7 7.3E7 1.19E8 1.36E8 1.43E8 1.43E8 1.43E8 1.82E8 1.88E8 1.94E8 1.94E8 1.94E8 2.3E8 2.46E8
49 1000000.0 1.4E7 3.1E7 4.7E7 6.4E7 6.4E7 6.9E7 7.0E7 1.2E8 1.37E8 1.37E8 1.38E8 1.38E8 1.81E8 1.9E8 1.92E8 1.92E8 1.92E8 2.38E8 2.42E8
50 7000000.0 1.1E7 3.1E7 4.3E7 4.4E7 4.4E7 5.1E7 5.2E7 1.2E8 1.37E8 1.42E8 1.42E8 1.46E8 1.81E8 1.89E8 1.91E8 1.91E8 1.91E8 2.38E8 2.43E8
51 0.0 0.0 0.0 0.0 1000000.0 1000000.0 2000000.0 2000000.0 2000000.0 2000000.0 2000000.0 2000000.0 3000000.0 3000000.0 3000000.0 4000000.0 4000000.0 4000000.0 4000000.0 4000000.0
52 0.0 0.0 1000000.0 1000000.0 2000000.0 2000000.0 2000000.0 2000000.0 2000000.0 3000000.0 3000000.0 3000000.0 3000000.0 3000000.0 4000000.0 4000000.0 4000000.0 5000000.0 5000000.0 6000000.0
53 1000000.0 1000000.0 1000000.0 1000000.0 3000000.0 3000000.0 3000000.0 3000000.0 3000000.0 3000000.0 3000000.0 5000000.0 5000000.0 5000000.0 6000000.0 6000000.0 6000000.0 6000000.0 6000000.0 6000000.0
54 0.0 0.0 0.0 0.0 0.0 0.0 0.0 0.0 0.0 0.0 0.0 1000000.0 1000000.0 1000000.0 1000000.0 2000000.0 2000000.0 2000000.0 2000000.0 3000000.0
55 8000000.0 1.1E7 1.1E7 4.8E7 6.2E7 6.6E7 6.9E7 6.9E7 1.19E8 1.36E8 1.4E8 1.4E8 1.4E8 1.78E8 1.87E8 1.9E8 1.91E8 1.91E8 2.34E8 2.4E8
56 7000000.0 1.5E7 3.1E7 4.8E7 6.4E7 6.5E7 6.6E7 6.6E7 6.6E7 6.6E7 1.42E8 1.42E8 1.42E8 1.75E8 1.88E8 1.91E8 1.91E8 1.91E8 2.32E8 2.32E8
57 0.0 0.0 0.0 0.0 0.0 0.0 0.0 0.0 0.0 0.0 0.0 0.0 0.0 0.0 0.0 0.0 0.0 0.0 0.0 0.0
58 8000000.0 8000000.0 3.1E7 4.7E7 5.9E7 5.9E7 5.9E7 5.9E7 6.2E7 1.36E8 1.42E8 1.42E8 1.42E8 1.59E8 1.86E8 1.89E8 1.9E8 1.9E8 2.12E8 2.12E8
59 7000000.0 1.5E7 3.1E7 4.8E7 6.5E7 6.5E7 6.6E7 6.7E7 1.21E8 1.37E8 1.43E8 1.43E8 1.44E8 1.81E8 1.87E8 1.92E8 1.93E8 1.93E8 2.4E8 2.41E8
60 0.0 0.0 0.0 1000000.0 1000000.0 2000000.0 2000000.0 2000000.0 2000000.0 2000000.0 2000000.0 2000000.0 2000000.0 3000000.0 3000000.0 3000000.0 3000000.0 3000000.0 3000000.0 3000000.0
61 1000000.0 1000000.0 1000000.0 1000000.0 1000000.0 1000000.0 1000000.0 1000000.0 1000000.0 1000000.0 1000000.0 1000000.0 1000000.0 1000000.0 1000000.0 1000000.0 1000000.0 1000000.0 1000000.0 1000000.0
62 0.0 0.0 0.0 0.0 0.0 0.0 0.0 0.0 0.0 0.0 0.0 0.0 0.0 0.0 0.0 0.0 0.0 0.0 0.0 1000000.0
63 8000000.0 8000000.0 9000000.0 3.7E7 3.7E7 6.5E7 7.4E7 7.6E7 1.2E8 1.37E8 1.42E8 1.42E8 1.43E8 1.81E8 1.9E8 1.92E8 1.92E8 1.93E8 2.39E8 2.44E8
64 0.0 0.0 0.0 0.0 0.0 0.0 0.0 0.0 0.0 0.0 0.0 0.0 0.0 0.0 0.0 0.0 1000000.0 2000000.0 2000000.0 3000000.0
65 0.0 0.0 0.0 0.0 1000000.0 1000000.0 1000000.0 1000000.0 1000000.0 1000000.0 1000000.0 1000000.0 1000000.0 1000000.0 1000000.0 1000000.0 1000000.0 1000000.0 2000000.0 2000000.0
66 7000000.0 8000000.0 8000000.0 4.2E7 6.5E7 6.5E7 7.6E7 7.6E7 1.2E8 1.37E8 1.42E8 1.43E8 1.45E8 1.78E8 1.86E8 1.89E8 1.89E8 1.89E8 2.32E8 2.32E8
67 7000000.0 8000000.0 8000000.0 4.1E7 6.2E7 6.2E7 6.2E7 6.5E7 6.6E7 1.38E8 1.4E8 1.4E8 1.5E8 1.8E8 1.86E8 1.86E8 1.87E8 1.87E8 1.88E8 1.88E8
68 7000000.0 8000000.0 8000000.0 4.0E7 6.1E7 6.1E7 6.1E7 6.1E7 6.1E7 6.7E7 1.39E8 1.39E8 1.49E8 1.78E8 1.86E8 1.87E8 1.87E8 1.87E8 1.87E8 1.88E8
69 8000000.0 1.2E7 2.6E7 4.6E7 6.3E7 6.3E7 6.4E7 6.4E7 1.19E8 1.29E8 1.4E8 1.41E8 1.42E8 1.76E8 1.82E8 1.83E8 1.83E8 1.83E8 2.32E8 2.34E8
70 0.0 0.0 0.0 0.0 0.0 0.0 0.0 0.0 0.0 0.0 1000000.0 3000000.0 3000000.0 3000000.0 3000000.0 3000000.0 3000000.0 3000000.0 4000000.0 4000000.0
71 7000000.0 1.1E7 2.0E7 4.8E7 6.5E7 6.6E7 6.8E7 7.0E7 1.2E8 1.37E8 1.42E8 1.42E8 1.43E8 1.74E8 1.8E8 1.81E8 1.81E8 1.81E8 2.31E8 2.31E8
72 0.0 0.0 0.0 0.0 0.0 0.0 0.0 2000000.0 2000000.0 4000000.0 4000000.0 4000000.0 4000000.0 4000000.0 4000000.0 4000000.0 4000000.0 4000000.0 4000000.0 4000000.0
73 6000000.0 1.3E7 3.1E7 4.8E7 6.5E7 6.5E7 7.4E7 7.6E7 1.2E8 1.37E8 1.42E8 1.43E8 1.43E8 1.8E8 1.88E8 1.92E8 1.92E8 1.93E8 2.38E8 2.43E8
74 0.0 0.0 0.0 0.0 0.0 1000000.0 1000000.0 1000000.0 2000000.0 2000000.0 2000000.0 2000000.0 2000000.0 2000000.0 2000000.0 2000000.0 2000000.0 3000000.0 3000000.0 3000000.0
75 1000000.0 1.1E7 3.1E7 4.8E7 6.5E7 6.5E7 6.6E7 6.7E7 1.2E8 1.37E8 1.42E8 1.42E8 1.42E8 1.79E8 1.84E8 1.84E8 1.84E8 1.84E8 2.36E8 2.36E8
76 7000000.0 1.5E7 3.1E7 4.8E7 6.5E7 6.6E7 7.4E7 7.6E7 1.21E8 1.38E8 1.43E8 1.43E8 1.43E8 1.81E8 1.89E8 1.92E8 1.92E8 1.92E8 2.37E8 2.43E8
77 1000000.0 1000000.0 1000000.0 1000000.0 1000000.0 1000000.0 1000000.0 1000000.0 2000000.0 2000000.0 2000000.0 2000000.0 2000000.0 2000000.0 2000000.0 2000000.0 2000000.0 2000000.0 2000000.0 2000000.0
78 0.0 0.0 0.0 0.0 0.0 0.0 0.0 0.0 0.0 0.0 0.0 0.0 0.0 0.0 0.0 0.0 0.0 0.0 0.0 0.0
79 2000000.0 2000000.0 2000000.0 3000000.0 3000000.0 3000000.0 3000000.0 3000000.0 3000000.0 3000000.0 3000000.0 3000000.0 3000000.0 3000000.0 3000000.0 3000000.0 4000000.0 5000000.0 5000000.0 5000000.0
80 0.0 0.0 0.0 0.0 0.0 0.0 0.0 0.0 0.0 0.0 0.0 0.0 1000000.0 1000000.0 1000000.0 1000000.0 1000000.0 1000000.0 1000000.0 1000000.0
81 0.0 0.0 0.0 0.0 0.0 0.0 0.0 0.0 0.0 0.0 0.0 0.0 0.0 0.0 0.0 0.0 0.0 0.0 0.0 0.0
82 8000000.0 1.1E7 3.1E7 4.8E7 5.5E7 5.5E7 5.5E7 5.8E7 5.8E7 1.35E8 1.36E8 1.36E8 1.36E8 1.36E8 1.36E8 1.36E8 1.36E8 1.36E8 2.24E8 2.24E8
83 0.0 1000000.0 1000000.0 1000000.0 2000000.0 3000000.0 3000000.0 4000000.0 4000000.0 4000000.0 5000000.0 5000000.0 5000000.0 5000000.0 5000000.0 5000000.0 5000000.0 5000000.0 5000000.0 5000000.0
84 7000000.0 1.5E7 3.0E7 4.8E7 5.5E7 5.5E7 7.6E7 7.8E7 1.2E8 1.37E8 1.38E8 1.4E8 1.4E8 1.4E8 1.89E8 1.9E8 1.9E8 1.91E8 2.34E8 2.43E8
85 0.0 0.0 0.0 0.0 0.0 0.0 0.0 0.0 0.0 0.0 1000000.0 1000000.0 1000000.0 1000000.0 2000000.0 2000000.0 2000000.0 2000000.0 2000000.0 2000000.0
86 0.0 0.0 1000000.0 1000000.0 1000000.0 1000000.0 2000000.0 2000000.0 2000000.0 2000000.0 2000000.0 2000000.0 2000000.0 3000000.0 4000000.0 4000000.0 4000000.0 4000000.0 4000000.0 4000000.0
87 7000000.0 1.4E7 3.1E7 4.8E7 6.4E7 6.4E7 6.5E7 6.7E7 1.2E8 1.37E8 1.42E8 1.42E8 1.49E8 1.76E8 1.76E8 1.76E8 1.76E8 1.76E8 1.76E8 1.76E8
88 8000000.0 1.4E7 3.1E7 4.8E7 6.4E7 6.5E7 7.2E7 7.4E7 1.2E8 1.37E8 1.42E8 1.42E8 1.44E8 1.8E8 1.88E8 1.9E8 1.91E8 1.91E8 2.38E8 2.44E8
89 2000000.0 2000000.0 2000000.0 2000000.0 2000000.0 2000000.0 2000000.0 2000000.0 2000000.0 2000000.0 2000000.0 3000000.0 4000000.0 5000000.0 5000000.0 5000000.0 5000000.0 6000000.0 6000000.0 6000000.0
90 0.0 0.0 0.0 0.0 0.0 0.0 0.0 0.0 0.0 1000000.0 1000000.0 1000000.0 1000000.0 1000000.0 1000000.0 1000000.0 1000000.0 1000000.0 1000000.0 1000000.0
91 1000000.0 1000000.0 1000000.0 1000000.0 1000000.0 2000000.0 2000000.0 2000000.0 2000000.0 3000000.0 3000000.0 4000000.0 4000000.0 4000000.0 4000000.0 4000000.0 4000000.0 4000000.0 4000000.0 4000000.0
92 0.0 0.0 0.0 0.0 0.0 0.0 0.0 0.0 0.0 0.0 0.0 0.0 0.0 1000000.0 1000000.0 1000000.0 1000000.0 1000000.0 1000000.0 1000000.0
93 1000000.0 1000000.0 2000000.0 2000000.0 2000000.0 3000000.0 3000000.0 3000000.0 3000000.0 3000000.0 3000000.0 3000000.0 4000000.0 4000000.0 4000000.0 4000000.0 4000000.0 4000000.0 4000000.0 4000000.0
94 0.0 0.0 0.0 1000000.0 1000000.0 1000000.0 1000000.0 1000000.0 1000000.0 1000000.0 1000000.0 1000000.0 1000000.0 1000000.0 1000000.0 1000000.0 2000000.0 2000000.0 2000000.0 2000000.0
95 0.0 0.0 0.0 0.0 0.0 0.0 0.0 0.0 0.0 0.0 0.0 1000000.0 1000000.0 1000000.0 1000000.0 1000000.0 1000000.0 1000000.0 1000000.0 1000000.0
96 1000000.0 1000000.0 1000000.0 1000000.0 1000000.0 1000000.0 2000000.0 2000000.0 2000000.0 2000000.0 2000000.0 2000000.0 2000000.0 2000000.0 2000000.0 2000000.0 2000000.0 2000000.0 2000000.0 2000000.0
97 0.0 0.0 1000000.0 1000000.0 1000000.0 1000000.0 1000000.0 1000000.0 1000000.0 1000000.0 1000000.0 1000000.0 2000000.0 4000000.0 4000000.0 5000000.0 5000000.0 5000000.0 5000000.0 5000000.0
