records: 20
      Record Time
Host  UsedBuffer

  16870.0 33740.0 50610.0 67480.0 84350.0 101220.0 118090.0 134960.0 151830.0 168700.0 185570.0 202440.0 219310.0 236180.0 253050.0 269920.0 286790.0 303660.0 320530.0 337400.0
0 -1.794967296E9 2.05032704E8 2.05032704E8 -9.7483648E8 -1.564771072E9 -6.4771072E7 4.35228928E8 1.435228928E9 -5.39607552E8 1.07549056E9 -7.19476736E8 -2.19476736E8 2.80523264E8 1.60065408E9 -1.489280512E9 -4.89280512E8 -4.89280512E8 2.010719488E9 -1.3741824E9 -1.964116992E9
1 1.0E9 -2.94967296E8 -2.94967296E8 9.10065408E8 -1.79869184E8 -1.564771072E9 -5.64771072E8 -5.64771072E8 -1.654705664E9 1.255359744E9 -2.19476736E8 7.80523264E8 7.80523264E8 -1.014444032E9 1.690588672E9 -2.104378624E9 -2.104378624E9 1.395621376E9 -6.94313216E8 8.05686784E8
2 0.0 0.0 0.0 0.0 0.0 1.0E9 1.0E9 1.5E9 1.5E9 1.5E9 1.5E9 2.0E9 2.0E9 2.0E9 2.0E9 -1.794967296E9 -1.294967296E9 -1.294967296E9 -1.294967296E9 -1.294967296E9
3 0.0 0.0 0.0 0.0 0.0 0.0 5.0E8 5.0E8 5.0E8 5.0E8 5.0E8 5.0E8 5.0E8 5.0E8 5.0E8 1.0E9 1.0E9 1.0E9 1.0E9 1.0E9
4 5.0E8 5.0E8 5.0E8 5.0E8 5.0E8 1.0E9 1.0E9 1.0E9 1.0E9 1.0E9 1.5E9 1.5E9 1.5E9 1.5E9 2.0E9 2.0E9 2.0E9 -1.794967296E9 -1.294967296E9 -1.294967296E9
5 0.0 0.0 0.0 0.0 0.0 0.0 1.0E9 1.0E9 1.0E9 1.0E9 1.5E9 2.0E9 2.0E9 -1.794967296E9 -1.794967296E9 -1.294967296E9 -1.294967296E9 -7.94967296E8 -7.94967296E8 -7.94967296E8
6 0.0 0.0 0.0 -1.79869184E8 1.820130816E9 -2.69803776E8 -2.69803776E8 -2.69803776E8 2.05032704E9 8.70457856E8 -1.719476736E9 -1.719476736E9 -1.719476736E9 1.395621376E9 -6.94313216E8 3.05686784E8 8.05686784E8 8.05686784E8 -1.784247808E9 -1.784247808E9
7 0.0 0.0 5.0E8 5.0E8 5.0E8 5.0E8 5.0E8 5.0E8 5.0E8 5.0E8 5.0E8 5.0E8 5.0E8 5.0E8 5.0E8 5.0E8 1.0E9 1.0E9 1.0E9 1.5E9
8 0.0 0.0 2.0E9 -1.589934592E9 -5.64771072E8 1.435228928E9 -1.359738368E9 -1.359738368E9 -4.4967296E8 -1.92450944E9 -1.219476736E9 2.80523264E8 2.80523264E8 -1.39934592E9 1.305686784E9 -4.89280512E8 1.0719488E7 2.010719488E9 -1.8741824E9 -6.69149696E8
9 0.0 5.0E8 5.0E8 1.820130816E9 -6.4771072E7 1.435228928E9 -1.359738368E9 -1.359738368E9 -4.4967296E8 -4.2450944E8 -2.19476736E8 1.280523264E9 1.280523264E9 1.0065408E8 -9.89280512E8 1.010719488E9 1.510719488E9 -7.84247808E8 -1.69149696E8 1.330850304E9
10 0.0 0.0 4.10065408E8 4.10065408E8 9.10065408E8 9.10065408E8 1.410065408E9 1.910065408E9 -7.69803776E8 1.960392448E9 -1.834574848E9 -1.834574848E9 -1.334574848E9 -9.2450944E8 -1.489280512E9 -1.489280512E9 -1.489280512E9 -9.89280512E8 2.1258176E9 -6.69149696E8
11 0.0 0.0 0.0 0.0 0.0 1.5E9 1.5E9 1.5E9 1.5E9 1.5E9 1.5E9 1.5E9 1.5E9 1.5E9 1.5E9 1.5E9 1.5E9 1.5E9 1.5E9 1.5E9
12 0.0 0.0 0.0 0.0 0.0 0.0 0.0 0.0 0.0 0.0 0.0 0.0 0.0 0.0 0.0 0.0 5.0E8 5.0E8 5.0E8 1.0E9
13 -1.794967296E9 2.05032704E8 7.05032704E8 -1.47483648E9 -1.564771072E9 -6.4771072E7 -6.4771072E7 1.435228928E9 1.55032704E9 5.7549056E8 -1.719476736E9 -1.219476736E9 7.80523264E8 1.895621376E9 1.895621376E9 1.895621376E9 1.895621376E9 -1.89934592E9 -1.89934592E9 -1.89934592E9
14 0.0 0.0 0.0 0.0 5.0E8 5.0E8 5.0E8 5.0E8 1.0E9 1.0E9 1.0E9 1.0E9 1.0E9 1.0E9 1.5E9 1.5E9 1.5E9 2.0E9 2.0E9 2.0E9
15 0.0 0.0 0.0 0.0 0.0 0.0 0.0 0.0 0.0 0.0 0.0 0.0 0.0 0.0 0.0 0.0 0.0 0.0 0.0 0.0
16 0.0 0.0 0.0 0.0 0.0 0.0 0.0 0.0 0.0 0.0 0.0 0.0 0.0 0.0 0.0 0.0 0.0 0.0 0.0 0.0
17 5.0E8 5.0E8 5.0E8 1.0E9 1.0E9 1.0E9 1.0E9 1.0E9 1.0E9 1.0E9 1.0E9 1.5E9 1.5E9 1.5E9 1.5E9 1.5E9 1.5E9 1.5E9 2.0E9 2.0E9
18 0.0 0.0 0.0 5.0E8 5.0E8 5.0E8 5.0E8 5.0E8 5.0E8 1.0E9 1.0E9 1.0E9 1.0E9 1.0E9 1.5E9 1.5E9 1.5E9 1.5E9 1.5E9 1.5E9
19 0.0 0.0 0.0 5.0E8 1.5E9 1.5E9 2.0E9 -1.294967296E9 -1.294967296E9 -7.94967296E8 -2.94967296E8 2.05032704E8 2.05032704E8 2.05032704E8 1.205032704E9 1.205032704E9 1.705032704E9 1.705032704E9 1.705032704E9 1.705032704E9
20 2.0E9 2.0E9 2.0E9 2.0E9 2.0E9 2.0E9 2.0E9 2.0E9 -7.94967296E8 7.05032704E8 7.05032704E8 -1.589934592E9 -1.589934592E9 -5.89934592E8 1.40261632E8 -6.54705664E8 -6.54705664E8 -6.54705664E8 -6.54705664E8 4.60392448E8
21 -1.794967296E9 -1.294967296E9 -7.94967296E8 -2.94967296E8 -2.94967296E8 9.35228928E8 9.35228928E8 1.935228928E9 -8.34574848E8 1.870457856E9 1.870457856E9 1.870457856E9 1.870457856E9 1.90588672E8 -9.89280512E8 5.10719488E8 5.10719488E8 1.010719488E9 -3.741824E8 2.1258176E9
22 0.0 0.0 0.0 0.0 0.0 0.0 0.0 0.0 0.0 0.0 0.0 0.0 0.0 0.0 5.0E8 5.0E8 1.0E9 1.0E9 1.0E9 1.0E9
23 0.0 -1.294967296E9 1.910065408E9 1.320130816E9 -5.64771072E8 -6.4771072E7 1.435228928E9 1.435228928E9 1.05032704E9 4.60392448E8 -2.19476736E8 2.80523264E8 2.80523264E8 -3.9934592E8 1.60065408E9 2.10065408E9 2.10065408E9 3.05686784E8 -1.669149696E9 8.30850304E8
24 0.0 0.0 5.0E8 1.0E9 1.0E9 1.0E9 1.0E9 1.0E9 1.0E9 1.0E9 1.0E9 1.0E9 1.0E9 1.0E9 1.0E9 1.0E9 1.0E9 1.5E9 1.5E9 1.5E9
25 -1.794967296E9 -1.294967296E9 -1.294967296E9 -1.294967296E9 3.20130816E8 9.35228928E8 9.35228928E8 1.435228928E9 -1.539607552E9 1.07549056E9 2.80523264E8 2.80523264E8 2.80523264E8 9.85555968E8 1.805686784E9 -9.89280512E8 -9.89280512E8 -9.89280512E8 1.0719488E7 2.15752192E8
26 0.0 0.0 0.0 1.0E9 1.5E9 2.0E9 2.0E9 2.0E9 2.0E9 2.0E9 2.0E9 2.0E9 2.0E9 2.0E9 2.0E9 2.0E9 2.0E9 2.0E9 2.0E9 2.0E9
27 0.0 5.0E8 5.0E8 5.0E8 5.0E8 5.0E8 5.0E8 5.0E8 1.0E9 1.0E9 1.0E9 1.0E9 1.0E9 1.5E9 1.5E9 1.5E9 1.5E9 1.5E9 1.5E9 1.5E9
28 0.0 0.0 0.0 0.0 0.0 0.0 0.0 0.0 5.0E8 5.0E8 5.0E8 5.0E8 5.0E8 5.0E8 1.0E9 1.0E9 1.0E9 1.0E9 1.5E9 1.5E9
29 5.0E8 5.0E8 -8.9934592E7 -4.7483648E8 -6.4771072E7 9.35228928E8 9.35228928E8 9.35228928E8 9.35228928E8 9.35228928E8 9.35228928E8 9.35228928E8 1.435228928E9 -1.29542144E8 -1.989280512E9 -9.89280512E8 -9.89280512E8 1.010719488E9 8.30850304E8 -4.64116992E8
30 2.0E9 2.0E9 2.0E9 1.820130816E9 1.820130816E9 1.820130816E9 -2.064771072E9 -8.59738368E8 1.960392448E9 1.07549056E9 2.80523264E8 2.80523264E8 1.280523264E9 1.0065408E8 -1.489280512E9 -4.89280512E8 1.0719488E7 1.0719488E7 1.0719488E7 -1.079215104E9
31 0.0 0.0 0.0 0.0 5.0E8 5.0E8 5.0E8 5.0E8 5.0E8 5.0E8 5.0E8 5.0E8 5.0E8 5.0E8 5.0E8 5.0E8 5.0E8 1.0E9 1.5E9 2.0E9
32 5.0E8 1.0E9 4.10065408E8 2.115098112E9 2.115098112E9 -1.679869184E9 -1.179869184E9 -6.79869184E8 -6.4771072E7 1.57549056E9 7.80523264E8 7.80523264E8 1.280523264E9 9.85555968E8 3.95621376E8 8.95621376E8 8.95621376E8 8.95621376E8 1.0719488E7 -7.9215104E7
33 0.0 0.0 9.10065408E8 -9.7483648E8 -4.7483648E8 2.516352E7 2.516352E7 1.640261632E9 3.45294336E8 2.07549056E9 7.80523264E8 7.80523264E8 1.280523264E9 1.280523264E9 1.780523264E9 1.780523264E9 -2.014444032E9 -2.014444032E9 -2.014444032E9 -2.014444032E9
34 -1.794967296E9 -7.94967296E8 4.10065408E8 -1.47483648E9 -2.064771072E9 -2.064771072E9 -1.064771072E9 -1.064771072E9 -1.039607552E9 -6.29542144E8 -2.19476736E8 2.80523264E8 7.80523264E8 1.395621376E9 6.0065408E8 6.0065408E8 6.0065408E8 6.0065408E8 1.420784896E9 -6.69149696E8
35 -1.294967296E9 -2.94967296E8 1.910065408E9 -9.7483648E8 7.30196224E8 7.30196224E8 1.230196224E9 -5.64771072E8 5.5032704E8 1.65425152E8 1.280523264E9 1.280523264E9 -1.514444032E9 -1.89934592E9 -9.89280512E8 5.10719488E8 5.10719488E8 5.10719488E8 9.20784896E8 1.330850304E9
36 0.0 5.0E8 5.0E8 5.0E8 5.0E8 1.0E9 1.0E9 1.0E9 1.0E9 1.5E9 1.5E9 1.5E9 1.5E9 1.5E9 2.0E9 2.0E9 -1.794967296E9 -1.794967296E9 -1.294967296E9 -1.294967296E9
37 0.0 0.0 5.0E8 5.0E8 5.0E8 5.0E8 5.0E8 5.0E8 5.0E8 1.0E9 1.0E9 1.0E9 1.0E9 1.0E9 1.0E9 1.0E9 1.0E9 1.0E9 1.0E9 1.0E9
38 0.0 0.0 0.0 5.0E8 5.0E8 5.0E8 5.0E8 5.0E8 5.0E8 5.0E8 5.0E8 5.0E8 1.0E9 1.0E9 1.0E9 1.0E9 1.5E9 1.5E9 1.5E9 1.5E9
39 0.0 0.0 0.0 5.0E8 5.0E8 5.0E8 5.0E8 1.0E9 1.0E9 1.0E9 1.0E9 1.0E9 1.0E9 1.0E9 1.0E9 1.0E9 1.0E9 1.0E9 1.0E9 1.0E9
40 0.0 0.0 0.0 0.0 0.0 0.0 0.0 0.0 0.0 0.0 0.0 0.0 0.0 0.0 0.0 5.0E8 5.0E8 5.0E8 5.0E8 5.0E8
41 2.0E9 -7.94967296E8 4.10065408E8 4.10065408E8 4.10065408E8 4.10065408E8 4.10065408E8 4.10065408E8 -1.359738368E9 -1.42450944E9 -4.2450944E8 -4.2450944E8 7.549056E7 1.10065408E9 -1.694313216E9 -1.694313216E9 -1.694313216E9 -1.989280512E9 8.30850304E8 5.35883008E8
42 -1.794967296E9 -1.294967296E9 9.10065408E8 1.820130816E9 1.820130816E9 -1.97483648E9 2.02516352E9 -1.269803776E9 -1.334574848E9 -1.42450944E9 7.80523264E8 7.80523264E8 7.80523264E8 -3.9934592E8 -1.489280512E9 -9.89280512E8 1.0719488E7 1.0719488E7 6.258176E8 1.330850304E9
43 5.0E8 5.0E8 5.0E8 1.0E9 1.0E9 1.0E9 1.0E9 1.0E9 1.0E9 1.5E9 1.5E9 1.5E9 1.5E9 1.5E9 1.5E9 -1.794967296E9 -1.794967296E9 -1.794967296E9 -1.294967296E9 -1.294967296E9
44 0.0 0.0 5.0E8 5.0E8 5.0E8 5.0E8 5.0E8 5.0E8 5.0E8 5.0E8 5.0E8 5.0E8 5.0E8 5.0E8 5.0E8 5.0E8 5.0E8 5.0E8 5.0E8 5.0E8
45 5.0E8 1.0E9 1.0E9 1.5E9 4.35228928E8 1.435228928E9 -1.859738368E9 -1.859738368E9 -1.539607552E9 -6.29542144E8 1.57549056E9 2.07549056E9 1.780523264E9 -1.89934592E9 -1.989280512E9 5.10719488E8 1.010719488E9 -1.784247808E9 -1.169149696E9 -6.69149696E8
46 -1.294967296E9 -7.94967296E8 -2.94967296E8 5.2516352E8 -1.064771072E9 -5.64771072E8 -5.64771072E8 1.935228928E9 -8.34574848E8 1.07549056E9 1.280523264E9 1.280523264E9 1.280523264E9 -1.514444032E9 -1.489280512E9 -9.89280512E8 -9.89280512E8 -9.89280512E8 6.258176E8 1.6258176E9
47 0.0 0.0 0.0 0.0 0.0 0.0 0.0 0.0 0.0 0.0 0.0 0.0 0.0 0.0 0.0 0.0 0.0 0.0 0.0 0.0
48 5.0E8 5.0E8 -1.794967296E9 -9.7483648E8 -1.064771072E9 9.35228928E8 1.435228928E9 1.435228928E9 1.460392448E9 1.370457856E9 1.280523264E9 1.780523264E9 -1.514444032E9 -8.9934592E8 1.805686784E9 2.010719488E9 2.010719488E9 2.010719488E9 -8.741824E8 1.330850304E9
49 0.0 0.0 0.0 0.0 0.0 0.0 0.0 0.0 0.0 0.0 0.0 0.0 0.0 0.0 0.0 0.0 0.0 0.0 0.0 0.0
50 0.0 5.0E8 5.0E8 5.0E8 1.0E9 1.0E9 1.5E9 1.5E9 1.5E9 1.5E9 1.5E9 1.5E9 2.0E9 2.0E9 2.0E9 2.0E9 2.0E9 2.0E9 2.0E9 2.0E9
51 0.0 0.0 0.0 0.0 5.0E8 5.0E8 1.0E9 1.0E9 1.0E9 1.0E9 1.0E9 1.0E9 1.5E9 1.5E9 1.5E9 2.0E9 2.0E9 2.0E9 2.0E9 2.0E9
52 -1.294967296E9 -2.94967296E8 -5.89934592E8 -9.7483648E8 -7.69803776E8 9.35228928E8 9.35228928E8 9.35228928E8 -1.539607552E9 1.57549056E9 1.280523264E9 1.280523264E9 1.280523264E9 -1.694313216E9 -1.489280512E9 1.510719488E9 1.510719488E9 2.010719488E9 1.715752192E9 1.420784896E9
53 5.0E8 5.0E8 5.0E8 5.0E8 1.5E9 1.5E9 1.5E9 1.5E9 1.5E9 1.5E9 1.5E9 -1.794967296E9 -1.794967296E9 -1.794967296E9 -1.294967296E9 -1.294967296E9 -1.294967296E9 -1.294967296E9 -1.294967296E9 -1.294967296E9
54 5.0E8 5.0E8 9.10065408E8 -9.7483648E8 5.2516352E8 1.02516352E9 1.52516352E9 -6.4771072E7 -3.9607552E7 1.165425152E9 1.165425152E9 1.280523264E9 1.780523264E9 -1.39934592E9 -3.9934592E8 1.0065408E8 1.0065408E8 1.10065408E9 1.1258176E9 2.1258176E9
55 -1.794967296E9 -7.94967296E8 -7.94967296E8 5.2516352E8 -7.69803776E8 9.35228928E8 1.935228928E9 -1.859738368E9 -2.44640256E8 5.7549056E8 -7.19476736E8 -2.19476736E8 -2.19476736E8 1.0065408E8 1.305686784E9 1.0719488E7 1.0719488E7 1.010719488E9 9.20784896E8 -8.741824E8
56 0.0 0.0 0.0 0.0 0.0 0.0 5.0E8 5.0E8 5.0E8 5.0E8 5.0E8 5.0E8 5.0E8 5.0E8 5.0E8 5.0E8 5.0E8 5.0E8 5.0E8 5.0E8
57 5.0E8 1.0E9 1.410065408E9 1.320130816E9 1.320130816E9 7.30196224E8 1.730196224E9 -2.064771072E9 4.60392448E8 1.57549056E9 7.80523264E8 7.80523264E8 7.80523264E8 -8.9934592E8 -1.489280512E9 -4.89280512E8 -4.89280512E8 -1.784247808E9 1.6258176E9 2.1258176E9
58 0.0 0.0 0.0 0.0 0.0 0.0 0.0 0.0 0.0 0.0 5.0E8 5.0E8 5.0E8 5.0E8 5.0E8 5.0E8 1.0E9 1.0E9 1.5E9 1.5E9
59 0.0 0.0 5.0E8 5.0E8 1.0E9 1.0E9 1.0E9 1.0E9 1.0E9 1.0E9 1.0E9 1.0E9 1.5E9 1.5E9 1.5E9 1.5E9 2.0E9 2.0E9 2.0E9 2.0E9
60 0.0 0.0 0.0 5.0E8 5.0E8 1.0E9 1.0E9 1.0E9 1.0E9 1.0E9 1.0E9 1.0E9 1.0E9 1.5E9 1.5E9 1.5E9 1.5E9 1.5E9 1.5E9 1.5E9
61 2.0E9 2.0E9 2.05032704E8 -9.7483648E8 -6.4771072E7 1.935228928E9 6.40261632E8 8.45294336E8 1.255359744E9 -4.2450944E8 -7.19476736E8 -7.19476736E8 -7.19476736E8 -1.809411328E9 -1.809411328E9 -1.809411328E9 -1.809411328E9 -1.809411328E9 -1.809411328E9 -1.809411328E9
62 -1.794967296E9 -7.94967296E8 -5.89934592E8 -9.7483648E8 7.30196224E8 7.30196224E8 1.230196224E9 -5.64771072E8 -5.39607552E8 -1.29542144E8 -1.29542144E8 1.280523264E9 -2.014444032E9 -1.39934592E9 -6.94313216E8 3.05686784E8 3.05686784E8 3.05686784E8 1.920784896E9 3.30850304E8
63 -1.294967296E9 -1.294967296E9 -7.94967296E8 -7.94967296E8 -7.94967296E8 9.35228928E8 -1.154705664E9 -1.44967296E9 -1.334574848E9 -4.2450944E8 1.280523264E9 1.280523264E9 -2.014444032E9 -3.9934592E8 -9.89280512E8 5.10719488E8 5.10719488E8 5.10719488E8 -1.284247808E9 1.6258176E9
64 2.0E9 2.0E9 2.0E9 2.0E9 -1.294967296E9 -1.294967296E9 -1.294967296E9 -7.94967296E8 -1.859738368E9 -3.34574848E8 -1.129542144E9 -1.129542144E9 -1.129542144E9 -3.09411328E8 -9.89280512E8 5.10719488E8 1.010719488E9 -1.284247808E9 9.20784896E8 -1.669149696E9
65 0.0 0.0 0.0 0.0 5.0E8 5.0E8 5.0E8 5.0E8 5.0E8 5.0E8 5.0E8 5.0E8 5.0E8 5.0E8 5.0E8 5.0E8 5.0E8 5.0E8 1.0E9 1.0E9
66 2.0E9 -1.794967296E9 -1.794967296E9 -1.794967296E9 -1.769803776E9 1.435228928E9 -1.359738368E9 -1.359738368E9 -3.9607552E7 1.57549056E9 7.80523264E8 1.280523264E9 -2.014444032E9 1.985555968E9 1.305686784E9 1.305686784E9 1.805686784E9 1.805686784E9 2.1258176E9 3.30850304E8
67 0.0 5.0E8 5.0E8 5.0E8 5.0E8 5.0E8 5.0E8 5.0E8 1.0E9 1.0E9 1.0E9 1.0E9 1.0E9 1.0E9 1.0E9 1.0E9 1.5E9 1.5E9 2.0E9 2.0E9
68 0.0 0.0 0.0 0.0 0.0 0.0 0.0 0.0 0.0 5.0E8 5.0E8 5.0E8 5.0E8 5.0E8 5.0E8 1.0E9 1.0E9 1.0E9 1.0E9 1.5E9
69 -1.294967296E9 -1.294967296E9 -1.294967296E9 1.820130816E9 -5.64771072E8 -6.4771072E7 4.35228928E8 4.35228928E8 -1.94967296E9 -1.29542144E8 -2.19476736E8 2.80523264E8 2.80523264E8 1.395621376E9 -1.94313216E8 3.05686784E8 3.05686784E8 3.05686784E8 -5.79215104E8 -1.8741824E9
70 0.0 0.0 0.0 0.0 0.0 0.0 0.0 0.0 0.0 0.0 5.0E8 1.5E9 1.5E9 1.5E9 1.5E9 1.5E9 1.5E9 1.5E9 2.0E9 2.0E9
71 0.0 0.0 0.0 0.0 0.0 0.0 0.0 0.0 0.0 0.0 0.0 0.0 5.0E8 5.0E8 5.0E8 5.0E8 5.0E8 5.0E8 1.0E9 1.0E9
72 0.0 0.0 0.0 0.0 0.0 0.0 0.0 1.0E9 1.0E9 2.0E9 2.0E9 2.0E9 2.0E9 2.0E9 2.0E9 2.0E9 2.0E9 2.0E9 2.0E9 2.0E9
73 1.0E9 1.0E9 9.10065408E8 -1.47483648E9 4.35228928E8 9.35228928E8 -1.154705664E9 -1.44967296E9 -8.34574848E8 2.07549056E9 1.280523264E9 -2.014444032E9 -2.014444032E9 -1.694313216E9 -9.89280512E8 1.0719488E7 1.0719488E7 5.10719488E8 5.10719488E8 1.330850304E9
74 0.0 0.0 0.0 0.0 0.0 5.0E8 5.0E8 5.0E8 1.0E9 1.0E9 1.0E9 1.0E9 1.0E9 1.0E9 1.0E9 1.0E9 1.0E9 1.5E9 1.5E9 1.5E9
75 0.0 5.0E8 1.0E9 1.0E9 1.0E9 1.0E9 1.0E9 1.0E9 1.0E9 1.0E9 1.0E9 1.0E9 1.0E9 1.5E9 1.5E9 1.5E9 1.5E9 1.5E9 1.5E9 1.5E9
76 0.0 0.0 0.0 0.0 0.0 0.0 0.0 0.0 0.0 0.0 0.0 0.0 0.0 0.0 0.0 0.0 0.0 0.0 0.0 0.0
77 5.0E8 5.0E8 -8.9934592E7 1.820130816E9 -1.564771072E9 4.35228928E8 -1.359738368E9 1.40261632E8 -1.334574848E9 1.07549056E9 -2.19476736E8 -2.19476736E8 7.80523264E8 3.95621376E8 -1.989280512E9 -1.489280512E9 -9.89280512E8 -9.89280512E8 5.10719488E8 -3.741824E8
78 0.0 0.0 0.0 0.0 0.0 0.0 0.0 0.0 0.0 0.0 0.0 0.0 0.0 0.0 0.0 0.0 0.0 0.0 0.0 0.0
79 1.0E9 1.0E9 1.0E9 1.5E9 1.5E9 1.5E9 1.5E9 1.5E9 1.5E9 1.5E9 1.5E9 1.5E9 1.5E9 1.5E9 1.5E9 1.5E9 2.0E9 -1.794967296E9 -1.794967296E9 -1.794967296E9
80 2.0E9 -1.794967296E9 -1.794967296E9 -1.97483648E9 -5.64771072E8 9.35228928E8 -1.859738368E9 -1.859738368E9 -8.34574848E8 1.57549056E9 7.80523264E8 1.280523264E9 -2.014444032E9 1.985555968E9 1.305686784E9 -9.89280512E8 -9.89280512E8 -9.89280512E8 9.20784896E8 -8.741824E8
81 0.0 0.0 0.0 0.0 0.0 0.0 0.0 0.0 0.0 0.0 0.0 0.0 0.0 0.0 0.0 0.0 0.0 0.0 0.0 0.0
82 -1.794967296E9 2.05032704E8 1.410065408E9 2.516352E7 -1.769803776E9 -1.769803776E9 -1.769803776E9 1.435228928E9 1.435228928E9 -1.539607552E9 -5.39607552E8 -5.39607552E8 -5.39607552E8 -5.39607552E8 -5.39607552E8 -5.39607552E8 -5.39607552E8 -5.39607552E8 3.05686784E8 3.05686784E8
83 -1.794967296E9 2.05032704E8 1.910065408E9 -1.47483648E9 -6.4771072E7 1.935228928E9 -6.54705664E8 5.5032704E8 -1.834574848E9 2.07549056E9 1.780523264E9 4.85555968E8 4.85555968E8 4.85555968E8 -4.89280512E8 1.0719488E7 1.0719488E7 1.0719488E7 1.0719488E7 1.0719488E7
84 0.0 0.0 0.0 0.0 0.0 0.0 0.0 0.0 0.0 0.0 0.0 5.0E8 5.0E8 5.0E8 5.0E8 5.0E8 5.0E8 1.0E9 1.0E9 1.5E9
85 0.0 0.0 0.0 0.0 0.0 0.0 0.0 0.0 0.0 0.0 5.0E8 5.0E8 5.0E8 5.0E8 1.0E9 1.0E9 1.0E9 1.0E9 1.0E9 1.0E9
86 0.0 0.0 5.0E8 5.0E8 5.0E8 5.0E8 1.0E9 1.0E9 1.0E9 1.0E9 1.0E9 1.0E9 1.0E9 1.5E9 2.0E9 2.0E9 2.0E9 2.0E9 2.0E9 2.0E9
87 0.0 0.0 0.0 0.0 0.0 0.0 0.0 5.0E8 5.0E8 5.0E8 5.0E8 5.0E8 5.0E8 5.0E8 5.0E8 5.0E8 5.0E8 5.0E8 5.0E8 5.0E8
88 0.0 0.0 0.0 0.0 0.0 0.0 0.0 0.0 0.0 0.0 0.0 0.0 0.0 0.0 0.0 0.0 0.0 0.0 0.0 0.0
89 -1.794967296E9 -2.94967296E8 2.05032704E8 -1.47483648E9 4.35228928E8 1.435228928E9 1.935228928E9 6.40261632E8 -1.834574848E9 -1.29542144E8 2.80523264E8 1.280523264E9 -2.014444032E9 6.0065408E8 -1.989280512E9 -9.89280512E8 -9.89280512E8 1.510719488E9 -8.741824E8 1.1258176E9
90 0.0 0.0 0.0 0.0 0.0 0.0 0.0 0.0 0.0 5.0E8 5.0E8 5.0E8 5.0E8 5.0E8 5.0E8 5.0E8 5.0E8 5.0E8 5.0E8 5.0E8
91 -1.294967296E9 -2.94967296E8 -2.94967296E8 8.20130816E8 8.20130816E8 1.320130816E9 1.320130816E9 1.820130816E9 -1.539607552E9 -6.29542144E8 -6.29542144E8 -1.29542144E8 -1.29542144E8 -1.29542144E8 -1.29542144E8 -1.29542144E8 -1.29542144E8 -1.29542144E8 -1.29542144E8 -1.29542144E8
92 0.0 0.0 0.0 0.0 0.0 0.0 0.0 0.0 0.0 0.0 0.0 0.0 0.0 5.0E8 5.0E8 5.0E8 5.0E8 5.0E8 5.0E8 5.0E8
93 5.0E8 5.0E8 1.0E9 1.0E9 1.0E9 1.5E9 1.5E9 1.5E9 1.5E9 1.5E9 1.5E9 1.5E9 2.0E9 2.0E9 2.0E9 2.0E9 2.0E9 2.0E9 2.0E9 2.0E9
94 0.0 0.0 0.0 5.0E8 5.0E8 5.0E8 5.0E8 5.0E8 5.0E8 5.0E8 5.0E8 5.0E8 5.0E8 5.0E8 5.0E8 5.0E8 1.0E9 1.0E9 1.0E9 1.0E9
95 0.0 0.0 0.0 0.0 0.0 0.0 0.0 0.0 0.0 0.0 0.0 5.0E8 5.0E8 5.0E8 5.0E8 5.0E8 5.0E8 5.0E8 5.0E8 5.0E8
96 5.0E8 5.0E8 5.0E8 5.0E8 5.0E8 5.0E8 1.0E9 1.0E9 1.0E9 1.0E9 1.0E9 1.0E9 1.0E9 1.0E9 1.0E9 1.0E9 1.0E9 1.0E9 1.0E9 1.0E9
97 0.0 0.0 5.0E8 5.0E8 5.0E8 5.0E8 5.0E8 5.0E8 5.0E8 5.0E8 5.0E8 5.0E8 1.0E9 2.0E9 2.0E9 -1.794967296E9 -1.794967296E9 -1.794967296E9 -1.794967296E9 -1.794967296E9
