0 3349
1 1982
2 4465
3 3280
4 2959
5 2677
6 764
7 1052
8 1527
9 2868
10 545
11 435
12 4373
13 4082
14 2319
15 4023
16 3450
17 977
18 676
19 1395
20 1351
21 2373
22 2489
23 3024
24 3228
25 3093
26 2433
27 2930
28 1994
29 2818
30 3280
31 4084
32 2390
33 2637
34 2410
35 2739
36 2829
37 3206
38 2584
39 3486
40 2591
41 2130
42 4117
43 3606
44 2967
45 2627
46 3217
47 3967
48 3124
49 3945
50 4118
51 3638
52 4265
53 3049
54 1890
55 3725
56 3356
57 3778
58 2783
59 5382
60 3593
61 2390
62 1495
63 3544
64 2375
65 5047
66 3276
67 1991
68 1389
69 3980
70 3167
71 4673
72 3605
73 4765
74 4496
75 4971
76 5464
77 5269
78 5057
79 3919
80 4185
81 5285
82 1442
83 5447
84 2749
85 4152
86 4108
87 5651
88 5247
89 5119
90 4185
91 2013
92 5284
93 1847
94 4155
95 2370
96 657
97 3953
