0 3350
1 1982
2 4464
3 3281
4 2960
5 2675
6 762
7 1053
8 1527
9 2865
10 545
11 435
12 4368
13 4082
14 2319
15 4023
16 3450
17 976
18 676
19 1394
20 1350
21 2371
22 2490
23 3022
24 3229
25 3093
26 2433
27 2931
28 1997
29 2815
30 3281
31 4085
32 2386
33 2635
34 2411
35 2737
36 2825
37 3205
38 2585
39 3487
40 2590
41 2130
42 4115
43 3607
44 2967
45 2628
46 3217
47 3969
48 3118
49 3944
50 4116
51 3639
52 4258
53 3048
54 1891
55 3722
56 3354
57 3780
58 2782
59 5381
60 3591
61 2390
62 1495
63 3542
64 2375
65 5047
66 3276
67 1990
68 1388
69 3979
70 3168
71 4674
72 3604
73 4763
74 4497
75 4970
76 5467
77 5267
78 5061
79 3919
80 4184
81 5288
82 1441
83 5446
84 2749
85 4152
86 4107
87 5652
88 5246
89 5117
90 4187
91 2014
92 5284
93 1845
94 4155
95 2371
96 657
97 3953
