records: 20
      Record Time
Host  UsedBuffer

  17959.0 35918.0 53877.0 71836.0 89795.0 107754.0 125713.0 143672.0 161631.0 179590.0 197549.0 215508.0 233467.0 251426.0 269385.0 287344.0 305303.0 323262.0 341221.0 359180.0
0 1.1E9 1.2E9 1.5E9 1.7E9 -7.94967296E8 2.105032704E9 -1.089934592E9 -7.89934592E8 -5.89934592E8 -1.89934592E8 1.010065408E9 1.010065408E9 1.310065408E9 1.410065408E9 -3.84901888E8 1.15098112E8 2.15098112E8 3.15098112E8 1.215098112E9 -8.79869184E8
1 1.0E8 4.0E8 4.0E8 4.0E8 6.0E8 8.0E8 1.1E9 1.2E9 1.3E9 1.3E9 1.5E9 1.6E9 2.0E9 -2.094967296E9 -1.894967296E9 -1.694967296E9 -1.494967296E9 -1.394967296E9 -1.194967296E9 -8.94967296E8
2 1.0E8 3.0E8 5.0E8 6.0E8 9.0E8 1.3E9 1.4E9 1.5E9 1.6E9 1.7E9 1.9E9 -1.994967296E9 -1.894967296E9 -1.894967296E9 -1.794967296E9 -1.594967296E9 -1.494967296E9 -1.494967296E9 -1.494967296E9 -1.294967296E9
3 1.0E8 3.0E8 4.0E8 5.0E8 7.0E8 9.0E8 1.1E9 1.2E9 1.3E9 1.3E9 1.7E9 1.8E9 2.0E9 -1.994967296E9 -1.794967296E9 -1.694967296E9 -1.694967296E9 -1.294967296E9 -9.94967296E8 -6.94967296E8
4 2.0E8 3.0E8 4.0E8 6.0E8 7.0E8 1.0E9 1.3E9 1.5E9 1.7E9 2.0E9 -2.094967296E9 -1.794967296E9 -1.694967296E9 -1.394967296E9 -1.294967296E9 -1.094967296E9 -8.94967296E8 -7.94967296E8 -6.94967296E8 -5.94967296E8
5 0.0 1.0E8 2.0E8 5.0E8 5.0E8 7.0E8 9.0E8 9.0E8 1.3E9 1.4E9 1.6E9 1.7E9 1.7E9 2.0E9 -2.094967296E9 -1.794967296E9 -1.294967296E9 -1.194967296E9 -8.94967296E8 -6.94967296E8
6 1.0E9 1.0E9 1.1E9 1.4E9 7.05032704E8 -2.089934592E9 -2.089934592E9 -1.889934592E9 -1.789934592E9 -1.689934592E9 -1.589934592E9 -1.489934592E9 -1.289934592E9 -3.89934592E8 -8.4901888E7 1.15098112E8 4.15098112E8 7.15098112E8 1.115098112E9 2.015098112E9
7 3.0E8 5.0E8 5.0E8 6.0E8 7.0E8 7.0E8 8.0E8 1.0E9 1.2E9 1.5E9 1.5E9 1.7E9 1.9E9 2.0E9 -2.094967296E9 -1.994967296E9 -1.894967296E9 -1.794967296E9 -1.794967296E9 -1.794967296E9
8 2.0E8 5.0E8 1.1E9 1.3E9 1.4E9 1.5E9 1.6E9 1.9E9 2.0E9 -2.094967296E9 -1.894967296E9 -1.694967296E9 -1.694967296E9 -1.494967296E9 -1.094967296E9 -9.94967296E8 -9.94967296E8 -6.94967296E8 -6.94967296E8 -4.94967296E8
