records: 20
      Record Time
Host  UsedBuffer

  16870.0 33740.0 50610.0 67480.0 84350.0 101220.0 118090.0 134960.0 151830.0 168700.0 185570.0 202440.0 219310.0 236180.0 253050.0 269920.0 286790.0 303660.0 320530.0 337400.0
0 2000000.0 4000000.0 2.9E7 4.8E7 6.4E7 6.7E7 8.2E7 9.7E7 1.23E8 1.37E8 1.39E8 1.44E8 1.59E8 1.82E8 1.9E8 1.95E8 1.95E8 2.03E8 2.36E8 2.45E8
1 2000000.0 1.0E7 1.0E7 4.6E7 6.3E7 6.6E7 7.1E7 9.7E7 1.22E8 1.35E8 1.45E8 1.5E8 1.53E8 1.82E8 1.92E8 1.95E8 1.99E8 2.03E8 2.3E8 2.42E8
2 2000000.0 4000000.0 3.1E7 4.6E7 6.2E7 6.6E7 8.1E7 9.6E7 1.21E8 1.34E8 1.36E8 1.49E8 1.52E8 1.79E8 1.89E8 1.92E8 1.94E8 1.99E8 2.35E8 2.41E8
3 2000000.0 4000000.0 2.9E7 4.8E7 6.4E7 6.8E7 8.3E7 9.7E7 1.23E8 1.37E8 1.39E8 1.51E8 1.59E8 1.82E8 1.9E8 1.94E8 1.95E8 1.97E8 2.35E8 2.44E8
4 2000000.0 4000000.0 2.8E7 4.7E7 6.3E7 6.7E7 8.2E7 9.7E7 1.23E8 1.37E8 1.39E8 1.52E8 1.59E8 1.82E8 1.92E8 1.95E8 1.96E8 1.99E8 2.38E8 2.44E8
5 0.0 0.0 0.0 0.0 0.0 0.0 2000000.0 2000000.0 2000000.0 2000000.0 3000000.0 4000000.0 4000000.0 5000000.0 5000000.0 6000000.0 6000000.0 7000000.0 7000000.0 7000000.0
6 0.0 0.0 0.0 4.6E7 6.0E7 6.4E7 6.4E7 8.8E7 1.21E8 1.35E8 1.37E8 1.38E8 1.53E8 1.81E8 1.88E8 1.93E8 1.94E8 1.94E8 2.31E8 2.31E8
7 0.0 0.0 1000000.0 1000000.0 1000000.0 1000000.0 1000000.0 1000000.0 1000000.0 1000000.0 1000000.0 1000000.0 1000000.0 1000000.0 1000000.0 1000000.0 2000000.0 2000000.0 2000000.0 3000000.0
8 0.0 0.0 0.0 0.0 0.0 0.0 0.0 0.0 0.0 0.0 0.0 0.0 0.0 0.0 0.0 0.0 0.0 1000000.0 1000000.0 1000000.0
9 0.0 1000000.0 1000000.0 4.7E7 6.3E7 6.6E7 7.1E7 9.7E7 1.22E8 1.37E8 1.45E8 1.5E8 1.53E8 1.82E8 1.92E8 1.95E8 2.0E8 2.03E8 2.37E8 2.42E8
10 0.0 0.0 1000000.0 4.6E7 6.3E7 6.3E7 8.1E7 9.6E7 1.21E8 1.38E8 1.39E8 1.39E8 1.41E8 1.8E8 1.86E8 1.86E8 1.86E8 1.87E8 2.36E8 2.42E8
11 0.0 0.0 0.0 0.0 0.0 3000000.0 3000000.0 3000000.0 3000000.0 3000000.0 3000000.0 3000000.0 3000000.0 3000000.0 3000000.0 3000000.0 3000000.0 3000000.0 3000000.0 3000000.0
12 2000000.0 1.0E7 1.1E7 4.7E7 6.3E7 6.6E7 7.1E7 9.7E7 1.21E8 1.36E8 1.44E8 1.49E8 1.52E8 1.81E8 1.91E8 1.94E8 1.99E8 2.02E8 2.35E8 2.37E8
13 0.0 1000000.0 2000000.0 2000000.0 2000000.0 2000000.0 2000000.0 2000000.0 2000000.0 2000000.0 3000000.0 3000000.0 3000000.0 3000000.0 3000000.0 3000000.0 3000000.0 4000000.0 4000000.0 4000000.0
14 2000000.0 4000000.0 3.0E7 4.6E7 6.1E7 6.4E7 7.9E7 9.4E7 1.21E8 1.35E8 1.37E8 1.42E8 1.53E8 1.79E8 1.83E8 1.83E8 1.83E8 1.84E8 1.84E8 1.84E8
15 0.0 0.0 0.0 0.0 0.0 0.0 0.0 0.0 0.0 0.0 0.0 0.0 0.0 0.0 0.0 0.0 0.0 0.0 0.0 0.0
16 2000000.0 1.0E7 1.1E7 4.7E7 6.4E7 6.7E7 7.2E7 9.7E7 1.23E8 1.37E8 1.44E8 1.5E8 1.53E8 1.81E8 1.91E8 1.94E8 1.99E8 2.02E8 2.36E8 2.4E8
17 2000000.0 6000000.0 2.2E7 4.0E7 6.3E7 6.6E7 7.1E7 7.4E7 1.17E8 1.31E8 1.44E8 1.47E8 1.5E8 1.72E8 1.72E8 1.94E8 1.99E8 1.99E8 2.0E8 2.0E8
18 0.0 0.0 0.0 1000000.0 1000000.0 1000000.0 1000000.0 1000000.0 1000000.0 2000000.0 2000000.0 2000000.0 2000000.0 2000000.0 3000000.0 3000000.0 3000000.0 3000000.0 3000000.0 3000000.0
19 0.0 0.0 0.0 0.0 0.0 0.0 1000000.0 3000000.0 3000000.0 3000000.0 3000000.0 3000000.0 3000000.0 3000000.0 3000000.0 3000000.0 3000000.0 3000000.0 3000000.0 3000000.0
20 0.0 0.0 0.0 0.0 0.0 0.0 0.0 0.0 0.0 0.0 0.0 0.0 0.0 1000000.0 1000000.0 1000000.0 1000000.0 1000000.0 1000000.0 2000000.0
21 4000000.0 7000000.0 8000000.0 9000000.0 9000000.0 6.6E7 6.6E7 6.9E7 1.23E8 1.33E8 1.33E8 1.33E8 1.33E8 1.82E8 1.92E8 1.95E8 1.95E8 1.96E8 2.06E8 2.41E8
22 5000000.0 8000000.0 3.1E7 4.8E7 5.3E7 5.3E7 5.3E7 9.6E7 1.23E8 1.34E8 1.34E8 1.34E8 1.34E8 1.34E8 1.35E8 1.35E8 1.36E8 1.36E8 1.36E8 1.36E8
23 1000000.0 3000000.0 3.0E7 4.6E7 6.3E7 6.4E7 6.7E7 6.7E7 1.2E8 1.24E8 1.42E8 1.43E8 1.43E8 1.8E8 1.84E8 1.85E8 1.85E8 1.85E8 2.36E8 2.39E8
24 0.0 0.0 1000000.0 2000000.0 2000000.0 2000000.0 2000000.0 2000000.0 2000000.0 2000000.0 2000000.0 2000000.0 2000000.0 2000000.0 2000000.0 2000000.0 2000000.0 3000000.0 3000000.0 3000000.0
25 0.0 0.0 0.0 0.0 1000000.0 1000000.0 1000000.0 1000000.0 1000000.0 2000000.0 2000000.0 2000000.0 2000000.0 3000000.0 3000000.0 4000000.0 4000000.0 4000000.0 4000000.0 4000000.0
26 0.0 0.0 0.0 2000000.0 3000000.0 4000000.0 4000000.0 4000000.0 4000000.0 4000000.0 4000000.0 4000000.0 4000000.0 4000000.0 4000000.0 4000000.0 4000000.0 4000000.0 4000000.0 4000000.0
27 4000000.0 6000000.0 6000000.0 4.7E7 6.4E7 6.6E7 8.2E7 9.0E7 1.22E8 1.33E8 1.44E8 1.44E8 1.5E8 1.64E8 1.86E8 1.86E8 1.86E8 1.86E8 1.86E8 1.86E8
28 0.0 0.0 0.0 0.0 0.0 0.0 0.0 0.0 1000000.0 1000000.0 1000000.0 1000000.0 1000000.0 1000000.0 2000000.0 2000000.0 2000000.0 2000000.0 3000000.0 3000000.0
29 1000000.0 2000000.0 3.1E7 4.6E7 6.3E7 6.5E7 6.5E7 6.5E7 6.5E7 6.5E7 6.5E7 6.5E7 6.6E7 1.8E8 1.9E8 1.92E8 1.92E8 2.01E8 2.35E8 2.43E8
30 3000000.0 3000000.0 3000000.0 4.5E7 4.5E7 4.5E7 8.2E7 8.7E7 1.22E8 1.36E8 1.44E8 1.51E8 1.52E8 1.81E8 1.91E8 1.94E8 1.95E8 1.95E8 1.95E8 2.43E8
31 4000000.0 8000000.0 3.0E7 4.7E7 5.7E7 5.7E7 7.9E7 8.0E7 1.19E8 1.33E8 1.39E8 1.47E8 1.47E8 1.77E8 1.85E8 1.85E8 1.85E8 1.86E8 2.32E8 2.36E8
32 0.0 0.0 0.0 0.0 0.0 0.0 0.0 1000000.0 1000000.0 1000000.0 1000000.0 1000000.0 2000000.0 2000000.0 3000000.0 3000000.0 3000000.0 3000000.0 4000000.0 4000000.0
33 1000000.0 1000000.0 3.1E7 4.7E7 5.1E7 5.2E7 5.2E7 8.9E7 1.22E8 1.37E8 1.43E8 1.43E8 1.44E8 1.44E8 1.45E8 1.45E8 1.46E8 1.46E8 1.46E8 1.46E8
34 0.0 0.0 0.0 0.0 0.0 0.0 1000000.0 1000000.0 3000000.0 3000000.0 3000000.0 3000000.0 3000000.0 3000000.0 3000000.0 3000000.0 3000000.0 3000000.0 3000000.0 3000000.0
35 0.0 0.0 1000000.0 1000000.0 2000000.0 2000000.0 2000000.0 2000000.0 3000000.0 3000000.0 4000000.0 4000000.0 5000000.0 5000000.0 5000000.0 5000000.0 5000000.0 5000000.0 5000000.0 5000000.0
36 0.0 1000000.0 1000000.0 1000000.0 1000000.0 2000000.0 2000000.0 2000000.0 2000000.0 3000000.0 3000000.0 3000000.0 3000000.0 3000000.0 4000000.0 4000000.0 5000000.0 5000000.0 6000000.0 6000000.0
37 2000000.0 2000000.0 3.1E7 4.8E7 6.4E7 6.6E7 7.5E7 9.7E7 1.24E8 1.38E8 1.44E8 1.44E8 1.55E8 1.81E8 1.91E8 1.95E8 1.98E8 2.04E8 2.31E8 2.39E8
38 0.0 0.0 0.0 1000000.0 1000000.0 1000000.0 1000000.0 1000000.0 1000000.0 1000000.0 1000000.0 1000000.0 2000000.0 2000000.0 2000000.0 2000000.0 3000000.0 3000000.0 3000000.0 3000000.0
39 0.0 0.0 0.0 1000000.0 1000000.0 1000000.0 1000000.0 2000000.0 2000000.0 2000000.0 2000000.0 2000000.0 2000000.0 2000000.0 2000000.0 2000000.0 2000000.0 2000000.0 2000000.0 2000000.0
40 1000000.0 1000000.0 3.1E7 3.7E7 4.8E7 4.8E7 8.3E7 9.8E7 1.24E8 1.38E8 1.46E8 1.46E8 1.46E8 1.82E8 1.92E8 1.95E8 1.96E8 1.96E8 2.38E8 2.44E8
41 5000000.0 8000000.0 2.8E7 2.8E7 2.8E7 2.8E7 2.8E7 8.7E7 1.23E8 1.36E8 1.37E8 1.37E8 1.54E8 1.81E8 1.84E8 1.84E8 1.84E8 2.01E8 2.37E8 2.45E8
42 5000000.0 7000000.0 3.1E7 4.1E7 4.1E7 4.2E7 8.1E7 9.0E7 1.22E8 1.36E8 1.44E8 1.44E8 1.44E8 1.81E8 1.91E8 1.92E8 1.94E8 1.94E8 2.37E8 2.45E8
43 1000000.0 1000000.0 1000000.0 2000000.0 2000000.0 2000000.0 2000000.0 2000000.0 2000000.0 3000000.0 3000000.0 3000000.0 3000000.0 3000000.0 3000000.0 5000000.0 5000000.0 5000000.0 6000000.0 6000000.0
44 0.0 0.0 1000000.0 1000000.0 1000000.0 1000000.0 1000000.0 1000000.0 1000000.0 1000000.0 1000000.0 1000000.0 1000000.0 1000000.0 1000000.0 1000000.0 1000000.0 1000000.0 1000000.0 1000000.0
45 0.0 1000000.0 1000000.0 1000000.0 1000000.0 1000000.0 1000000.0 1000000.0 1000000.0 2000000.0 3000000.0 3000000.0 4000000.0 5000000.0 5000000.0 5000000.0 5000000.0 5000000.0 5000000.0 5000000.0
46 4000000.0 4000000.0 5000000.0 4.7E7 6.4E7 6.6E7 6.6E7 8.5E7 1.24E8 1.38E8 1.45E8 1.45E8 1.45E8 1.83E8 1.88E8 1.89E8 1.89E8 1.89E8 2.38E8 2.4E8
47 0.0 0.0 0.0 0.0 0.0 0.0 0.0 0.0 0.0 0.0 0.0 0.0 0.0 0.0 0.0 0.0 0.0 0.0 0.0 0.0
48 0.0 0.0 0.0 0.0 1000000.0 1000000.0 1000000.0 1000000.0 1000000.0 1000000.0 1000000.0 1000000.0 1000000.0 2000000.0 2000000.0 2000000.0 2000000.0 2000000.0 2000000.0 2000000.0
49 1000000.0 1000000.0 3.1E7 4.7E7 6.4E7 6.5E7 6.5E7 9.0E7 1.22E8 1.36E8 1.37E8 1.5E8 1.5E8 1.82E8 1.92E8 1.94E8 1.94E8 1.94E8 2.37E8 2.45E8
50 5000000.0 8000000.0 3.1E7 4.1E7 4.2E7 4.2E7 4.3E7 4.4E7 1.22E8 1.36E8 1.44E8 1.45E8 1.59E8 1.82E8 1.92E8 1.93E8 1.93E8 2.02E8 2.38E8 2.46E8
51 0.0 0.0 0.0 0.0 1000000.0 1000000.0 2000000.0 2000000.0 2000000.0 2000000.0 2000000.0 2000000.0 3000000.0 3000000.0 3000000.0 4000000.0 4000000.0 4000000.0 4000000.0 4000000.0
52 5000000.0 7000000.0 3.0E7 4.6E7 6.3E7 6.5E7 8.1E7 9.0E7 1.22E8 1.37E8 1.43E8 1.52E8 1.53E8 1.82E8 1.92E8 1.96E8 1.99E8 2.0E8 2.37E8 2.42E8
53 3000000.0 4000000.0 5000000.0 5000000.0 7000000.0 7000000.0 8.4E7 9.1E7 1.23E8 1.38E8 1.45E8 1.47E8 1.47E8 1.83E8 1.93E8 1.93E8 1.93E8 1.93E8 2.39E8 2.42E8
54 1000000.0 1000000.0 3.1E7 4.8E7 6.4E7 6.5E7 6.6E7 9.7E7 1.23E8 1.26E8 1.26E8 1.27E8 1.54E8 1.81E8 1.85E8 1.86E8 1.86E8 2.03E8 2.35E8 2.36E8
55 4000000.0 8000000.0 8000000.0 4.8E7 6.2E7 6.5E7 8.1E7 8.4E7 1.21E8 1.35E8 1.44E8 1.44E8 1.58E8 1.79E8 1.86E8 1.93E8 1.96E8 1.99E8 2.33E8 2.4E8
56 0.0 0.0 0.0 0.0 0.0 0.0 1000000.0 1000000.0 1000000.0 1000000.0 1000000.0 1000000.0 1000000.0 1000000.0 1000000.0 1000000.0 1000000.0 1000000.0 1000000.0 1000000.0
57 0.0 0.0 0.0 0.0 0.0 0.0 0.0 0.0 0.0 0.0 0.0 0.0 0.0 0.0 0.0 0.0 0.0 0.0 0.0 0.0
58 5000000.0 7000000.0 3.1E7 4.6E7 5.8E7 5.8E7 5.8E7 5.8E7 6.3E7 1.36E8 1.44E8 1.44E8 1.44E8 1.44E8 1.91E8 1.93E8 1.94E8 2.04E8 2.05E8 2.05E8
59 0.0 0.0 1000000.0 1000000.0 2000000.0 2000000.0 2000000.0 2000000.0 2000000.0 2000000.0 2000000.0 2000000.0 3000000.0 3000000.0 3000000.0 3000000.0 4000000.0 4000000.0 4000000.0 4000000.0
60 0.0 0.0 0.0 1000000.0 1000000.0 2000000.0 2000000.0 2000000.0 2000000.0 2000000.0 2000000.0 2000000.0 2000000.0 3000000.0 3000000.0 3000000.0 3000000.0 3000000.0 3000000.0 3000000.0
61 1000000.0 1000000.0 1000000.0 1000000.0 1000000.0 1000000.0 1000000.0 1000000.0 1000000.0 1000000.0 1000000.0 1000000.0 1000000.0 1000000.0 1000000.0 1000000.0 1000000.0 1000000.0 1000000.0 1000000.0
62 0.0 0.0 0.0 0.0 0.0 0.0 0.0 0.0 0.0 0.0 0.0 0.0 0.0 0.0 0.0 0.0 0.0 0.0 0.0 1000000.0
63 5000000.0 5000000.0 6000000.0 6000000.0 6000000.0 6.4E7 8.3E7 8.9E7 1.23E8 1.37E8 1.45E8 1.45E8 1.45E8 1.82E8 1.92E8 1.94E8 1.94E8 1.94E8 2.38E8 2.45E8
64 0.0 0.0 0.0 0.0 0.0 0.0 0.0 0.0 0.0 0.0 0.0 0.0 0.0 0.0 0.0 0.0 1000000.0 2000000.0 2000000.0 3000000.0
65 0.0 0.0 0.0 0.0 1000000.0 1000000.0 1000000.0 1000000.0 1000000.0 1000000.0 1000000.0 1000000.0 1000000.0 1000000.0 1000000.0 1000000.0 1000000.0 1000000.0 2000000.0 2000000.0
66 4000000.0 5000000.0 5000000.0 5000000.0 6.4E7 6.6E7 8.2E7 9.2E7 1.23E8 1.37E8 1.45E8 1.46E8 1.48E8 1.8E8 1.86E8 1.91E8 1.92E8 1.92E8 2.36E8 2.42E8
67 4000000.0 5000000.0 5000000.0 5000000.0 6.1E7 6.1E7 6.1E7 9.8E7 9.9E7 1.38E8 1.4E8 1.4E8 1.6E8 1.82E8 1.89E8 1.89E8 1.9E8 1.9E8 1.91E8 1.91E8
68 4000000.0 5000000.0 5000000.0 5000000.0 6.0E7 6.0E7 6.0E7 6.0E7 6.0E7 1.27E8 1.39E8 1.39E8 1.59E8 1.82E8 1.89E8 1.9E8 1.9E8 1.9E8 1.9E8 1.91E8
69 5000000.0 5000000.0 5000000.0 4.5E7 6.1E7 6.4E7 6.5E7 6.5E7 1.22E8 1.29E8 1.43E8 1.44E8 1.44E8 1.78E8 1.86E8 1.87E8 1.87E8 1.87E8 2.3E8 2.32E8
70 5000000.0 7000000.0 7000000.0 4.8E7 4.8E7 4.8E7 4.9E7 8.9E7 1.22E8 1.37E8 1.45E8 1.47E8 1.47E8 1.82E8 1.89E8 1.89E8 1.89E8 1.89E8 1.9E8 1.9E8
71 4000000.0 4000000.0 5000000.0 4.7E7 6.4E7 6.6E7 8.2E7 9.1E7 1.22E8 1.37E8 1.45E8 1.45E8 1.55E8 1.76E8 1.83E8 1.84E8 1.84E8 1.84E8 2.32E8 2.32E8
72 5000000.0 7000000.0 8000000.0 4.7E7 6.3E7 6.5E7 6.5E7 9.7E7 1.21E8 1.35E8 1.43E8 1.43E8 1.57E8 1.8E8 1.81E8 1.81E8 1.81E8 1.96E8 2.23E8 2.23E8
73 0.0 0.0 0.0 0.0 0.0 0.0 1000000.0 1000000.0 1000000.0 1000000.0 1000000.0 1000000.0 1000000.0 1000000.0 1000000.0 1000000.0 1000000.0 2000000.0 2000000.0 2000000.0
74 0.0 0.0 0.0 0.0 0.0 1000000.0 1000000.0 1000000.0 2000000.0 2000000.0 2000000.0 2000000.0 2000000.0 2000000.0 2000000.0 2000000.0 2000000.0 3000000.0 3000000.0 3000000.0
75 0.0 1000000.0 2000000.0 2000000.0 2000000.0 2000000.0 2000000.0 2000000.0 2000000.0 2000000.0 2000000.0 2000000.0 2000000.0 3000000.0 3000000.0 3000000.0 3000000.0 3000000.0 3000000.0 3000000.0
76 0.0 0.0 0.0 0.0 0.0 0.0 0.0 0.0 0.0 0.0 0.0 0.0 0.0 0.0 0.0 0.0 0.0 0.0 0.0 0.0
77 2000000.0 2000000.0 3.1E7 4.6E7 6.2E7 6.4E7 8.1E7 8.6E7 1.21E8 1.36E8 1.43E8 1.49E8 1.52E8 1.8E8 1.9E8 1.91E8 1.92E8 1.92E8 2.34E8 2.44E8
78 5000000.0 7000000.0 3.1E7 4.8E7 6.4E7 6.6E7 6.7E7 9.8E7 1.23E8 1.38E8 1.44E8 1.44E8 1.44E8 1.79E8 1.87E8 1.87E8 1.87E8 1.87E8 1.87E8 1.87E8
79 2000000.0 2000000.0 2000000.0 3000000.0 3000000.0 3000000.0 3000000.0 3000000.0 3000000.0 3000000.0 3000000.0 3000000.0 3000000.0 3000000.0 3000000.0 3000000.0 4000000.0 5000000.0 5000000.0 5000000.0
80 4000000.0 5000000.0 6000000.0 4.7E7 6.3E7 6.5E7 8.1E7 9.1E7 1.22E8 1.37E8 1.45E8 1.46E8 1.48E8 1.81E8 1.91E8 1.93E8 1.93E8 1.93E8 2.38E8 2.44E8
81 0.0 0.0 3.1E7 4.6E7 6.3E7 6.5E7 8.2E7 9.0E7 1.2E8 1.35E8 1.42E8 1.42E8 1.42E8 1.8E8 1.88E8 1.93E8 1.93E8 1.93E8 2.36E8 2.42E8
82 0.0 1000000.0 1000000.0 1000000.0 1000000.0 1000000.0 1000000.0 2000000.0 2000000.0 2000000.0 3000000.0 3000000.0 3000000.0 3000000.0 3000000.0 3000000.0 3000000.0 3000000.0 3000000.0 3000000.0
83 5000000.0 9000000.0 3.1E7 4.7E7 6.4E7 6.6E7 8.4E7 9.8E7 1.23E8 1.38E8 1.46E8 1.53E8 1.54E8 1.54E8 1.93E8 1.94E8 1.94E8 1.94E8 1.94E8 1.94E8
84 0.0 0.0 0.0 0.0 0.0 0.0 0.0 0.0 0.0 0.0 0.0 1000000.0 1000000.0 1000000.0 1000000.0 1000000.0 1000000.0 2000000.0 2000000.0 3000000.0
85 4000000.0 5000000.0 3.1E7 4.8E7 6.4E7 6.6E7 8.4E7 8.8E7 1.24E8 1.38E8 1.46E8 1.46E8 1.46E8 1.46E8 1.47E8 1.49E8 1.49E8 1.49E8 2.37E8 2.46E8
86 4000000.0 4000000.0 5000000.0 4.7E7 6.2E7 6.4E7 8.0E7 8.9E7 1.21E8 1.36E8 1.42E8 1.42E8 1.42E8 1.43E8 1.44E8 1.44E8 1.44E8 1.44E8 1.44E8 1.44E8
87 0.0 0.0 0.0 0.0 0.0 0.0 0.0 1000000.0 1000000.0 1000000.0 1000000.0 1000000.0 1000000.0 1000000.0 1000000.0 1000000.0 1000000.0 1000000.0 1000000.0 1000000.0
88 5000000.0 7000000.0 3.1E7 4.7E7 6.3E7 6.5E7 6.6E7 9.7E7 1.22E8 1.37E8 1.45E8 1.45E8 1.58E8 1.81E8 1.91E8 1.93E8 1.94E8 1.94E8 2.36E8 2.42E8
89 2000000.0 2000000.0 2000000.0 2000000.0 2000000.0 2000000.0 2000000.0 2000000.0 2000000.0 2000000.0 2000000.0 3000000.0 4000000.0 5000000.0 5000000.0 5000000.0 5000000.0 6000000.0 6000000.0 6000000.0
90 0.0 0.0 0.0 0.0 0.0 0.0 0.0 0.0 0.0 1000000.0 1000000.0 1000000.0 1000000.0 1000000.0 1000000.0 1000000.0 1000000.0 1000000.0 1000000.0 1000000.0
91 1000000.0 1000000.0 1000000.0 1000000.0 1000000.0 2000000.0 2000000.0 2000000.0 2000000.0 3000000.0 3000000.0 4000000.0 4000000.0 4000000.0 4000000.0 4000000.0 4000000.0 4000000.0 4000000.0 4000000.0
92 0.0 0.0 0.0 0.0 0.0 0.0 0.0 0.0 0.0 0.0 0.0 0.0 0.0 1000000.0 1000000.0 1000000.0 1000000.0 1000000.0 1000000.0 1000000.0
93 1000000.0 1000000.0 2000000.0 2000000.0 2000000.0 3000000.0 3000000.0 3000000.0 3000000.0 3000000.0 3000000.0 3000000.0 4000000.0 4000000.0 4000000.0 4000000.0 4000000.0 4000000.0 4000000.0 4000000.0
94 5000000.0 7000000.0 7000000.0 4.7E7 6.4E7 6.6E7 8.1E7 9.2E7 1.23E8 1.35E8 1.35E8 1.35E8 1.35E8 1.35E8 1.35E8 1.35E8 1.36E8 1.36E8 1.36E8 1.36E8
95 0.0 0.0 0.0 0.0 0.0 0.0 0.0 0.0 0.0 0.0 0.0 1000000.0 1000000.0 1000000.0 1000000.0 1000000.0 1000000.0 1000000.0 1000000.0 1000000.0
96 1000000.0 1000000.0 1000000.0 1000000.0 1000000.0 1000000.0 2000000.0 2000000.0 2000000.0 2000000.0 2000000.0 2000000.0 2000000.0 2000000.0 2000000.0 2000000.0 2000000.0 2000000.0 2000000.0 2000000.0
97 0.0 0.0 1000000.0 1000000.0 1000000.0 1000000.0 1000000.0 1000000.0 1000000.0 1000000.0 1000000.0 1000000.0 2000000.0 4000000.0 4000000.0 5000000.0 5000000.0 5000000.0 5000000.0 5000000.0
