0 3349
1 1982
2 4465
3 3280
4 2960
5 2675
6 762
7 1051
8 1527
9 2867
10 545
11 435
12 4372
13 4082
14 2319
15 4024
16 3450
17 976
18 676
19 1394
20 1350
21 2371
22 2489
23 3022
24 3230
25 3093
26 2433
27 2930
28 1997
29 2814
30 3281
31 4085
32 2386
33 2636
34 2410
35 2737
36 2825
37 3206
38 2585
39 3486
40 2589
41 2130
42 4115
43 3606
44 2965
45 2626
46 3217
47 3968
48 3118
49 3942
50 4117
51 3639
52 4259
53 3048
54 1888
55 3722
56 3354
57 3780
58 2781
59 5382
60 3591
61 2391
62 1495
63 3542
64 2375
65 5047
66 3276
67 1991
68 1388
69 3980
70 3167
71 4673
72 3604
73 4764
74 4498
75 4969
76 5464
77 5267
78 5060
79 3919
80 4185
81 5286
82 1441
83 5443
84 2749
85 4152
86 4108
87 5653
88 5245
89 5119
90 4187
91 2014
92 5285
93 1843
94 4159
95 2371
96 657
97 3953
