0 3350
1 1984
2 4464
3 3279
4 2960
5 2680
6 762
7 1057
8 1526
9 2866
10 545
11 434
12 4370
13 4087
14 2319
15 4023
16 3451
17 976
18 676
19 1394
20 1350
21 2371
22 2488
23 3022
24 3229
25 3095
26 2434
27 2931
28 1997
29 2815
30 3280
31 4084
32 2385
33 2636
34 2411
35 2737
36 2825
37 3206
38 2584
39 3485
40 2589
41 2131
42 4116
43 3606
44 2965
45 2626
46 3218
47 3968
48 3118
49 3943
50 4117
51 3640
52 4258
53 3049
54 1892
55 3721
56 3355
57 3779
58 2783
59 5384
60 3592
61 2390
62 1494
63 3542
64 2375
65 5049
66 3276
67 1991
68 1388
69 3979
70 3166
71 4674
72 3602
73 4764
74 4499
75 4972
76 5465
77 5267
78 5057
79 3919
80 4184
81 5288
82 1441
83 5445
84 2749
85 4153
86 4110
87 5655
88 5246
89 5120
90 4186
91 2013
92 5286
93 1846
94 4160
95 2372
96 657
97 3956
