records: 20
      Record Time
Host  UsedBuffer

  16870.0 33740.0 50610.0 67480.0 84350.0 101220.0 118090.0 134960.0 151830.0 168700.0 185570.0 202440.0 219310.0 236180.0 253050.0 269920.0 286790.0 303660.0 320530.0 337400.0
0 5.0E8 5.0E8 5.0E8 1.5E9 1.5E9 1.5E9 1.5E9 1.5E9 2.0E9 2.0E9 2.0E9 2.0E9 2.0E9 2.0E9 2.0E9 2.0E9 2.0E9 2.0E9 2.0E9 2.0E9
1 0.0 1.205032704E9 1.205032704E9 -1.47483648E9 -6.4771072E7 -1.859738368E9 -8.59738368E8 -8.59738368E8 -1.744640256E9 -1.719476736E9 -1.514444032E9 -5.14444032E8 -5.14444032E8 1.485555968E9 -9.89280512E8 -4.89280512E8 -4.89280512E8 -1.784247808E9 9.20784896E8 -3.741824E8
2 -1.794967296E9 -7.94967296E8 7.05032704E8 -4.7483648E8 -5.64771072E8 -1.859738368E9 1.40261632E8 -1.154705664E9 4.60392448E8 1.57549056E9 -1.219476736E9 1.280523264E9 -1.014444032E9 1.10065408E9 -1.989280512E9 -9.89280512E8 2.010719488E9 -2.84247808E8 1.330850304E9 5.35883008E8
3 -1.794967296E9 -1.294967296E9 -2.94967296E8 2.516352E7 -6.4771072E7 -8.59738368E8 2.140261632E9 -6.54705664E8 6.65425152E8 -1.719476736E9 2.80523264E8 -1.514444032E9 9.85555968E8 2.10065408E9 -1.489280512E9 1.510719488E9 1.510719488E9 -1.284247808E9 1.330850304E9 -2.59084288E8
4 -1.794967296E9 -1.294967296E9 -2.94967296E8 -9.7483648E8 -5.64771072E8 -1.359738368E9 1.640261632E9 -1.154705664E9 1.165425152E9 -1.719476736E9 2.80523264E8 -1.514444032E9 4.85555968E8 -1.694313216E9 -4.89280512E8 1.0719488E7 1.010719488E9 -2.84247808E8 -4.64116992E8 -2.59084288E8
5 0.0 0.0 0.0 0.0 0.0 0.0 1.0E9 1.0E9 1.0E9 1.0E9 1.5E9 2.0E9 2.0E9 -1.794967296E9 -1.794967296E9 -1.294967296E9 -1.294967296E9 -7.94967296E8 -7.94967296E8 -7.94967296E8
6 0.0 0.0 0.0 -1.794967296E9 -1.589934592E9 9.10065408E8 9.10065408E8 1.410065408E9 2.140261632E9 5.7549056E8 -1.219476736E9 -2.19476736E8 1.780523264E9 1.10065408E9 -1.989280512E9 -9.89280512E8 -7.84247808E8 -7.84247808E8 1.420784896E9 1.420784896E9
7 0.0 0.0 5.0E8 5.0E8 5.0E8 5.0E8 5.0E8 5.0E8 5.0E8 5.0E8 5.0E8 5.0E8 5.0E8 5.0E8 5.0E8 5.0E8 1.0E9 1.0E9 1.0E9 1.5E9
8 0.0 0.0 2.0E9 2.05032704E8 -5.64771072E8 -1.859738368E9 -3.59738368E8 1.40261632E8 -1.744640256E9 1.57549056E9 -2.19476736E8 1.780523264E9 1.780523264E9 3.95621376E8 1.805686784E9 -4.89280512E8 1.010719488E9 -1.784247808E9 -1.3741824E9 -1.669149696E9
9 0.0 5.0E8 5.0E8 1.320130816E9 -6.4771072E7 -1.859738368E9 -3.59738368E8 1.40261632E8 2.55359744E8 -1.219476736E9 7.80523264E8 -1.514444032E9 -1.514444032E9 1.0065408E8 -9.89280512E8 1.010719488E9 -1.784247808E9 -2.84247808E8 -1.169149696E9 -1.759084288E9
10 0.0 0.0 0.0 0.0 0.0 0.0 0.0 0.0 5.0E8 1.0E9 1.5E9 1.5E9 1.5E9 1.5E9 1.5E9 1.5E9 1.5E9 1.5E9 1.5E9 2.0E9
11 0.0 0.0 0.0 0.0 0.0 1.5E9 1.5E9 1.5E9 1.5E9 1.5E9 1.5E9 1.5E9 1.5E9 1.5E9 1.5E9 1.5E9 1.5E9 1.5E9 1.5E9 1.5E9
12 0.0 0.0 0.0 0.0 0.0 0.0 0.0 0.0 0.0 0.0 0.0 0.0 0.0 0.0 0.0 0.0 5.0E8 5.0E8 5.0E8 1.0E9
13 0.0 5.0E8 1.0E9 1.0E9 1.0E9 1.0E9 1.0E9 1.0E9 1.0E9 1.0E9 1.5E9 1.5E9 1.5E9 1.5E9 1.5E9 1.5E9 1.5E9 2.0E9 2.0E9 2.0E9
14 5.0E8 5.0E8 -8.9934592E7 -4.7483648E8 -5.64771072E8 9.35228928E8 9.35228928E8 2.140261632E9 -3.34574848E8 1.57549056E9 -7.19476736E8 -7.19476736E8 1.280523264E9 6.0065408E8 -1.694313216E9 -1.694313216E9 -1.694313216E9 -1.194313216E9 -1.194313216E9 -1.194313216E9
15 0.0 0.0 0.0 0.0 0.0 0.0 0.0 0.0 0.0 0.0 0.0 0.0 0.0 0.0 0.0 0.0 0.0 0.0 0.0 0.0
16 5.0E8 7.05032704E8 7.05032704E8 2.516352E7 4.35228928E8 -1.859738368E9 -3.59738368E8 1.40261632E8 2.55359744E8 -1.219476736E9 7.80523264E8 -1.514444032E9 -1.514444032E9 -1.39934592E9 -1.489280512E9 5.10719488E8 2.010719488E9 -7.84247808E8 -1.8741824E9 2.035883008E9
17 5.0E8 5.0E8 5.0E8 1.0E9 1.0E9 1.0E9 1.0E9 1.0E9 1.0E9 1.0E9 1.0E9 1.5E9 1.5E9 1.5E9 1.5E9 1.5E9 1.5E9 1.5E9 2.0E9 2.0E9
18 0.0 0.0 0.0 2.0E9 -1.294967296E9 -1.294967296E9 -7.94967296E8 -7.94967296E8 2.05032704E8 7.05032704E8 7.05032704E8 7.05032704E8 7.05032704E8 7.05032704E8 1.705032704E9 -2.089934592E9 9.10065408E8 9.10065408E8 9.10065408E8 9.10065408E8
19 0.0 0.0 0.0 0.0 0.0 0.0 5.0E8 1.5E9 1.5E9 1.5E9 1.5E9 1.5E9 1.5E9 1.5E9 1.5E9 1.5E9 1.5E9 1.5E9 1.5E9 1.5E9
20 0.0 0.0 0.0 0.0 0.0 0.0 0.0 0.0 0.0 0.0 0.0 0.0 0.0 5.0E8 5.0E8 5.0E8 5.0E8 5.0E8 5.0E8 1.0E9
21 0.0 0.0 0.0 0.0 0.0 0.0 0.0 1.0E9 1.0E9 1.0E9 1.0E9 1.0E9 1.0E9 1.0E9 1.0E9 1.0E9 1.0E9 1.0E9 1.0E9 1.0E9
22 -1.294967296E9 1.205032704E9 -1.384901888E9 2.516352E7 2.02516352E9 2.02516352E9 2.02516352E9 -2.69803776E8 1.845294336E9 1.57549056E9 1.57549056E9 1.57549056E9 1.57549056E9 1.57549056E9 2.07549056E9 2.07549056E9 -1.719476736E9 -1.719476736E9 -1.719476736E9 -1.719476736E9
23 5.0E8 1.5E9 1.910065408E9 -4.7483648E8 -6.4771072E7 1.435228928E9 -1.359738368E9 -1.359738368E9 1.65425152E8 -1.629542144E9 7.80523264E8 1.280523264E9 1.280523264E9 -8.9934592E8 3.05686784E8 -4.89280512E8 -4.89280512E8 -4.89280512E8 -1.964116992E9 1.035883008E9
24 -1.294967296E9 2.05032704E8 7.05032704E8 1.205032704E9 -6.4771072E7 -1.859738368E9 -1.359738368E9 1.640261632E9 1.65425152E8 1.07549056E9 1.07549056E9 1.07549056E9 1.07549056E9 1.395621376E9 1.805686784E9 -4.89280512E8 -4.89280512E8 1.0719488E7 8.30850304E8 -1.464116992E9
25 -1.294967296E9 7.05032704E8 7.05032704E8 7.05032704E8 -5.64771072E8 1.935228928E9 -1.859738368E9 -1.359738368E9 1.65425152E8 2.07549056E9 7.80523264E8 7.80523264E8 7.80523264E8 1.190588672E9 1.805686784E9 -9.89280512E8 -9.89280512E8 -9.89280512E8 -4.89280512E8 -1.669149696E9
26 -7.94967296E8 7.05032704E8 -1.384901888E9 5.2516352E8 -6.4771072E7 9.35228928E8 -1.859738368E9 -1.859738368E9 5.5032704E8 1.57549056E9 1.57549056E9 1.57549056E9 -1.4444032E7 2.10065408E9 -1.989280512E9 -1.989280512E9 -1.989280512E9 -1.989280512E9 -1.989280512E9 -1.989280512E9
27 -1.294967296E9 1.205032704E9 1.205032704E9 -2.089934592E9 4.35228928E8 1.935228928E9 -3.59738368E8 1.40261632E8 8.45294336E8 -1.719476736E9 1.280523264E9 1.280523264E9 1.780523264E9 -1.514444032E9 1.305686784E9 1.305686784E9 1.305686784E9 1.305686784E9 1.305686784E9 1.305686784E9
28 0.0 0.0 0.0 0.0 0.0 0.0 0.0 0.0 5.0E8 5.0E8 5.0E8 5.0E8 5.0E8 5.0E8 1.0E9 1.0E9 1.0E9 1.0E9 1.5E9 1.5E9
29 0.0 0.0 0.0 0.0 0.0 0.0 0.0 0.0 0.0 0.0 0.0 0.0 0.0 0.0 0.0 0.0 0.0 0.0 5.0E8 1.0E9
30 1.5E9 1.5E9 1.5E9 -4.7483648E8 -4.7483648E8 2.516352E7 1.52516352E9 1.230196224E9 -8.34574848E8 -1.719476736E9 1.280523264E9 1.780523264E9 1.780523264E9 2.10065408E9 -9.89280512E8 -4.89280512E8 -4.89280512E8 -4.89280512E8 -4.89280512E8 3.5883008E7
31 -1.294967296E9 7.05032704E8 -1.384901888E9 2.516352E7 1.230196224E9 1.230196224E9 1.730196224E9 -2.064771072E9 -2.039607552E9 5.7549056E8 -2.19476736E8 2.80523264E8 2.80523264E8 8.95621376E8 8.05686784E8 8.05686784E8 8.05686784E8 1.305686784E9 1.1258176E9 3.5883008E7
32 1.0E9 1.5E9 -1.384901888E9 -6.79869184E8 -6.79869184E8 1.320130816E9 1.820130816E9 -1.97483648E9 5.032704E7 -1.719476736E9 1.780523264E9 1.780523264E9 -2.014444032E9 1.485555968E9 -1.989280512E9 -9.89280512E8 -9.89280512E8 -9.89280512E8 -5.79215104E8 -2.59084288E8
33 0.0 0.0 -1.384901888E9 5.2516352E8 1.52516352E9 2.02516352E9 2.02516352E9 -7.69803776E8 4.35228928E8 -1.219476736E9 1.780523264E9 1.780523264E9 -2.014444032E9 -2.014444032E9 -1.514444032E9 -1.514444032E9 -1.014444032E9 -1.014444032E9 -1.014444032E9 -1.014444032E9
34 0.0 0.0 0.0 0.0 0.0 0.0 5.0E8 5.0E8 1.5E9 1.5E9 1.5E9 1.5E9 1.5E9 1.5E9 1.5E9 1.5E9 1.5E9 1.5E9 1.5E9 1.5E9
35 -7.94967296E8 7.05032704E8 1.910065408E9 -9.7483648E8 1.730196224E9 1.730196224E9 -2.064771072E9 -5.64771072E8 2.55359744E8 3.70457856E8 -2.014444032E9 -1.514444032E9 -1.014444032E9 -8.9934592E8 8.05686784E8 1.0719488E7 1.0719488E7 1.0719488E7 1.420784896E9 -1.759084288E9
36 0.0 5.0E8 5.0E8 5.0E8 5.0E8 1.0E9 1.0E9 1.0E9 1.0E9 1.5E9 1.5E9 1.5E9 1.5E9 1.5E9 2.0E9 2.0E9 -1.794967296E9 -1.794967296E9 -1.294967296E9 -1.294967296E9
37 1.5E9 1.5E9 1.910065408E9 5.2516352E8 4.35228928E8 -1.359738368E9 -3.59738368E8 -1.154705664E9 -2.129542144E9 -1.219476736E9 1.780523264E9 1.780523264E9 -1.514444032E9 6.0065408E8 -1.489280512E9 2.010719488E9 -7.84247808E8 -2.84247808E8 -1.3741824E9 1.535883008E9
38 -1.294967296E9 -7.94967296E8 -7.94967296E8 -2.94967296E8 -6.4771072E7 -1.859738368E9 -1.359738368E9 1.40261632E8 -1.334574848E9 -4.2450944E8 -2.19476736E8 2.80523264E8 1.280523264E9 8.95621376E8 3.05686784E8 1.805686784E9 -1.989280512E9 -1.489280512E9 -1.489280512E9 -1.489280512E9
39 5.0E8 5.0E8 -1.884901888E9 5.2516352E8 4.35228928E8 -1.859738368E9 -1.859738368E9 -1.359738368E9 1.65425152E8 -1.719476736E9 1.780523264E9 1.780523264E9 1.780523264E9 -2.014444032E9 -2.014444032E9 -1.514444032E9 -1.4444032E7 -1.4444032E7 -8.741824E8 1.535883008E9
40 5.0E8 5.0E8 -1.884901888E9 -1.79869184E8 3.20130816E8 3.20130816E8 1.320130816E9 1.820130816E9 1.65425152E8 -1.219476736E9 -1.014444032E9 -5.14444032E8 -5.14444032E8 -6.04378624E8 -9.89280512E8 -4.89280512E8 5.10719488E8 5.10719488E8 -1.69149696E8 -2.59084288E8
41 -1.294967296E9 7.05032704E8 -1.884901888E9 -1.884901888E9 -1.884901888E9 -1.884901888E9 -1.884901888E9 -8.84901888E8 -1.359738368E9 -1.219476736E9 -2.19476736E8 2.80523264E8 4.85555968E8 2.10065408E9 -1.94313216E8 -1.94313216E8 -1.94313216E8 8.05686784E8 -9.64116992E8 2.40915712E8
42 0.0 0.0 0.0 0.0 0.0 0.0 0.0 0.0 0.0 0.0 5.0E8 5.0E8 5.0E8 5.0E8 5.0E8 5.0E8 1.5E9 1.5E9 1.5E9 1.5E9
43 5.0E8 5.0E8 5.0E8 1.0E9 1.0E9 1.0E9 1.0E9 1.0E9 1.0E9 1.5E9 1.5E9 1.5E9 1.5E9 1.5E9 1.5E9 -1.794967296E9 -1.794967296E9 -1.794967296E9 -1.294967296E9 -1.294967296E9
44 0.0 0.0 5.0E8 5.0E8 5.0E8 5.0E8 5.0E8 5.0E8 5.0E8 5.0E8 5.0E8 5.0E8 5.0E8 5.0E8 5.0E8 5.0E8 5.0E8 5.0E8 5.0E8 5.0E8
45 -1.294967296E9 -7.94967296E8 -7.94967296E8 -2.94967296E8 4.35228928E8 -1.359738368E9 -8.59738368E8 6.40261632E8 -3.34574848E8 1.57549056E9 -2.014444032E9 -1.514444032E9 -5.14444032E8 -1.694313216E9 -1.989280512E9 -4.89280512E8 1.0719488E7 1.510719488E9 -3.741824E8 2.1258176E9
46 -7.94967296E8 -2.94967296E8 2.05032704E8 5.2516352E8 -5.64771072E8 -1.859738368E9 -1.859738368E9 -1.359738368E9 6.65425152E8 -1.219476736E9 -2.014444032E9 -2.014444032E9 1.485555968E9 -1.104378624E9 -1.489280512E9 -4.89280512E8 -4.89280512E8 -4.89280512E8 1.830850304E9 3.5883008E7
47 0.0 0.0 0.0 0.0 0.0 0.0 0.0 0.0 0.0 0.0 0.0 0.0 0.0 0.0 0.0 0.0 0.0 0.0 0.0 0.0
48 0.0 0.0 -1.294967296E9 2.516352E7 -1.064771072E9 -1.359738368E9 -3.59738368E8 -6.54705664E8 -8.34574848E8 2.07549056E9 -2.014444032E9 -2.014444032E9 -5.14444032E8 6.0065408E8 -4.89280512E8 -1.284247808E9 2.15752192E8 2.15752192E8 -3.741824E8 -1.759084288E9
49 2.0E9 2.0E9 -8.84901888E8 5.2516352E8 -6.4771072E7 1.435228928E9 1.435228928E9 -1.859738368E9 6.65425152E8 -1.719476736E9 -1.719476736E9 -1.219476736E9 -1.219476736E9 1.60065408E9 -9.89280512E8 1.510719488E9 1.510719488E9 1.510719488E9 -2.079215104E9 5.35883008E8
50 0.0 5.0E8 5.0E8 5.0E8 1.0E9 1.0E9 1.5E9 1.5E9 1.5E9 1.5E9 1.5E9 1.5E9 2.0E9 2.0E9 2.0E9 2.0E9 2.0E9 2.0E9 2.0E9 2.0E9
51 -1.294967296E9 7.05032704E8 -3.84901888E8 2.516352E7 -5.64771072E8 1.935228928E9 -8.59738368E8 1.40261632E8 1.165425152E9 2.07549056E9 2.07549056E9 7.80523264E8 1.280523264E9 1.10065408E9 -1.989280512E9 1.510719488E9 2.010719488E9 2.010719488E9 -1.169149696E9 -6.69149696E8
52 0.0 0.0 5.0E8 5.0E8 1.0E9 1.0E9 1.0E9 1.0E9 1.0E9 1.5E9 1.5E9 1.5E9 1.5E9 1.5E9 2.0E9 2.0E9 2.0E9 -1.794967296E9 -1.794967296E9 -1.294967296E9
53 1.0E9 1.0E9 1.5E9 1.5E9 -1.794967296E9 -1.794967296E9 -2.94967296E8 1.705032704E9 2.55359744E8 -7.19476736E8 -2.014444032E9 -1.014444032E9 -1.014444032E9 -1.194313216E9 -4.89280512E8 -4.89280512E8 -4.89280512E8 -4.89280512E8 -1.669149696E9 -1.759084288E9
54 5.0E8 5.0E8 9.10065408E8 2.516352E7 4.35228928E8 1.435228928E9 1.40261632E8 -1.154705664E9 -1.334574848E9 -1.29542144E8 -1.29542144E8 3.70457856E8 -1.92450944E9 1.60065408E9 -1.94313216E8 3.05686784E8 2.010719488E9 -1.784247808E9 8.30850304E8 1.330850304E9
55 -1.294967296E9 7.05032704E8 7.05032704E8 1.02516352E9 -6.4771072E7 -1.859738368E9 -8.59738368E8 -8.59738368E8 -1.834574848E9 1.57549056E9 -2.014444032E9 -2.014444032E9 4.85555968E8 1.60065408E9 1.805686784E9 1.010719488E9 -1.784247808E9 -1.784247808E9 6.258176E8 -4.64116992E8
56 -7.94967296E8 7.05032704E8 -1.384901888E9 5.2516352E8 -6.4771072E7 -1.859738368E9 -1.359738368E9 -1.359738368E9 1.640261632E9 1.640261632E9 -9.2450944E8 -2.19476736E8 -2.19476736E8 -3.09411328E8 -1.989280512E9 5.10719488E8 1.010719488E9 1.010719488E9 9.20784896E8 9.20784896E8
57 0.0 0.0 0.0 0.0 0.0 0.0 0.0 0.0 0.0 0.0 0.0 0.0 0.0 0.0 0.0 0.0 0.0 0.0 0.0 0.0
58 -7.94967296E8 7.05032704E8 -8.84901888E8 -9.7483648E8 1.730196224E9 1.730196224E9 1.730196224E9 1.730196224E9 1.730196224E9 2.07549056E9 1.780523264E9 1.780523264E9 1.780523264E9 1.780523264E9 -1.489280512E9 -4.89280512E8 1.0719488E7 -2.84247808E8 -2.079215104E9 -2.079215104E9
59 0.0 0.0 5.0E8 5.0E8 1.0E9 1.0E9 1.0E9 1.0E9 1.0E9 1.0E9 1.0E9 1.0E9 1.5E9 1.5E9 1.5E9 1.5E9 2.0E9 2.0E9 2.0E9 2.0E9
60 2.0E9 2.0E9 -1.384901888E9 2.516352E7 4.35228928E8 1.935228928E9 1.640261632E9 -1.154705664E9 1.65425152E8 2.07549056E9 -1.219476736E9 -5.14444032E8 1.485555968E9 1.10065408E9 -1.989280512E9 -9.89280512E8 -7.84247808E8 -7.84247808E8 -1.8741824E9 -1.8741824E9
61 1.5E9 1.5E9 2.0E9 -9.7483648E8 -1.064771072E9 -1.359738368E9 6.40261632E8 1.140261632E9 -5.39607552E8 -1.219476736E9 2.80523264E8 2.80523264E8 2.80523264E8 6.0065408E8 6.0065408E8 6.0065408E8 6.0065408E8 6.0065408E8 6.0065408E8 6.0065408E8
62 0.0 0.0 0.0 0.0 0.0 0.0 0.0 0.0 0.0 0.0 0.0 0.0 0.0 0.0 0.0 0.0 0.0 0.0 0.0 5.0E8
63 0.0 0.0 0.0 0.0 0.0 0.0 0.0 0.0 0.0 0.0 0.0 0.0 0.0 0.0 0.0 0.0 0.0 0.0 0.0 5.0E8
64 1.5E9 1.5E9 1.5E9 2.0E9 5.2516352E8 5.2516352E8 5.2516352E8 -7.69803776E8 9.60392448E8 -1.219476736E9 2.80523264E8 2.80523264E8 2.80523264E8 -1.694313216E9 1.0719488E7 2.010719488E9 -1.784247808E9 -1.284247808E9 1.6258176E9 1.535883008E9
65 -7.94967296E8 7.05032704E8 -1.384901888E9 5.2516352E8 4.35228928E8 -1.859738368E9 -1.859738368E9 -8.59738368E8 -3.34574848E8 -1.719476736E9 1.780523264E9 -2.014444032E9 -2.014444032E9 -1.694313216E9 -1.989280512E9 -1.989280512E9 -1.989280512E9 -1.989280512E9 -1.489280512E9 -1.489280512E9
66 -1.294967296E9 7.05032704E8 7.05032704E8 7.05032704E8 -6.4771072E7 1.935228928E9 -1.859738368E9 -1.859738368E9 9.60392448E8 -1.719476736E9 1.780523264E9 -2.014444032E9 -1.014444032E9 3.95621376E8 1.305686784E9 1.305686784E9 1.805686784E9 1.805686784E9 1.330850304E9 -1.759084288E9
67 1.5E9 2.0E9 2.0E9 2.0E9 1.52516352E9 1.52516352E9 1.52516352E9 1.935228928E9 6.40261632E8 -1.219476736E9 7.80523264E8 7.80523264E8 -1.809411328E9 -1.694313216E9 -1.989280512E9 -1.989280512E9 -1.489280512E9 -1.489280512E9 -9.89280512E8 -9.89280512E8
68 0.0 0.0 0.0 0.0 0.0 0.0 0.0 0.0 0.0 5.0E8 5.0E8 5.0E8 5.0E8 5.0E8 5.0E8 1.0E9 1.0E9 1.0E9 1.0E9 1.5E9
69 0.0 0.0 0.0 0.0 0.0 0.0 5.0E8 5.0E8 5.0E8 5.0E8 5.0E8 5.0E8 5.0E8 5.0E8 1.0E9 1.0E9 1.0E9 1.0E9 1.0E9 1.0E9
70 0.0 0.0 0.0 0.0 0.0 0.0 0.0 0.0 0.0 0.0 5.0E8 1.5E9 1.5E9 1.5E9 1.5E9 1.5E9 1.5E9 1.5E9 2.0E9 2.0E9
71 2.0E9 2.0E9 -1.794967296E9 5.2516352E8 4.35228928E8 -1.359738368E9 -3.59738368E8 6.40261632E8 1.65425152E8 -1.719476736E9 1.780523264E9 1.780523264E9 -2.014444032E9 -1.809411328E9 6.90588672E8 6.90588672E8 6.90588672E8 6.90588672E8 -1.04378624E8 -1.04378624E8
72 0.0 0.0 0.0 0.0 0.0 0.0 0.0 1.0E9 1.0E9 2.0E9 2.0E9 2.0E9 2.0E9 2.0E9 2.0E9 2.0E9 2.0E9 2.0E9 2.0E9 2.0E9
73 -7.94967296E8 7.05032704E8 -1.884901888E9 5.2516352E8 4.35228928E8 1.935228928E9 -3.59738368E8 1.140261632E9 6.65425152E8 -1.219476736E9 -2.014444032E9 -1.514444032E9 -1.514444032E9 -1.694313216E9 -9.89280512E8 -4.89280512E8 -4.89280512E8 1.0719488E7 1.0719488E7 -8.741824E8
74 0.0 0.0 0.0 0.0 0.0 5.0E8 5.0E8 5.0E8 1.0E9 1.0E9 1.0E9 1.0E9 1.0E9 1.0E9 1.0E9 1.0E9 1.0E9 1.5E9 1.5E9 1.5E9
75 0.0 5.0E8 1.0E9 1.0E9 1.0E9 1.0E9 1.0E9 1.0E9 1.0E9 1.0E9 1.0E9 1.0E9 1.0E9 1.5E9 1.5E9 1.5E9 1.5E9 1.5E9 1.5E9 1.5E9
76 1.5E9 7.05032704E8 -1.384901888E9 5.2516352E8 4.35228928E8 -1.859738368E9 -1.859738368E9 -1.154705664E9 6.65425152E8 -1.219476736E9 -2.014444032E9 -2.014444032E9 -2.014444032E9 -8.09411328E8 1.0065408E8 2.010719488E9 2.010719488E9 2.010719488E9 -1.964116992E9 -1.259084288E9
77 5.0E8 5.0E8 5.0E8 5.0E8 5.0E8 5.0E8 5.0E8 5.0E8 1.0E9 1.0E9 1.0E9 1.0E9 1.0E9 1.0E9 1.0E9 1.0E9 1.0E9 1.0E9 1.0E9 1.0E9
78 -7.94967296E8 7.05032704E8 -1.384901888E9 5.2516352E8 4.35228928E8 -1.359738368E9 -1.359738368E9 2.140261632E9 6.65425152E8 -1.219476736E9 1.780523264E9 -2.014444032E9 -2.014444032E9 8.95621376E8 1.60065408E9 1.60065408E9 1.60065408E9 1.60065408E9 -6.94313216E8 -6.94313216E8
79 -7.94967296E8 7.05032704E8 7.05032704E8 1.205032704E9 1.705032704E9 9.10065408E8 1.320130816E9 1.820130816E9 6.65425152E8 -1.719476736E9 -1.219476736E9 -7.19476736E8 -2.014444032E9 -1.694313216E9 -9.89280512E8 1.510719488E9 -1.784247808E9 -1.284247808E9 -4.64116992E8 -2.59084288E8
80 -1.294967296E9 7.05032704E8 1.205032704E9 2.516352E7 -6.4771072E7 1.435228928E9 1.935228928E9 1.935228928E9 6.65425152E8 -1.719476736E9 1.780523264E9 -2.014444032E9 -1.014444032E9 -1.104378624E9 1.805686784E9 1.805686784E9 1.805686784E9 1.805686784E9 1.715752192E9 -1.579215104E9
81 0.0 0.0 0.0 0.0 0.0 0.0 0.0 0.0 0.0 0.0 0.0 0.0 0.0 0.0 0.0 0.0 0.0 0.0 0.0 0.0
82 0.0 5.0E8 5.0E8 5.0E8 5.0E8 5.0E8 5.0E8 1.0E9 1.0E9 1.0E9 1.5E9 1.5E9 1.5E9 1.5E9 1.5E9 1.5E9 1.5E9 1.5E9 1.5E9 1.5E9
83 0.0 5.0E8 5.0E8 5.0E8 1.0E9 1.5E9 1.5E9 2.0E9 2.0E9 2.0E9 -1.794967296E9 -1.794967296E9 -1.794967296E9 -1.794967296E9 -1.794967296E9 -1.794967296E9 -1.794967296E9 -1.794967296E9 -1.794967296E9 -1.794967296E9
84 0.0 0.0 0.0 0.0 0.0 0.0 0.0 0.0 0.0 0.0 0.0 5.0E8 5.0E8 5.0E8 5.0E8 5.0E8 5.0E8 1.0E9 1.0E9 1.5E9
85 -1.294967296E9 7.05032704E8 4.10065408E8 1.820130816E9 4.35228928E8 -1.359738368E9 6.40261632E8 2.140261632E9 6.65425152E8 -7.19476736E8 -1.514444032E9 -1.514444032E9 -1.514444032E9 -1.514444032E9 -1.014444032E9 1.690588672E9 -2.104378624E9 -2.104378624E9 -1.3741824E9 1.830850304E9
86 2.0E9 2.0E9 -1.794967296E9 2.516352E7 -6.4771072E7 1.935228928E9 -1.359738368E9 -8.59738368E8 1.65425152E8 2.07549056E9 1.280523264E9 1.280523264E9 1.280523264E9 1.780523264E9 -2.014444032E9 -2.014444032E9 -2.014444032E9 -2.014444032E9 -2.014444032E9 -2.014444032E9
87 0.0 0.0 0.0 0.0 0.0 0.0 0.0 5.0E8 5.0E8 5.0E8 5.0E8 5.0E8 5.0E8 5.0E8 5.0E8 5.0E8 5.0E8 5.0E8 5.0E8 5.0E8
88 -1.294967296E9 -2.94967296E8 4.10065408E8 5.2516352E8 4.35228928E8 -1.859738368E9 -8.59738368E8 2.140261632E9 1.65425152E8 -1.719476736E9 1.780523264E9 1.780523264E9 -2.014444032E9 2.10065408E9 -1.489280512E9 -9.89280512E8 -7.84247808E8 -7.84247808E8 8.30850304E8 1.535883008E9
89 -1.294967296E9 1.205032704E9 1.705032704E9 5.2516352E8 4.35228928E8 1.935228928E9 2.140261632E9 -1.154705664E9 6.65425152E8 5.7549056E8 1.280523264E9 1.780523264E9 -1.514444032E9 1.60065408E9 -9.89280512E8 2.010719488E9 2.010719488E9 -1.284247808E9 1.330850304E9 -1.964116992E9
90 -1.794967296E9 1.205032704E9 1.705032704E9 5.2516352E8 4.35228928E8 1.935228928E9 2.140261632E9 -6.54705664E8 1.65425152E8 2.07549056E9 1.280523264E9 1.280523264E9 1.280523264E9 1.10065408E9 1.805686784E9 5.10719488E8 5.10719488E8 5.10719488E8 -1.784247808E9 -1.284247808E9
91 -7.94967296E8 2.05032704E8 2.05032704E8 8.20130816E8 8.20130816E8 1.320130816E9 1.320130816E9 1.320130816E9 -9.4967296E8 -9.2450944E8 -9.2450944E8 -4.2450944E8 -4.2450944E8 -4.2450944E8 -4.2450944E8 -4.2450944E8 -4.2450944E8 -4.2450944E8 -4.2450944E8 -4.2450944E8
92 -1.294967296E9 1.205032704E9 1.205032704E9 5.2516352E8 4.35228928E8 1.935228928E9 -3.59738368E8 1.40261632E8 1.65425152E8 2.07549056E9 1.280523264E9 1.280523264E9 1.780523264E9 6.0065408E8 1.805686784E9 1.805686784E9 1.010719488E9 1.010719488E9 8.30850304E8 3.5883008E7
93 1.0E9 1.0E9 -1.884901888E9 -1.97483648E9 2.516352E7 5.2516352E8 -1.359738368E9 -1.359738368E9 1.65425152E8 6.65425152E8 6.65425152E8 6.65425152E8 1.165425152E9 1.165425152E9 1.165425152E9 1.165425152E9 1.165425152E9 1.165425152E9 1.165425152E9 1.165425152E9
94 0.0 0.0 0.0 5.0E8 5.0E8 5.0E8 5.0E8 5.0E8 5.0E8 5.0E8 5.0E8 5.0E8 5.0E8 5.0E8 5.0E8 5.0E8 1.0E9 1.0E9 1.0E9 1.0E9
95 1.0E9 1.0E9 1.0E9 5.2516352E8 4.35228928E8 -1.859738368E9 2.140261632E9 -1.154705664E9 1.755359744E9 1.755359744E9 1.755359744E9 -2.039607552E9 -2.039607552E9 -2.039607552E9 -2.039607552E9 -2.039607552E9 -2.039607552E9 -2.039607552E9 -2.039607552E9 -2.039607552E9
96 -7.94967296E8 7.05032704E8 7.05032704E8 7.05032704E8 1.205032704E9 1.52516352E9 -8.59738368E8 -8.59738368E8 -8.59738368E8 -8.59738368E8 -8.59738368E8 -8.59738368E8 -8.59738368E8 -1.94967296E9 1.690588672E9 -1.489280512E9 -1.489280512E9 -1.489280512E9 -4.89280512E8 -7.84247808E8
97 -1.294967296E9 7.05032704E8 1.410065408E9 5.2516352E8 4.35228928E8 1.935228928E9 1.935228928E9 1.935228928E9 1.935228928E9 1.935228928E9 1.935228928E9 1.935228928E9 -1.859738368E9 -8.59738368E8 -8.59738368E8 -3.59738368E8 -3.59738368E8 -3.59738368E8 -3.59738368E8 -3.59738368E8
