records: 20
      Record Time
Host  UsedBuffer

  49376.0 98752.0 148128.0 197504.0 246880.0 296256.0 345632.0 395008.0 444384.0 493760.0 543136.0 592512.0 641888.0 691264.0 740640.0 790016.0 839392.0 888768.0 938144.0 987520.0
0 0.0 4.0E8 4.0E8 5.0E8 7.0E8 7.0E8 9.0E8 1.0E9 1.1E9 1.1E9 1.1E9 1.1E9 1.2E9 1.4E9 1.6E9 1.6E9 1.6E9 1.6E9 1.7E9 1.8E9
1 4.0E8 6.0E8 9.0E8 9.0E8 1.5E9 -1.484901888E9 1.5098112E7 7.15098112E8 1.42516352E9 1.42516352E9 -1.464771072E9 -1.364771072E9 -1.459738368E9 -1.359738368E9 -1.359738368E9 -1.359738368E9 -1.159738368E9 -1.159738368E9 -7.59738368E8 -6.59738368E8
2 9.0E8 1.0E9 1.8E9 -1.794967296E9 -9.94967296E8 -1.184901888E9 1.915098112E9 -1.279869184E9 1.22516352E9 1.32516352E9 -9.64771072E8 -6.64771072E8 -1.559738368E9 -1.559738368E9 -1.459738368E9 -1.459738368E9 -1.159738368E9 -1.44967296E9 -1.34967296E9 1.055359744E9
3 0.0 0.0 1.0E8 2.0E8 2.0E8 2.0E8 2.0E8 2.0E8 2.0E8 3.0E8 3.0E8 5.0E8 6.0E8 7.0E8 8.0E8 9.0E8 1.0E9 1.0E9 1.0E9 1.0E9
4 3.0E8 6.0E8 8.0E8 9.0E8 1.6E9 -1.084901888E9 -1.084901888E9 -9.84901888E8 1.12516352E9 1.22516352E9 -1.364771072E9 -1.264771072E9 -1.159738368E9 -1.059738368E9 -8.59738368E8 -7.59738368E8 -7.59738368E8 7.5032704E8 9.5032704E8 1.15032704E9
5 1.0E8 3.0E8 4.0E8 5.0E8 6.0E8 7.0E8 7.0E8 7.0E8 8.0E8 8.0E8 8.0E8 8.0E8 1.0E9 1.2E9 1.3E9 1.3E9 1.4E9 1.7E9 1.7E9 1.8E9
6 1.0E8 3.0E8 4.0E8 5.0E8 5.0E8 6.0E8 7.0E8 8.0E8 8.0E8 1.0E9 1.3E9 1.5E9 1.6E9 1.6E9 1.6E9 1.8E9 1.8E9 1.9E9 1.9E9 1.9E9
7 1.0E8 3.0E8 6.0E8 6.0E8 1.4E9 4.10065408E8 6.10065408E8 1.20130816E8 1.20130816E8 4.20130816E8 -5.69803776E8 -5.69803776E8 -4.69803776E8 -3.69803776E8 -3.69803776E8 -2.69803776E8 -1.69803776E8 -1.24967296E9 -1.04967296E9 -1.04967296E9
8 0.0 1.0E8 2.0E8 2.0E8 2.0E8 3.0E8 4.0E8 6.0E8 6.0E8 7.0E8 7.0E8 8.0E8 9.0E8 9.0E8 9.0E8 1.0E9 1.3E9 1.4E9 1.4E9 1.5E9
9 1.0E8 2.0E8 5.0E8 6.0E8 1.2E9 1.610065408E9 -2.84901888E8 1.15098112E8 4.15098112E8 4.15098112E8 -1.764771072E9 -1.764771072E9 -1.159738368E9 -1.159738368E9 -1.159738368E9 -1.159738368E9 -1.159738368E9 -1.059738368E9 -1.059738368E9 -9.59738368E8
10 4.0E8 6.0E8 1.7E9 1.7E9 1.9E9 -1.184901888E9 -9.84901888E8 -9.79869184E8 -2.7483648E8 -2.7483648E8 -1.264771072E9 -1.264771072E9 -1.659738368E9 -1.459738368E9 -1.259738368E9 -1.259738368E9 -9.59738368E8 -1.64967296E9 -1.54967296E9 -1.44967296E9
11 0.0 2.0E8 2.0E8 2.0E8 2.0E8 2.0E8 3.0E8 6.0E8 9.0E8 1.2E9 1.3E9 1.5E9 1.5E9 1.5E9 1.6E9 1.7E9 1.8E9 1.8E9 1.8E9 1.8E9
12 3.0E8 4.0E8 7.0E8 7.0E8 1.3E9 1.0065408E7 -2.84901888E8 -5.79869184E8 6.2516352E8 6.2516352E8 6.2516352E8 8.2516352E8 1.02516352E9 1.12516352E9 1.52516352E9 1.82516352E9 -1.769803776E9 1.145294336E9 -2.144640256E9 -1.444640256E9
13 2.0E8 2.0E8 6.0E8 7.0E8 7.0E8 -1.384901888E9 1.15098112E8 9.15098112E8 1.12516352E9 1.12516352E9 2.130196224E9 2.130196224E9 -1.659738368E9 -1.659738368E9 -1.259738368E9 -1.159738368E9 -5.59738368E8 4.5032704E8 -2.044640256E9 6.55359744E8
14 1.0E8 2.0E8 5.0E8 6.0E8 1.3E9 -1.284901888E9 2.15098112E8 -7.79869184E8 1.62516352E9 1.92516352E9 -1.164771072E9 -1.164771072E9 -1.259738368E9 -1.159738368E9 -1.059738368E9 -8.59738368E8 -3.59738368E8 -1.4967296E8 -1.4967296E8 -4.967296E7
15 6.0E8 6.0E8 8.0E8 9.0E8 9.0E8 -1.384901888E9 1.815098112E9 -7.9869184E7 1.12516352E9 1.22516352E9 -1.564771072E9 -1.464771072E9 -1.859738368E9 -1.859738368E9 -1.759738368E9 -1.759738368E9 -1.759738368E9 -1.94967296E9 -1.94967296E9 -1.94967296E9
16 1.0E8 1.0E8 1.0E8 1.0E8 1.0E8 1.0E8 3.0E8 5.0E8 6.0E8 6.0E8 7.0E8 8.0E8 1.0E9 1.1E9 1.4E9 1.6E9 1.8E9 2.0E9 -1.994967296E9 -1.894967296E9
17 1.0E8 3.0E8 4.0E8 5.0E8 7.0E8 8.0E8 8.0E8 1.0E9 1.1E9 1.1E9 1.1E9 1.1E9 1.2E9 1.4E9 1.6E9 1.8E9 1.8E9 1.9E9 2.1E9 -1.894967296E9
18 0.0 1.0E8 1.0E8 2.0E8 3.0E8 5.0E8 5.0E8 5.0E8 5.0E8 8.0E8 8.0E8 8.0E8 8.0E8 8.0E8 9.0E8 1.0E9 1.1E9 1.3E9 1.3E9 1.3E9
19 2.0E8 2.0E8 7.0E8 1.2E9 -1.094967296E9 -1.484901888E9 2.15098112E8 8.15098112E8 1.22516352E9 1.42516352E9 -1.364771072E9 -1.164771072E9 -1.259738368E9 -1.259738368E9 -8.59738368E8 -8.59738368E8 -3.59738368E8 9.5032704E8 -2.144640256E9 1.155359744E9
20 0.0 1.0E8 2.0E8 3.0E8 3.0E8 3.0E8 4.0E8 4.0E8 4.0E8 4.0E8 5.0E8 5.0E8 5.0E8 5.0E8 5.0E8 5.0E8 6.0E8 8.0E8 8.0E8 8.0E8
21 5.0E8 7.0E8 9.0E8 1.0E9 1.0E9 -1.484901888E9 1.915098112E9 -7.9869184E7 1.42516352E9 1.42516352E9 -1.564771072E9 -1.564771072E9 -1.959738368E9 -1.959738368E9 -1.859738368E9 -1.759738368E9 -1.659738368E9 -1.94967296E9 -1.64967296E9 6.55359744E8
22 1.0E8 1.0E8 2.0E8 2.0E8 5.0E8 6.0E8 6.0E8 7.0E8 7.0E8 8.0E8 9.0E8 9.0E8 1.0E9 1.0E9 1.0E9 1.0E9 1.0E9 1.0E9 1.1E9 1.1E9
23 1.0E8 4.0E8 7.0E8 9.0E8 1.1E9 1.4E9 1.6E9 1.6E9 1.6E9 1.6E9 1.6E9 1.7E9 1.7E9 1.7E9 1.8E9 1.8E9 1.9E9 -1.794967296E9 -1.694967296E9 -1.494967296E9
24 0.0 0.0 0.0 0.0 1.0E8 1.0E8 4.0E8 4.0E8 5.0E8 7.0E8 8.0E8 8.0E8 9.0E8 1.0E9 1.2E9 1.2E9 1.2E9 1.2E9 1.4E9 1.6E9
25 1.0E8 2.0E8 2.0E8 3.0E8 5.0E8 5.0E8 7.0E8 8.0E8 1.0E9 1.0E9 1.1E9 1.1E9 1.1E9 1.2E9 1.2E9 1.2E9 1.2E9 1.3E9 1.4E9 1.4E9
26 0.0 2.0E8 2.0E8 4.0E8 6.0E8 7.0E8 8.0E8 9.0E8 1.1E9 1.1E9 1.4E9 1.4E9 1.5E9 1.5E9 1.6E9 1.8E9 1.9E9 1.9E9 1.9E9 2.0E9
27 7.0E8 7.0E8 9.0E8 1.1E9 1.1E9 -1.384901888E9 2.015098112E9 -2.79869184E8 -7.9869184E7 2.0130816E7 -1.364771072E9 -1.164771072E9 -9.59738368E8 -6.59738368E8 -5.59738368E8 -2.59738368E8 -1.59738368E8 -1.54967296E9 -1.24967296E9 8.55359744E8
28 5.0E8 6.0E8 1.0E9 1.5E9 1.5E9 -1.284901888E9 -1.184901888E9 -8.84901888E8 -8.79869184E8 -6.79869184E8 -1.264771072E9 -1.164771072E9 -1.659738368E9 -1.459738368E9 -1.259738368E9 -9.59738368E8 -9.59738368E8 -8.4967296E8 -6.4967296E8 -4.4967296E8
29 5.0E8 1.0E9 1.4E9 1.4E9 1.9E9 -8.9934592E7 -8.9934592E7 -8.9934592E7 1.22516352E9 1.22516352E9 -1.864771072E9 -1.864771072E9 7.35228928E8 7.35228928E8 1.335228928E9 1.335228928E9 1.635228928E9 -4.967296E7 -1.644640256E9 1.155359744E9
30 3.0E8 5.0E8 5.0E8 6.0E8 8.0E8 1.0E9 1.2E9 1.2E9 -1.589934592E9 -1.489934592E9 1.215098112E9 1.415098112E9 1.415098112E9 1.415098112E9 1.515098112E9 1.615098112E9 1.615098112E9 -2.7483648E8 -2.7483648E8 -2.7483648E8
31 1.0E9 1.0E9 1.4E9 1.6E9 1.9E9 -1.484901888E9 1.915098112E9 -7.9869184E7 1.22516352E9 1.32516352E9 -1.364771072E9 -1.264771072E9 -1.459738368E9 -1.359738368E9 -1.359738368E9 -1.359738368E9 -1.259738368E9 -1.84967296E9 -1.84967296E9 5.55359744E8
32 3.0E8 6.0E8 8.0E8 1.0E9 1.8E9 -1.184901888E9 -1.184901888E9 -8.84901888E8 1.52516352E9 1.72516352E9 -1.564771072E9 -1.464771072E9 -6.59738368E8 -2.59738368E8 4.0261632E7 1.40261632E8 3.40261632E8 1.05032704E9 1.15032704E9 1.255359744E9
33 0.0 1.0E8 2.0E8 3.0E8 4.0E8 7.0E8 7.0E8 8.0E8 8.0E8 1.0E9 1.1E9 1.2E9 1.3E9 1.3E9 1.3E9 1.3E9 1.4E9 1.4E9 1.4E9 1.4E9
34 1.0E8 1.0E8 3.0E8 5.0E8 5.0E8 5.0E8 5.0E8 5.0E8 5.0E8 5.0E8 5.0E8 6.0E8 6.0E8 6.0E8 6.0E8 7.0E8 7.0E8 9.0E8 1.0E9 1.0E9
35 3.0E8 3.0E8 3.0E8 4.0E8 5.0E8 5.0E8 6.0E8 8.0E8 9.0E8 1.1E9 1.1E9 1.2E9 1.2E9 1.4E9 1.5E9 1.5E9 1.6E9 1.6E9 1.7E9 1.8E9
36 1.0E8 1.0E8 7.0E8 7.0E8 8.0E8 9.0E8 1.1E9 1.6E9 1.6E9 1.7E9 1.7E9 1.9E9 1.9E9 2.0E9 2.1E9 2.1E9 -2.094967296E9 -1.394967296E9 -1.394967296E9 -1.394967296E9
37 2.0E8 5.0E8 5.0E8 1.5E9 1.6E9 2.0E9 2.0E9 -1.694967296E9 -1.494967296E9 -9.4967296E7 1.05032704E8 3.05032704E8 9.05032704E8 1.005032704E9 1.705032704E9 1.905032704E9 2.105032704E9 2.105032704E9 2.105032704E9 2.105032704E9
38 0.0 3.0E8 3.0E8 4.0E8 8.0E8 9.0E8 9.0E8 1.0E9 1.1E9 1.2E9 1.3E9 1.4E9 1.5E9 1.7E9 1.9E9 2.0E9 2.0E9 2.0E9 2.1E9 2.1E9
39 3.0E8 3.0E8 3.0E8 3.0E8 6.0E8 8.0E8 9.0E8 9.0E8 9.0E8 1.0E9 1.1E9 1.1E9 1.2E9 1.3E9 1.3E9 1.3E9 1.3E9 1.4E9 1.4E9 1.6E9
40 2.0E8 3.0E8 6.0E8 7.0E8 8.0E8 8.0E8 8.0E8 8.0E8 8.0E8 8.0E8 8.0E8 9.0E8 1.0E9 1.0E9 1.1E9 1.1E9 1.2E9 1.4E9 1.5E9 1.6E9
41 2.0E8 3.0E8 4.0E8 6.0E8 6.0E8 7.0E8 9.0E8 1.1E9 1.1E9 1.2E9 1.2E9 1.2E9 1.4E9 1.4E9 1.5E9 1.7E9 1.7E9 1.8E9 1.8E9 1.8E9
42 0.0 1.0E8 1.0E8 4.0E8 4.0E8 4.0E8 4.0E8 5.0E8 6.0E8 6.0E8 8.0E8 9.0E8 9.0E8 1.0E9 1.1E9 1.1E9 1.2E9 1.4E9 1.5E9 1.6E9
43 1.0E8 1.0E8 2.0E8 2.0E8 2.0E8 2.0E8 3.0E8 5.0E8 7.0E8 7.0E8 8.0E8 8.0E8 8.0E8 9.0E8 1.0E9 1.1E9 1.4E9 1.5E9 1.5E9 1.7E9
44 0.0 0.0 0.0 0.0 0.0 1.0E8 2.0E8 2.0E8 3.0E8 3.0E8 4.0E8 5.0E8 5.0E8 6.0E8 8.0E8 9.0E8 1.0E9 1.0E9 1.0E9 1.1E9
45 1.0E8 1.0E8 2.0E8 3.0E8 3.0E8 6.0E8 6.0E8 6.0E8 6.0E8 6.0E8 6.0E8 6.0E8 7.0E8 8.0E8 8.0E8 9.0E8 9.0E8 1.0E9 1.1E9 1.3E9
46 2.0E8 2.0E8 4.0E8 4.0E8 4.0E8 5.0E8 5.0E8 5.0E8 6.0E8 7.0E8 7.0E8 7.0E8 7.0E8 9.0E8 1.1E9 1.1E9 1.2E9 1.3E9 1.3E9 1.3E9
47 0.0 0.0 2.0E8 2.0E8 2.0E8 2.0E8 4.0E8 5.0E8 5.0E8 5.0E8 5.0E8 6.0E8 6.0E8 7.0E8 7.0E8 8.0E8 9.0E8 9.0E8 1.0E9 1.0E9
48 0.0 0.0 1.0E8 2.0E8 2.0E8 3.0E8 4.0E8 4.0E8 4.0E8 5.0E8 5.0E8 5.0E8 5.0E8 6.0E8 6.0E8 6.0E8 7.0E8 8.0E8 8.0E8 9.0E8
49 0.0 1.0E8 2.0E8 2.0E8 2.0E8 2.0E8 3.0E8 3.0E8 3.0E8 4.0E8 4.0E8 5.0E8 8.0E8 1.0E9 1.1E9 1.3E9 1.4E9 1.5E9 1.5E9 1.6E9
50 0.0 3.0E8 4.0E8 7.0E8 7.0E8 8.0E8 1.1E9 1.1E9 1.2E9 1.3E9 1.4E9 1.5E9 1.6E9 1.6E9 1.7E9 1.7E9 1.7E9 1.8E9 1.9E9 2.0E9
51 5.0E8 5.0E8 5.0E8 5.0E8 6.0E8 1.4E9 1.4E9 1.4E9 1.4E9 -1.794967296E9 -1.694967296E9 -1.594967296E9 -6.94967296E8 -6.94967296E8 -5.94967296E8 -5.94967296E8 -4.94967296E8 2.005032704E9 2.105032704E9 2.105032704E9
