records: 20
      Record Time
Host  UsedBuffer

  49376.0 98752.0 148128.0 197504.0 246880.0 296256.0 345632.0 395008.0 444384.0 493760.0 543136.0 592512.0 641888.0 691264.0 740640.0 790016.0 839392.0 888768.0 938144.0 987520.0
0 0.0 2.0E9 2.0E9 -1.794967296E9 -7.94967296E8 -7.94967296E8 2.05032704E8 7.05032704E8 1.205032704E9 1.205032704E9 1.205032704E9 1.205032704E9 1.705032704E9 -1.589934592E9 -5.89934592E8 -5.89934592E8 -5.89934592E8 -5.89934592E8 -8.9934592E7 4.10065408E8
1 -1.794967296E9 -1.794967296E9 -1.884901888E9 -1.884901888E9 -1.47483648E9 1.57549056E9 -1.4444032E7 1.985555968E9 1.6258176E9 1.6258176E9 1.561046528E9 2.66079232E8 -1.18822656E8 3.81177344E8 3.81177344E8 3.81177344E8 1.381177344E9 1.381177344E9 -9.13789952E8 -4.13789952E8
2 -2.94967296E8 2.05032704E8 4.10065408E8 -9.7483648E8 5.2516352E8 -3.34574848E8 -1.29542144E8 1.395621376E9 -1.669149696E9 -9.64116992E8 -2.33920768E8 1.266079232E9 -2.08757248E8 -2.08757248E8 2.0130816E8 2.0130816E8 6.11373568E8 1.841569792E9 1.841569792E9 1.956667904E9
3 1.5E9 1.5E9 9.10065408E8 1.410065408E9 -1.884901888E9 -3.9607552E7 1.280523264E9 9.85555968E8 1.6258176E9 1.830850304E9 1.445948416E9 -1.84901888E9 2.91242752E8 7.91242752E8 1.291242752E9 1.791242752E9 -2.003724544E9 -2.003724544E9 -2.003724544E9 -2.003724544E9
4 -1.794967296E9 -1.794967296E9 1.115098112E9 1.615098112E9 -2.064771072E9 3.70457856E8 3.70457856E8 -9.2450944E8 1.1258176E9 1.330850304E9 -1.733920768E9 1.766079232E9 1.291242752E9 1.791242752E9 -1.503724544E9 -1.003724544E9 -1.003724544E9 1.841569792E9 -1.453397504E9 -4.53397504E8
5 2.0E9 -1.294967296E9 -8.84901888E8 1.820130816E9 1.230196224E9 1.755359744E9 -2.014444032E9 -1.89934592E9 -1.169149696E9 1.330850304E9 1.330850304E9 2.061046528E9 -1.913789952E9 -9.13789952E8 -4.13789952E8 -4.13789952E8 -1.093659136E9 9.31504384E8 9.31504384E8 1.431504384E9
6 5.0E8 1.5E9 2.0E9 -1.794967296E9 -1.794967296E9 -1.294967296E9 -7.94967296E8 -2.94967296E8 -2.94967296E8 7.05032704E8 -2.089934592E9 -1.089934592E9 -5.89934592E8 -5.89934592E8 -5.89934592E8 4.10065408E8 4.10065408E8 9.10065408E8 9.10065408E8 9.10065408E8
7 5.0E8 1.5E9 2.0E9 2.0E9 -1.794967296E9 -1.294967296E9 -2.94967296E8 2.05032704E8 2.05032704E8 1.705032704E9 1.705032704E9 1.705032704E9 -2.089934592E9 -1.589934592E9 -1.589934592E9 -1.089934592E9 -5.89934592E8 -5.89934592E8 4.10065408E8 4.10065408E8
8 2.0E9 -1.794967296E9 -1.294967296E9 -1.294967296E9 -1.294967296E9 -1.744640256E9 -1.244640256E9 1.370457856E9 1.805686784E9 -1.989280512E9 1.356013824E9 1.856013824E9 -1.32385536E9 -1.32385536E9 -1.32385536E9 -8.2385536E8 6.7614464E8 1.17614464E9 1.17614464E9 1.67614464E9
9 1.5E9 2.0E9 -1.089934592E9 -5.89934592E8 2.115098112E9 -7.44640256E8 1.460392448E9 1.370457856E9 1.870457856E9 1.870457856E9 3.30850304E8 -7.59084288E8 3.81177344E8 3.81177344E8 3.81177344E8 3.81177344E8 3.81177344E8 8.81177344E8 8.81177344E8 1.381177344E9
10 2.0E9 -1.294967296E9 -8.9934592E7 -8.9934592E7 4.10065408E8 -3.59738368E8 1.40261632E8 1.05032704E9 -8.34574848E8 1.165425152E9 -1.964116992E9 -1.964116992E9 -8.4901888E8 1.856013824E9 -1.938953472E9 -1.938953472E9 -4.38953472E8 -1.708757248E9 -1.208757248E9 -7.08757248E8
11 -1.294967296E9 -2.94967296E8 -2.94967296E8 -2.94967296E8 -2.94967296E8 -2.94967296E8 2.05032704E8 -1.269803776E9 2.30196224E8 1.730196224E9 -1.784247808E9 -7.84247808E8 -1.669149696E9 -1.669149696E9 1.240915712E9 1.740915712E9 -2.054051584E9 -1.568495616E9 -1.568495616E9 -1.568495616E9
12 0.0 5.0E8 5.0E8 5.0E8 5.0E8 5.0E8 1.0E9 1.5E9 2.0E9 2.0E9 2.0E9 -1.294967296E9 -2.94967296E8 2.05032704E8 2.05032704E8 1.705032704E9 -2.089934592E9 -2.089934592E9 -1.589934592E9 -1.089934592E9
13 2.0E9 2.0E9 -8.9934592E7 4.10065408E8 4.10065408E8 4.60392448E8 -1.719476736E9 -1.809411328E9 -6.69149696E8 -6.69149696E8 -1.34901888E9 -1.34901888E9 -2.08757248E8 -2.08757248E8 -9.3659136E7 4.06340864E8 9.06340864E8 -1.863462912E9 1.636537088E9 -1.33266688E8
14 1.5E9 2.0E9 -5.89934592E8 -8.9934592E7 2.30196224E8 9.60392448E8 1.485555968E9 1.10065408E9 3.30850304E8 5.35883008E8 -8.4901888E8 -2.143986176E9 2.91242752E8 7.91242752E8 1.291242752E9 -2.003724544E9 -9.3659136E7 -3.63462912E8 -3.63462912E8 1.36537088E8
15 -1.794967296E9 -1.794967296E9 2.05032704E8 2.05032704E8 -1.269803776E9 1.460392448E9 1.780523264E9 -1.39934592E9 -1.169149696E9 -4.64116992E8 2.061046528E9 -1.733920768E9 1.881177344E9 1.881177344E9 2.086210048E9 2.086210048E9 2.086210048E9 -1.978561024E9 -1.978561024E9 -1.978561024E9
16 5.0E8 5.0E8 5.0E8 5.0E8 5.0E8 5.0E8 1.5E9 -1.794967296E9 -1.294967296E9 -1.294967296E9 -7.94967296E8 -2.94967296E8 7.05032704E8 1.205032704E9 -1.589934592E9 -5.89934592E8 4.10065408E8 1.410065408E9 -1.384901888E9 -8.84901888E8
17 1.5E9 -1.294967296E9 -8.9934592E7 4.10065408E8 -1.97483648E9 1.960392448E9 7.549056E7 1.90588672E8 2.1258176E9 2.1258176E9 1.240915712E9 1.240915712E9 -5.03724544E8 4.96275456E8 -1.888626432E9 -8.88626432E8 -8.88626432E8 -9.53397504E8 -2.483648E8 1.866733312E9
18 0.0 5.0E8 5.0E8 1.0E9 1.5E9 -1.794967296E9 -1.794967296E9 -1.794967296E9 -1.794967296E9 -2.94967296E8 -2.94967296E8 -2.94967296E8 -2.94967296E8 -2.94967296E8 2.05032704E8 7.05032704E8 1.205032704E9 -2.089934592E9 -2.089934592E9 -2.089934592E9
19 5.0E8 5.0E8 1.5E9 2.0E9 -1.794967296E9 -1.794967296E9 -1.794967296E9 -1.294967296E9 -1.294967296E9 -2.94967296E8 2.05032704E8 1.205032704E9 -2.089934592E9 -2.089934592E9 -2.089934592E9 -2.089934592E9 -2.089934592E9 -2.089934592E9 -2.089934592E9 -1.589934592E9
20 2.0E9 -1.794967296E9 -3.84901888E8 1.15098112E8 1.230196224E9 1.255359744E9 -3.34574848E8 6.0065408E8 8.30850304E8 5.35883008E8 -7.33920768E8 -7.33920768E8 -2.003724544E9 -2.003724544E9 -2.093659136E9 -2.093659136E9 -6.83593728E8 1.341569792E9 1.841569792E9 1.161700608E9
21 2.0E9 -1.294967296E9 -5.89934592E8 -1.884901888E9 -2.69803776E8 1.07549056E9 -2.014444032E9 -1.39934592E9 -8.741824E8 1.330850304E9 1.561046528E9 1.561046528E9 -1.618822656E9 -1.618822656E9 2.0130816E8 7.0130816E8 6.11373568E8 -1.58430208E8 1.341569792E9 1.956667904E9
22 5.0E8 5.0E8 1.0E9 1.0E9 -1.794967296E9 -1.294967296E9 -1.294967296E9 -7.94967296E8 -7.94967296E8 -2.94967296E8 2.05032704E8 2.05032704E8 7.05032704E8 7.05032704E8 7.05032704E8 7.05032704E8 7.05032704E8 7.05032704E8 1.205032704E9 1.205032704E9
23 -1.794967296E9 -2.94967296E8 1.205032704E9 -2.089934592E9 -1.089934592E9 4.10065408E8 1.410065408E9 1.410065408E9 1.410065408E9 1.410065408E9 1.410065408E9 1.910065408E9 1.910065408E9 1.910065408E9 -1.884901888E9 -1.884901888E9 -1.384901888E9 1.615098112E9 2.115098112E9 -1.179869184E9
24 2.0E9 2.0E9 4.10065408E8 4.10065408E8 -2.69803776E8 1.55032704E9 1.165425152E9 1.895621376E9 1.1258176E9 -4.64116992E8 -5.54051584E8 -5.54051584E8 -2.08757248E8 2.91242752E8 1.996275456E9 1.996275456E9 1.111373568E9 -1.158430208E9 -1.58430208E8 -8.38299392E8
25 5.0E8 1.0E9 1.0E9 1.5E9 -1.794967296E9 -1.794967296E9 -7.94967296E8 -2.94967296E8 7.05032704E8 7.05032704E8 1.205032704E9 1.205032704E9 1.205032704E9 1.705032704E9 1.705032704E9 1.705032704E9 1.705032704E9 -2.089934592E9 -1.589934592E9 -1.589934592E9
26 0.0 1.0E9 1.0E9 -8.9934592E7 -2.69803776E8 -1.859738368E9 1.40261632E8 -1.39934592E9 -1.8741824E9 1.330850304E9 3.56013824E8 3.56013824E8 -6.18822656E8 -6.18822656E8 2.086210048E9 -1.208757248E9 -6.83593728E8 -1.978561024E9 -1.978561024E9 -8.38299392E8
27 -7.94967296E8 -7.94967296E8 -1.089934592E9 -1.179869184E9 -7.69803776E8 -1.539607552E9 -1.014444032E9 -3.9934592E8 6.0065408E8 -8.741824E8 -9.38953472E8 6.1046528E7 2.91242752E8 1.791242752E9 -1.29869184E9 1.70130816E9 1.111373568E9 3.41569792E8 -1.453397504E9 1.61700608E8
28 -1.794967296E9 -1.294967296E9 -7.94967296E8 -2.089934592E9 -2.089934592E9 -1.47483648E9 1.435228928E9 8.45294336E8 4.60392448E8 1.460392448E9 2.035883008E9 -1.759084288E9 1.766079232E9 1.471111936E9 -1.82385536E9 -3.2385536E8 -3.2385536E8 1.316406272E9 -1.978561024E9 -9.78561024E8
29 0.0 1.0E9 -1.794967296E9 -1.794967296E9 -1.294967296E9 -7.94967296E8 -7.94967296E8 -7.94967296E8 -2.94967296E8 -2.94967296E8 2.05032704E8 2.05032704E8 7.05032704E8 7.05032704E8 1.705032704E9 1.705032704E9 -2.089934592E9 -1.589934592E9 -1.089934592E9 -1.089934592E9
30 1.0E9 2.0E9 2.0E9 -1.794967296E9 -7.94967296E8 2.05032704E8 1.205032704E9 1.205032704E9 4.10065408E8 9.10065408E8 -1.679869184E9 -6.79869184E8 -6.79869184E8 -6.79869184E8 -1.79869184E8 3.20130816E8 3.20130816E8 1.02516352E9 1.02516352E9 1.02516352E9
31 2.05032704E8 2.05032704E8 -5.89934592E8 -1.384901888E9 -1.064771072E9 -1.629542144E9 8.70457856E8 -1.39934592E9 1.420784896E9 -1.464116992E9 -1.733920768E9 -1.233920768E9 2.086210048E9 -1.708757248E9 4.96275456E8 2.0130816E8 1.11373568E8 8.41569792E8 8.41569792E8 1.956667904E9
32 -1.794967296E9 -1.794967296E9 -1.384901888E9 -3.84901888E8 -1.47483648E9 1.755359744E9 1.755359744E9 -1.039607552E9 3.30850304E8 3.5883008E7 -3.4901888E8 1.061046528E9 -5.03724544E8 1.496275456E9 1.906340864E9 -1.888626432E9 -1.978561024E9 -1.453397504E9 -9.53397504E8 1.366733312E9
33 -1.294967296E9 -7.94967296E8 1.615098112E9 1.02516352E9 1.40261632E8 -7.19476736E8 1.780523264E9 -3.9934592E8 -8.741824E8 1.535883008E9 -1.143986176E9 -6.43986176E8 1.291242752E9 1.291242752E9 -5.93659136E8 -5.93659136E8 -1.83593728E8 1.841569792E9 1.841569792E9 1.161700608E9
34 -1.294967296E9 -1.294967296E9 -8.9934592E7 9.10065408E8 9.10065408E8 9.10065408E8 9.10065408E8 9.10065408E8 9.10065408E8 9.10065408E8 9.10065408E8 1.410065408E9 1.410065408E9 1.410065408E9 1.410065408E9 1.910065408E9 1.910065408E9 -1.384901888E9 -8.84901888E8 -8.84901888E8
35 1.5E9 1.5E9 1.5E9 2.0E9 -1.794967296E9 -1.794967296E9 -1.294967296E9 -2.94967296E8 2.05032704E8 1.205032704E9 1.205032704E9 1.705032704E9 1.705032704E9 -1.589934592E9 -1.089934592E9 -1.089934592E9 -5.89934592E8 -5.89934592E8 -8.9934592E7 4.10065408E8
36 5.0E8 5.0E8 2.0E9 2.0E9 -1.794967296E9 -1.294967296E9 -2.94967296E8 2.05032704E8 2.05032704E8 7.05032704E8 7.05032704E8 1.705032704E9 1.705032704E9 -2.089934592E9 -1.589934592E9 -1.589934592E9 -1.089934592E9 -1.089934592E9 -1.089934592E9 -1.089934592E9
37 1.0E9 2.0E9 2.0E9 -1.794967296E9 -1.294967296E9 -2.94967296E8 -2.94967296E8 7.05032704E8 1.705032704E9 -8.9934592E7 9.10065408E8 1.910065408E9 -1.384901888E9 -8.84901888E8 -3.84901888E8 6.15098112E8 1.615098112E9 1.615098112E9 1.615098112E9 1.615098112E9
38 0.0 1.5E9 1.5E9 2.0E9 -2.94967296E8 2.05032704E8 2.05032704E8 7.05032704E8 1.205032704E9 1.705032704E9 -2.089934592E9 -1.589934592E9 -1.089934592E9 -8.9934592E7 9.10065408E8 1.410065408E9 1.410065408E9 1.410065408E9 1.910065408E9 1.910065408E9
39 1.5E9 1.5E9 1.5E9 1.5E9 -1.294967296E9 -2.94967296E8 2.05032704E8 2.05032704E8 2.05032704E8 7.05032704E8 1.205032704E9 1.205032704E9 1.705032704E9 -2.089934592E9 -2.089934592E9 -2.089934592E9 -2.089934592E9 -1.589934592E9 -1.589934592E9 -5.89934592E8
40 1.0E9 1.5E9 -1.294967296E9 -7.94967296E8 -2.94967296E8 -2.94967296E8 -2.94967296E8 -2.94967296E8 -2.94967296E8 -2.94967296E8 -2.94967296E8 2.05032704E8 7.05032704E8 7.05032704E8 1.205032704E9 1.205032704E9 1.705032704E9 -1.589934592E9 -1.089934592E9 -5.89934592E8
41 1.0E9 1.5E9 2.0E9 -1.294967296E9 -1.294967296E9 -7.94967296E8 2.05032704E8 1.205032704E9 1.205032704E9 1.705032704E9 1.705032704E9 1.705032704E9 -1.589934592E9 -1.589934592E9 -1.089934592E9 -8.9934592E7 -8.9934592E7 4.10065408E8 4.10065408E8 4.10065408E8
42 0.0 5.0E8 5.0E8 2.0E9 2.0E9 2.0E9 2.0E9 -1.794967296E9 -1.294967296E9 -1.294967296E9 -2.94967296E8 2.05032704E8 2.05032704E8 7.05032704E8 1.205032704E9 1.205032704E9 1.705032704E9 -1.589934592E9 -1.089934592E9 -5.89934592E8
43 5.0E8 5.0E8 1.0E9 1.0E9 1.0E9 1.0E9 1.5E9 -1.794967296E9 -7.94967296E8 -7.94967296E8 -2.94967296E8 -2.94967296E8 -2.94967296E8 2.05032704E8 7.05032704E8 1.205032704E9 -1.589934592E9 -1.089934592E9 -1.089934592E9 -8.9934592E7
44 0.0 0.0 0.0 0.0 0.0 5.0E8 1.0E9 1.0E9 1.5E9 1.5E9 2.0E9 -1.794967296E9 -1.794967296E9 -1.294967296E9 -2.94967296E8 2.05032704E8 7.05032704E8 7.05032704E8 7.05032704E8 1.205032704E9
45 5.0E8 5.0E8 1.0E9 1.5E9 1.5E9 -1.294967296E9 -1.294967296E9 -1.294967296E9 -1.294967296E9 -1.294967296E9 -1.294967296E9 -1.294967296E9 -7.94967296E8 -2.94967296E8 -2.94967296E8 2.05032704E8 2.05032704E8 7.05032704E8 1.205032704E9 -2.089934592E9
46 1.0E9 1.0E9 2.0E9 2.0E9 2.0E9 -1.794967296E9 -1.794967296E9 -1.794967296E9 -1.294967296E9 -7.94967296E8 -7.94967296E8 -7.94967296E8 -7.94967296E8 2.05032704E8 1.205032704E9 1.205032704E9 1.705032704E9 -2.089934592E9 -2.089934592E9 -2.089934592E9
47 0.0 0.0 1.0E9 1.0E9 1.0E9 1.0E9 2.0E9 -1.794967296E9 -1.794967296E9 -1.794967296E9 -1.794967296E9 -1.294967296E9 -1.294967296E9 -7.94967296E8 -7.94967296E8 -2.94967296E8 2.05032704E8 2.05032704E8 7.05032704E8 7.05032704E8
48 0.0 0.0 5.0E8 1.0E9 1.0E9 1.5E9 2.0E9 2.0E9 2.0E9 -1.794967296E9 -1.794967296E9 -1.794967296E9 -1.794967296E9 -1.294967296E9 -1.294967296E9 -1.294967296E9 -7.94967296E8 -2.94967296E8 -2.94967296E8 2.05032704E8
49 0.0 5.0E8 1.0E9 1.0E9 1.0E9 1.0E9 1.5E9 1.5E9 1.5E9 2.0E9 2.0E9 -1.794967296E9 -2.94967296E8 7.05032704E8 1.205032704E9 -2.089934592E9 -1.589934592E9 -1.089934592E9 -1.089934592E9 -5.89934592E8
50 0.0 1.5E9 2.0E9 -7.94967296E8 -7.94967296E8 -2.94967296E8 1.205032704E9 1.205032704E9 1.705032704E9 -2.089934592E9 -1.589934592E9 -1.089934592E9 -5.89934592E8 -5.89934592E8 -8.9934592E7 -8.9934592E7 -8.9934592E7 4.10065408E8 9.10065408E8 1.410065408E9
51 -1.294967296E9 -1.294967296E9 -1.294967296E9 -1.294967296E9 -7.94967296E8 -2.089934592E9 -2.089934592E9 -2.089934592E9 -2.089934592E9 -5.89934592E8 -8.9934592E7 4.10065408E8 1.15098112E8 1.15098112E8 6.15098112E8 6.15098112E8 1.115098112E9 1.615098112E9 2.115098112E9 2.115098112E9
