records: 20
      Record Time
Host  UsedBuffer

  16870.0 33740.0 50610.0 67480.0 84350.0 101220.0 118090.0 134960.0 151830.0 168700.0 185570.0 202440.0 219310.0 236180.0 253050.0 269920.0 286790.0 303660.0 320530.0 337400.0
0 5.0E8 5.0E8 5.0E8 1.5E9 1.5E9 1.5E9 1.5E9 1.5E9 2.0E9 2.0E9 2.0E9 2.0E9 2.0E9 2.0E9 2.0E9 2.0E9 2.0E9 2.0E9 2.0E9 2.0E9
1 1.0E9 1.5E9 1.5E9 -4.7483648E8 -5.64771072E8 1.935228928E9 -8.59738368E8 -8.59738368E8 -9.4967296E8 5.7549056E8 -1.219476736E9 -2.19476736E8 -2.014444032E9 -1.04378624E8 -1.489280512E9 5.10719488E8 5.10719488E8 1.010719488E9 -8.741824E8 -1.69149696E8
2 -2.94967296E8 1.705032704E9 -1.884901888E9 -9.7483648E8 -5.64771072E8 -1.359738368E9 1.640261632E9 -1.94967296E9 -1.334574848E9 7.549056E7 2.80523264E8 -1.514444032E9 -1.514444032E9 -8.9934592E8 1.805686784E9 -1.489280512E9 2.010719488E9 -2.84247808E8 -1.464116992E9 2.035883008E9
3 0.0 0.0 0.0 0.0 0.0 0.0 5.0E8 5.0E8 5.0E8 5.0E8 5.0E8 5.0E8 5.0E8 5.0E8 5.0E8 1.0E9 1.0E9 1.0E9 1.0E9 1.0E9
4 -7.94967296E8 2.05032704E8 1.205032704E9 1.410065408E9 -6.79869184E8 2.30196224E8 1.435228928E9 3.45294336E8 1.960392448E9 1.07549056E9 1.780523264E9 -5.14444032E8 -1.4444032E7 -1.39934592E9 -9.89280512E8 1.0719488E7 5.10719488E8 -2.84247808E8 -4.64116992E8 -7.59084288E8
5 0.0 0.0 0.0 2.516352E7 4.35228928E8 -1.859738368E9 -3.59738368E8 -3.59738368E8 -9.4967296E8 5.7549056E8 -1.219476736E9 -2.014444032E9 -2.014444032E9 -1.04378624E8 -9.89280512E8 5.10719488E8 1.010719488E9 -2.84247808E8 1.258176E8 -1.169149696E9
6 0.0 0.0 0.0 0.0 0.0 0.0 0.0 0.0 5.0E8 1.0E9 1.0E9 1.0E9 1.0E9 1.0E9 1.0E9 1.0E9 1.0E9 1.0E9 1.0E9 1.0E9
7 0.0 0.0 5.0E8 5.0E8 5.0E8 5.0E8 5.0E8 5.0E8 5.0E8 5.0E8 5.0E8 5.0E8 5.0E8 5.0E8 5.0E8 5.0E8 1.0E9 1.0E9 1.0E9 1.5E9
8 0.0 0.0 1.5E9 -7.94967296E8 -1.064771072E9 1.935228928E9 -8.59738368E8 -8.59738368E8 -1.744640256E9 7.549056E7 2.07549056E9 1.280523264E9 1.280523264E9 -1.604378624E9 1.805686784E9 -9.89280512E8 -4.89280512E8 1.510719488E9 1.258176E8 -1.169149696E9
9 0.0 5.0E8 5.0E8 2.516352E7 -6.4771072E7 1.935228928E9 -8.59738368E8 -8.59738368E8 -9.4967296E8 1.07549056E9 -1.219476736E9 -2.014444032E9 -2.014444032E9 -1.04378624E8 -9.89280512E8 5.10719488E8 1.010719488E9 -7.84247808E8 1.6258176E9 -1.759084288E9
10 0.0 0.0 0.0 0.0 0.0 0.0 0.0 0.0 5.0E8 1.0E9 1.5E9 1.5E9 1.5E9 1.5E9 1.5E9 1.5E9 1.5E9 1.5E9 1.5E9 2.0E9
11 0.0 0.0 0.0 -2.089934592E9 -1.564771072E9 -6.4771072E7 1.40261632E8 -1.654705664E9 1.345294336E9 -4.2450944E8 7.549056E7 7.549056E7 -2.014444032E9 -1.39934592E9 1.305686784E9 1.805686784E9 1.805686784E9 7.15752192E8 4.20784896E8 4.20784896E8
12 0.0 0.0 0.0 0.0 0.0 0.0 0.0 0.0 0.0 0.0 0.0 0.0 0.0 0.0 0.0 0.0 5.0E8 5.0E8 5.0E8 1.0E9
13 -2.94967296E8 1.705032704E9 1.910065408E9 -4.7483648E8 -5.64771072E8 -1.359738368E9 1.640261632E9 -1.94967296E9 -8.34574848E8 5.7549056E8 1.780523264E9 -5.14444032E8 -5.14444032E8 -3.9934592E8 -3.9934592E8 -3.9934592E8 -3.9934592E8 1.0065408E8 1.0065408E8 1.0065408E8
14 0.0 0.0 0.0 0.0 5.0E8 5.0E8 5.0E8 5.0E8 1.0E9 1.0E9 1.0E9 1.0E9 1.0E9 1.0E9 1.5E9 1.5E9 1.5E9 2.0E9 2.0E9 2.0E9
15 -2.94967296E8 1.705032704E9 -1.884901888E9 -4.7483648E8 -6.4771072E7 -3.59738368E8 -1.654705664E9 -9.4967296E8 1.65425152E8 2.07549056E9 -1.514444032E9 -1.4444032E7 4.85555968E8 1.0065408E8 -9.89280512E8 5.10719488E8 2.010719488E9 2.010719488E9 1.215752192E9 -1.8741824E9
16 0.0 0.0 0.0 0.0 0.0 0.0 0.0 0.0 0.0 0.0 0.0 0.0 0.0 0.0 0.0 0.0 0.0 0.0 0.0 0.0
17 5.0E8 5.0E8 5.0E8 1.0E9 1.0E9 1.0E9 1.5E9 -1.794967296E9 -7.94967296E8 -7.94967296E8 -7.94967296E8 -2.94967296E8 -2.94967296E8 -2.94967296E8 -2.94967296E8 -2.94967296E8 -2.089934592E9 -2.089934592E9 -1.589934592E9 -1.589934592E9
18 0.0 2.0E9 2.0E9 -2.94967296E8 7.05032704E8 7.05032704E8 1.205032704E9 1.705032704E9 -2.089934592E9 -1.589934592E9 -1.589934592E9 -1.589934592E9 -1.589934592E9 -1.589934592E9 -1.089934592E9 -1.089934592E9 1.910065408E9 1.910065408E9 1.910065408E9 1.910065408E9
19 0.0 0.0 0.0 0.0 0.0 0.0 5.0E8 1.5E9 1.5E9 1.5E9 1.5E9 1.5E9 1.5E9 1.5E9 1.5E9 1.5E9 1.5E9 1.5E9 1.5E9 1.5E9
20 -1.794967296E9 -1.794967296E9 -1.794967296E9 -1.794967296E9 -1.794967296E9 -1.794967296E9 -1.794967296E9 -1.794967296E9 7.05032704E8 1.205032704E9 1.205032704E9 -1.089934592E9 -1.089934592E9 4.10065408E8 1.07549056E9 2.80523264E8 2.80523264E8 2.80523264E8 1.280523264E9 -6.04378624E8
21 -1.794967296E9 -2.94967296E8 2.05032704E8 7.05032704E8 1.205032704E9 -1.359738368E9 -1.359738368E9 -3.59738368E8 -1.334574848E9 1.870457856E9 1.870457856E9 -1.42450944E9 -1.42450944E9 1.690588672E9 -9.89280512E8 -9.89280512E8 -9.89280512E8 -4.89280512E8 1.6258176E9 2.035883008E9
22 0.0 0.0 0.0 0.0 0.0 0.0 0.0 0.0 0.0 0.0 0.0 0.0 0.0 0.0 5.0E8 5.0E8 1.0E9 1.0E9 1.0E9 1.0E9
23 0.0 1.0E9 1.5E9 1.5E9 1.5E9 1.5E9 1.5E9 1.5E9 1.5E9 1.5E9 1.5E9 2.0E9 2.0E9 2.0E9 2.0E9 2.0E9 2.0E9 2.0E9 2.0E9 2.0E9
24 0.0 0.0 5.0E8 1.0E9 1.0E9 1.0E9 1.0E9 1.0E9 1.0E9 1.0E9 1.0E9 1.0E9 1.0E9 1.0E9 1.0E9 1.0E9 1.0E9 1.5E9 1.5E9 1.5E9
25 0.0 0.0 0.0 0.0 5.0E8 5.0E8 5.0E8 5.0E8 5.0E8 1.0E9 1.0E9 1.0E9 1.0E9 1.5E9 1.5E9 2.0E9 2.0E9 2.0E9 2.0E9 2.0E9
26 -2.94967296E8 1.205032704E9 -8.84901888E8 5.2516352E8 -5.64771072E8 1.935228928E9 1.140261632E9 1.140261632E9 -2.039607552E9 1.07549056E9 1.57549056E9 1.57549056E9 -2.014444032E9 1.895621376E9 1.305686784E9 1.305686784E9 1.305686784E9 1.305686784E9 1.305686784E9 1.305686784E9
27 -7.94967296E8 1.205032704E9 1.205032704E9 1.205032704E9 4.35228928E8 -1.859738368E9 1.640261632E9 -1.54705664E8 8.45294336E8 -9.2450944E8 1.280523264E9 1.780523264E9 -2.014444032E9 -1.514444032E9 -6.94313216E8 -6.94313216E8 -6.94313216E8 -6.94313216E8 -6.94313216E8 -6.94313216E8
28 0.0 0.0 -5.89934592E8 -1.47483648E9 1.52516352E9 -2.064771072E9 -2.064771072E9 -2.064771072E9 5.5032704E8 7.549056E7 -1.719476736E9 -1.719476736E9 -1.719476736E9 -1.719476736E9 -1.219476736E9 -1.219476736E9 -1.219476736E9 -1.219476736E9 -5.14444032E8 2.15752192E8
29 -7.94967296E8 -7.94967296E8 1.15098112E8 2.516352E7 -6.4771072E7 1.935228928E9 1.935228928E9 1.935228928E9 1.935228928E9 1.935228928E9 1.40261632E8 1.40261632E8 6.40261632E8 -1.104378624E9 1.805686784E9 -1.989280512E9 -1.989280512E9 -1.989280512E9 1.830850304E9 2.035883008E9
30 2.0E9 2.0E9 2.0E9 -1.47483648E9 -1.47483648E9 -1.47483648E9 1.230196224E9 9.35228928E8 -1.334574848E9 1.07549056E9 1.280523264E9 1.780523264E9 -2.014444032E9 6.0065408E8 -1.489280512E9 -9.89280512E8 -9.89280512E8 -9.89280512E8 -9.89280512E8 -7.9215104E7
31 -7.94967296E8 1.205032704E9 1.15098112E8 -9.7483648E8 1.730196224E9 1.730196224E9 1.730196224E9 9.35228928E8 -7.44640256E8 -1.42450944E9 -1.719476736E9 -1.719476736E9 -1.719476736E9 -1.104378624E9 3.05686784E8 3.05686784E8 3.05686784E8 8.05686784E8 1.258176E8 3.5883008E7
32 1.0E9 2.0E9 1.15098112E8 -1.179869184E9 -1.179869184E9 -1.47483648E9 -7.69803776E8 -2.69803776E8 -1.54705664E8 1.07549056E9 7.80523264E8 7.80523264E8 1.280523264E9 1.985555968E9 8.05686784E8 -1.989280512E9 -1.989280512E9 -1.989280512E9 6.258176E8 2.035883008E9
33 1.0E9 1.0E9 1.115098112E9 -4.7483648E8 5.2516352E8 1.02516352E9 1.02516352E9 1.140261632E9 -4.4967296E8 1.57549056E9 7.80523264E8 7.80523264E8 1.280523264E9 1.280523264E9 1.780523264E9 1.780523264E9 -2.014444032E9 -2.014444032E9 -2.014444032E9 -2.014444032E9
34 -7.94967296E8 1.205032704E9 -1.884901888E9 -4.7483648E8 -1.564771072E9 -1.564771072E9 -6.4771072E7 -6.4771072E7 -3.9607552E7 -9.2450944E8 2.80523264E8 7.80523264E8 7.80523264E8 3.95621376E8 -1.94313216E8 -1.94313216E8 -1.94313216E8 -1.94313216E8 -1.3741824E9 1.035883008E9
35 -2.94967296E8 1.205032704E9 -3.84901888E8 -1.47483648E9 -1.564771072E9 -1.564771072E9 -1.064771072E9 -6.54705664E8 7.55359744E8 1.665425152E9 1.780523264E9 1.780523264E9 -1.014444032E9 8.95621376E8 1.10065408E9 -1.489280512E9 -1.489280512E9 -1.489280512E9 -2.079215104E9 -1.759084288E9
36 1.0E9 1.5E9 1.15098112E8 -4.7483648E8 5.2516352E8 1.02516352E9 1.02516352E9 1.02516352E9 1.05032704E9 1.57549056E9 7.80523264E8 7.80523264E8 1.280523264E9 1.280523264E9 1.780523264E9 1.780523264E9 -2.014444032E9 -2.014444032E9 -1.514444032E9 -1.514444032E9
37 2.0E9 -1.794967296E9 1.15098112E8 2.516352E7 -5.64771072E8 -1.359738368E9 -8.59738368E8 -6.54705664E8 -1.834574848E9 5.7549056E8 1.280523264E9 1.280523264E9 -1.4444032E7 -1.89934592E9 -1.989280512E9 1.0719488E7 5.10719488E8 1.010719488E9 -3.741824E8 1.535883008E9
38 0.0 0.0 0.0 5.0E8 5.0E8 5.0E8 5.0E8 5.0E8 5.0E8 5.0E8 5.0E8 5.0E8 1.0E9 1.0E9 1.0E9 1.0E9 1.5E9 1.5E9 1.5E9 1.5E9
39 1.0E9 -1.294967296E9 -8.84901888E8 2.516352E7 -1.064771072E9 -1.859738368E9 -1.859738368E9 -1.359738368E9 1.460392448E9 7.549056E7 1.780523264E9 1.780523264E9 1.780523264E9 -2.014444032E9 3.05686784E8 3.05686784E8 3.05686784E8 3.05686784E8 -3.741824E8 1.535883008E9
40 0.0 0.0 0.0 0.0 0.0 0.0 0.0 0.0 0.0 0.0 0.0 0.0 0.0 0.0 0.0 5.0E8 5.0E8 5.0E8 5.0E8 5.0E8
41 0.0 5.0E8 5.0E8 5.0E8 5.0E8 5.0E8 5.0E8 5.0E8 5.0E8 5.0E8 5.0E8 5.0E8 5.0E8 5.0E8 1.5E9 1.5E9 1.5E9 2.0E9 2.0E9 2.0E9
42 0.0 0.0 0.0 0.0 0.0 0.0 0.0 0.0 0.0 0.0 5.0E8 5.0E8 5.0E8 5.0E8 5.0E8 5.0E8 1.5E9 1.5E9 1.5E9 1.5E9
43 -7.94967296E8 -7.94967296E8 -1.384901888E9 -1.179869184E9 3.20130816E8 8.20130816E8 -9.7483648E8 2.02516352E9 -5.39607552E8 1.57549056E9 7.80523264E8 -2.014444032E9 -1.014444032E9 1.0065408E8 -9.89280512E8 1.0719488E7 1.010719488E9 2.010719488E9 -1.169149696E9 1.035883008E9
44 -7.94967296E8 1.705032704E9 -2.089934592E9 -2.089934592E9 -2.089934592E9 9.35228928E8 9.35228928E8 1.935228928E9 -9.4967296E8 5.7549056E8 1.280523264E9 -2.014444032E9 -2.014444032E9 -1.89934592E9 1.805686784E9 -9.89280512E8 -9.89280512E8 -4.89280512E8 2.1258176E9 5.35883008E8
45 2.0E9 -1.794967296E9 -1.794967296E9 -1.294967296E9 4.35228928E8 -1.859738368E9 -1.859738368E9 -1.859738368E9 -1.334574848E9 -4.2450944E8 1.780523264E9 -1.014444032E9 9.85555968E8 1.0065408E8 1.805686784E9 1.010719488E9 1.510719488E9 -1.784247808E9 -3.741824E8 1.035883008E9
46 -2.94967296E8 2.05032704E8 7.05032704E8 -4.7483648E8 -5.64771072E8 1.935228928E9 1.935228928E9 -1.859738368E9 -3.34574848E8 1.57549056E9 1.280523264E9 1.280523264E9 1.280523264E9 -1.4444032E7 1.805686784E9 -9.89280512E8 -9.89280512E8 -9.89280512E8 3.30850304E8 -1.464116992E9
47 0.0 0.0 0.0 0.0 0.0 0.0 0.0 0.0 0.0 0.0 0.0 0.0 0.0 0.0 0.0 0.0 0.0 0.0 0.0 0.0
48 0.0 0.0 -2.94967296E8 2.516352E7 -5.64771072E8 -1.359738368E9 -8.59738368E8 -6.54705664E8 -1.834574848E9 1.07549056E9 1.780523264E9 -2.014444032E9 -5.14444032E8 -8.9934592E8 -9.89280512E8 1.010719488E9 1.510719488E9 1.510719488E9 6.258176E8 -1.759084288E9
49 -2.94967296E8 7.05032704E8 -3.84901888E8 2.516352E7 4.35228928E8 -1.359738368E9 -1.359738368E9 -8.59738368E8 4.60392448E8 5.7549056E8 -1.219476736E9 -2.19476736E8 -2.19476736E8 1.0065408E8 -9.89280512E8 5.10719488E8 5.10719488E8 5.10719488E8 -1.079215104E9 -6.69149696E8
50 0.0 5.0E8 5.0E8 5.0E8 1.0E9 1.0E9 1.5E9 1.5E9 1.5E9 1.5E9 1.5E9 1.5E9 2.0E9 2.0E9 2.0E9 2.0E9 2.0E9 2.0E9 2.0E9 2.0E9
51 -2.94967296E8 1.705032704E9 -3.84901888E8 2.516352E7 -1.564771072E9 1.435228928E9 -1.859738368E9 -1.859738368E9 1.960392448E9 5.7549056E8 5.7549056E8 5.7549056E8 1.57549056E9 -8.9934592E8 1.805686784E9 1.010719488E9 1.510719488E9 -7.84247808E8 -1.669149696E9 -1.169149696E9
52 0.0 0.0 5.0E8 5.0E8 1.0E9 1.0E9 1.0E9 1.0E9 1.0E9 1.5E9 1.5E9 1.5E9 1.5E9 1.5E9 2.0E9 2.0E9 2.0E9 -1.794967296E9 -1.794967296E9 -1.294967296E9
53 1.5E9 2.0E9 -1.794967296E9 -1.794967296E9 -7.94967296E8 -8.84901888E8 -2.064771072E9 -3.59738368E8 -3.34574848E8 1.57549056E9 1.280523264E9 -2.014444032E9 -2.014444032E9 1.10065408E9 -4.89280512E8 -4.89280512E8 -4.89280512E8 -4.89280512E8 4.20784896E8 1.535883008E9
54 0.0 0.0 0.0 0.0 0.0 0.0 0.0 0.0 0.0 0.0 0.0 5.0E8 5.0E8 5.0E8 5.0E8 1.0E9 1.0E9 1.0E9 1.0E9 1.5E9
55 0.0 0.0 0.0 0.0 0.0 0.0 0.0 0.0 0.0 0.0 0.0 0.0 0.0 0.0 0.0 5.0E8 5.0E8 5.0E8 1.0E9 1.0E9
56 -2.94967296E8 1.205032704E9 -3.84901888E8 -4.7483648E8 -6.4771072E7 -1.859738368E9 -1.359738368E9 -1.359738368E9 -1.359738368E9 -1.359738368E9 -3.59738368E8 -3.59738368E8 -3.59738368E8 -2.44640256E8 7.549056E7 -6.94313216E8 -1.94313216E8 -1.94313216E8 -1.3741824E9 -1.3741824E9
57 0.0 0.0 0.0 0.0 0.0 0.0 0.0 0.0 0.0 0.0 0.0 0.0 0.0 0.0 0.0 0.0 0.0 0.0 0.0 0.0
58 -2.94967296E8 1.205032704E9 1.115098112E9 -4.7483648E8 -2.064771072E9 -2.064771072E9 -2.064771072E9 -2.064771072E9 -2.064771072E9 5.7549056E8 1.780523264E9 1.780523264E9 -1.514444032E9 1.485555968E9 -1.989280512E9 -9.89280512E8 -4.89280512E8 1.010719488E9 2.15752192E8 2.15752192E8
59 -2.94967296E8 1.205032704E9 1.15098112E8 2.516352E7 4.35228928E8 -1.859738368E9 6.40261632E8 6.40261632E8 -8.34574848E8 1.07549056E9 -2.014444032E9 -1.514444032E9 -1.014444032E9 1.10065408E9 1.805686784E9 -9.89280512E8 -1.284247808E9 -1.284247808E9 -3.741824E8 1.330850304E9
60 0.0 0.0 0.0 5.0E8 5.0E8 1.0E9 1.0E9 1.0E9 1.0E9 1.0E9 1.0E9 1.0E9 1.0E9 1.5E9 1.5E9 1.5E9 1.5E9 1.5E9 1.5E9 1.5E9
61 2.0E9 2.0E9 -1.794967296E9 -1.97483648E9 -5.64771072E8 -1.859738368E9 6.40261632E8 -6.54705664E8 1.55032704E9 1.07549056E9 -7.19476736E8 -7.19476736E8 -7.19476736E8 1.895621376E9 1.895621376E9 1.895621376E9 1.895621376E9 1.895621376E9 1.895621376E9 1.895621376E9
62 -7.94967296E8 1.205032704E9 -1.384901888E9 2.516352E7 1.730196224E9 1.730196224E9 -2.064771072E9 1.935228928E9 1.960392448E9 7.549056E7 2.07549056E9 1.780523264E9 -5.14444032E8 -1.89934592E9 -1.489280512E9 -4.89280512E8 -4.89280512E8 -4.89280512E8 -8.741824E8 1.535883008E9
63 0.0 0.0 0.0 0.0 0.0 0.0 0.0 0.0 0.0 0.0 0.0 0.0 0.0 0.0 0.0 0.0 0.0 0.0 0.0 5.0E8
64 2.0E9 2.0E9 2.0E9 -1.794967296E9 -4.7483648E8 -7.69803776E8 -7.69803776E8 -2.69803776E8 -1.539607552E9 1.57549056E9 -1.219476736E9 2.80523264E8 2.80523264E8 1.10065408E9 -4.89280512E8 1.510719488E9 2.010719488E9 -1.784247808E9 -3.741824E8 8.30850304E8
65 -2.94967296E8 1.205032704E9 -3.84901888E8 -4.7483648E8 4.35228928E8 1.935228928E9 -1.859738368E9 -1.859738368E9 -1.334574848E9 1.07549056E9 1.780523264E9 -5.14444032E8 -1.4444032E7 -3.9934592E8 -1.489280512E9 -1.489280512E9 -1.489280512E9 -1.489280512E9 -9.89280512E8 -9.89280512E8
66 -7.94967296E8 7.05032704E8 7.05032704E8 7.05032704E8 1.730196224E9 1.935228928E9 -3.59738368E8 -3.59738368E8 1.960392448E9 1.07549056E9 1.780523264E9 -2.014444032E9 -1.014444032E9 3.95621376E8 1.805686784E9 1.805686784E9 -1.489280512E9 -1.489280512E9 -1.964116992E9 -1.759084288E9
67 2.0E9 -1.794967296E9 -1.794967296E9 -1.794967296E9 2.115098112E9 2.115098112E9 2.115098112E9 -1.064771072E9 -5.64771072E8 1.57549056E9 -1.719476736E9 -2.19476736E8 1.780523264E9 1.0065408E8 1.805686784E9 1.805686784E9 -1.989280512E9 -1.989280512E9 -1.489280512E9 -1.489280512E9
68 2.0E9 -1.794967296E9 -1.794967296E9 -1.794967296E9 -1.589934592E9 1.615098112E9 1.615098112E9 1.615098112E9 1.615098112E9 2.516352E7 -1.629542144E9 -7.19476736E8 1.280523264E9 1.0065408E8 1.805686784E9 -1.989280512E9 -1.989280512E9 -1.989280512E9 -1.989280512E9 -1.489280512E9
69 -7.94967296E8 -7.94967296E8 -7.94967296E8 -1.47483648E9 -5.64771072E8 9.35228928E8 1.435228928E9 1.435228928E9 1.845294336E9 1.870457856E9 7.80523264E8 1.780523264E9 1.780523264E9 1.895621376E9 -1.94313216E8 1.0719488E7 1.0719488E7 1.0719488E7 1.6258176E9 -1.464116992E9
70 -2.94967296E8 1.205032704E9 1.205032704E9 -4.7483648E8 -4.7483648E8 -4.7483648E8 1.730196224E9 -2.064771072E9 -1.334574848E9 1.07549056E9 1.780523264E9 -5.14444032E8 -5.14444032E8 1.0065408E8 1.805686784E9 1.805686784E9 1.805686784E9 -1.784247808E9 -1.284247808E9 -1.284247808E9
71 -1.294967296E9 -1.294967296E9 -7.94967296E8 -4.7483648E8 4.35228928E8 -1.859738368E9 1.640261632E9 -1.54705664E8 1.65425152E8 5.7549056E8 1.780523264E9 -2.014444032E9 -1.514444032E9 1.90588672E8 3.95621376E8 1.395621376E9 1.395621376E9 1.395621376E9 1.0065408E8 1.0065408E8
72 0.0 0.0 0.0 0.0 0.0 0.0 0.0 1.0E9 1.0E9 2.0E9 2.0E9 2.0E9 2.0E9 2.0E9 2.0E9 2.0E9 2.0E9 2.0E9 2.0E9 2.0E9
73 0.0 0.0 0.0 0.0 0.0 0.0 5.0E8 5.0E8 5.0E8 5.0E8 5.0E8 5.0E8 5.0E8 5.0E8 5.0E8 5.0E8 5.0E8 1.0E9 1.0E9 1.0E9
74 0.0 0.0 0.0 0.0 0.0 5.0E8 5.0E8 5.0E8 1.0E9 1.0E9 1.0E9 1.0E9 1.0E9 1.0E9 1.0E9 1.0E9 1.0E9 1.5E9 1.5E9 1.5E9
75 0.0 5.0E8 1.0E9 1.0E9 1.0E9 1.0E9 1.0E9 1.0E9 1.0E9 1.0E9 1.0E9 1.0E9 1.0E9 1.5E9 1.5E9 1.5E9 1.5E9 1.5E9 1.5E9 1.5E9
76 0.0 0.0 0.0 0.0 0.0 0.0 0.0 0.0 0.0 0.0 0.0 0.0 0.0 0.0 0.0 0.0 0.0 0.0 0.0 0.0
77 5.0E8 5.0E8 5.0E8 5.0E8 5.0E8 5.0E8 5.0E8 5.0E8 1.0E9 1.0E9 1.0E9 1.0E9 1.0E9 1.0E9 1.0E9 1.0E9 1.0E9 1.0E9 1.0E9 1.0E9
78 -2.94967296E8 1.205032704E9 -8.84901888E8 -4.7483648E8 4.35228928E8 -1.859738368E9 -1.359738368E9 6.40261632E8 -1.334574848E9 1.57549056E9 1.280523264E9 1.280523264E9 -1.014444032E9 -1.04378624E8 -8.9934592E8 -8.9934592E8 -8.9934592E8 -8.9934592E8 1.10065408E9 1.10065408E9
79 -2.94967296E8 1.205032704E9 1.205032704E9 -8.9934592E7 9.10065408E8 -1.384901888E9 1.820130816E9 -9.7483648E8 -1.334574848E9 1.07549056E9 1.07549056E9 7.80523264E8 1.280523264E9 1.0065408E8 -1.489280512E9 1.010719488E9 1.510719488E9 -7.84247808E8 -4.64116992E8 -1.259084288E9
80 0.0 0.0 0.0 0.0 0.0 0.0 0.0 0.0 0.0 0.0 0.0 0.0 5.0E8 5.0E8 5.0E8 5.0E8 5.0E8 5.0E8 5.0E8 5.0E8
81 0.0 0.0 0.0 0.0 0.0 0.0 0.0 0.0 0.0 0.0 0.0 0.0 0.0 0.0 0.0 0.0 0.0 0.0 0.0 0.0
82 0.0 5.0E8 5.0E8 5.0E8 5.0E8 5.0E8 5.0E8 1.0E9 1.0E9 1.0E9 1.5E9 1.5E9 1.5E9 1.5E9 1.5E9 1.5E9 1.5E9 1.5E9 1.5E9 1.5E9
83 -2.94967296E8 1.705032704E9 1.15098112E8 2.516352E7 4.35228928E8 -1.859738368E9 8.45294336E8 -9.4967296E8 -3.34574848E8 2.07549056E9 -2.014444032E9 4.85555968E8 4.85555968E8 4.85555968E8 -4.89280512E8 -4.89280512E8 -4.89280512E8 -4.89280512E8 -4.89280512E8 -4.89280512E8
84 0.0 0.0 0.0 0.0 0.0 0.0 0.0 0.0 0.0 0.0 0.0 5.0E8 5.0E8 5.0E8 5.0E8 5.0E8 5.0E8 1.0E9 1.0E9 1.5E9
85 0.0 0.0 0.0 0.0 0.0 0.0 0.0 0.0 0.0 0.0 5.0E8 5.0E8 5.0E8 5.0E8 1.0E9 1.0E9 1.0E9 1.0E9 1.0E9 1.0E9
86 -1.294967296E9 -1.294967296E9 -7.94967296E8 -4.7483648E8 -5.64771072E8 1.435228928E9 6.40261632E8 -1.154705664E9 1.960392448E9 5.7549056E8 2.80523264E8 2.80523264E8 2.80523264E8 7.80523264E8 1.280523264E9 1.280523264E9 1.280523264E9 1.280523264E9 1.280523264E9 1.280523264E9
87 -7.94967296E8 1.205032704E9 1.15098112E8 2.516352E7 -6.4771072E7 -8.59738368E8 -3.59738368E8 -1.654705664E9 -1.334574848E9 1.07549056E9 7.80523264E8 7.80523264E8 1.280523264E9 -1.604378624E9 -1.604378624E9 -1.604378624E9 -1.604378624E9 -1.604378624E9 -1.604378624E9 -1.604378624E9
88 -2.94967296E8 1.205032704E9 -5.89934592E8 -4.7483648E8 4.35228928E8 1.935228928E9 2.140261632E9 -1.94967296E9 6.65425152E8 1.07549056E9 1.780523264E9 1.780523264E9 -5.14444032E8 1.0065408E8 -1.989280512E9 -9.89280512E8 2.010719488E9 2.010719488E9 -6.69149696E8 8.30850304E8
89 -7.94967296E8 1.205032704E9 1.205032704E9 5.2516352E8 4.35228928E8 -1.859738368E9 1.40261632E8 -1.654705664E9 1.65425152E8 -4.2450944E8 1.280523264E9 -2.014444032E9 -1.4444032E7 1.0065408E8 -1.489280512E9 1.010719488E9 1.010719488E9 2.010719488E9 -1.464116992E9 -9.64116992E8
90 -1.294967296E9 1.205032704E9 1.205032704E9 5.2516352E8 4.35228928E8 -1.859738368E9 1.40261632E8 -6.54705664E8 -1.834574848E9 5.7549056E8 1.280523264E9 -1.014444032E9 -1.014444032E9 -3.9934592E8 3.05686784E8 5.10719488E8 5.10719488E8 -1.784247808E9 -1.8741824E9 -1.3741824E9
91 -2.94967296E8 1.205032704E9 1.205032704E9 8.20130816E8 8.20130816E8 -1.97483648E9 7.30196224E8 1.230196224E9 -1.744640256E9 3.70457856E8 3.70457856E8 8.70457856E8 8.70457856E8 8.70457856E8 8.70457856E8 8.70457856E8 8.70457856E8 8.70457856E8 8.70457856E8 8.70457856E8
92 0.0 0.0 0.0 0.0 0.0 0.0 0.0 0.0 0.0 0.0 0.0 0.0 0.0 5.0E8 5.0E8 5.0E8 5.0E8 5.0E8 5.0E8 5.0E8
93 1.0E9 1.0E9 -8.84901888E8 3.20130816E8 8.20130816E8 1.320130816E9 1.320130816E9 1.320130816E9 2.05032704E9 2.55359744E8 2.55359744E8 2.55359744E8 7.55359744E8 7.55359744E8 7.55359744E8 7.55359744E8 7.55359744E8 7.55359744E8 7.55359744E8 7.55359744E8
94 0.0 0.0 0.0 5.0E8 5.0E8 5.0E8 5.0E8 5.0E8 5.0E8 5.0E8 5.0E8 5.0E8 5.0E8 5.0E8 5.0E8 5.0E8 1.0E9 1.0E9 1.0E9 1.0E9
95 -1.294967296E9 1.205032704E9 1.205032704E9 -4.7483648E8 4.35228928E8 -1.859738368E9 -1.359738368E9 -3.59738368E8 -2.44640256E8 -2.44640256E8 -2.44640256E8 2.55359744E8 2.55359744E8 2.55359744E8 2.55359744E8 2.55359744E8 2.55359744E8 2.55359744E8 2.55359744E8 2.55359744E8
96 -2.94967296E8 1.705032704E9 1.705032704E9 1.705032704E9 -2.089934592E9 -3.84901888E8 1.115098112E9 1.115098112E9 1.115098112E9 1.115098112E9 1.615098112E9 -1.179869184E9 -1.179869184E9 -1.79869184E8 4.60392448E8 -1.42450944E9 -1.42450944E9 -1.42450944E9 -4.2450944E8 -1.219476736E9
97 0.0 0.0 5.0E8 5.0E8 5.0E8 5.0E8 5.0E8 5.0E8 5.0E8 5.0E8 5.0E8 5.0E8 1.0E9 2.0E9 2.0E9 -1.794967296E9 -1.794967296E9 -1.794967296E9 -1.794967296E9 -1.794967296E9
