0 3349
1 1980
2 4468
3 3282
4 2959
5 2677
6 762
7 1055
8 1525
9 2870
10 545
11 435
12 4369
13 4085
14 2319
15 4023
16 3451
17 976
18 676
19 1394
20 1350
21 2375
22 2487
23 3021
24 3229
25 3093
26 2435
27 2931
28 1999
29 2822
30 3281
31 4084
32 2387
33 2636
34 2411
35 2738
36 2826
37 3206
38 2586
39 3491
40 2590
41 2131
42 4115
43 3609
44 2968
45 2628
46 3217
47 3967
48 3122
49 3946
50 4119
51 3640
52 4256
53 3051
54 1893
55 3721
56 3354
57 3780
58 2783
59 5384
60 3591
61 2392
62 1495
63 3543
64 2378
65 5047
66 3276
67 1996
68 1388
69 3977
70 3168
71 4677
72 3603
73 4764
74 4498
75 4970
76 5465
77 5268
78 5063
79 3919
80 4184
81 5285
82 1441
83 5447
84 2749
85 4153
86 4108
87 5653
88 5249
89 5121
90 4187
91 2011
92 5283
93 1845
94 4157
95 2373
96 657
97 3953
