0 3349
1 1981
2 4466
3 3280
4 2961
5 2675
6 762
7 1058
8 1526
9 2866
10 545
11 435
12 4370
13 4082
14 2318
15 4023
16 3450
17 976
18 676
19 1394
20 1350
21 2371
22 2487
23 3022
24 3229
25 3093
26 2433
27 2931
28 1996
29 2814
30 3281
31 4086
32 2386
33 2634
34 2413
35 2739
36 2826
37 3205
38 2585
39 3487
40 2590
41 2129
42 4115
43 3607
44 2965
45 2627
46 3217
47 3967
48 3118
49 3944
50 4116
51 3640
52 4258
53 3048
54 1892
55 3721
56 3355
57 3780
58 2782
59 5382
60 3591
61 2390
62 1495
63 3542
64 2375
65 5047
66 3276
67 1991
68 1388
69 3981
70 3167
71 4674
72 3604
73 4763
74 4497
75 4969
76 5466
77 5267
78 5057
79 3919
80 4184
81 5288
82 1441
83 5447
84 2749
85 4152
86 4108
87 5652
88 5247
89 5119
90 4185
91 2014
92 5285
93 1845
94 4158
95 2371
96 657
97 3953
