records: 20
      Record Time
Host  UsedBuffer

  17959.0 35918.0 53877.0 71836.0 89795.0 107754.0 125713.0 143672.0 161631.0 179590.0 197549.0 215508.0 233467.0 251426.0 269385.0 287344.0 305303.0 323262.0 341221.0 359180.0
0 -1.544967296E9 -1.294967296E9 -5.44967296E8 -4.4967296E7 -3.39934592E8 2.115098112E9 5.70130816E8 1.320130816E9 1.820130816E9 -1.47483648E9 -1.769803776E9 -1.769803776E9 -1.019803776E9 -7.69803776E8 -7.69803776E8 -2.69803776E8 -1.9803776E7 2.30196224E8 9.80196224E8 1.685228928E9
1 2.5E8 1.0E9 1.0E9 1.0E9 1.5E9 2.0E9 -1.544967296E9 -1.294967296E9 -1.044967296E9 -1.044967296E9 -5.44967296E8 -2.94967296E8 7.05032704E8 1.205032704E9 1.705032704E9 -2.089934592E9 -1.589934592E9 -1.339934592E9 -8.39934592E8 -8.9934592E7
2 2.5E8 7.5E8 1.25E9 1.5E9 -2.044967296E9 -1.044967296E9 -7.94967296E8 -5.44967296E8 -2.94967296E8 -4.4967296E7 4.55032704E8 1.455032704E9 1.705032704E9 1.705032704E9 1.955032704E9 -1.839934592E9 -1.589934592E9 -1.589934592E9 -1.589934592E9 -1.089934592E9
3 2.5E8 7.5E8 1.0E9 1.25E9 1.75E9 -2.044967296E9 -1.544967296E9 -1.294967296E9 -1.044967296E9 -1.044967296E9 -4.4967296E7 2.05032704E8 7.05032704E8 1.455032704E9 1.955032704E9 -2.089934592E9 -2.089934592E9 -1.089934592E9 -3.39934592E8 4.10065408E8
4 5.0E8 7.5E8 1.0E9 1.5E9 1.75E9 -1.794967296E9 -1.044967296E9 -5.44967296E8 -4.4967296E7 7.05032704E8 1.205032704E9 1.955032704E9 -2.089934592E9 -1.339934592E9 -1.089934592E9 -5.89934592E8 -8.9934592E7 1.60065408E8 4.10065408E8 6.60065408E8
5 2.0E9 -1.794967296E9 -1.544967296E9 -7.94967296E8 1.410065408E9 -6.79869184E8 -1.79869184E8 -1.79869184E8 8.20130816E8 1.070130816E9 1.570130816E9 1.820130816E9 1.820130816E9 -1.72483648E9 -1.22483648E9 -4.7483648E8 7.7516352E8 1.02516352E9 -1.269803776E9 1.435228928E9
6 -1.794967296E9 -1.794967296E9 -1.544967296E9 -7.94967296E8 -8.84901888E8 -1.179869184E9 -9.29869184E8 -4.29869184E8 -1.79869184E8 7.0130816E7 3.20130816E8 5.70130816E8 1.070130816E9 -9.7483648E8 -5.64771072E8 1.185228928E9 1.935228928E9 -1.609738368E9 -8.59738368E8 1.640261632E9
7 7.5E8 1.25E9 1.25E9 1.5E9 1.75E9 1.75E9 2.0E9 -1.794967296E9 -1.294967296E9 -5.44967296E8 -5.44967296E8 -4.4967296E7 4.55032704E8 7.05032704E8 1.205032704E9 1.455032704E9 1.705032704E9 1.955032704E9 1.955032704E9 1.955032704E9
8 5.0E8 1.25E9 -1.544967296E9 -1.044967296E9 -7.94967296E8 -5.44967296E8 -2.94967296E8 4.55032704E8 7.05032704E8 1.205032704E9 1.705032704E9 -2.089934592E9 -2.089934592E9 -1.589934592E9 -5.89934592E8 -3.39934592E8 -3.39934592E8 4.10065408E8 4.10065408E8 9.10065408E8
