records: 20
      Record Time
Host  UsedBuffer

  49376.0 98752.0 148128.0 197504.0 246880.0 296256.0 345632.0 395008.0 444384.0 493760.0 543136.0 592512.0 641888.0 691264.0 740640.0 790016.0 839392.0 888768.0 938144.0 987520.0
0 1000000.0 5000000.0 7000000.0 8000000.0 1.1E7 1.37E8 1.73E8 1.75E8 2.31E8 2.32E8 2.84E8 2.85E8 3.28E8 3.3E8 3.32E8 3.32E8 3.32E8 3.32E8 3.33E8 3.34E8
1 5000000.0 1.6E7 4.5E7 4.5E7 9.2E7 1.37E8 1.71E8 1.87E8 2.26E8 2.26E8 2.83E8 2.91E8 3.24E8 3.25E8 3.25E8 3.25E8 3.27E8 3.27E8 3.31E8 3.32E8
2 1000000.0 2000000.0 3000000.0 4000000.0 5000000.0 6000000.0 7000000.0 8000000.0 1.0E7 1.0E7 1.1E7 1.4E7 1.5E7 1.5E7 1.6E7 1.6E7 1.9E7 1.9E7 1.9E7 2.2E7
3 0.0 0.0 1000000.0 2000000.0 2000000.0 2000000.0 2000000.0 2000000.0 2000000.0 3000000.0 3000000.0 5000000.0 6000000.0 7000000.0 8000000.0 9000000.0 1.0E7 1.0E7 1.0E7 1.0E7
4 0.0 0.0 1000000.0 2000000.0 3000000.0 7000000.0 7000000.0 8000000.0 8000000.0 8000000.0 1.0E7 1.1E7 1.4E7 1.5E7 1.7E7 1.8E7 1.8E7 1.8E7 2.0E7 2.2E7
5 5000000.0 1.5E7 4.4E7 4.8E7 9.3E7 1.36E8 1.69E8 1.8E8 2.24E8 2.29E8 2.29E8 2.96E8 3.23E8 3.25E8 3.75E8 3.75E8 4.12E8 4.46E8 4.46E8 4.47E8
6 1000000.0 3000000.0 4000000.0 5000000.0 5000000.0 6000000.0 7000000.0 8000000.0 8000000.0 1.0E7 1.3E7 1.5E7 1.6E7 1.6E7 1.6E7 1.8E7 1.8E7 1.9E7 1.9E7 1.9E7
7 2000000.0 4000000.0 5.1E7 5.1E7 9.4E7 1.26E8 1.28E8 1.86E8 1.86E8 1.89E8 2.04E8 2.04E8 2.19E8 2.2E8 2.2E8 2.21E8 2.22E8 2.33E8 2.35E8 2.44E8
8 0.0 1000000.0 2000000.0 2000000.0 2000000.0 3000000.0 4000000.0 6000000.0 6000000.0 7000000.0 7000000.0 8000000.0 9000000.0 9000000.0 9000000.0 1.0E7 1.3E7 1.4E7 1.4E7 1.5E7
9 0.0 1000000.0 1000000.0 2000000.0 2000000.0 3000000.0 3000000.0 3000000.0 4000000.0 4000000.0 5000000.0 5000000.0 7000000.0 7000000.0 7000000.0 7000000.0 7000000.0 8000000.0 8000000.0 9000000.0
10 0.0 1000000.0 1000000.0 1000000.0 1000000.0 2000000.0 3000000.0 3000000.0 5000000.0 5000000.0 5000000.0 5000000.0 6000000.0 7000000.0 8000000.0 8000000.0 8000000.0 9000000.0 1.0E7 1.1E7
11 6000000.0 8000000.0 8000000.0 8000000.0 8000000.0 8000000.0 9000000.0 1.87E8 1.9E8 1.93E8 2.83E8 2.85E8 3.41E8 3.41E8 3.74E8 3.75E8 3.76E8 4.6E8 4.6E8 4.6E8
12 0.0 1000000.0 1000000.0 1000000.0 1000000.0 1000000.0 2000000.0 3000000.0 4000000.0 4000000.0 4000000.0 6000000.0 8000000.0 9000000.0 9000000.0 1.2E7 1.3E7 1.3E7 1.4E7 1.5E7
13 1000000.0 1000000.0 2000000.0 3000000.0 3000000.0 3000000.0 3000000.0 4000000.0 4000000.0 4000000.0 4000000.0 4000000.0 4000000.0 4000000.0 4000000.0 5000000.0 6000000.0 7000000.0 1.2E7 1.4E7
14 1000000.0 2000000.0 2000000.0 3000000.0 4000000.0 4000000.0 5000000.0 6000000.0 6000000.0 8000000.0 9000000.0 9000000.0 1.0E7 1.1E7 1.2E7 1.4E7 1.4E7 1.6E7 1.6E7 1.7E7
15 4000000.0 4000000.0 4.3E7 6.4E7 7.1E7 1.41E8 1.7E8 1.86E8 2.24E8 2.37E8 2.83E8 2.84E8 3.27E8 3.27E8 3.61E8 3.61E8 3.61E8 4.38E8 4.38E8 4.38E8
16 1000000.0 1000000.0 1000000.0 1000000.0 1000000.0 1000000.0 3000000.0 5000000.0 6000000.0 6000000.0 7000000.0 8000000.0 1.0E7 1.1E7 1.4E7 1.6E7 1.8E7 2.0E7 2.3E7 2.4E7
17 2000000.0 1.6E7 3.8E7 3.9E7 7.1E7 1.44E8 1.56E8 1.83E8 2.27E8 2.27E8 2.84E8 2.84E8 3.44E8 3.46E8 3.79E8 3.81E8 4.03E8 4.61E8 4.69E8 4.94E8
18 4000000.0 1.7E7 4.3E7 4.4E7 7.2E7 1.28E8 1.75E8 1.86E8 2.28E8 2.32E8 2.87E8 2.95E8 3.44E8 3.44E8 3.79E8 3.8E8 4.17E8 4.51E8 4.52E8 4.96E8
19 1000000.0 1000000.0 3000000.0 4000000.0 5000000.0 5000000.0 5000000.0 6000000.0 6000000.0 8000000.0 9000000.0 1.1E7 1.3E7 1.3E7 1.3E7 1.3E7 1.3E7 1.3E7 1.3E7 1.4E7
20 4000000.0 5000000.0 4.6E7 6.6E7 7.2E7 1.44E8 1.74E8 1.89E8 2.28E8 2.4E8 2.86E8 2.86E8 3.41E8 3.41E8 3.75E8 3.83E8 4.15E8 4.49E8 4.5E8 4.93E8
21 1000000.0 3000000.0 3000000.0 3000000.0 3000000.0 3000000.0 5000000.0 7000000.0 8000000.0 8000000.0 1.0E7 1.0E7 1.1E7 1.1E7 1.1E7 1.2E7 1.3E7 1.4E7 1.5E7 1.5E7
22 2000000.0 2000000.0 3000000.0 3000000.0 6000000.0 1.45E8 1.51E8 1.52E8 2.26E8 2.39E8 2.84E8 2.95E8 3.4E8 3.4E8 3.73E8 3.73E8 3.73E8 4.57E8 4.63E8 4.87E8
23 1000000.0 4000000.0 7000000.0 1.0E7 1.2E7 1.4E7 1.6E7 1.6E7 1.6E7 1.6E7 1.6E7 1.7E7 2.4E7 2.4E7 3.3E7 3.3E7 3.4E7 4.0E7 4.1E7 4.3E7
24 4000000.0 4000000.0 4.1E7 6.4E7 7.2E7 1.4E8 1.68E8 1.85E8 2.23E8 2.37E8 2.64E8 2.64E8 3.3E8 3.31E8 3.71E8 3.71E8 4.1E8 4.42E8 4.44E8 4.88E8
25 1000000.0 2000000.0 2000000.0 3000000.0 5000000.0 5000000.0 7000000.0 8000000.0 1.0E7 1.0E7 1.1E7 1.1E7 1.1E7 1.2E7 1.2E7 1.2E7 1.2E7 1.3E7 1.4E7 1.4E7
26 0.0 2000000.0 2000000.0 4000000.0 6000000.0 7000000.0 8000000.0 9000000.0 1.1E7 1.1E7 1.4E7 1.4E7 1.5E7 1.5E7 1.6E7 1.8E7 1.9E7 1.9E7 1.9E7 2.0E7
27 1000000.0 1000000.0 1000000.0 2000000.0 2000000.0 3000000.0 3000000.0 3000000.0 5000000.0 5000000.0 5000000.0 7000000.0 7000000.0 1.0E7 1.1E7 1.4E7 1.5E7 1.6E7 1.7E7 1.7E7
28 1000000.0 1000000.0 2000000.0 4000000.0 4000000.0 6000000.0 6000000.0 7000000.0 8000000.0 1.0E7 1.1E7 1.2E7 1.2E7 1.3E7 1.4E7 1.7E7 1.7E7 1.7E7 1.9E7 2.1E7
29 5000000.0 1.6E7 4.0E7 4.0E7 4.5E7 1.26E8 1.55E8 1.55E8 2.17E8 2.17E8 2.83E8 2.83E8 3.37E8 3.37E8 3.74E8 3.74E8 3.99E8 4.44E8 4.52E8 4.92E8
30 2000000.0 4000000.0 4000000.0 1.1E7 1.3E7 1.5E7 1.7E7 2.2E7 2.9E7 3.0E7 5.6E7 5.8E7 6.8E7 6.8E7 7.6E7 7.7E7 7.7E7 1.06E8 1.06E8 1.06E8
31 3000000.0 3000000.0 5000000.0 6000000.0 8000000.0 8000000.0 8000000.0 9000000.0 1.0E7 1.1E7 1.4E7 1.5E7 1.5E7 1.6E7 1.6E7 1.6E7 1.7E7 1.8E7 1.8E7 1.8E7
32 3000000.0 1.6E7 4.5E7 4.9E7 9.4E7 1.4E8 1.4E8 1.84E8 2.26E8 2.37E8 2.84E8 2.97E8 3.43E8 3.47E8 3.75E8 3.76E8 3.97E8 4.6E8 4.61E8 4.93E8
33 6000000.0 7000000.0 5.2E7 6.6E7 9.5E7 1.47E8 1.73E8 1.88E8 2.28E8 2.42E8 2.86E8 2.87E8 3.34E8 3.34E8 3.81E8 3.85E8 4.05E8 4.62E8 4.63E8 4.94E8
34 1000000.0 1000000.0 3000000.0 5000000.0 5000000.0 5000000.0 5000000.0 5000000.0 5000000.0 5000000.0 5000000.0 6000000.0 6000000.0 6000000.0 6000000.0 7000000.0 7000000.0 9000000.0 1.0E7 1.0E7
35 3000000.0 3000000.0 3000000.0 4000000.0 5000000.0 5000000.0 6000000.0 8000000.0 9000000.0 1.1E7 1.1E7 1.2E7 1.2E7 1.4E7 1.5E7 1.5E7 1.6E7 1.6E7 1.7E7 1.8E7
36 1000000.0 1000000.0 8000000.0 1.4E7 1.5E7 1.6E7 1.8E7 2.5E7 2.5E7 2.6E7 2.6E7 2.8E7 2.8E7 2.9E7 3.0E7 3.0E7 3.1E7 1.34E8 1.34E8 1.34E8
37 2000000.0 2000000.0 2000000.0 2000000.0 3000000.0 4000000.0 4000000.0 6000000.0 8000000.0 1.1E7 1.3E7 1.5E7 1.6E7 1.7E7 1.8E7 2.0E7 2.2E7 2.2E7 2.2E7 2.2E7
38 0.0 3000000.0 3000000.0 4000000.0 8000000.0 9000000.0 9000000.0 1.0E7 1.1E7 1.2E7 1.3E7 1.4E7 1.5E7 1.7E7 1.9E7 2.0E7 2.0E7 2.0E7 2.1E7 2.1E7
39 3000000.0 3000000.0 3000000.0 3000000.0 6000000.0 8000000.0 9000000.0 9000000.0 9000000.0 1.0E7 1.1E7 1.1E7 1.2E7 1.3E7 1.3E7 1.3E7 1.3E7 1.4E7 1.4E7 1.6E7
40 2000000.0 3000000.0 6000000.0 7000000.0 8000000.0 8000000.0 8000000.0 8000000.0 8000000.0 8000000.0 8000000.0 9000000.0 1.0E7 1.0E7 1.1E7 1.1E7 1.2E7 1.4E7 1.5E7 1.6E7
41 2000000.0 3000000.0 4000000.0 6000000.0 6000000.0 7000000.0 9000000.0 1.1E7 1.1E7 1.2E7 1.2E7 1.2E7 1.4E7 1.4E7 1.5E7 1.7E7 1.7E7 1.8E7 1.8E7 1.8E7
42 0.0 1000000.0 1000000.0 4000000.0 4000000.0 4000000.0 4000000.0 5000000.0 6000000.0 6000000.0 8000000.0 9000000.0 9000000.0 1.0E7 1.1E7 1.1E7 1.2E7 1.4E7 1.5E7 1.6E7
43 1000000.0 1000000.0 2000000.0 2000000.0 2000000.0 2000000.0 3000000.0 5000000.0 7000000.0 7000000.0 8000000.0 8000000.0 8000000.0 9000000.0 1.0E7 1.1E7 1.4E7 1.5E7 1.5E7 1.7E7
44 0.0 0.0 0.0 0.0 0.0 1000000.0 2000000.0 2000000.0 3000000.0 3000000.0 4000000.0 5000000.0 5000000.0 6000000.0 8000000.0 9000000.0 1.0E7 1.0E7 1.0E7 1.1E7
45 1000000.0 1000000.0 2000000.0 3000000.0 3000000.0 6000000.0 6000000.0 6000000.0 6000000.0 6000000.0 6000000.0 6000000.0 7000000.0 8000000.0 8000000.0 9000000.0 9000000.0 1.0E7 1.1E7 1.3E7
46 2000000.0 2000000.0 4000000.0 4000000.0 4000000.0 5000000.0 5000000.0 5000000.0 6000000.0 7000000.0 7000000.0 7000000.0 7000000.0 9000000.0 1.1E7 1.1E7 1.2E7 1.3E7 1.3E7 1.3E7
47 0.0 0.0 2000000.0 2000000.0 2000000.0 2000000.0 4000000.0 5000000.0 6000000.0 2.23E8 2.23E8 2.24E8 2.24E8 2.25E8 2.25E8 2.26E8 2.27E8 2.27E8 2.28E8 2.28E8
48 0.0 0.0 1000000.0 2000000.0 2000000.0 3000000.0 4000000.0 4000000.0 4000000.0 5000000.0 5000000.0 5000000.0 5000000.0 6000000.0 6000000.0 6000000.0 7000000.0 8000000.0 8000000.0 9000000.0
49 0.0 1000000.0 2000000.0 2000000.0 2000000.0 2000000.0 3000000.0 3000000.0 3000000.0 4000000.0 4000000.0 5000000.0 8000000.0 1.0E7 1.1E7 1.3E7 1.4E7 1.5E7 1.5E7 1.6E7
50 0.0 3000000.0 4000000.0 7000000.0 7000000.0 8000000.0 1.1E7 1.1E7 1.2E7 1.3E7 1.4E7 1.5E7 1.6E7 1.6E7 2.1E7 2.1E7 2.1E7 2.2E7 2.3E7 2.4E7
51 1000000.0 1000000.0 1000000.0 1000000.0 2000000.0 2000000.0 2000000.0 2000000.0 2000000.0 3000000.0 4000000.0 5000000.0 5000000.0 5000000.0 6000000.0 6000000.0 7000000.0 8000000.0 9000000.0 9000000.0
