0 3350
1 1982
2 4465
3 3281
4 2961
5 2674
6 762
7 1053
8 1525
9 2866
10 545
11 435
12 4370
13 4082
14 2319
15 4024
16 3449
17 975
18 676
19 1394
20 1350
21 2371
22 2487
23 3022
24 3230
25 3093
26 2433
27 2931
28 1998
29 2814
30 3281
31 4085
32 2386
33 2636
34 2410
35 2738
36 2826
37 3206
38 2585
39 3486
40 2589
41 2130
42 4115
43 3604
44 2966
45 2627
46 3218
47 3968
48 3119
49 3944
50 4116
51 3639
52 4259
53 3048
54 1891
55 3722
56 3354
57 3779
58 2782
59 5381
60 3591
61 2391
62 1495
63 3542
64 2375
65 5047
66 3276
67 1991
68 1388
69 3981
70 3167
71 4673
72 3604
73 4762
74 4496
75 4970
76 5463
77 5266
78 5060
79 3919
80 4184
81 5285
82 1441
83 5445
84 2749
85 4152
86 4108
87 5651
88 5244
89 5121
90 4187
91 2014
92 5285
93 1844
94 4157
95 2371
96 657
97 3953
