records: 20
      Record Time
Host  UsedBuffer

  16870.0 33740.0 50610.0 67480.0 84350.0 101220.0 118090.0 134960.0 151830.0 168700.0 185570.0 202440.0 219310.0 236180.0 253050.0 269920.0 286790.0 303660.0 320530.0 337400.0
0 5.0E8 1.0E9 -1.794967296E9 1.660065408E9 1.865098112E9 -1.929869184E9 5.70130816E8 2.070130816E9 1.980196224E9 -1.859738368E9 -8.59738368E8 8.90261632E8 1.890261632E9 8.0032704E8 -9.94640256E8 1.255359744E9 1.255359744E9 -1.539607552E9 -1.879542144E9 -8.79542144E8
1 0.0 2.5E8 2.5E8 5.0E8 5.0E8 7.5E8 7.5E8 7.5E8 7.5E8 7.5E8 1.0E9 1.0E9 1.0E9 1.0E9 1.0E9 1.0E9 1.0E9 1.0E9 1.0E9 1.0E9
2 0.0 0.0 0.0 0.0 0.0 5.0E8 5.0E8 7.5E8 7.5E8 7.5E8 7.5E8 1.0E9 1.0E9 1.0E9 1.0E9 1.25E9 1.5E9 1.5E9 1.5E9 1.5E9
3 5.0E8 1.0E9 -1.794967296E9 1.660065408E9 1.865098112E9 -1.679869184E9 8.20130816E8 -1.97483648E9 1.980196224E9 -1.859738368E9 -8.59738368E8 1.140261632E9 1.890261632E9 8.0032704E8 -1.494640256E9 1.005359744E9 2.005359744E9 -1.789607552E9 1.915425152E9 -3.79542144E8
4 5.0E8 1.0E9 -1.794967296E9 1.410065408E9 1.615098112E9 -1.929869184E9 5.70130816E8 2.070130816E9 1.980196224E9 -1.859738368E9 -8.59738368E8 8.90261632E8 1.890261632E9 -1.9967296E8 -9.94640256E8 5359744.0 1.755359744E9 -1.289607552E9 -1.629542144E9 -3.79542144E8
5 0.0 0.0 0.0 -2.134901888E9 -1.679869184E9 -1.179869184E9 -4.29869184E8 -4.29869184E8 3.20130816E8 -1.859738368E9 -1.109738368E9 -6.09738368E8 -6.09738368E8 1.345294336E9 -1.244640256E9 -4.94640256E8 -2.44640256E8 2.55359744E8 -3.9607552E7 4.60392448E8
6 0.0 0.0 0.0 2.0E9 -7.94967296E8 -7.94967296E8 -7.94967296E8 4.55032704E8 -1.269803776E9 -1.859738368E9 -1.859738368E9 -1.109738368E9 -1.109738368E9 1.595294336E9 1.595294336E9 1.595294336E9 -7.44640256E8 -7.44640256E8 -7.44640256E8 -7.44640256E8
7 0.0 0.0 2.5E8 2.5E8 2.5E8 2.5E8 2.5E8 2.5E8 2.5E8 2.5E8 2.5E8 2.5E8 2.5E8 2.5E8 2.5E8 2.5E8 5.0E8 5.0E8 5.0E8 7.5E8
8 0.0 0.0 0.0 0.0 0.0 0.0 0.0 0.0 0.0 0.0 0.0 0.0 0.0 0.0 0.0 0.0 0.0 2.5E8 2.5E8 2.5E8
9 0.0 2.5E8 2.5E8 -2.134901888E9 -1.929869184E9 -1.429869184E9 -6.79869184E8 -6.79869184E8 7.0130816E7 -1.609738368E9 -1.109738368E9 -6.09738368E8 -6.09738368E8 1.345294336E9 -1.244640256E9 -4.94640256E8 -2.44640256E8 2.55359744E8 7.10392448E8 1.710392448E9
10 0.0 0.0 0.0 0.0 0.0 0.0 0.0 0.0 2.5E8 5.0E8 7.5E8 7.5E8 7.5E8 7.5E8 7.5E8 7.5E8 7.5E8 7.5E8 7.5E8 1.0E9
11 0.0 0.0 0.0 0.0 0.0 7.5E8 7.5E8 7.5E8 7.5E8 7.5E8 7.5E8 7.5E8 7.5E8 7.5E8 7.5E8 7.5E8 7.5E8 7.5E8 7.5E8 7.5E8
12 0.0 0.0 0.0 0.0 0.0 0.0 0.0 0.0 0.0 0.0 0.0 0.0 0.0 0.0 0.0 0.0 2.5E8 2.5E8 2.5E8 5.0E8
13 0.0 2.5E8 5.0E8 5.0E8 5.0E8 5.0E8 5.0E8 5.0E8 5.0E8 5.0E8 7.5E8 7.5E8 7.5E8 7.5E8 7.5E8 7.5E8 7.5E8 1.0E9 1.0E9 1.0E9
14 5.0E8 1.0E9 -1.839934592E9 1.410065408E9 1.365098112E9 1.865098112E9 -1.679869184E9 1.070130816E9 1.480196224E9 1.935228928E9 -1.359738368E9 3.90261632E8 1.390261632E9 5.032704E7 5.5032704E8 5.5032704E8 5.5032704E8 8.0032704E8 8.0032704E8 8.0032704E8
15 0.0 0.0 0.0 0.0 0.0 0.0 0.0 0.0 0.0 0.0 0.0 0.0 0.0 0.0 0.0 0.0 0.0 0.0 0.0 0.0
16 0.0 0.0 0.0 0.0 0.0 0.0 0.0 0.0 0.0 0.0 0.0 0.0 0.0 0.0 0.0 0.0 0.0 0.0 0.0 0.0
17 2.5E8 2.5E8 2.5E8 5.0E8 5.0E8 5.0E8 5.0E8 5.0E8 5.0E8 5.0E8 5.0E8 7.5E8 7.5E8 7.5E8 7.5E8 7.5E8 7.5E8 7.5E8 1.0E9 1.0E9
18 0.0 0.0 0.0 2.5E8 2.5E8 2.5E8 2.5E8 2.5E8 2.5E8 5.0E8 5.0E8 5.0E8 5.0E8 5.0E8 7.5E8 7.5E8 7.5E8 7.5E8 7.5E8 7.5E8
19 0.0 0.0 0.0 0.0 0.0 0.0 2.5E8 7.5E8 7.5E8 7.5E8 7.5E8 7.5E8 7.5E8 7.5E8 7.5E8 7.5E8 7.5E8 7.5E8 7.5E8 7.5E8
20 7.5E8 7.5E8 7.5E8 7.5E8 7.5E8 7.5E8 7.5E8 7.5E8 4.55032704E8 1.705032704E9 1.705032704E9 -1.839934592E9 -1.839934592E9 4.10065408E8 -9.94640256E8 -9.94640256E8 -9.94640256E8 -9.94640256E8 -4.94640256E8 2.55359744E8
21 1.0E9 1.25E9 1.5E9 1.75E9 1.75E9 -1.679869184E9 -1.179869184E9 -1.79869184E8 1.980196224E9 1.685228928E9 1.685228928E9 1.685228928E9 1.685228928E9 8.0032704E8 -1.244640256E9 1.755359744E9 1.755359744E9 2.005359744E9 1.415425152E9 -1.379542144E9
22 0.0 0.0 0.0 0.0 0.0 0.0 0.0 0.0 0.0 0.0 0.0 0.0 0.0 0.0 2.5E8 2.5E8 5.0E8 5.0E8 5.0E8 5.0E8
23 0.0 5.0E8 7.5E8 7.5E8 7.5E8 7.5E8 7.5E8 7.5E8 7.5E8 7.5E8 7.5E8 1.0E9 1.0E9 1.0E9 1.0E9 1.0E9 1.0E9 1.0E9 1.0E9 1.0E9
24 1.0E9 1.25E9 1.5E9 1.75E9 2.115098112E9 -1.679869184E9 -1.179869184E9 -1.79869184E8 -1.814771072E9 1.685228928E9 1.685228928E9 1.685228928E9 1.685228928E9 5.5032704E8 -1.744640256E9 1.255359744E9 1.255359744E9 1.505359744E9 1.665425152E9 -2.129542144E9
25 0.0 0.0 0.0 0.0 2.5E8 2.5E8 2.5E8 2.5E8 2.5E8 5.0E8 5.0E8 5.0E8 5.0E8 7.5E8 7.5E8 1.0E9 1.0E9 1.0E9 1.0E9 1.0E9
26 1.25E9 1.75E9 -1.839934592E9 -1.884901888E9 1.865098112E9 2.115098112E9 -1.429869184E9 -1.429869184E9 -1.814771072E9 1.935228928E9 1.935228928E9 1.935228928E9 1.640261632E9 8.0032704E8 -1.994640256E9 -1.994640256E9 -1.994640256E9 -1.994640256E9 -1.994640256E9 -1.994640256E9
27 0.0 2.5E8 2.5E8 2.5E8 2.5E8 2.5E8 2.5E8 2.5E8 5.0E8 5.0E8 5.0E8 5.0E8 5.0E8 7.5E8 7.5E8 7.5E8 7.5E8 7.5E8 7.5E8 7.5E8
28 0.0 0.0 0.0 0.0 0.0 0.0 0.0 0.0 2.5E8 2.5E8 2.5E8 2.5E8 2.5E8 2.5E8 5.0E8 5.0E8 5.0E8 5.0E8 7.5E8 7.5E8
29 0.0 0.0 0.0 0.0 0.0 0.0 0.0 0.0 0.0 0.0 0.0 0.0 0.0 0.0 0.0 0.0 0.0 0.0 2.5E8 5.0E8
30 0.0 0.0 0.0 0.0 0.0 0.0 2.5E8 5.0E8 1.0E9 1.0E9 1.0E9 1.0E9 1.0E9 1.0E9 1.0E9 1.25E9 1.25E9 1.25E9 1.25E9 1.25E9
31 0.0 0.0 0.0 0.0 2.5E8 2.5E8 2.5E8 2.5E8 2.5E8 2.5E8 2.5E8 2.5E8 2.5E8 2.5E8 2.5E8 2.5E8 2.5E8 5.0E8 7.5E8 1.0E9
32 0.0 0.0 0.0 0.0 0.0 0.0 0.0 2.5E8 2.5E8 2.5E8 2.5E8 2.5E8 5.0E8 5.0E8 7.5E8 7.5E8 7.5E8 7.5E8 1.0E9 1.0E9
33 2.5E8 2.5E8 -1.839934592E9 -2.134901888E9 -1.384901888E9 -1.134901888E9 -1.134901888E9 -3.84901888E8 -1.429869184E9 -1.609738368E9 -3.59738368E8 -3.59738368E8 -1.09738368E8 -1.09738368E8 1.40261632E8 1.40261632E8 3.90261632E8 3.90261632E8 3.90261632E8 3.90261632E8
34 1.0E9 1.75E9 -2.089934592E9 1.410065408E9 1.615098112E9 1.615098112E9 -9.29869184E8 5.70130816E8 1.980196224E9 1.685228928E9 -8.59738368E8 -8.59738368E8 -6.09738368E8 -4.4967296E8 1.55032704E9 1.55032704E9 1.55032704E9 1.55032704E9 1.960392448E9 -1.334574848E9
35 0.0 0.0 2.5E8 2.5E8 5.0E8 5.0E8 5.0E8 5.0E8 7.5E8 7.5E8 1.0E9 1.0E9 1.25E9 1.25E9 1.25E9 1.25E9 1.25E9 1.25E9 1.25E9 1.25E9
36 0.0 2.5E8 2.5E8 2.5E8 2.5E8 5.0E8 5.0E8 5.0E8 5.0E8 7.5E8 7.5E8 7.5E8 7.5E8 7.5E8 1.0E9 1.0E9 1.25E9 1.25E9 1.5E9 1.5E9
37 0.0 0.0 2.5E8 2.5E8 2.5E8 2.5E8 2.5E8 2.5E8 2.5E8 5.0E8 5.0E8 5.0E8 5.0E8 5.0E8 5.0E8 5.0E8 5.0E8 5.0E8 5.0E8 5.0E8
38 0.0 0.0 0.0 2.5E8 2.5E8 2.5E8 2.5E8 2.5E8 2.5E8 2.5E8 2.5E8 2.5E8 5.0E8 5.0E8 5.0E8 5.0E8 7.5E8 7.5E8 7.5E8 7.5E8
39 0.0 0.0 0.0 2.5E8 2.5E8 2.5E8 2.5E8 5.0E8 5.0E8 5.0E8 5.0E8 5.0E8 5.0E8 5.0E8 5.0E8 5.0E8 5.0E8 5.0E8 5.0E8 5.0E8
40 0.0 0.0 -2.089934592E9 -8.9934592E7 1.60065408E8 1.60065408E8 6.60065408E8 1.160065408E9 -2.064771072E9 -2.109738368E9 1.40261632E8 6.40261632E8 6.40261632E8 -9.4967296E8 -1.244640256E9 -4.94640256E8 -2.44640256E8 -2.44640256E8 -2.129542144E9 -6.29542144E8
41 1.0E9 1.75E9 1.705032704E9 1.705032704E9 1.705032704E9 1.705032704E9 1.705032704E9 -2.089934592E9 -1.9803776E7 -1.609738368E9 -1.359738368E9 1.40261632E8 1.890261632E9 8.0032704E8 1.80032704E9 1.80032704E9 1.80032704E9 -1.744640256E9 1.915425152E9 -1.29542144E8
42 0.0 0.0 0.0 0.0 0.0 0.0 0.0 0.0 0.0 0.0 2.5E8 2.5E8 2.5E8 2.5E8 2.5E8 2.5E8 7.5E8 7.5E8 7.5E8 7.5E8
43 2.5E8 2.5E8 2.5E8 5.0E8 5.0E8 5.0E8 5.0E8 5.0E8 5.0E8 7.5E8 7.5E8 7.5E8 7.5E8 7.5E8 7.5E8 1.25E9 1.25E9 1.25E9 1.5E9 1.5E9
44 1.0E9 1.25E9 1.5E9 1.5E9 -1.134901888E9 -1.679869184E9 -1.679869184E9 8.20130816E8 1.730196224E9 1.935228928E9 -6.09738368E8 -6.09738368E8 -3.59738368E8 -1.9967296E8 -1.744640256E9 5359744.0 5359744.0 2.55359744E8 1.915425152E9 -1.129542144E9
45 0.0 2.5E8 2.5E8 2.5E8 2.5E8 2.5E8 2.5E8 2.5E8 2.5E8 5.0E8 7.5E8 7.5E8 1.0E9 1.25E9 1.25E9 1.25E9 1.25E9 1.25E9 1.25E9 1.25E9
46 0.0 0.0 2.5E8 2.5E8 2.5E8 2.5E8 2.5E8 2.5E8 2.5E8 2.5E8 5.0E8 5.0E8 5.0E8 5.0E8 5.0E8 5.0E8 5.0E8 5.0E8 5.0E8 5.0E8
47 0.0 0.0 0.0 0.0 0.0 0.0 0.0 0.0 0.0 0.0 0.0 0.0 0.0 0.0 0.0 0.0 0.0 0.0 0.0 0.0
48 0.0 0.0 0.0 0.0 2.5E8 2.5E8 2.5E8 2.5E8 2.5E8 2.5E8 2.5E8 2.5E8 2.5E8 5.0E8 5.0E8 5.0E8 5.0E8 5.0E8 5.0E8 5.0E8
49 0.0 0.0 0.0 0.0 0.0 0.0 0.0 0.0 0.0 0.0 0.0 0.0 0.0 0.0 0.0 0.0 0.0 0.0 0.0 0.0
50 0.0 2.5E8 2.5E8 2.5E8 5.0E8 5.0E8 7.5E8 7.5E8 7.5E8 7.5E8 7.5E8 7.5E8 1.0E9 1.0E9 1.0E9 1.0E9 1.0E9 1.0E9 1.0E9 1.0E9
51 1.0E9 1.75E9 1.955032704E9 -2.134901888E9 1.365098112E9 -1.679869184E9 -6.79869184E8 -4.29869184E8 1.480196224E9 -2.109738368E9 -2.109738368E9 -1.09738368E8 1.40261632E8 3.0032704E8 -1.994640256E9 1.255359744E9 1.755359744E9 1.755359744E9 1.915425152E9 -2.129542144E9
52 0.0 0.0 2.5E8 2.5E8 5.0E8 5.0E8 5.0E8 5.0E8 5.0E8 7.5E8 7.5E8 7.5E8 7.5E8 7.5E8 1.0E9 1.0E9 1.0E9 1.25E9 1.25E9 1.5E9
53 5.0E8 7.5E8 1.0E9 1.0E9 1.5E9 1.5E9 -2.044967296E9 -2.94967296E8 -1.564771072E9 -1.359738368E9 -1.09738368E8 3.90261632E8 3.90261632E8 1.05032704E9 -9.94640256E8 -9.94640256E8 -9.94640256E8 -9.94640256E8 1.915425152E9 -1.129542144E9
54 0.0 0.0 -1.839934592E9 1.660065408E9 1.865098112E9 1.865098112E9 -1.929869184E9 1.820130816E9 -2.064771072E9 4.35228928E8 4.35228928E8 9.35228928E8 1.185228928E9 5.5032704E8 1.05032704E9 1.30032704E9 1.505359744E9 -2.039607552E9 1.165425152E9 1.415425152E9
55 0.0 0.0 0.0 0.0 0.0 0.0 0.0 0.0 0.0 0.0 0.0 0.0 0.0 0.0 0.0 2.5E8 2.5E8 2.5E8 5.0E8 5.0E8
56 0.0 0.0 0.0 0.0 0.0 0.0 2.5E8 2.5E8 2.5E8 2.5E8 2.5E8 2.5E8 2.5E8 2.5E8 2.5E8 2.5E8 2.5E8 2.5E8 2.5E8 2.5E8
57 0.0 0.0 0.0 0.0 0.0 0.0 0.0 0.0 0.0 0.0 0.0 0.0 0.0 0.0 0.0 0.0 0.0 0.0 0.0 0.0
58 0.0 0.0 0.0 0.0 0.0 0.0 0.0 0.0 0.0 0.0 2.5E8 2.5E8 2.5E8 2.5E8 2.5E8 2.5E8 5.0E8 5.0E8 7.5E8 7.5E8
59 0.0 0.0 2.5E8 2.5E8 5.0E8 5.0E8 5.0E8 5.0E8 5.0E8 5.0E8 5.0E8 5.0E8 7.5E8 7.5E8 7.5E8 7.5E8 1.0E9 1.0E9 1.0E9 1.0E9
60 1.0E9 1.0E9 -2.089934592E9 1.660065408E9 1.865098112E9 2.115098112E9 5.70130816E8 1.820130816E9 1.980196224E9 -1.859738368E9 -1.859738368E9 1.390261632E9 1.390261632E9 5.5032704E8 -1.744640256E9 -1.494640256E9 2.005359744E9 2.005359744E9 -1.834574848E9 -1.834574848E9
61 7.5E8 7.5E8 1.0E9 -2.134901888E9 1.615098112E9 -1.179869184E9 -1.79869184E8 7.0130816E7 -2.064771072E9 -1.859738368E9 -1.359738368E9 -1.359738368E9 -1.359738368E9 8.45294336E8 8.45294336E8 8.45294336E8 8.45294336E8 8.45294336E8 8.45294336E8 8.45294336E8
62 0.0 0.0 0.0 0.0 0.0 0.0 0.0 0.0 0.0 0.0 0.0 0.0 0.0 0.0 0.0 0.0 0.0 0.0 0.0 2.5E8
63 0.0 0.0 0.0 0.0 0.0 0.0 0.0 0.0 0.0 0.0 0.0 0.0 0.0 0.0 0.0 0.0 0.0 0.0 0.0 2.5E8
64 0.0 0.0 0.0 0.0 0.0 0.0 0.0 0.0 0.0 0.0 0.0 0.0 0.0 0.0 0.0 0.0 2.5E8 5.0E8 5.0E8 7.5E8
65 0.0 0.0 0.0 0.0 2.5E8 2.5E8 2.5E8 2.5E8 2.5E8 2.5E8 2.5E8 2.5E8 2.5E8 2.5E8 2.5E8 2.5E8 2.5E8 2.5E8 5.0E8 5.0E8
66 0.0 0.0 0.0 0.0 0.0 0.0 0.0 0.0 0.0 0.0 0.0 2.5E8 5.0E8 5.0E8 5.0E8 5.0E8 5.0E8 5.0E8 5.0E8 5.0E8
67 0.0 2.5E8 2.5E8 2.5E8 2.5E8 2.5E8 2.5E8 2.5E8 5.0E8 5.0E8 5.0E8 5.0E8 5.0E8 5.0E8 5.0E8 5.0E8 7.5E8 7.5E8 1.0E9 1.0E9
68 0.0 0.0 0.0 0.0 0.0 0.0 0.0 0.0 0.0 2.5E8 2.5E8 2.5E8 2.5E8 2.5E8 2.5E8 5.0E8 5.0E8 5.0E8 5.0E8 7.5E8
69 0.0 0.0 0.0 0.0 0.0 0.0 2.5E8 2.5E8 2.5E8 2.5E8 2.5E8 2.5E8 2.5E8 2.5E8 5.0E8 5.0E8 5.0E8 5.0E8 5.0E8 5.0E8
70 0.0 0.0 0.0 0.0 0.0 0.0 0.0 0.0 0.0 0.0 2.5E8 7.5E8 7.5E8 7.5E8 7.5E8 7.5E8 7.5E8 7.5E8 1.0E9 1.0E9
71 0.0 0.0 0.0 0.0 0.0 0.0 0.0 0.0 0.0 0.0 0.0 0.0 2.5E8 2.5E8 2.5E8 2.5E8 2.5E8 2.5E8 5.0E8 5.0E8
72 0.0 0.0 0.0 0.0 0.0 0.0 0.0 5.0E8 5.0E8 1.0E9 1.0E9 1.0E9 1.0E9 1.0E9 1.0E9 1.0E9 1.0E9 1.0E9 1.0E9 1.0E9
73 5.0E8 5.0E8 -2.089934592E9 -2.134901888E9 -1.929869184E9 -1.429869184E9 -9.29869184E8 2.070130816E9 -2.064771072E9 -1.359738368E9 -1.09738368E8 1.40261632E8 1.40261632E8 1.05032704E9 -1.244640256E9 7.55359744E8 7.55359744E8 1.005359744E9 1.005359744E9 -1.084574848E9
74 0.0 0.0 0.0 0.0 0.0 2.5E8 2.5E8 2.5E8 5.0E8 5.0E8 5.0E8 5.0E8 5.0E8 5.0E8 5.0E8 5.0E8 5.0E8 7.5E8 7.5E8 7.5E8
75 0.0 2.5E8 -1.839934592E9 -2.134901888E9 -1.929869184E9 -1.179869184E9 8.20130816E8 1.570130816E9 -2.064771072E9 -1.609738368E9 -3.59738368E8 -1.09738368E8 -1.09738368E8 8.0032704E8 1.30032704E9 1.30032704E9 1.30032704E9 1.30032704E9 1.415425152E9 -2.129542144E9
76 0.0 0.0 0.0 0.0 0.0 0.0 0.0 0.0 0.0 0.0 0.0 0.0 0.0 0.0 0.0 0.0 0.0 0.0 0.0 0.0
77 2.5E8 2.5E8 -1.839934592E9 1.660065408E9 1.865098112E9 -1.679869184E9 3.20130816E8 1.070130816E9 1.730196224E9 -1.859738368E9 -8.59738368E8 -6.09738368E8 -1.09738368E8 3.0032704E8 1.30032704E9 1.30032704E9 1.80032704E9 1.80032704E9 -7.44640256E8 1.210392448E9
78 1.25E9 1.75E9 -1.839934592E9 -2.134901888E9 -1.929869184E9 -1.179869184E9 -1.179869184E9 1.820130816E9 -1.814771072E9 -1.609738368E9 -1.09738368E8 1.140261632E9 1.140261632E9 -1.44967296E9 -1.994640256E9 -1.994640256E9 -1.994640256E9 -1.994640256E9 -7.44640256E8 -7.44640256E8
79 1.5E9 1.75E9 1.75E9 2.0E9 2.0E9 2.0E9 -5.44967296E8 -4.4967296E7 1.980196224E9 -1.859738368E9 -1.359738368E9 -6.09738368E8 1.640261632E9 8.0032704E8 -4.94640256E8 1.255359744E9 2.005359744E9 -1.539607552E9 -1.629542144E9 -3.79542144E8
80 0.0 0.0 0.0 0.0 0.0 0.0 0.0 0.0 0.0 0.0 0.0 0.0 2.5E8 2.5E8 2.5E8 2.5E8 2.5E8 2.5E8 2.5E8 2.5E8
81 0.0 0.0 -1.839934592E9 1.910065408E9 -1.929869184E9 -1.679869184E9 -1.429869184E9 -1.429869184E9 -2.064771072E9 1.935228928E9 -8.59738368E8 -8.59738368E8 3.90261632E8 3.0032704E8 1.55032704E9 5359744.0 5359744.0 5359744.0 1.665425152E9 -1.129542144E9
82 0.0 2.5E8 2.5E8 2.5E8 2.5E8 2.5E8 2.5E8 5.0E8 5.0E8 5.0E8 7.5E8 7.5E8 7.5E8 7.5E8 7.5E8 7.5E8 7.5E8 7.5E8 7.5E8 7.5E8
83 0.0 2.5E8 2.5E8 2.5E8 5.0E8 7.5E8 7.5E8 1.0E9 1.0E9 1.0E9 1.25E9 1.25E9 1.25E9 1.25E9 1.25E9 1.25E9 1.25E9 1.25E9 1.25E9 1.25E9
84 0.0 0.0 0.0 0.0 0.0 0.0 0.0 0.0 0.0 0.0 0.0 2.5E8 2.5E8 2.5E8 2.5E8 2.5E8 2.5E8 5.0E8 5.0E8 7.5E8
85 0.0 0.0 0.0 0.0 0.0 0.0 0.0 0.0 0.0 0.0 2.5E8 2.5E8 2.5E8 2.5E8 5.0E8 5.0E8 5.0E8 5.0E8 5.0E8 5.0E8
86 1.0E9 1.0E9 1.25E9 1.910065408E9 1.865098112E9 -1.679869184E9 -1.429869184E9 -9.29869184E8 1.980196224E9 -2.109738368E9 -8.59738368E8 -8.59738368E8 -8.59738368E8 -6.09738368E8 -3.59738368E8 -3.59738368E8 -3.59738368E8 -3.59738368E8 -3.59738368E8 -3.59738368E8
87 1.0E9 1.75E9 -1.589934592E9 -1.884901888E9 2.115098112E9 -1.929869184E9 -6.79869184E8 -4.29869184E8 -1.814771072E9 -1.609738368E9 -3.59738368E8 1.40261632E8 3.90261632E8 -1.19967296E9 -1.19967296E9 -1.19967296E9 -1.19967296E9 -1.19967296E9 -1.19967296E9 -1.19967296E9
88 0.0 0.0 0.0 0.0 0.0 0.0 0.0 0.0 0.0 0.0 0.0 0.0 0.0 0.0 0.0 0.0 0.0 0.0 0.0 0.0
89 5.0E8 5.0E8 5.0E8 5.0E8 5.0E8 5.0E8 5.0E8 5.0E8 5.0E8 5.0E8 5.0E8 7.5E8 1.0E9 1.25E9 1.25E9 1.25E9 1.25E9 1.5E9 1.5E9 1.5E9
90 0.0 0.0 0.0 0.0 0.0 0.0 0.0 0.0 0.0 2.5E8 2.5E8 2.5E8 2.5E8 2.5E8 2.5E8 2.5E8 2.5E8 2.5E8 2.5E8 2.5E8
91 2.5E8 2.5E8 2.5E8 2.5E8 2.5E8 5.0E8 5.0E8 5.0E8 5.0E8 7.5E8 7.5E8 1.0E9 1.0E9 1.0E9 1.0E9 1.0E9 1.0E9 1.0E9 1.0E9 1.0E9
92 1.0E9 1.5E9 1.5E9 -2.134901888E9 -1.929869184E9 -1.429869184E9 -9.29869184E8 -4.29869184E8 1.730196224E9 6.85228928E8 -6.09738368E8 -6.09738368E8 -3.59738368E8 5.032704E7 -1.994640256E9 -7.44640256E8 1.005359744E9 2.005359744E9 1.665425152E9 -1.629542144E9
93 2.5E8 2.5E8 5.0E8 5.0E8 5.0E8 7.5E8 7.5E8 7.5E8 7.5E8 7.5E8 7.5E8 7.5E8 1.0E9 1.0E9 1.0E9 1.0E9 1.0E9 1.0E9 1.0E9 1.0E9
94 0.0 0.0 0.0 2.5E8 2.5E8 2.5E8 2.5E8 2.5E8 2.5E8 2.5E8 2.5E8 2.5E8 2.5E8 2.5E8 2.5E8 2.5E8 5.0E8 5.0E8 5.0E8 5.0E8
95 0.0 0.0 0.0 0.0 0.0 0.0 0.0 0.0 0.0 0.0 0.0 2.5E8 2.5E8 2.5E8 2.5E8 2.5E8 2.5E8 2.5E8 2.5E8 2.5E8
96 2.5E8 2.5E8 2.5E8 2.5E8 2.5E8 2.5E8 5.0E8 5.0E8 5.0E8 5.0E8 5.0E8 5.0E8 5.0E8 5.0E8 5.0E8 5.0E8 5.0E8 5.0E8 5.0E8 5.0E8
97 0.0 0.0 2.5E8 2.5E8 2.5E8 2.5E8 2.5E8 2.5E8 2.5E8 2.5E8 2.5E8 2.5E8 5.0E8 1.0E9 1.0E9 1.25E9 1.25E9 1.25E9 1.25E9 1.25E9
