0 3353
1 1983
2 4466
3 3281
4 2960
5 2680
6 762
7 1052
8 1527
9 2870
10 546
11 435
12 4370
13 4082
14 2319
15 4024
16 3451
17 976
18 676
19 1394
20 1350
21 2372
22 2488
23 3022
24 3229
25 3092
26 2433
27 2931
28 1993
29 2815
30 3279
31 4083
32 2387
33 2637
34 2412
35 2738
36 2826
37 3204
38 2586
39 3486
40 2587
41 2130
42 4114
43 3604
44 2967
45 2627
46 3217
47 3967
48 3118
49 3943
50 4118
51 3640
52 4260
53 3050
54 1893
55 3721
56 3357
57 3779
58 2783
59 5381
60 3589
61 2390
62 1495
63 3542
64 2376
65 5047
66 3276
67 1991
68 1388
69 3978
70 3167
71 4673
72 3603
73 4768
74 4497
75 4971
76 5463
77 5265
78 5060
79 3919
80 4183
81 5284
82 1441
83 5447
84 2749
85 4152
86 4106
87 5659
88 5244
89 5118
90 4186
91 2013
92 5284
93 1846
94 4159
95 2371
96 657
97 3953
