records: 20
      Record Time
Host  UsedBuffer

  49376.0 98752.0 148128.0 197504.0 246880.0 296256.0 345632.0 395008.0 444384.0 493760.0 543136.0 592512.0 641888.0 691264.0 740640.0 790016.0 839392.0 888768.0 938144.0 987520.0
0 0.0 4000000.0 4000000.0 5000000.0 7000000.0 7000000.0 9000000.0 1.0E7 1.1E7 1.1E7 1.1E7 1.1E7 1.2E7 1.4E7 1.6E7 1.6E7 1.6E7 1.6E7 1.7E7 1.8E7
1 6000000.0 1.6E7 4.8E7 4.8E7 9.9E7 1.36E8 1.8E8 1.96E8 2.51E8 2.52E8 3.09E8 3.19E8 3.59E8 3.6E8 3.6E8 3.6E8 3.62E8 3.62E8 3.66E8 3.67E8
2 9000000.0 1.0E7 5.4E7 7.3E7 7.8E7 1.41E8 1.78E8 2.06E8 2.49E8 2.64E8 3.15E8 3.18E8 3.63E8 3.63E8 3.96E8 4.04E8 4.33E8 4.93E8 4.94E8 5.31E8
3 3000000.0 3000000.0 3.8E7 3.9E7 4.1E7 1.35E8 1.79E8 1.8E8 2.49E8 2.65E8 3.05E8 3.19E8 3.63E8 3.64E8 3.65E8 3.66E8 3.67E8 3.67E8 3.67E8 3.67E8
4 7000000.0 1.8E7 5.4E7 5.5E7 9.8E7 1.39E8 1.58E8 2.1E8 2.48E8 2.58E8 3.11E8 3.23E8 3.73E8 3.74E8 3.76E8 3.77E8 3.77E8 4.89E8 4.91E8 4.93E8
5 6000000.0 1.6E7 4.8E7 5.6E7 1.0E8 1.35E8 1.77E8 2.11E8 2.49E8 2.54E8 2.54E8 3.23E8 3.57E8 3.59E8 3.98E8 3.98E8 4.48E8 4.89E8 4.89E8 4.9E8
6 1000000.0 3000000.0 4000000.0 5000000.0 5000000.0 6000000.0 7000000.0 8000000.0 8000000.0 1.0E7 1.3E7 1.5E7 1.6E7 1.6E7 1.6E7 1.8E7 1.8E7 1.9E7 1.9E7 1.9E7
7 3000000.0 5000000.0 5.4E7 5.4E7 1.01E8 1.32E8 1.34E8 2.09E8 2.09E8 2.12E8 3.18E8 3.18E8 3.26E8 3.27E8 3.27E8 3.28E8 3.29E8 4.94E8 4.96E8 5.09E8
8 3000000.0 4000000.0 5000000.0 1.5E7 8.5E7 1.38E8 1.65E8 2.15E8 2.49E8 2.5E8 3.13E8 3.14E8 3.74E8 3.74E8 3.74E8 3.75E8 3.78E8 3.79E8 3.79E8 3.8E8
9 0.0 1000000.0 1000000.0 2000000.0 2000000.0 3000000.0 3000000.0 3000000.0 4000000.0 4000000.0 5000000.0 5000000.0 7000000.0 7000000.0 7000000.0 7000000.0 7000000.0 8000000.0 8000000.0 9000000.0
10 5000000.0 7000000.0 5.4E7 5.4E7 8.0E7 1.41E8 1.43E8 1.89E8 2.52E8 2.58E8 3.11E8 3.16E8 3.71E8 3.72E8 3.96E8 3.96E8 4.36E8 4.91E8 4.92E8 4.93E8
11 0.0 2000000.0 2000000.0 2000000.0 2000000.0 2000000.0 3000000.0 6000000.0 9000000.0 1.2E7 1.3E7 1.5E7 1.5E7 1.5E7 1.6E7 1.7E7 1.8E7 1.8E7 1.8E7 1.8E7
12 7000000.0 8000000.0 2.2E7 2.2E7 9.5E7 1.37E8 1.76E8 2.04E8 2.47E8 2.47E8 2.47E8 2.49E8 3.68E8 3.69E8 3.88E8 3.91E8 4.47E8 4.87E8 5.13E8 5.29E8
13 3000000.0 3000000.0 4.2E7 4.3E7 4.3E7 1.42E8 1.81E8 1.83E8 2.49E8 2.49E8 3.02E8 3.02E8 3.7E8 3.7E8 3.95E8 3.96E8 4.32E8 4.85E8 5.1E8 5.26E8
14 2000000.0 3000000.0 4.0E7 4.1E7 9.8E7 1.42E8 1.82E8 2.16E8 2.52E8 2.62E8 3.12E8 3.23E8 3.69E8 3.7E8 3.71E8 3.73E8 4.44E8 4.85E8 4.85E8 4.86E8
15 6000000.0 6000000.0 4.8E7 7.2E7 7.8E7 1.4E8 1.78E8 2.08E8 2.49E8 2.6E8 3.09E8 3.1E8 3.62E8 3.62E8 3.89E8 3.89E8 3.89E8 4.83E8 4.83E8 4.83E8
16 7000000.0 7000000.0 7000000.0 7000000.0 7000000.0 1.39E8 1.65E8 1.67E8 2.53E8 2.64E8 3.08E8 3.09E8 3.76E8 3.77E8 4.0E8 4.02E8 4.08E8 4.99E8 5.11E8 5.32E8
17 3000000.0 1.7E7 4.3E7 4.4E7 9.7E7 1.42E8 1.66E8 2.13E8 2.51E8 2.52E8 3.08E8 3.08E8 3.77E8 3.79E8 4.02E8 4.04E8 4.18E8 4.99E8 5.19E8 5.34E8
18 0.0 1000000.0 1000000.0 2000000.0 3000000.0 5000000.0 5000000.0 5000000.0 5000000.0 8000000.0 8000000.0 8000000.0 8000000.0 8000000.0 9000000.0 1.0E7 1.1E7 1.3E7 1.3E7 1.3E7
19 3000000.0 3000000.0 5.0E7 5.8E7 9.8E7 1.37E8 1.78E8 2.11E8 2.49E8 2.51E8 3.1E8 3.24E8 3.72E8 3.72E8 3.95E8 3.95E8 4.27E8 4.9E8 5.16E8 5.31E8
20 0.0 1000000.0 2000000.0 3000000.0 3000000.0 3000000.0 4000000.0 4000000.0 4000000.0 4000000.0 5000000.0 5000000.0 5000000.0 5000000.0 5000000.0 5000000.0 6000000.0 8000000.0 8000000.0 8000000.0
21 5000000.0 7000000.0 4.7E7 7.1E7 7.7E7 1.38E8 1.78E8 2.08E8 2.51E8 2.55E8 3.09E8 3.09E8 3.58E8 3.58E8 3.95E8 4.03E8 4.34E8 4.87E8 4.94E8 5.27E8
22 1000000.0 1000000.0 2000000.0 2000000.0 5000000.0 6000000.0 6000000.0 7000000.0 7000000.0 8000000.0 9000000.0 9000000.0 1.0E7 1.0E7 1.0E7 1.0E7 1.0E7 1.0E7 1.1E7 1.1E7
23 7000000.0 1.0E7 1.3E7 1.6E7 1.8E7 2.5E7 1.53E8 1.82E8 1.82E8 1.82E8 1.82E8 1.83E8 1.83E8 1.83E8 1.95E8 1.95E8 1.96E8 2.04E8 2.05E8 2.07E8
24 5000000.0 5000000.0 4.6E7 7.2E7 7.9E7 1.38E8 1.76E8 2.06E8 2.48E8 2.64E8 2.99E8 2.99E8 3.61E8 3.62E8 3.94E8 3.94E8 4.48E8 4.86E8 4.88E8 5.28E8
25 8000000.0 1.0E7 1.2E7 1.5E7 2.2E7 2.4E7 1.61E8 1.84E8 1.88E8 1.88E8 1.89E8 1.89E8 1.89E8 1.9E8 1.9E8 1.9E8 1.9E8 2.06E8 2.08E8 2.08E8
26 0.0 2000000.0 2000000.0 7.1E7 7.8E7 1.39E8 1.79E8 2.08E8 2.5E8 2.57E8 3.09E8 3.22E8 3.6E8 3.6E8 3.98E8 4.0E8 4.37E8 4.86E8 4.86E8 5.29E8
27 8000000.0 8000000.0 4.9E7 7.2E7 7.7E7 1.29E8 1.79E8 2.09E8 2.11E8 2.66E8 3.11E8 3.13E8 3.69E8 3.72E8 3.96E8 4.04E8 4.32E8 4.9E8 4.97E8 5.29E8
28 1000000.0 1000000.0 2000000.0 4000000.0 4000000.0 6000000.0 6000000.0 7000000.0 8000000.0 1.0E7 1.1E7 1.2E7 1.2E7 1.3E7 1.4E7 1.7E7 1.7E7 1.7E7 1.9E7 2.1E7
29 0.0 2000000.0 5000000.0 5000000.0 6000000.0 7000000.0 7000000.0 7000000.0 8000000.0 8000000.0 9000000.0 9000000.0 1.0E7 1.0E7 1.2E7 1.2E7 1.3E7 1.4E7 1.5E7 1.5E7
30 3000000.0 5000000.0 5000000.0 1.2E7 1.4E7 1.6E7 1.8E7 2.5E7 2.46E8 2.47E8 3.15E8 3.17E8 3.3E8 3.3E8 3.38E8 3.39E8 3.39E8 4.92E8 4.92E8 4.92E8
31 1.0E7 1.0E7 4.9E7 7.2E7 7.9E7 1.38E8 1.78E8 2.07E8 2.48E8 2.61E8 3.1E8 3.11E8 3.57E8 3.58E8 3.91E8 4.0E8 4.32E8 4.88E8 4.88E8 5.25E8
32 4000000.0 1.7E7 4.9E7 5.3E7 1.01E8 1.43E8 1.43E8 2.14E8 2.52E8 2.61E8 3.11E8 3.26E8 3.76E8 3.8E8 3.99E8 4.0E8 4.34E8 4.98E8 4.99E8 5.32E8
33 7000000.0 8000000.0 5.5E7 7.4E7 1.01E8 1.45E8 1.8E8 2.1E8 2.52E8 2.68E8 3.11E8 3.12E8 3.64E8 3.64E8 4.03E8 4.07E8 4.42E8 4.92E8 4.97E8 5.32E8
34 8000000.0 8000000.0 5.2E7 5.4E7 5.4E7 5.4E7 5.4E7 5.4E7 5.4E7 5.4E7 5.4E7 5.5E7 5.5E7 5.5E7 5.5E7 5.6E7 5.6E7 5.8E7 5.9E7 5.9E7
35 6000000.0 6000000.0 4.8E7 7.1E7 7.9E7 1.39E8 1.79E8 2.09E8 2.52E8 2.68E8 3.12E8 3.13E8 3.63E8 3.65E8 3.98E8 4.07E8 4.4E8 4.92E8 4.93E8 5.31E8
36 1000000.0 1000000.0 7000000.0 9000000.0 1.0E7 1.1E7 1.3E7 2.0E7 2.0E7 2.1E7 2.1E7 2.3E7 2.3E7 2.4E7 2.5E7 2.5E7 2.6E7 4.4E7 4.4E7 4.4E7
37 2000000.0 5000000.0 1.5E7 2.4E7 2.5E7 8.9E7 8.9E7 2.07E8 2.09E8 2.71E8 2.73E8 2.75E8 3.26E8 3.27E8 3.81E8 3.83E8 3.85E8 3.9E8 3.9E8 3.9E8
38 0.0 3000000.0 3000000.0 4000000.0 8000000.0 9000000.0 9000000.0 1.0E7 1.1E7 1.2E7 1.3E7 1.4E7 1.9E7 2.1E7 2.3E7 2.4E7 2.4E7 2.4E7 2.5E7 2.5E7
39 3000000.0 3000000.0 3000000.0 3000000.0 6000000.0 1.3E7 1.4E7 1.4E7 1.4E7 1.5E7 1.6E7 1.6E7 1.7E7 1.8E7 1.8E7 1.8E7 1.8E7 1.9E7 1.9E7 2.1E7
40 2000000.0 3000000.0 6000000.0 8000000.0 9000000.0 9000000.0 9000000.0 9000000.0 9000000.0 9000000.0 9000000.0 1.0E7 1.1E7 1.1E7 1.2E7 1.2E7 1.3E7 1.5E7 1.6E7 1.7E7
41 2000000.0 3000000.0 4000000.0 6000000.0 6000000.0 7000000.0 9000000.0 1.1E7 1.1E7 1.2E7 1.2E7 1.2E7 1.4E7 1.4E7 1.5E7 1.7E7 1.7E7 1.8E7 1.8E7 1.8E7
42 0.0 1000000.0 1000000.0 4000000.0 4000000.0 4000000.0 4000000.0 5000000.0 6000000.0 6000000.0 8000000.0 9000000.0 9000000.0 1.0E7 1.1E7 1.1E7 1.2E7 1.4E7 1.5E7 1.6E7
43 1000000.0 1000000.0 2000000.0 2000000.0 2000000.0 2000000.0 3000000.0 5000000.0 7000000.0 7000000.0 8000000.0 8000000.0 8000000.0 9000000.0 1.0E7 1.1E7 1.4E7 1.5E7 1.5E7 1.7E7
44 0.0 0.0 0.0 0.0 0.0 1000000.0 2000000.0 2000000.0 3000000.0 3000000.0 4000000.0 5000000.0 3.6E8 3.61E8 3.63E8 3.64E8 3.65E8 3.65E8 3.65E8 3.66E8
45 1000000.0 1000000.0 2000000.0 3000000.0 3000000.0 6000000.0 6000000.0 6000000.0 6000000.0 6000000.0 6000000.0 6000000.0 7000000.0 8000000.0 8000000.0 9000000.0 9000000.0 1.0E7 1.1E7 1.3E7
46 2000000.0 2000000.0 4000000.0 4000000.0 4000000.0 5000000.0 5000000.0 5000000.0 6000000.0 7000000.0 7000000.0 7000000.0 7000000.0 9000000.0 1.1E7 1.1E7 1.2E7 1.3E7 1.3E7 1.3E7
47 0.0 0.0 2000000.0 2000000.0 2000000.0 2000000.0 4000000.0 5000000.0 6000000.0 2.48E8 2.48E8 2.49E8 2.49E8 2.5E8 2.5E8 2.51E8 2.52E8 2.52E8 2.53E8 2.53E8
48 0.0 0.0 1000000.0 2000000.0 2000000.0 3000000.0 4000000.0 4000000.0 4000000.0 5000000.0 5000000.0 5000000.0 5000000.0 6000000.0 6000000.0 6000000.0 7000000.0 8000000.0 8000000.0 9000000.0
49 0.0 1000000.0 2000000.0 2000000.0 2000000.0 2000000.0 3000000.0 3000000.0 3000000.0 4000000.0 1.1E7 1.2E7 1.5E7 1.7E7 1.8E7 2.0E7 2.1E7 2.2E7 2.2E7 2.3E7
50 0.0 3000000.0 4000000.0 7000000.0 7000000.0 8000000.0 1.1E7 1.1E7 1.2E7 1.3E7 1.4E7 1.5E7 1.6E7 1.6E7 2.1E7 2.1E7 2.1E7 2.2E7 2.3E7 2.4E7
51 6000000.0 6000000.0 6000000.0 6000000.0 7000000.0 1.39E8 1.39E8 1.44E8 1.44E8 1.55E8 1.56E8 1.57E8 1.61E8 1.61E8 1.62E8 1.62E8 1.65E8 4.97E8 4.98E8 4.98E8
