records: 20
      Record Time
Host  UsedBuffer

  16870.0 33740.0 50610.0 67480.0 84350.0 101220.0 118090.0 134960.0 151830.0 168700.0 185570.0 202440.0 219310.0 236180.0 253050.0 269920.0 286790.0 303660.0 320530.0 337400.0
0 2.5E8 2.5E8 2.5E8 7.5E8 7.5E8 7.5E8 7.5E8 7.5E8 1.0E9 1.0E9 1.0E9 1.0E9 1.0E9 1.0E9 1.0E9 1.0E9 1.0E9 1.0E9 1.0E9 1.0E9
1 0.0 2.5E8 2.5E8 5.0E8 5.0E8 7.5E8 7.5E8 7.5E8 7.5E8 7.5E8 1.0E9 1.0E9 1.0E9 1.0E9 1.0E9 1.0E9 1.0E9 1.0E9 1.0E9 1.0E9
2 7.5E8 1.0E9 1.75E9 -8.9934592E7 3.65098112E8 1.115098112E9 1.115098112E9 1.615098112E9 1.070130816E9 -2.064771072E9 -1.564771072E9 -1.064771072E9 -1.064771072E9 -1.154705664E9 2.095294336E9 -1.94967296E9 -1.44967296E9 -4.4967296E8 -1.744640256E9 7.55359744E8
3 0.0 0.0 0.0 0.0 0.0 0.0 2.5E8 2.5E8 2.5E8 2.5E8 2.5E8 2.5E8 2.5E8 2.5E8 2.5E8 5.0E8 5.0E8 5.0E8 5.0E8 5.0E8
4 2.5E8 2.5E8 2.5E8 2.5E8 2.5E8 5.0E8 5.0E8 5.0E8 5.0E8 5.0E8 7.5E8 7.5E8 7.5E8 7.5E8 1.0E9 1.0E9 1.0E9 1.25E9 1.5E9 1.5E9
5 0.0 0.0 0.0 0.0 0.0 0.0 5.0E8 5.0E8 5.0E8 5.0E8 7.5E8 1.0E9 1.0E9 1.25E9 1.25E9 1.5E9 1.5E9 1.75E9 1.75E9 1.75E9
6 0.0 0.0 0.0 0.0 0.0 0.0 0.0 0.0 2.5E8 5.0E8 5.0E8 5.0E8 5.0E8 5.0E8 5.0E8 5.0E8 5.0E8 5.0E8 5.0E8 5.0E8
7 0.0 0.0 2.5E8 2.5E8 2.5E8 2.5E8 2.5E8 2.5E8 2.5E8 2.5E8 2.5E8 2.5E8 2.5E8 2.5E8 2.5E8 2.5E8 5.0E8 5.0E8 5.0E8 7.5E8
8 0.0 0.0 0.0 0.0 0.0 0.0 0.0 0.0 0.0 0.0 0.0 0.0 0.0 0.0 0.0 0.0 0.0 2.5E8 2.5E8 2.5E8
9 0.0 2.5E8 2.5E8 2.5E8 2.5E8 2.5E8 5.0E8 5.0E8 5.0E8 5.0E8 5.0E8 5.0E8 5.0E8 7.5E8 7.5E8 1.0E9 1.0E9 1.0E9 1.0E9 1.25E9
10 0.0 0.0 0.0 0.0 0.0 0.0 0.0 0.0 2.5E8 5.0E8 7.5E8 7.5E8 7.5E8 7.5E8 7.5E8 7.5E8 7.5E8 7.5E8 7.5E8 1.0E9
11 0.0 0.0 0.0 0.0 0.0 7.5E8 7.5E8 7.5E8 7.5E8 7.5E8 7.5E8 7.5E8 7.5E8 7.5E8 7.5E8 7.5E8 7.5E8 7.5E8 7.5E8 7.5E8
12 0.0 0.0 0.0 0.0 0.0 0.0 0.0 0.0 0.0 0.0 0.0 0.0 0.0 0.0 0.0 0.0 2.5E8 2.5E8 2.5E8 5.0E8
13 0.0 2.5E8 5.0E8 5.0E8 5.0E8 5.0E8 5.0E8 5.0E8 5.0E8 5.0E8 7.5E8 7.5E8 7.5E8 7.5E8 7.5E8 7.5E8 7.5E8 1.0E9 1.0E9 1.0E9
14 2.5E8 2.5E8 -4.4967296E7 -3.39934592E8 1.160065408E9 1.410065408E9 1.410065408E9 1.660065408E9 1.27516352E9 4.80196224E8 9.80196224E8 1.480196224E9 1.480196224E9 2.140261632E9 -1.404705664E9 -1.404705664E9 -1.404705664E9 -1.154705664E9 -1.154705664E9 -1.154705664E9
15 0.0 0.0 0.0 0.0 0.0 0.0 0.0 0.0 0.0 0.0 0.0 0.0 0.0 0.0 0.0 0.0 0.0 0.0 0.0 0.0
16 0.0 0.0 0.0 0.0 0.0 0.0 0.0 0.0 0.0 0.0 0.0 0.0 0.0 0.0 0.0 0.0 0.0 0.0 0.0 0.0
17 2.5E8 2.5E8 2.5E8 5.0E8 7.5E8 7.5E8 1.0E9 1.5E9 -1.544967296E9 -1.044967296E9 -1.044967296E9 -7.94967296E8 -7.94967296E8 -7.94967296E8 -7.94967296E8 -7.94967296E8 4.55032704E8 4.55032704E8 7.05032704E8 7.05032704E8
18 0.0 0.0 0.0 2.5E8 2.5E8 2.5E8 2.5E8 2.5E8 2.5E8 5.0E8 5.0E8 5.0E8 5.0E8 5.0E8 7.5E8 7.5E8 7.5E8 7.5E8 7.5E8 7.5E8
19 0.0 0.0 0.0 0.0 0.0 0.0 2.5E8 7.5E8 7.5E8 7.5E8 7.5E8 7.5E8 7.5E8 7.5E8 7.5E8 7.5E8 7.5E8 7.5E8 7.5E8 7.5E8
20 0.0 0.0 0.0 0.0 0.0 0.0 0.0 0.0 0.0 0.0 0.0 0.0 0.0 2.5E8 2.5E8 2.5E8 2.5E8 2.5E8 2.5E8 5.0E8
21 0.0 0.0 0.0 0.0 0.0 0.0 0.0 5.0E8 5.0E8 5.0E8 5.0E8 5.0E8 5.0E8 5.0E8 5.0E8 5.0E8 5.0E8 5.0E8 5.0E8 5.0E8
22 0.0 0.0 0.0 0.0 0.0 0.0 0.0 0.0 0.0 0.0 0.0 0.0 0.0 0.0 2.5E8 2.5E8 5.0E8 5.0E8 5.0E8 5.0E8
23 0.0 5.0E8 7.5E8 7.5E8 7.5E8 7.5E8 7.5E8 7.5E8 7.5E8 7.5E8 7.5E8 1.0E9 1.0E9 1.0E9 1.0E9 1.0E9 1.0E9 1.0E9 1.0E9 1.0E9
24 7.5E8 7.5E8 1.0E9 1.25E9 3.65098112E8 8.65098112E8 1.365098112E9 -1.929869184E9 1.77516352E9 -1.269803776E9 -1.269803776E9 -1.269803776E9 -1.269803776E9 6.85228928E8 1.140261632E9 1.640261632E9 1.640261632E9 1.890261632E9 2.095294336E9 -9.4967296E8
25 0.0 0.0 0.0 0.0 2.5E8 2.5E8 2.5E8 2.5E8 2.5E8 5.0E8 5.0E8 5.0E8 5.0E8 7.5E8 7.5E8 1.0E9 1.0E9 1.0E9 1.0E9 1.0E9
26 0.0 0.0 0.0 5.0E8 7.5E8 1.0E9 1.0E9 1.0E9 1.0E9 1.0E9 1.0E9 1.0E9 1.0E9 1.0E9 1.0E9 1.0E9 1.0E9 1.0E9 1.0E9 1.0E9
27 0.0 2.5E8 2.5E8 2.5E8 2.5E8 2.5E8 2.5E8 2.5E8 5.0E8 5.0E8 5.0E8 5.0E8 5.0E8 7.5E8 7.5E8 7.5E8 7.5E8 7.5E8 7.5E8 7.5E8
28 2.5E8 2.5E8 4.55032704E8 -3.39934592E8 1.160065408E9 1.160065408E9 1.160065408E9 1.410065408E9 -4.29869184E8 1.230196224E9 -1.314771072E9 -1.314771072E9 -1.314771072E9 -1.314771072E9 -1.064771072E9 -1.064771072E9 -1.064771072E9 -1.064771072E9 1.935228928E9 1.890261632E9
29 0.0 0.0 0.0 0.0 0.0 0.0 0.0 0.0 0.0 0.0 0.0 0.0 0.0 0.0 0.0 0.0 0.0 0.0 2.5E8 5.0E8
30 0.0 0.0 0.0 0.0 0.0 0.0 2.5E8 5.0E8 1.0E9 1.0E9 1.0E9 1.0E9 1.0E9 1.0E9 1.0E9 1.25E9 1.25E9 1.25E9 1.25E9 1.25E9
31 0.0 0.0 0.0 0.0 2.5E8 2.5E8 2.5E8 2.5E8 2.5E8 2.5E8 2.5E8 2.5E8 2.5E8 2.5E8 2.5E8 2.5E8 2.5E8 5.0E8 7.5E8 1.0E9
32 2.5E8 1.0E9 9.55032704E8 1.955032704E9 1.955032704E9 -2.089934592E9 -1.839934592E9 -1.589934592E9 -9.7483648E8 -5.19803776E8 -2.064771072E9 -2.064771072E9 -1.814771072E9 -1.064771072E9 -3.59738368E8 -1.09738368E8 -1.09738368E8 -1.09738368E8 1.55032704E9 5359744.0
33 0.0 0.0 0.0 0.0 0.0 0.0 0.0 2.5E8 2.5E8 2.5E8 2.5E8 2.5E8 5.0E8 5.0E8 5.0E8 5.0E8 5.0E8 5.0E8 5.0E8 5.0E8
34 0.0 0.0 0.0 0.0 0.0 0.0 2.5E8 2.5E8 7.5E8 7.5E8 7.5E8 7.5E8 7.5E8 7.5E8 7.5E8 7.5E8 7.5E8 7.5E8 7.5E8 7.5E8
35 0.0 0.0 2.5E8 2.5E8 5.0E8 5.0E8 5.0E8 5.0E8 7.5E8 7.5E8 1.0E9 1.0E9 1.25E9 1.25E9 1.25E9 1.25E9 1.25E9 1.25E9 1.25E9 1.25E9
36 0.0 2.5E8 2.5E8 2.5E8 2.5E8 5.0E8 5.0E8 5.0E8 5.0E8 7.5E8 7.5E8 7.5E8 7.5E8 7.5E8 1.0E9 1.0E9 1.25E9 1.25E9 1.5E9 1.5E9
37 0.0 0.0 2.5E8 2.5E8 2.5E8 2.5E8 2.5E8 2.5E8 2.5E8 5.0E8 5.0E8 5.0E8 5.0E8 5.0E8 5.0E8 5.0E8 5.0E8 5.0E8 5.0E8 5.0E8
38 0.0 0.0 0.0 2.5E8 2.5E8 2.5E8 2.5E8 2.5E8 2.5E8 2.5E8 2.5E8 2.5E8 5.0E8 5.0E8 5.0E8 5.0E8 7.5E8 7.5E8 7.5E8 7.5E8
39 0.0 0.0 0.0 2.5E8 2.5E8 2.5E8 2.5E8 5.0E8 5.0E8 5.0E8 5.0E8 5.0E8 5.0E8 5.0E8 5.0E8 5.0E8 5.0E8 5.0E8 5.0E8 5.0E8
40 0.0 0.0 0.0 0.0 0.0 0.0 0.0 0.0 0.0 0.0 0.0 0.0 0.0 0.0 0.0 2.5E8 2.5E8 2.5E8 2.5E8 2.5E8
41 0.0 2.5E8 2.5E8 2.5E8 2.5E8 2.5E8 2.5E8 2.5E8 2.5E8 2.5E8 2.5E8 2.5E8 2.5E8 2.5E8 7.5E8 7.5E8 7.5E8 1.0E9 1.0E9 1.0E9
42 0.0 0.0 0.0 0.0 0.0 0.0 0.0 0.0 0.0 0.0 2.5E8 2.5E8 2.5E8 2.5E8 2.5E8 2.5E8 7.5E8 7.5E8 7.5E8 7.5E8
43 2.5E8 2.5E8 2.5E8 5.0E8 5.0E8 5.0E8 5.0E8 5.0E8 5.0E8 7.5E8 7.5E8 7.5E8 7.5E8 7.5E8 7.5E8 1.25E9 1.25E9 1.25E9 1.5E9 1.5E9
44 0.0 0.0 2.5E8 2.5E8 2.5E8 2.5E8 2.5E8 2.5E8 2.5E8 2.5E8 2.5E8 2.5E8 2.5E8 2.5E8 2.5E8 2.5E8 2.5E8 2.5E8 2.5E8 2.5E8
45 0.0 2.5E8 2.5E8 2.5E8 2.5E8 2.5E8 2.5E8 2.5E8 2.5E8 5.0E8 7.5E8 7.5E8 1.0E9 1.25E9 1.25E9 1.25E9 1.25E9 1.25E9 1.25E9 1.25E9
46 0.0 0.0 2.5E8 2.5E8 2.5E8 2.5E8 2.5E8 2.5E8 2.5E8 2.5E8 5.0E8 5.0E8 5.0E8 5.0E8 5.0E8 5.0E8 5.0E8 5.0E8 5.0E8 5.0E8
47 0.0 0.0 0.0 0.0 0.0 0.0 0.0 0.0 0.0 0.0 0.0 0.0 0.0 0.0 0.0 0.0 0.0 0.0 0.0 0.0
48 0.0 0.0 0.0 0.0 2.5E8 2.5E8 2.5E8 2.5E8 2.5E8 2.5E8 2.5E8 2.5E8 2.5E8 5.0E8 5.0E8 5.0E8 5.0E8 5.0E8 5.0E8 5.0E8
49 0.0 0.0 0.0 0.0 0.0 0.0 0.0 0.0 0.0 0.0 0.0 0.0 0.0 0.0 0.0 0.0 0.0 0.0 0.0 0.0
50 0.0 2.5E8 2.5E8 2.5E8 5.0E8 5.0E8 7.5E8 7.5E8 7.5E8 7.5E8 7.5E8 7.5E8 1.0E9 1.0E9 1.0E9 1.0E9 1.0E9 1.0E9 1.0E9 1.0E9
51 0.0 0.0 0.0 0.0 2.5E8 2.5E8 5.0E8 5.0E8 5.0E8 5.0E8 5.0E8 5.0E8 7.5E8 7.5E8 7.5E8 1.0E9 1.0E9 1.0E9 1.0E9 1.0E9
52 0.0 0.0 2.5E8 2.5E8 5.0E8 5.0E8 5.0E8 5.0E8 5.0E8 7.5E8 7.5E8 7.5E8 7.5E8 7.5E8 1.0E9 1.0E9 1.0E9 1.25E9 1.25E9 1.5E9
53 2.5E8 2.5E8 2.5E8 2.5E8 7.5E8 7.5E8 7.5E8 7.5E8 7.5E8 7.5E8 7.5E8 1.25E9 1.25E9 1.25E9 1.5E9 1.5E9 1.5E9 1.5E9 1.5E9 1.5E9
54 0.0 0.0 0.0 0.0 0.0 0.0 0.0 0.0 0.0 0.0 0.0 2.5E8 2.5E8 2.5E8 2.5E8 5.0E8 5.0E8 5.0E8 5.0E8 7.5E8
55 0.0 0.0 0.0 0.0 0.0 0.0 0.0 0.0 0.0 0.0 0.0 0.0 0.0 0.0 0.0 2.5E8 2.5E8 2.5E8 5.0E8 5.0E8
56 0.0 0.0 0.0 0.0 0.0 0.0 2.5E8 2.5E8 2.5E8 2.5E8 2.5E8 2.5E8 2.5E8 2.5E8 2.5E8 2.5E8 2.5E8 2.5E8 2.5E8 2.5E8
57 0.0 0.0 0.0 0.0 0.0 0.0 0.0 0.0 0.0 0.0 0.0 0.0 0.0 0.0 0.0 0.0 0.0 0.0 0.0 0.0
58 0.0 0.0 0.0 0.0 0.0 0.0 0.0 0.0 0.0 0.0 2.5E8 2.5E8 2.5E8 2.5E8 2.5E8 2.5E8 5.0E8 5.0E8 7.5E8 7.5E8
59 0.0 0.0 2.5E8 2.5E8 5.0E8 5.0E8 5.0E8 5.0E8 5.0E8 5.0E8 5.0E8 5.0E8 7.5E8 7.5E8 7.5E8 7.5E8 1.0E9 1.0E9 1.0E9 1.0E9
60 0.0 0.0 0.0 2.5E8 2.5E8 5.0E8 5.0E8 5.0E8 5.0E8 5.0E8 5.0E8 5.0E8 5.0E8 7.5E8 7.5E8 7.5E8 7.5E8 7.5E8 7.5E8 7.5E8
61 2.5E8 2.5E8 2.5E8 2.5E8 2.5E8 2.5E8 2.5E8 2.5E8 2.5E8 2.5E8 2.5E8 2.5E8 2.5E8 2.5E8 2.5E8 2.5E8 2.5E8 2.5E8 2.5E8 2.5E8
62 0.0 0.0 0.0 0.0 0.0 0.0 0.0 0.0 0.0 0.0 0.0 0.0 0.0 0.0 0.0 0.0 0.0 0.0 0.0 2.5E8
63 0.0 0.0 0.0 0.0 0.0 0.0 0.0 0.0 0.0 0.0 0.0 0.0 0.0 0.0 0.0 0.0 0.0 0.0 0.0 2.5E8
64 0.0 0.0 0.0 0.0 0.0 0.0 0.0 0.0 0.0 0.0 0.0 0.0 0.0 0.0 0.0 0.0 2.5E8 5.0E8 5.0E8 7.5E8
65 0.0 0.0 0.0 0.0 2.5E8 2.5E8 2.5E8 2.5E8 2.5E8 2.5E8 2.5E8 2.5E8 2.5E8 2.5E8 2.5E8 2.5E8 2.5E8 2.5E8 5.0E8 5.0E8
66 0.0 0.0 0.0 0.0 0.0 0.0 0.0 0.0 0.0 0.0 0.0 2.5E8 5.0E8 5.0E8 5.0E8 5.0E8 5.0E8 5.0E8 5.0E8 5.0E8
67 0.0 2.5E8 2.5E8 2.5E8 2.5E8 2.5E8 2.5E8 2.5E8 5.0E8 5.0E8 5.0E8 5.0E8 5.0E8 5.0E8 5.0E8 5.0E8 7.5E8 7.5E8 1.0E9 1.0E9
68 0.0 0.0 0.0 0.0 0.0 0.0 0.0 0.0 0.0 2.5E8 2.5E8 2.5E8 2.5E8 2.5E8 2.5E8 5.0E8 5.0E8 5.0E8 5.0E8 7.5E8
69 0.0 0.0 0.0 0.0 0.0 0.0 2.5E8 2.5E8 2.5E8 2.5E8 2.5E8 2.5E8 2.5E8 2.5E8 5.0E8 5.0E8 5.0E8 5.0E8 5.0E8 5.0E8
70 0.0 0.0 0.0 0.0 0.0 0.0 0.0 0.0 0.0 0.0 2.5E8 7.5E8 7.5E8 7.5E8 7.5E8 7.5E8 7.5E8 7.5E8 1.0E9 1.0E9
71 0.0 0.0 0.0 0.0 0.0 0.0 0.0 0.0 0.0 0.0 0.0 0.0 2.5E8 2.5E8 2.5E8 2.5E8 2.5E8 2.5E8 5.0E8 5.0E8
72 0.0 0.0 0.0 0.0 0.0 0.0 0.0 5.0E8 5.0E8 1.0E9 1.0E9 1.0E9 1.0E9 1.0E9 1.0E9 1.0E9 1.0E9 1.0E9 1.0E9 1.0E9
73 0.0 0.0 0.0 0.0 0.0 0.0 2.5E8 2.5E8 2.5E8 2.5E8 2.5E8 2.5E8 2.5E8 2.5E8 2.5E8 2.5E8 2.5E8 5.0E8 5.0E8 5.0E8
74 0.0 0.0 0.0 0.0 0.0 2.5E8 2.5E8 2.5E8 5.0E8 5.0E8 5.0E8 5.0E8 5.0E8 5.0E8 5.0E8 5.0E8 5.0E8 7.5E8 7.5E8 7.5E8
75 0.0 2.5E8 4.55032704E8 -8.9934592E7 6.15098112E8 1.365098112E9 1.865098112E9 2.115098112E9 1.27516352E9 -5.64771072E8 6.85228928E8 6.85228928E8 6.85228928E8 -1.54705664E8 8.45294336E8 8.45294336E8 8.45294336E8 8.45294336E8 -7.44640256E8 -7.44640256E8
76 0.0 0.0 0.0 0.0 0.0 0.0 0.0 0.0 0.0 0.0 0.0 0.0 0.0 0.0 0.0 0.0 0.0 0.0 0.0 0.0
77 2.5E8 2.5E8 2.5E8 2.5E8 2.5E8 2.5E8 2.5E8 2.5E8 5.0E8 5.0E8 5.0E8 5.0E8 5.0E8 5.0E8 5.0E8 5.0E8 5.0E8 5.0E8 5.0E8 5.0E8
78 0.0 0.0 0.0 0.0 0.0 0.0 0.0 0.0 0.0 0.0 0.0 0.0 0.0 0.0 0.0 0.0 0.0 0.0 0.0 0.0
79 5.0E8 5.0E8 5.0E8 7.5E8 7.5E8 7.5E8 7.5E8 7.5E8 7.5E8 7.5E8 7.5E8 7.5E8 7.5E8 7.5E8 7.5E8 7.5E8 1.0E9 1.25E9 1.25E9 1.25E9
80 0.0 0.0 0.0 0.0 0.0 0.0 0.0 0.0 0.0 0.0 0.0 0.0 2.5E8 2.5E8 2.5E8 2.5E8 2.5E8 2.5E8 2.5E8 2.5E8
81 0.0 0.0 0.0 0.0 0.0 0.0 0.0 0.0 0.0 0.0 0.0 0.0 0.0 0.0 0.0 0.0 0.0 0.0 0.0 0.0
82 0.0 2.5E8 2.5E8 2.5E8 2.5E8 2.5E8 2.5E8 5.0E8 5.0E8 5.0E8 7.5E8 7.5E8 7.5E8 7.5E8 7.5E8 7.5E8 7.5E8 7.5E8 7.5E8 7.5E8
83 0.0 2.5E8 2.5E8 2.5E8 5.0E8 7.5E8 7.5E8 1.0E9 1.0E9 1.0E9 1.25E9 1.25E9 1.25E9 1.25E9 1.25E9 1.25E9 1.25E9 1.25E9 1.25E9 1.25E9
84 0.0 0.0 0.0 0.0 0.0 0.0 0.0 0.0 0.0 0.0 0.0 2.5E8 2.5E8 2.5E8 2.5E8 2.5E8 2.5E8 5.0E8 5.0E8 7.5E8
85 0.0 0.0 0.0 0.0 0.0 0.0 0.0 0.0 0.0 0.0 2.5E8 2.5E8 2.5E8 2.5E8 5.0E8 5.0E8 5.0E8 5.0E8 5.0E8 5.0E8
86 7.5E8 7.5E8 1.0E9 -3.39934592E8 3.65098112E8 1.115098112E9 1.365098112E9 -1.929869184E9 2.7516352E8 1.27516352E9 -1.519803776E9 -1.519803776E9 -1.519803776E9 -1.269803776E9 -1.019803776E9 -1.019803776E9 -1.019803776E9 -1.019803776E9 -1.019803776E9 -1.019803776E9
87 0.0 0.0 0.0 0.0 0.0 0.0 0.0 2.5E8 2.5E8 2.5E8 2.5E8 2.5E8 2.5E8 2.5E8 2.5E8 2.5E8 2.5E8 2.5E8 2.5E8 2.5E8
88 0.0 0.0 0.0 0.0 0.0 0.0 0.0 0.0 0.0 0.0 0.0 0.0 0.0 0.0 0.0 0.0 0.0 0.0 0.0 0.0
89 5.0E8 5.0E8 5.0E8 5.0E8 5.0E8 5.0E8 5.0E8 5.0E8 5.0E8 5.0E8 5.0E8 7.5E8 1.0E9 1.25E9 1.25E9 1.25E9 1.25E9 1.5E9 1.5E9 1.5E9
90 0.0 0.0 0.0 0.0 0.0 0.0 0.0 0.0 0.0 2.5E8 2.5E8 2.5E8 2.5E8 2.5E8 2.5E8 2.5E8 2.5E8 2.5E8 2.5E8 2.5E8
91 2.5E8 2.5E8 2.5E8 2.5E8 2.5E8 5.0E8 5.0E8 5.0E8 5.0E8 7.5E8 7.5E8 1.0E9 1.0E9 1.0E9 1.0E9 1.0E9 1.0E9 1.0E9 1.0E9 1.0E9
92 0.0 0.0 0.0 0.0 0.0 0.0 0.0 0.0 0.0 0.0 0.0 0.0 0.0 2.5E8 2.5E8 2.5E8 2.5E8 2.5E8 2.5E8 2.5E8
93 2.5E8 2.5E8 5.0E8 5.0E8 5.0E8 7.5E8 7.5E8 7.5E8 7.5E8 7.5E8 7.5E8 7.5E8 1.0E9 1.0E9 1.0E9 1.0E9 1.0E9 1.0E9 1.0E9 1.0E9
94 0.0 0.0 0.0 2.5E8 2.5E8 2.5E8 2.5E8 2.5E8 2.5E8 2.5E8 2.5E8 2.5E8 2.5E8 2.5E8 2.5E8 2.5E8 5.0E8 5.0E8 5.0E8 5.0E8
95 5.0E8 5.0E8 5.0E8 -8.9934592E7 6.15098112E8 1.365098112E9 1.865098112E9 1.865098112E9 -7.2483648E8 -7.2483648E8 -7.2483648E8 -4.7483648E8 -4.7483648E8 -4.7483648E8 -4.7483648E8 -4.7483648E8 -4.7483648E8 -4.7483648E8 -4.7483648E8 -4.7483648E8
96 1.25E9 -2.044967296E9 -2.044967296E9 -2.044967296E9 -1.794967296E9 -1.294967296E9 -4.4967296E7 -4.4967296E7 -4.4967296E7 -4.4967296E7 -4.4967296E7 -4.4967296E7 -4.4967296E7 1.205032704E9 2.070130816E9 -1.72483648E9 -1.72483648E9 -1.72483648E9 -4.7483648E8 2.516352E7
97 0.0 0.0 2.5E8 2.5E8 2.5E8 2.5E8 2.5E8 2.5E8 2.5E8 2.5E8 2.5E8 2.5E8 5.0E8 1.0E9 1.0E9 1.25E9 1.25E9 1.25E9 1.25E9 1.25E9
