0 3349
1 1981
2 4467
3 3279
4 2959
5 2675
6 762
7 1056
8 1527
9 2866
10 545
11 435
12 4370
13 4082
14 2319
15 4023
16 3450
17 977
18 676
19 1395
20 1350
21 2371
22 2488
23 3021
24 3229
25 3092
26 2433
27 2931
28 1994
29 2814
30 3278
31 4082
32 2386
33 2636
34 2410
35 2737
36 2825
37 3204
38 2584
39 3486
40 2589
41 2130
42 4113
43 3606
44 2966
45 2626
46 3219
47 3966
48 3118
49 3943
50 4119
51 3640
52 4257
53 3048
54 1892
55 3720
56 3354
57 3779
58 2784
59 5379
60 3592
61 2390
62 1494
63 3542
64 2375
65 5047
66 3276
67 1991
68 1388
69 3976
70 3168
71 4673
72 3604
73 4763
74 4496
75 4973
76 5463
77 5266
78 5056
79 3919
80 4183
81 5284
82 1440
83 5444
84 2748
85 4152
86 4100
87 5655
88 5245
89 5119
90 4186
91 2014
92 5285
93 1844
94 4159
95 2371
96 657
97 3952
