0 3352
1 1982
2 4467
3 3280
4 2960
5 2675
6 763
7 1050
8 1527
9 2870
10 545
11 435
12 4372
13 4082
14 2319
15 4024
16 3452
17 977
18 676
19 1395
20 1351
21 2374
22 2487
23 3022
24 3230
25 3094
26 2434
27 2930
28 1996
29 2813
30 3280
31 4083
32 2386
33 2637
34 2410
35 2739
36 2824
37 3204
38 2586
39 3483
40 2591
41 2130
42 4118
43 3610
44 2965
45 2627
46 3217
47 3970
48 3117
49 3946
50 4118
51 3644
52 4258
53 3053
54 1891
55 3723
56 3356
57 3780
58 2784
59 5384
60 3588
61 2391
62 1495
63 3542
64 2375
65 5049
66 3277
67 1993
68 1389
69 3978
70 3169
71 4676
72 3603
73 4769
74 4496
75 4971
76 5463
77 5269
78 5062
79 3919
80 4183
81 5286
82 1441
83 5446
84 2749
85 4152
86 4107
87 5655
88 5245
89 5118
90 4186
91 2013
92 5282
93 1845
94 4156
95 2371
96 657
97 3954
