0 3350
1 1982
2 4464
3 3280
4 2960
5 2674
6 762
7 1053
8 1526
9 2866
10 545
11 435
12 4370
13 4081
14 2319
15 4024
16 3450
17 976
18 676
19 1394
20 1350
21 2371
22 2488
23 3022
24 3229
25 3092
26 2433
27 2931
28 1997
29 2815
30 3280
31 4085
32 2386
33 2635
34 2411
35 2738
36 2826
37 3205
38 2585
39 3487
40 2588
41 2130
42 4115
43 3604
44 2964
45 2628
46 3218
47 3968
48 3118
49 3944
50 4116
51 3639
52 4256
53 3048
54 1891
55 3721
56 3354
57 3779
58 2782
59 5381
60 3591
61 2390
62 1495
63 3542
64 2375
65 5047
66 3276
67 1991
68 1388
69 3979
70 3167
71 4673
72 3604
73 4764
74 4496
75 4969
76 5464
77 5265
78 5060
79 3919
80 4184
81 5285
82 1441
83 5445
84 2749
85 4152
86 4108
87 5652
88 5244
89 5121
90 4187
91 2014
92 5285
93 1845
94 4154
95 2371
96 657
97 3952
