records: 20
      Record Time
Host  UsedBuffer

  49376.0 98752.0 148128.0 197504.0 246880.0 296256.0 345632.0 395008.0 444384.0 493760.0 543136.0 592512.0 641888.0 691264.0 740640.0 790016.0 839392.0 888768.0 938144.0 987520.0
0 0.0 2.0E9 2.0E9 -1.794967296E9 -7.94967296E8 -7.94967296E8 2.05032704E8 7.05032704E8 1.205032704E9 1.205032704E9 1.205032704E9 1.205032704E9 1.705032704E9 -1.589934592E9 -5.89934592E8 -5.89934592E8 -5.89934592E8 -5.89934592E8 -8.9934592E7 4.10065408E8
1 0.0 0.0 5.0E8 5.0E8 5.0E8 5.0E8 1.0E9 1.5E9 2.0E9 2.0E9 2.0E9 -1.794967296E9 -1.294967296E9 -7.94967296E8 -7.94967296E8 -7.94967296E8 2.05032704E8 2.05032704E8 -2.089934592E9 -1.589934592E9
2 5.0E8 1.0E9 1.5E9 2.0E9 -1.794967296E9 -1.294967296E9 -7.94967296E8 -2.94967296E8 7.05032704E8 7.05032704E8 1.205032704E9 -1.589934592E9 -1.089934592E9 -1.089934592E9 -5.89934592E8 -5.89934592E8 9.10065408E8 9.10065408E8 9.10065408E8 -1.884901888E9
3 0.0 0.0 5.0E8 1.0E9 1.0E9 1.0E9 1.0E9 1.0E9 1.0E9 1.5E9 1.5E9 -1.794967296E9 -1.294967296E9 -7.94967296E8 -2.94967296E8 2.05032704E8 7.05032704E8 7.05032704E8 7.05032704E8 7.05032704E8
4 -1.794967296E9 -7.94967296E8 7.05032704E8 1.205032704E9 4.10065408E8 1.435228928E9 1.435228928E9 1.935228928E9 1.07549056E9 -1.719476736E9 4.20784896E8 9.20784896E8 -1.259084288E9 -7.59084288E8 2.40915712E8 7.40915712E8 7.40915712E8 -1.528888064E9 -5.28888064E8 4.71111936E8
5 5.0E8 1.5E9 2.0E9 -1.794967296E9 -1.294967296E9 -7.94967296E8 -7.94967296E8 -7.94967296E8 -2.94967296E8 -2.94967296E8 -2.94967296E8 -2.94967296E8 7.05032704E8 1.705032704E9 -2.089934592E9 -2.089934592E9 -1.589934592E9 -8.9934592E7 -8.9934592E7 4.10065408E8
6 5.0E8 1.5E9 2.0E9 -1.794967296E9 -1.794967296E9 -1.294967296E9 -7.94967296E8 -2.94967296E8 -2.94967296E8 7.05032704E8 -2.089934592E9 -1.089934592E9 -5.89934592E8 -5.89934592E8 -5.89934592E8 4.10065408E8 4.10065408E8 9.10065408E8 9.10065408E8 9.10065408E8
7 5.0E8 1.5E9 2.0E9 2.0E9 -1.794967296E9 -1.294967296E9 -2.94967296E8 2.05032704E8 2.05032704E8 1.705032704E9 1.705032704E9 1.705032704E9 -2.089934592E9 -1.589934592E9 -1.589934592E9 -1.089934592E9 -5.89934592E8 -5.89934592E8 4.10065408E8 4.10065408E8
8 0.0 5.0E8 1.0E9 1.0E9 1.0E9 1.5E9 2.0E9 -1.294967296E9 -1.294967296E9 -7.94967296E8 -7.94967296E8 -2.94967296E8 2.05032704E8 2.05032704E8 2.05032704E8 7.05032704E8 -2.089934592E9 -1.589934592E9 -1.589934592E9 -1.089934592E9
9 0.0 5.0E8 5.0E8 1.0E9 1.0E9 1.5E9 1.5E9 1.5E9 2.0E9 2.0E9 -1.794967296E9 -1.794967296E9 -7.94967296E8 -7.94967296E8 -7.94967296E8 -7.94967296E8 -7.94967296E8 -2.94967296E8 -2.94967296E8 2.05032704E8
10 0.0 5.0E8 5.0E8 5.0E8 5.0E8 1.0E9 1.5E9 1.5E9 -1.794967296E9 -1.794967296E9 -1.794967296E9 -1.794967296E9 -1.294967296E9 -7.94967296E8 -2.94967296E8 -2.94967296E8 -2.94967296E8 2.05032704E8 7.05032704E8 1.205032704E9
11 -1.294967296E9 -2.94967296E8 -2.94967296E8 -2.94967296E8 -2.94967296E8 -2.94967296E8 2.05032704E8 1.410065408E9 -1.384901888E9 1.115098112E9 -2.104378624E9 -1.104378624E9 -6.04378624E8 -6.04378624E8 8.95621376E8 1.395621376E9 1.895621376E9 1.061046528E9 1.061046528E9 1.061046528E9
12 0.0 5.0E8 5.0E8 5.0E8 5.0E8 5.0E8 1.0E9 1.5E9 2.0E9 2.0E9 2.0E9 -1.294967296E9 -2.94967296E8 2.05032704E8 2.05032704E8 1.705032704E9 -2.089934592E9 -2.089934592E9 -1.589934592E9 -1.089934592E9
13 5.0E8 5.0E8 1.0E9 1.5E9 1.5E9 1.5E9 1.5E9 2.0E9 2.0E9 2.0E9 2.0E9 2.0E9 2.0E9 2.0E9 2.0E9 -1.794967296E9 -1.294967296E9 -7.94967296E8 1.705032704E9 -1.589934592E9
14 5.0E8 1.0E9 1.0E9 1.5E9 2.0E9 2.0E9 -1.794967296E9 -1.294967296E9 -1.294967296E9 -2.94967296E8 2.05032704E8 2.05032704E8 7.05032704E8 1.205032704E9 1.705032704E9 -1.589934592E9 -1.589934592E9 -5.89934592E8 -5.89934592E8 -8.9934592E7
15 1.0E9 1.0E9 1.0E9 1.0E9 1.0E9 2.0E9 -1.294967296E9 -7.94967296E8 2.05032704E8 2.05032704E8 2.05032704E8 7.05032704E8 1.205032704E9 1.205032704E9 1.205032704E9 1.205032704E9 1.205032704E9 1.205032704E9 1.205032704E9 1.205032704E9
16 -1.294967296E9 -1.294967296E9 -1.294967296E9 -1.294967296E9 -1.294967296E9 -1.589934592E9 -5.89934592E8 4.10065408E8 -1.834574848E9 -2.129542144E9 -1.309411328E9 -8.09411328E8 1.6258176E9 2.1258176E9 1.330850304E9 -1.964116992E9 -9.64116992E8 1.766079232E9 -5.28888064E8 -2.08757248E8
17 5.0E8 1.5E9 2.0E9 -1.794967296E9 -7.94967296E8 -2.94967296E8 -2.94967296E8 7.05032704E8 1.205032704E9 1.205032704E9 1.205032704E9 1.205032704E9 1.705032704E9 -1.589934592E9 -5.89934592E8 4.10065408E8 4.10065408E8 9.10065408E8 1.910065408E9 -8.84901888E8
18 0.0 5.0E8 5.0E8 1.0E9 1.5E9 -1.794967296E9 -1.794967296E9 -1.794967296E9 -1.794967296E9 -2.94967296E8 -2.94967296E8 -2.94967296E8 -2.94967296E8 -2.94967296E8 2.05032704E8 7.05032704E8 1.205032704E9 -2.089934592E9 -2.089934592E9 -2.089934592E9
19 2.0E9 2.0E9 2.05032704E8 -1.589934592E9 1.410065408E9 -1.44967296E9 1.255359744E9 -3.34574848E8 -1.4444032E7 9.85555968E8 -5.79215104E8 4.20784896E8 7.40915712E8 7.40915712E8 -1.554051584E9 -1.554051584E9 9.45948416E8 -9.13789952E8 2.086210048E9 -1.29869184E9
20 0.0 5.0E8 1.0E9 1.5E9 1.5E9 1.5E9 2.0E9 2.0E9 2.0E9 2.0E9 -1.794967296E9 -1.794967296E9 -1.794967296E9 -1.794967296E9 -1.794967296E9 -1.794967296E9 -1.294967296E9 -2.94967296E8 -2.94967296E8 -2.94967296E8
21 2.0E9 -1.294967296E9 -2.94967296E8 2.05032704E8 2.05032704E8 -1.564771072E9 2.140261632E9 -5.39607552E8 1.870457856E9 1.870457856E9 -1.579215104E9 -1.579215104E9 -4.64116992E8 -4.64116992E8 3.5883008E7 5.35883008E8 1.035883008E9 -1.82385536E9 -3.2385536E8 1.70130816E9
22 5.0E8 5.0E8 1.0E9 1.0E9 -1.794967296E9 -1.294967296E9 -1.294967296E9 -7.94967296E8 -7.94967296E8 -2.94967296E8 2.05032704E8 2.05032704E8 7.05032704E8 7.05032704E8 7.05032704E8 7.05032704E8 7.05032704E8 7.05032704E8 1.205032704E9 1.205032704E9
23 0.0 5.0E8 2.0E9 -1.294967296E9 -2.94967296E8 -2.94967296E8 -2.94967296E8 -2.94967296E8 -2.94967296E8 -2.94967296E8 -2.94967296E8 2.05032704E8 2.05032704E8 2.05032704E8 7.05032704E8 7.05032704E8 1.205032704E9 1.705032704E9 -2.089934592E9 -1.089934592E9
24 0.0 0.0 0.0 0.0 5.0E8 5.0E8 2.0E9 2.0E9 -1.794967296E9 -7.94967296E8 -2.94967296E8 -2.94967296E8 2.05032704E8 7.05032704E8 1.705032704E9 1.705032704E9 1.705032704E9 1.705032704E9 -1.589934592E9 -5.89934592E8
25 5.0E8 1.0E9 1.0E9 1.5E9 -1.794967296E9 -1.794967296E9 -7.94967296E8 -2.94967296E8 7.05032704E8 7.05032704E8 1.205032704E9 1.205032704E9 1.205032704E9 1.705032704E9 1.705032704E9 1.705032704E9 1.705032704E9 -2.089934592E9 -1.589934592E9 -1.589934592E9
26 0.0 1.0E9 1.0E9 2.0E9 -1.294967296E9 -7.94967296E8 -2.94967296E8 2.05032704E8 1.205032704E9 1.205032704E9 -1.589934592E9 -1.589934592E9 -1.089934592E9 -1.089934592E9 -5.89934592E8 4.10065408E8 9.10065408E8 9.10065408E8 9.10065408E8 1.410065408E9
27 5.0E8 5.0E8 5.0E8 1.0E9 1.0E9 1.5E9 1.5E9 1.5E9 -1.794967296E9 -1.794967296E9 -1.794967296E9 -7.94967296E8 -7.94967296E8 7.05032704E8 1.205032704E9 -1.589934592E9 -1.089934592E9 -5.89934592E8 -8.9934592E7 -8.9934592E7
28 5.0E8 5.0E8 1.0E9 2.0E9 2.0E9 -1.294967296E9 -1.294967296E9 -7.94967296E8 -2.94967296E8 7.05032704E8 1.205032704E9 1.705032704E9 1.705032704E9 -2.089934592E9 -1.589934592E9 -8.9934592E7 -8.9934592E7 -8.9934592E7 9.10065408E8 1.910065408E9
29 0.0 1.0E9 -1.794967296E9 -1.794967296E9 -1.294967296E9 -7.94967296E8 -7.94967296E8 -7.94967296E8 -2.94967296E8 -2.94967296E8 2.05032704E8 2.05032704E8 7.05032704E8 7.05032704E8 1.705032704E9 1.705032704E9 -2.089934592E9 -1.589934592E9 -1.089934592E9 -1.089934592E9
30 5.0E8 5.0E8 5.0E8 1.0E9 2.0E9 -1.294967296E9 -2.94967296E8 -2.94967296E8 1.205032704E9 1.705032704E9 -1.089934592E9 -8.9934592E7 -8.9934592E7 -8.9934592E7 4.10065408E8 9.10065408E8 9.10065408E8 1.410065408E9 1.410065408E9 1.410065408E9
31 1.5E9 1.5E9 -1.794967296E9 -1.294967296E9 -2.94967296E8 -2.94967296E8 -2.94967296E8 2.05032704E8 7.05032704E8 1.205032704E9 -1.589934592E9 -1.089934592E9 -1.089934592E9 -5.89934592E8 -5.89934592E8 -5.89934592E8 -8.9934592E7 4.10065408E8 4.10065408E8 4.10065408E8
32 1.0E9 1.0E9 1.0E9 2.0E9 -1.294967296E9 -7.94967296E8 -7.94967296E8 -2.94967296E8 2.05032704E8 7.05032704E8 1.705032704E9 -2.089934592E9 -2.089934592E9 -8.9934592E7 -8.9934592E7 4.10065408E8 9.10065408E8 1.910065408E9 -1.884901888E9 -1.384901888E9
33 0.0 5.0E8 1.0E9 1.5E9 2.0E9 -7.94967296E8 -7.94967296E8 -2.94967296E8 -2.94967296E8 7.05032704E8 1.205032704E9 1.705032704E9 -2.089934592E9 -2.089934592E9 -2.089934592E9 -2.089934592E9 -1.589934592E9 -1.589934592E9 -1.589934592E9 -1.589934592E9
34 -1.794967296E9 -1.794967296E9 7.05032704E8 1.705032704E9 1.705032704E9 1.705032704E9 1.705032704E9 1.705032704E9 1.705032704E9 1.705032704E9 1.705032704E9 -2.089934592E9 -2.089934592E9 -2.089934592E9 -2.089934592E9 -1.589934592E9 -1.589934592E9 -5.89934592E8 -8.9934592E7 -8.9934592E7
35 2.0E9 2.0E9 -1.294967296E9 -2.94967296E8 7.05032704E8 -9.7483648E8 2.140261632E9 -2.039607552E9 -1.29542144E8 1.370457856E9 -6.94313216E8 -1.94313216E8 1.6258176E9 -1.669149696E9 -6.69149696E8 -6.69149696E8 1.330850304E9 1.7614464E8 6.7614464E8 -9.3659136E7
36 5.0E8 5.0E8 1.5E9 1.5E9 2.0E9 -1.794967296E9 -7.94967296E8 -2.94967296E8 -2.94967296E8 2.05032704E8 2.05032704E8 1.205032704E9 1.205032704E9 1.705032704E9 -2.089934592E9 -2.089934592E9 -1.589934592E9 -1.589934592E9 -1.589934592E9 -1.589934592E9
37 1.0E9 1.0E9 1.0E9 1.0E9 1.5E9 2.0E9 2.0E9 -1.294967296E9 -2.94967296E8 1.205032704E9 -2.089934592E9 -1.089934592E9 -5.89934592E8 -8.9934592E7 4.10065408E8 1.410065408E9 -1.884901888E9 -1.884901888E9 -1.884901888E9 -1.884901888E9
38 0.0 1.5E9 1.5E9 2.0E9 -2.94967296E8 2.05032704E8 2.05032704E8 7.05032704E8 1.205032704E9 1.705032704E9 -2.089934592E9 -1.589934592E9 -1.089934592E9 -8.9934592E7 9.10065408E8 1.410065408E9 1.410065408E9 1.410065408E9 1.910065408E9 1.910065408E9
39 1.5E9 1.5E9 1.5E9 1.5E9 -1.294967296E9 -2.94967296E8 2.05032704E8 2.05032704E8 2.05032704E8 7.05032704E8 1.205032704E9 1.205032704E9 1.705032704E9 -2.089934592E9 -2.089934592E9 -2.089934592E9 -2.089934592E9 -1.589934592E9 -1.589934592E9 -5.89934592E8
40 1.0E9 1.5E9 -1.294967296E9 -7.94967296E8 -2.94967296E8 -2.94967296E8 -2.94967296E8 -2.94967296E8 -2.94967296E8 -2.94967296E8 -2.94967296E8 2.05032704E8 7.05032704E8 7.05032704E8 1.205032704E9 1.205032704E9 1.705032704E9 -1.589934592E9 -1.089934592E9 -5.89934592E8
41 1.0E9 1.5E9 2.0E9 -1.294967296E9 -1.294967296E9 -7.94967296E8 2.05032704E8 1.205032704E9 1.205032704E9 1.705032704E9 1.705032704E9 1.705032704E9 -1.589934592E9 -1.589934592E9 -1.089934592E9 -8.9934592E7 -8.9934592E7 4.10065408E8 4.10065408E8 4.10065408E8
42 0.0 5.0E8 5.0E8 2.0E9 2.0E9 2.0E9 2.0E9 -1.794967296E9 -1.294967296E9 -1.294967296E9 -2.94967296E8 2.05032704E8 2.05032704E8 7.05032704E8 1.205032704E9 1.205032704E9 1.705032704E9 -1.589934592E9 -1.089934592E9 -5.89934592E8
43 5.0E8 5.0E8 1.0E9 1.0E9 1.0E9 1.0E9 1.5E9 -1.794967296E9 -7.94967296E8 -7.94967296E8 -2.94967296E8 -2.94967296E8 -2.94967296E8 2.05032704E8 7.05032704E8 1.205032704E9 -1.589934592E9 -1.089934592E9 -1.089934592E9 -8.9934592E7
44 0.0 0.0 0.0 0.0 0.0 5.0E8 1.0E9 1.0E9 1.5E9 1.5E9 2.0E9 -1.794967296E9 -1.794967296E9 -1.294967296E9 -2.94967296E8 2.05032704E8 7.05032704E8 7.05032704E8 7.05032704E8 1.205032704E9
45 5.0E8 5.0E8 1.0E9 1.5E9 1.5E9 -1.294967296E9 -1.294967296E9 -1.294967296E9 -1.294967296E9 -1.294967296E9 -1.294967296E9 -1.294967296E9 -7.94967296E8 -2.94967296E8 -2.94967296E8 2.05032704E8 2.05032704E8 7.05032704E8 1.205032704E9 -2.089934592E9
46 1.0E9 1.0E9 2.0E9 2.0E9 2.0E9 -1.794967296E9 -1.794967296E9 -1.794967296E9 -1.294967296E9 -7.94967296E8 -7.94967296E8 -7.94967296E8 -7.94967296E8 2.05032704E8 1.205032704E9 1.205032704E9 1.705032704E9 -2.089934592E9 -2.089934592E9 -2.089934592E9
47 0.0 0.0 1.0E9 1.0E9 1.0E9 1.0E9 2.0E9 -1.794967296E9 -1.794967296E9 -2.089934592E9 -2.089934592E9 -1.589934592E9 -1.589934592E9 -1.089934592E9 -1.089934592E9 -5.89934592E8 -8.9934592E7 -8.9934592E7 4.10065408E8 4.10065408E8
48 0.0 0.0 5.0E8 1.0E9 1.0E9 1.5E9 2.0E9 2.0E9 2.0E9 -1.794967296E9 -1.794967296E9 -1.794967296E9 -1.794967296E9 -1.294967296E9 -1.294967296E9 -1.294967296E9 -7.94967296E8 -2.94967296E8 -2.94967296E8 2.05032704E8
49 0.0 5.0E8 1.0E9 1.0E9 1.0E9 1.0E9 1.5E9 1.5E9 1.5E9 2.0E9 2.0E9 -1.794967296E9 -2.94967296E8 7.05032704E8 1.205032704E9 -2.089934592E9 -1.589934592E9 -1.089934592E9 -1.089934592E9 -5.89934592E8
50 0.0 1.5E9 2.0E9 -7.94967296E8 -7.94967296E8 -2.94967296E8 1.205032704E9 1.205032704E9 1.705032704E9 -2.089934592E9 -1.589934592E9 -1.089934592E9 -5.89934592E8 -5.89934592E8 -8.9934592E7 -8.9934592E7 -8.9934592E7 4.10065408E8 9.10065408E8 1.410065408E9
51 5.0E8 5.0E8 5.0E8 5.0E8 1.0E9 1.0E9 1.0E9 1.0E9 1.0E9 1.5E9 2.0E9 -1.794967296E9 -1.794967296E9 -1.794967296E9 -1.294967296E9 -1.294967296E9 -7.94967296E8 -2.94967296E8 2.05032704E8 2.05032704E8
