0 3350
1 1981
2 4464
3 3279
4 2960
5 2675
6 762
7 1050
8 1526
9 2866
10 545
11 435
12 4371
13 4081
14 2319
15 4024
16 3450
17 976
18 676
19 1394
20 1350
21 2371
22 2488
23 3022
24 3229
25 3092
26 2433
27 2930
28 1996
29 2815
30 3281
31 4085
32 2386
33 2634
34 2410
35 2738
36 2827
37 3205
38 2585
39 3487
40 2589
41 2130
42 4114
43 3604
44 2965
45 2628
46 3217
47 3967
48 3118
49 3944
50 4116
51 3639
52 4256
53 3048
54 1891
55 3721
56 3355
57 3779
58 2784
59 5382
60 3592
61 2391
62 1495
63 3542
64 2375
65 5047
66 3276
67 1991
68 1388
69 3978
70 3166
71 4673
72 3604
73 4763
74 4496
75 4970
76 5465
77 5266
78 5060
79 3920
80 4184
81 5286
82 1441
83 5445
84 2749
85 4152
86 4108
87 5653
88 5245
89 5119
90 4187
91 2014
92 5284
93 1845
94 4158
95 2371
96 657
97 3953
