records: 20
      Record Time
Host  UsedBuffer

  17959.0 35918.0 53877.0 71836.0 89795.0 107754.0 125713.0 143672.0 161631.0 179590.0 197549.0 215508.0 233467.0 251426.0 269385.0 287344.0 305303.0 323262.0 341221.0 359180.0
0 1000000.0 2000000.0 5000000.0 7000000.0 8000000.0 8000000.0 1.0E7 1.3E7 1.5E7 1.9E7 1.9E7 1.9E7 2.2E7 2.3E7 2.3E7 2.5E7 2.6E7 2.7E7 3.0E7 3.2E7
1 1000000.0 4000000.0 4000000.0 4000000.0 6000000.0 8000000.0 1.1E7 1.2E7 1.3E7 1.3E7 1.5E7 1.6E7 2.0E7 2.2E7 2.4E7 2.6E7 2.8E7 2.9E7 3.1E7 3.4E7
2 1.0E7 1.6E7 2.3E7 2.7E7 5.8E7 6.8E7 7.4E7 7.7E7 7.9E7 8.1E7 1.03E8 1.13E8 1.14E8 1.23E8 1.4E8 1.42E8 1.43E8 1.43E8 1.72E8 1.76E8
3 1.3E7 1.7E7 1.8E7 1.9E7 5.8E7 6.7E7 7.6E7 7.7E7 7.8E7 7.8E7 1.02E8 1.13E8 1.15E8 1.18E8 1.42E8 1.43E8 1.43E8 1.47E8 1.5E8 1.71E8
4 1.3E7 1.6E7 1.7E7 1.9E7 2.0E7 2.3E7 2.6E7 2.8E7 3.0E7 3.3E7 3.5E7 3.8E7 3.9E7 4.2E7 4.3E7 4.5E7 4.7E7 4.8E7 4.9E7 9.7E7
5 0.0 1000000.0 2000000.0 5000000.0 5000000.0 7000000.0 9000000.0 9000000.0 1.3E7 1.4E7 1.6E7 1.7E7 1.7E7 2.0E7 2.2E7 2.5E7 3.0E7 3.1E7 3.4E7 3.6E7
6 1.1E7 1.4E7 1.5E7 1.8E7 5.7E7 6.5E7 6.5E7 6.7E7 6.8E7 6.9E7 7.0E7 7.1E7 7.3E7 1.15E8 1.4E8 1.42E8 1.45E8 1.48E8 1.58E8 1.61E8
7 3000000.0 5000000.0 5000000.0 6000000.0 7000000.0 7000000.0 8000000.0 1.0E7 1.2E7 1.5E7 1.5E7 1.7E7 1.9E7 2.0E7 2.2E7 2.3E7 2.4E7 2.5E7 2.5E7 2.5E7
8 1.0E7 1.6E7 2.4E7 2.7E7 6.0E7 6.4E7 7.5E7 7.8E7 8.0E7 8.9E7 1.06E8 1.14E8 1.14E8 1.22E8 1.28E8 1.3E8 1.3E8 1.33E8 1.58E8 1.6E8
