records: 20
      Record Time
Host  UsedBuffer

  49376.0 98752.0 148128.0 197504.0 246880.0 296256.0 345632.0 395008.0 444384.0 493760.0 543136.0 592512.0 641888.0 691264.0 740640.0 790016.0 839392.0 888768.0 938144.0 987520.0
0 3000000.0 7000000.0 9000000.0 1.0E7 1.3E7 1.37E8 1.75E8 1.87E8 2.55E8 2.56E8 3.1E8 3.18E8 3.62E8 3.64E8 3.66E8 3.66E8 3.66E8 3.66E8 3.67E8 3.68E8
1 5000000.0 1.5E7 4.5E7 4.5E7 4.7E7 1.36E8 1.73E8 1.99E8 2.5E8 2.51E8 3.13E8 3.14E8 3.57E8 3.58E8 3.6E8 3.6E8 3.62E8 3.62E8 3.66E8 3.67E8
2 1.0E7 1.1E7 5.0E7 6.8E7 7.3E7 1.41E8 1.67E8 2.07E8 2.48E8 2.65E8 3.19E8 3.22E8 3.62E8 3.62E8 3.96E8 4.04E8 4.31E8 4.95E8 4.96E8 5.4E8
3 0.0 0.0 1000000.0 2000000.0 2000000.0 2000000.0 2000000.0 2000000.0 2000000.0 3000000.0 3000000.0 5000000.0 6000000.0 7000000.0 8000000.0 9000000.0 1.0E7 1.0E7 1.0E7 1.0E7
4 7000000.0 1.7E7 5.1E7 5.2E7 5.5E7 1.39E8 1.48E8 1.49E8 2.47E8 2.58E8 3.15E8 3.16E8 3.71E8 3.72E8 3.74E8 3.75E8 3.75E8 4.93E8 4.95E8 4.97E8
5 1000000.0 3000000.0 4000000.0 5000000.0 6000000.0 7000000.0 7000000.0 7000000.0 8000000.0 8000000.0 8000000.0 8000000.0 1.0E7 1.2E7 1.3E7 1.3E7 1.4E7 1.7E7 1.7E7 1.8E7
6 9000000.0 1.1E7 4.8E7 6.8E7 7.0E7 1.41E8 1.7E8 2.11E8 2.51E8 2.7E8 3.1E8 3.12E8 3.63E8 3.63E8 3.98E8 4.0E8 4.05E8 4.94E8 4.94E8 4.94E8
7 1000000.0 3000000.0 4000000.0 4000000.0 5000000.0 6000000.0 8000000.0 9000000.0 9000000.0 1.2E7 1.2E7 1.2E7 1.3E7 1.4E7 1.4E7 1.5E7 1.6E7 1.6E7 1.8E7 1.8E7
8 0.0 1000000.0 2000000.0 2000000.0 2000000.0 3000000.0 4000000.0 6000000.0 6000000.0 7000000.0 7000000.0 8000000.0 9000000.0 9000000.0 9000000.0 1.0E7 1.3E7 1.4E7 1.4E7 1.5E7
9 3000000.0 4000000.0 4.3E7 4.4E7 4.6E7 1.21E8 1.72E8 1.73E8 2.2E8 2.2E8 3.09E8 3.09E8 3.61E8 3.61E8 3.61E8 3.61E8 3.61E8 3.62E8 3.62E8 3.63E8
10 0.0 1000000.0 1000000.0 1000000.0 1000000.0 2000000.0 3000000.0 3000000.0 5000000.0 5000000.0 5000000.0 5000000.0 6000000.0 7000000.0 8000000.0 8000000.0 8000000.0 9000000.0 1.0E7 1.1E7
11 8000000.0 1.0E7 1.0E7 1.0E7 1.0E7 1.0E7 1.1E7 2.07E8 2.1E8 2.13E8 3.07E8 3.09E8 3.7E8 3.7E8 3.94E8 3.95E8 3.96E8 5.02E8 5.02E8 5.02E8
12 7000000.0 8000000.0 2.1E7 2.1E7 7.3E7 1.37E8 1.69E8 2.05E8 2.46E8 2.46E8 2.46E8 2.48E8 3.66E8 3.67E8 3.86E8 3.89E8 3.95E8 4.89E8 5.14E8 5.37E8
13 4000000.0 4000000.0 3.9E7 4.0E7 4.0E7 1.42E8 1.74E8 1.86E8 2.48E8 2.48E8 3.04E8 3.04E8 3.68E8 3.68E8 3.92E8 3.93E8 4.1E8 4.87E8 5.11E8 5.37E8
14 1000000.0 2000000.0 2000000.0 3000000.0 4000000.0 4000000.0 5000000.0 6000000.0 6000000.0 8000000.0 9000000.0 9000000.0 1.0E7 1.1E7 1.2E7 1.4E7 1.4E7 1.6E7 1.6E7 1.7E7
15 2000000.0 2000000.0 2000000.0 2000000.0 2000000.0 4000000.0 6000000.0 7000000.0 9000000.0 9000000.0 9000000.0 1.0E7 1.1E7 1.1E7 1.1E7 1.1E7 1.1E7 1.1E7 1.1E7 1.1E7
16 1000000.0 1000000.0 1000000.0 1000000.0 1000000.0 1000000.0 3000000.0 5000000.0 6000000.0 6000000.0 7000000.0 8000000.0 1.0E7 1.1E7 1.4E7 1.6E7 1.8E7 2.0E7 2.3E7 2.4E7
17 3000000.0 1.6E7 3.9E7 4.0E7 4.4E7 1.43E8 1.55E8 1.57E8 2.5E8 2.51E8 3.1E8 3.1E8 3.75E8 3.77E8 3.99E8 4.01E8 4.15E8 4.98E8 5.19E8 5.45E8
18 0.0 1000000.0 1000000.0 2000000.0 3000000.0 5000000.0 5000000.0 5000000.0 5000000.0 8000000.0 8000000.0 8000000.0 8000000.0 8000000.0 9000000.0 1.0E7 1.1E7 1.3E7 1.3E7 1.3E7
19 4000000.0 4000000.0 4.7E7 4.9E7 7.1E7 1.37E8 1.71E8 1.83E8 2.48E8 2.5E8 3.14E8 3.16E8 3.7E8 3.7E8 3.92E8 3.98E8 4.02E8 4.92E8 5.17E8 5.41E8
20 0.0 1000000.0 2000000.0 3000000.0 3000000.0 3000000.0 4000000.0 4000000.0 4000000.0 4000000.0 5000000.0 5000000.0 5000000.0 5000000.0 5000000.0 5000000.0 6000000.0 8000000.0 8000000.0 8000000.0
21 4000000.0 6000000.0 4.3E7 6.5E7 7.2E7 1.38E8 1.67E8 2.09E8 2.5E8 2.55E8 3.13E8 3.13E8 3.57E8 3.57E8 3.95E8 4.03E8 4.32E8 4.89E8 4.92E8 5.38E8
22 1000000.0 1000000.0 2000000.0 2000000.0 5000000.0 6000000.0 6000000.0 7000000.0 7000000.0 8000000.0 9000000.0 9000000.0 1.0E7 1.0E7 1.0E7 1.0E7 1.0E7 1.0E7 1.1E7 1.1E7
23 0.0 1000000.0 4000000.0 6000000.0 8000000.0 8000000.0 8000000.0 8000000.0 8000000.0 8000000.0 8000000.0 9000000.0 9000000.0 9000000.0 1.0E7 1.0E7 1.1E7 1.2E7 1.3E7 1.5E7
24 4000000.0 4000000.0 4.2E7 6.6E7 7.4E7 1.38E8 1.66E8 2.06E8 2.47E8 2.65E8 3.03E8 3.03E8 3.6E8 3.61E8 3.95E8 3.95E8 4.34E8 4.88E8 4.9E8 5.39E8
25 4000000.0 6000000.0 8000000.0 1.1E7 1.8E7 2.0E7 3.4E7 1.87E8 2.53E8 2.53E8 2.54E8 2.54E8 2.54E8 2.55E8 2.55E8 2.55E8 2.55E8 2.6E8 2.62E8 2.62E8
26 0.0 2000000.0 2000000.0 4000000.0 6000000.0 7000000.0 8000000.0 9000000.0 1.1E7 1.1E7 1.4E7 1.4E7 1.5E7 1.5E7 1.6E7 1.8E7 1.9E7 1.9E7 1.9E7 2.0E7
27 9000000.0 9000000.0 4.6E7 6.6E7 7.2E7 1.21E8 1.68E8 2.1E8 2.12E8 2.67E8 3.12E8 3.14E8 3.62E8 3.65E8 3.97E8 4.04E8 4.3E8 4.92E8 4.95E8 5.4E8
28 1000000.0 1000000.0 2000000.0 4000000.0 4000000.0 6000000.0 6000000.0 7000000.0 8000000.0 1.0E7 1.1E7 1.2E7 1.2E7 1.3E7 1.4E7 1.7E7 1.7E7 1.7E7 1.9E7 2.1E7
29 0.0 2000000.0 5000000.0 5000000.0 6000000.0 7000000.0 7000000.0 7000000.0 8000000.0 8000000.0 9000000.0 9000000.0 1.0E7 1.0E7 1.2E7 1.2E7 1.3E7 1.4E7 1.5E7 1.5E7
30 3000000.0 5000000.0 5000000.0 1.2E7 1.4E7 1.6E7 1.8E7 3.2E7 2.46E8 2.47E8 3.19E8 3.21E8 3.34E8 3.34E8 3.42E8 3.43E8 3.43E8 4.93E8 4.93E8 4.93E8
31 3000000.0 3000000.0 5000000.0 6000000.0 8000000.0 8000000.0 8000000.0 9000000.0 1.0E7 1.1E7 1.4E7 1.5E7 1.5E7 1.6E7 1.6E7 1.6E7 1.7E7 1.8E7 1.8E7 1.8E7
32 5000000.0 1.7E7 4.6E7 5.0E7 5.4E7 1.39E8 1.39E8 1.48E8 2.52E8 2.62E8 3.15E8 3.16E8 3.74E8 3.78E8 3.95E8 3.96E8 4.32E8 4.97E8 4.98E8 5.45E8
33 8000000.0 9000000.0 5.2E7 6.8E7 7.7E7 1.45E8 1.69E8 2.11E8 2.51E8 2.69E8 3.1E8 3.11E8 3.63E8 3.63E8 4.03E8 4.07E8 4.4E8 5.06E8 5.1E8 5.43E8
34 1000000.0 1000000.0 3000000.0 5000000.0 5000000.0 5000000.0 5000000.0 5000000.0 5000000.0 5000000.0 5000000.0 6000000.0 6000000.0 6000000.0 6000000.0 7000000.0 7000000.0 9000000.0 1.0E7 1.0E7
35 7000000.0 7000000.0 4.5E7 6.5E7 7.3E7 1.39E8 1.68E8 2.1E8 2.51E8 2.69E8 3.16E8 3.18E8 3.62E8 3.64E8 3.99E8 4.07E8 4.38E8 4.94E8 4.95E8 5.42E8
36 1000000.0 1000000.0 1.0E7 1.2E7 1.3E7 1.4E7 1.6E7 2.3E7 2.3E7 2.4E7 2.4E7 2.6E7 2.6E7 2.7E7 2.8E7 2.8E7 2.9E7 1.31E8 1.31E8 1.31E8
37 2000000.0 5000000.0 1.5E7 2.3E7 2.4E7 8.1E7 8.1E7 2.08E8 2.1E8 2.72E8 2.74E8 2.76E8 2.82E8 2.83E8 3.78E8 3.8E8 3.82E8 3.86E8 3.86E8 3.86E8
38 0.0 3000000.0 3000000.0 4000000.0 8000000.0 9000000.0 9000000.0 1.0E7 1.1E7 1.2E7 1.3E7 1.4E7 1.5E7 1.7E7 1.9E7 2.0E7 2.0E7 2.0E7 2.1E7 2.1E7
39 3000000.0 3000000.0 3000000.0 3000000.0 6000000.0 1.3E7 1.4E7 1.4E7 1.4E7 1.5E7 1.6E7 1.6E7 1.7E7 1.8E7 1.8E7 1.8E7 1.8E7 1.9E7 1.9E7 2.1E7
40 2000000.0 3000000.0 6000000.0 7000000.0 8000000.0 8000000.0 8000000.0 8000000.0 8000000.0 8000000.0 8000000.0 9000000.0 1.0E7 1.0E7 1.1E7 1.1E7 1.2E7 1.4E7 1.5E7 1.6E7
41 2000000.0 3000000.0 4000000.0 6000000.0 6000000.0 7000000.0 9000000.0 1.1E7 1.1E7 1.2E7 1.2E7 1.2E7 1.4E7 1.4E7 1.5E7 1.7E7 1.7E7 1.8E7 1.8E7 1.8E7
42 0.0 1000000.0 1000000.0 4000000.0 4000000.0 4000000.0 4000000.0 5000000.0 6000000.0 6000000.0 8000000.0 9000000.0 9000000.0 1.0E7 1.1E7 1.1E7 1.2E7 1.4E7 1.5E7 1.6E7
43 1000000.0 1000000.0 2000000.0 2000000.0 2000000.0 2000000.0 3000000.0 5000000.0 7000000.0 7000000.0 8000000.0 8000000.0 8000000.0 9000000.0 1.0E7 1.1E7 1.4E7 1.5E7 1.5E7 1.7E7
44 0.0 0.0 0.0 0.0 0.0 1000000.0 2000000.0 2000000.0 3000000.0 3000000.0 4000000.0 5000000.0 5000000.0 6000000.0 8000000.0 9000000.0 1.0E7 1.0E7 1.0E7 1.1E7
45 1000000.0 1000000.0 2000000.0 3000000.0 3000000.0 6000000.0 6000000.0 6000000.0 6000000.0 6000000.0 6000000.0 6000000.0 7000000.0 8000000.0 8000000.0 9000000.0 9000000.0 1.0E7 1.1E7 1.3E7
46 2000000.0 2000000.0 4000000.0 4000000.0 4000000.0 5000000.0 5000000.0 5000000.0 6000000.0 7000000.0 7000000.0 7000000.0 7000000.0 9000000.0 1.1E7 1.1E7 1.2E7 1.3E7 1.3E7 1.3E7
47 0.0 0.0 2000000.0 2000000.0 2000000.0 2000000.0 4000000.0 5000000.0 1.2E7 1.3E7 1.3E7 1.4E7 1.4E7 1.5E7 1.5E7 1.6E7 1.7E7 1.7E7 1.8E7 1.8E7
48 0.0 0.0 1000000.0 2000000.0 2000000.0 3000000.0 4000000.0 4000000.0 4000000.0 5000000.0 5000000.0 5000000.0 5000000.0 6000000.0 6000000.0 6000000.0 7000000.0 8000000.0 8000000.0 9000000.0
49 0.0 1000000.0 2000000.0 2000000.0 2000000.0 2000000.0 3000000.0 3000000.0 3000000.0 4000000.0 4000000.0 5000000.0 8000000.0 1.0E7 1.1E7 1.3E7 1.4E7 1.5E7 1.5E7 1.6E7
50 0.0 3000000.0 4000000.0 7000000.0 7000000.0 8000000.0 1.1E7 1.1E7 1.2E7 1.3E7 1.4E7 1.5E7 1.6E7 1.6E7 2.2E7 2.2E7 2.2E7 2.3E7 2.4E7 2.5E7
51 1000000.0 1000000.0 1000000.0 1000000.0 2000000.0 2000000.0 2000000.0 2000000.0 2000000.0 3000000.0 4000000.0 5000000.0 5000000.0 5000000.0 6000000.0 6000000.0 7000000.0 8000000.0 9000000.0 9000000.0
