records: 20
      Record Time
Host  UsedBuffer

  16870.0 33740.0 50610.0 67480.0 84350.0 101220.0 118090.0 134960.0 151830.0 168700.0 185570.0 202440.0 219310.0 236180.0 253050.0 269920.0 286790.0 303660.0 320530.0 337400.0
0 8000000.0 1.0E7 1.0E7 4.2E7 6.2E7 6.4E7 7.2E7 8.2E7 1.11E8 1.34E8 1.36E8 1.44E8 1.5E8 1.77E8 1.9E8 1.96E8 2.03E8 2.06E8 2.3E8 2.38E8
1 0.0 1000000.0 1000000.0 2000000.0 2000000.0 3000000.0 3000000.0 3000000.0 3000000.0 3000000.0 4000000.0 4000000.0 4000000.0 4000000.0 4000000.0 4000000.0 4000000.0 4000000.0 4000000.0 4000000.0
2 5000000.0 6000000.0 3.1E7 4.3E7 6.0E7 6.3E7 7.1E7 8.1E7 1.09E8 1.31E8 1.34E8 1.43E8 1.44E8 1.74E8 1.87E8 1.89E8 2.0E8 2.04E8 2.33E8 2.35E8
3 0.0 0.0 0.0 0.0 0.0 0.0 1000000.0 1000000.0 1000000.0 1000000.0 1000000.0 1000000.0 1000000.0 1000000.0 1000000.0 2000000.0 2000000.0 2000000.0 2000000.0 2000000.0
4 1000000.0 1000000.0 1000000.0 1000000.0 1000000.0 2000000.0 2000000.0 2000000.0 2000000.0 2000000.0 3000000.0 3000000.0 3000000.0 3000000.0 4000000.0 4000000.0 4000000.0 5000000.0 6000000.0 6000000.0
5 0.0 0.0 0.0 0.0 0.0 0.0 2000000.0 2000000.0 2000000.0 2000000.0 3000000.0 4000000.0 4000000.0 5000000.0 5000000.0 6000000.0 6000000.0 7000000.0 7000000.0 7000000.0
6 0.0 0.0 0.0 0.0 0.0 0.0 0.0 0.0 1000000.0 2000000.0 2000000.0 2000000.0 2000000.0 2000000.0 2000000.0 2000000.0 2000000.0 2000000.0 2000000.0 2000000.0
7 0.0 0.0 1000000.0 1000000.0 1000000.0 1000000.0 1000000.0 1000000.0 1000000.0 1000000.0 1000000.0 1000000.0 1000000.0 1000000.0 1000000.0 1000000.0 2000000.0 2000000.0 2000000.0 3000000.0
8 0.0 0.0 1000000.0 4.0E7 6.0E7 6.3E7 6.6E7 6.7E7 7.0E7 1.32E8 1.35E8 1.37E8 1.37E8 1.75E8 1.86E8 1.9E8 1.91E8 1.93E8 2.32E8 2.35E8
9 0.0 1000000.0 1000000.0 4.1E7 6.1E7 6.3E7 6.6E7 6.7E7 7.0E7 1.34E8 1.37E8 1.39E8 1.39E8 1.79E8 1.89E8 1.93E8 1.94E8 1.96E8 2.35E8 2.39E8
10 0.0 0.0 2.9E7 2.9E7 2.9E7 2.9E7 3.1E7 3.3E7 1.1E8 1.33E8 1.34E8 1.41E8 1.49E8 1.79E8 1.79E8 1.79E8 2.03E8 2.04E8 2.3E8 2.38E8
11 0.0 0.0 0.0 5000000.0 1.0E7 1.3E7 1.4E7 1.4E7 1.4E7 1.31E8 1.31E8 1.31E8 1.45E8 1.7E8 1.86E8 1.87E8 1.87E8 2.04E8 2.23E8 2.23E8
12 0.0 0.0 0.0 0.0 0.0 0.0 0.0 0.0 0.0 0.0 0.0 0.0 0.0 0.0 0.0 0.0 1000000.0 1000000.0 1000000.0 2000000.0
13 0.0 1000000.0 2000000.0 2000000.0 2000000.0 2000000.0 2000000.0 2000000.0 2000000.0 2000000.0 3000000.0 3000000.0 3000000.0 3000000.0 3000000.0 3000000.0 3000000.0 4000000.0 4000000.0 4000000.0
14 0.0 0.0 0.0 0.0 1000000.0 1000000.0 1000000.0 1000000.0 2000000.0 2000000.0 2000000.0 2000000.0 2000000.0 2000000.0 3000000.0 3000000.0 3000000.0 4000000.0 4000000.0 4000000.0
15 0.0 0.0 0.0 0.0 0.0 0.0 0.0 0.0 0.0 0.0 0.0 0.0 0.0 0.0 0.0 0.0 0.0 0.0 0.0 0.0
16 0.0 0.0 0.0 0.0 0.0 0.0 0.0 0.0 0.0 0.0 0.0 0.0 0.0 0.0 0.0 0.0 0.0 0.0 0.0 0.0
17 1000000.0 9000000.0 1.0E7 3.6E7 4.4E7 4.5E7 4.6E7 4.9E7 6.2E7 1.3E8 1.35E8 1.36E8 1.43E8 1.5E8 1.55E8 1.55E8 1.59E8 1.59E8 1.61E8 1.61E8
18 0.0 0.0 0.0 1000000.0 1000000.0 1000000.0 1000000.0 1000000.0 1000000.0 2000000.0 2000000.0 2000000.0 2000000.0 2000000.0 3000000.0 3000000.0 3000000.0 3000000.0 3000000.0 3000000.0
19 0.0 8000000.0 9000000.0 3.5E7 4.4E7 4.5E7 4.6E7 4.9E7 5.7E7 1.3E8 1.35E8 1.36E8 1.43E8 1.5E8 1.55E8 1.55E8 1.59E8 1.59E8 1.6E8 1.6E8
20 0.0 0.0 0.0 0.0 0.0 0.0 0.0 0.0 0.0 0.0 0.0 0.0 0.0 1000000.0 1000000.0 1000000.0 1000000.0 1000000.0 1000000.0 2000000.0
21 4000000.0 6000000.0 7000000.0 8000000.0 8000000.0 1.1E7 1.1E7 2.0E7 1.11E8 1.3E8 1.3E8 1.3E8 1.3E8 1.79E8 1.9E8 1.95E8 1.95E8 1.96E8 2.35E8 2.38E8
22 0.0 0.0 0.0 0.0 0.0 0.0 0.0 0.0 0.0 0.0 0.0 0.0 0.0 0.0 1000000.0 1000000.0 2000000.0 2000000.0 2000000.0 2000000.0
23 0.0 2000000.0 3000000.0 3000000.0 3000000.0 3000000.0 3000000.0 3000000.0 3000000.0 3000000.0 3000000.0 4000000.0 4000000.0 4000000.0 4000000.0 4000000.0 4000000.0 4000000.0 4000000.0 4000000.0
24 0.0 0.0 1000000.0 2000000.0 2000000.0 2000000.0 2000000.0 2000000.0 2000000.0 2000000.0 2000000.0 2000000.0 2000000.0 2000000.0 2000000.0 2000000.0 2000000.0 3000000.0 3000000.0 3000000.0
25 4000000.0 5000000.0 5000000.0 5000000.0 5.9E7 6.2E7 6.3E7 8.1E7 1.11E8 1.33E8 1.38E8 1.38E8 1.38E8 1.76E8 1.86E8 1.94E8 1.94E8 1.94E8 2.32E8 2.34E8
26 0.0 0.0 0.0 2000000.0 3000000.0 4000000.0 4000000.0 4000000.0 4000000.0 4000000.0 4000000.0 4000000.0 4000000.0 4000000.0 4000000.0 4000000.0 4000000.0 4000000.0 4000000.0 4000000.0
27 0.0 1000000.0 1000000.0 1000000.0 1000000.0 1000000.0 1000000.0 1000000.0 2000000.0 2000000.0 2000000.0 2000000.0 2000000.0 3000000.0 3000000.0 3000000.0 3000000.0 3000000.0 3000000.0 3000000.0
28 8000000.0 8000000.0 2.9E7 4.1E7 4.3E7 4.4E7 4.6E7 4.6E7 1.11E8 1.33E8 1.35E8 1.35E8 1.35E8 1.35E8 1.36E8 1.36E8 1.36E8 1.37E8 2.33E8 2.37E8
29 0.0 0.0 0.0 0.0 0.0 0.0 0.0 0.0 0.0 0.0 0.0 0.0 0.0 0.0 0.0 0.0 0.0 0.0 1000000.0 2000000.0
30 0.0 0.0 0.0 0.0 0.0 0.0 1000000.0 2000000.0 4000000.0 4000000.0 4000000.0 4000000.0 4000000.0 4000000.0 4000000.0 5000000.0 5000000.0 5000000.0 5000000.0 5000000.0
31 0.0 0.0 0.0 0.0 1000000.0 1000000.0 1000000.0 1000000.0 1000000.0 1000000.0 1000000.0 1000000.0 1000000.0 1000000.0 1000000.0 1000000.0 1000000.0 2000000.0 3000000.0 4000000.0
32 0.0 0.0 0.0 0.0 0.0 0.0 0.0 1000000.0 1000000.0 1000000.0 1000000.0 1000000.0 2000000.0 2000000.0 3000000.0 3000000.0 3000000.0 3000000.0 4000000.0 4000000.0
33 0.0 0.0 0.0 0.0 0.0 0.0 0.0 1000000.0 1000000.0 1000000.0 1000000.0 1000000.0 2000000.0 2000000.0 2000000.0 2000000.0 2000000.0 2000000.0 2000000.0 2000000.0
34 0.0 0.0 0.0 0.0 0.0 0.0 1000000.0 1000000.0 3000000.0 3000000.0 3000000.0 3000000.0 3000000.0 3000000.0 3000000.0 3000000.0 3000000.0 3000000.0 3000000.0 3000000.0
35 0.0 0.0 1000000.0 1000000.0 2000000.0 2000000.0 2000000.0 2000000.0 3000000.0 3000000.0 4000000.0 4000000.0 5000000.0 5000000.0 5000000.0 5000000.0 5000000.0 5000000.0 5000000.0 5000000.0
36 0.0 1000000.0 1000000.0 1000000.0 1000000.0 2000000.0 2000000.0 2000000.0 2000000.0 3000000.0 3000000.0 3000000.0 3000000.0 3000000.0 4000000.0 4000000.0 5000000.0 5000000.0 6000000.0 6000000.0
37 0.0 0.0 1000000.0 1000000.0 1000000.0 1000000.0 1000000.0 1000000.0 1000000.0 2000000.0 2000000.0 2000000.0 2000000.0 2000000.0 2000000.0 2000000.0 2000000.0 2000000.0 2000000.0 2000000.0
38 1000000.0 2000000.0 2000000.0 1.7E7 6.0E7 6.3E7 6.3E7 6.4E7 1.1E8 1.26E8 1.35E8 1.35E8 1.51E8 1.66E8 1.84E8 1.85E8 1.86E8 1.86E8 2.12E8 2.12E8
39 0.0 0.0 0.0 1000000.0 1000000.0 1000000.0 1000000.0 2000000.0 2000000.0 2000000.0 2000000.0 2000000.0 2000000.0 2000000.0 2000000.0 2000000.0 2000000.0 2000000.0 2000000.0 2000000.0
40 0.0 0.0 0.0 0.0 0.0 0.0 0.0 0.0 0.0 0.0 0.0 0.0 0.0 0.0 0.0 1000000.0 1000000.0 1000000.0 1000000.0 1000000.0
41 0.0 1000000.0 1000000.0 1000000.0 1000000.0 1000000.0 1000000.0 1000000.0 1000000.0 1000000.0 1000000.0 1000000.0 1000000.0 1000000.0 3000000.0 3000000.0 3000000.0 4000000.0 4000000.0 4000000.0
42 9000000.0 9000000.0 3.1E7 4.0E7 4.0E7 4.1E7 4.3E7 8.3E7 1.12E8 1.33E8 1.39E8 1.39E8 1.39E8 1.78E8 1.88E8 1.88E8 1.9E8 2.06E8 2.35E8 2.38E8
43 1000000.0 1000000.0 1000000.0 2000000.0 2000000.0 2000000.0 2000000.0 2000000.0 2000000.0 3000000.0 3000000.0 3000000.0 3000000.0 3000000.0 3000000.0 5000000.0 5000000.0 5000000.0 6000000.0 6000000.0
44 8000000.0 9000000.0 1.0E7 1.0E7 1.0E7 6.1E7 6.1E7 8.2E7 1.12E8 1.33E8 1.38E8 1.38E8 1.38E8 1.76E8 1.87E8 1.92E8 1.92E8 1.93E8 2.33E8 2.36E8
45 0.0 1000000.0 1000000.0 1000000.0 1000000.0 1000000.0 1000000.0 1000000.0 1000000.0 2000000.0 3000000.0 3000000.0 4000000.0 5000000.0 5000000.0 5000000.0 5000000.0 5000000.0 5000000.0 5000000.0
46 0.0 0.0 1000000.0 1000000.0 1000000.0 1000000.0 1000000.0 1000000.0 1000000.0 1000000.0 2000000.0 2000000.0 2000000.0 2000000.0 2000000.0 2000000.0 2000000.0 2000000.0 2000000.0 2000000.0
47 0.0 0.0 0.0 0.0 0.0 0.0 0.0 0.0 0.0 0.0 0.0 0.0 0.0 0.0 0.0 0.0 0.0 0.0 0.0 0.0
48 0.0 0.0 0.0 0.0 1000000.0 1000000.0 1000000.0 1000000.0 1000000.0 1000000.0 1000000.0 1000000.0 1000000.0 2000000.0 2000000.0 2000000.0 2000000.0 2000000.0 2000000.0 2000000.0
49 1000000.0 1000000.0 3.1E7 4.5E7 6.2E7 6.3E7 6.3E7 7.7E7 1.12E8 1.34E8 1.34E8 1.35E8 1.35E8 1.79E8 1.89E8 2.0E8 2.0E8 2.0E8 2.34E8 2.38E8
50 0.0 1000000.0 1000000.0 1000000.0 2000000.0 2000000.0 3000000.0 3000000.0 3000000.0 3000000.0 3000000.0 3000000.0 4000000.0 4000000.0 4000000.0 4000000.0 4000000.0 4000000.0 4000000.0 4000000.0
51 8000000.0 1.1E7 3.0E7 4.4E7 5.9E7 6.2E7 6.8E7 7.0E7 1.11E8 1.33E8 1.33E8 1.37E8 1.52E8 1.77E8 1.87E8 1.98E8 2.0E8 2.03E8 2.3E8 2.31E8
52 0.0 0.0 1000000.0 1000000.0 2000000.0 2000000.0 2000000.0 2000000.0 2000000.0 3000000.0 3000000.0 3000000.0 3000000.0 3000000.0 4000000.0 4000000.0 4000000.0 5000000.0 5000000.0 6000000.0
53 3000000.0 4000000.0 2.8E7 2.8E7 3.0E7 3.0E7 3.2E7 7.6E7 1.13E8 1.35E8 1.4E8 1.42E8 1.42E8 1.8E8 1.9E8 1.9E8 1.9E8 1.9E8 2.36E8 2.39E8
54 0.0 0.0 0.0 0.0 0.0 0.0 0.0 0.0 0.0 0.0 0.0 1000000.0 1000000.0 1000000.0 1000000.0 2000000.0 2000000.0 2000000.0 2000000.0 3000000.0
55 0.0 0.0 0.0 0.0 0.0 0.0 0.0 0.0 0.0 0.0 0.0 0.0 0.0 0.0 0.0 1000000.0 1000000.0 1000000.0 2000000.0 2000000.0
56 0.0 0.0 0.0 0.0 0.0 0.0 1000000.0 1000000.0 1000000.0 1000000.0 1000000.0 1000000.0 1000000.0 1000000.0 1000000.0 1000000.0 1000000.0 1000000.0 1000000.0 1000000.0
57 0.0 0.0 0.0 0.0 0.0 0.0 0.0 0.0 0.0 0.0 0.0 0.0 0.0 0.0 0.0 0.0 0.0 0.0 0.0 0.0
58 9000000.0 9000000.0 3.1E7 4.1E7 5.7E7 5.7E7 5.7E7 5.7E7 6.2E7 1.33E8 1.39E8 1.39E8 1.39E8 1.65E8 1.88E8 1.9E8 1.91E8 1.91E8 1.93E8 1.93E8
59 8000000.0 9000000.0 3.1E7 4.5E7 6.2E7 6.3E7 6.4E7 6.5E7 1.14E8 1.33E8 1.4E8 1.4E8 1.57E8 1.78E8 1.88E8 2.01E8 2.03E8 2.07E8 2.37E8 2.39E8
60 8000000.0 8000000.0 3.1E7 4.2E7 5.9E7 6.0E7 7.1E7 8.4E7 1.1E8 1.33E8 1.35E8 1.46E8 1.49E8 1.78E8 1.88E8 1.88E8 2.02E8 2.02E8 2.08E8 2.08E8
61 1000000.0 1000000.0 1000000.0 1000000.0 1000000.0 1000000.0 1000000.0 1000000.0 1000000.0 1000000.0 1000000.0 1000000.0 1000000.0 1000000.0 1000000.0 1000000.0 1000000.0 1000000.0 1000000.0 1000000.0
62 0.0 0.0 0.0 0.0 0.0 0.0 0.0 0.0 0.0 0.0 0.0 0.0 0.0 0.0 0.0 0.0 0.0 0.0 0.0 1000000.0
63 0.0 0.0 0.0 0.0 0.0 0.0 0.0 0.0 0.0 0.0 0.0 0.0 0.0 0.0 0.0 0.0 0.0 0.0 0.0 1000000.0
64 0.0 0.0 0.0 0.0 0.0 0.0 0.0 0.0 0.0 0.0 0.0 0.0 0.0 0.0 0.0 0.0 1000000.0 2000000.0 2000000.0 3000000.0
65 0.0 0.0 0.0 0.0 1000000.0 1000000.0 1000000.0 1000000.0 1000000.0 1000000.0 1000000.0 1000000.0 1000000.0 1000000.0 1000000.0 1000000.0 1000000.0 1000000.0 2000000.0 2000000.0
66 0.0 0.0 0.0 0.0 0.0 0.0 0.0 0.0 0.0 0.0 0.0 1000000.0 2000000.0 2000000.0 2000000.0 2000000.0 2000000.0 2000000.0 2000000.0 2000000.0
67 7000000.0 8000000.0 8000000.0 8000000.0 5.8E7 5.8E7 5.8E7 8.4E7 8.6E7 1.35E8 1.37E8 1.37E8 1.57E8 1.78E8 1.85E8 1.85E8 1.86E8 1.86E8 1.87E8 1.87E8
68 0.0 0.0 0.0 0.0 0.0 0.0 0.0 0.0 0.0 1000000.0 1000000.0 1000000.0 1000000.0 1000000.0 1000000.0 2000000.0 2000000.0 2000000.0 2000000.0 3000000.0
69 8000000.0 1.1E7 1.1E7 4.3E7 6.0E7 6.1E7 6.2E7 6.2E7 1.11E8 1.28E8 1.37E8 1.38E8 1.46E8 1.74E8 1.82E8 1.95E8 1.95E8 1.95E8 2.28E8 2.31E8
70 0.0 0.0 0.0 0.0 0.0 0.0 0.0 0.0 0.0 0.0 1000000.0 3000000.0 3000000.0 3000000.0 3000000.0 3000000.0 3000000.0 3000000.0 4000000.0 4000000.0
71 0.0 0.0 0.0 0.0 0.0 0.0 0.0 0.0 0.0 0.0 0.0 0.0 1000000.0 1000000.0 1000000.0 1000000.0 1000000.0 1000000.0 2000000.0 2000000.0
72 8000000.0 8000000.0 2.8E7 4.2E7 6.1E7 6.2E7 6.2E7 7.9E7 1.09E8 1.32E8 1.37E8 1.41E8 1.54E8 1.75E8 1.79E8 1.79E8 2.01E8 2.03E8 2.07E8 2.07E8
73 0.0 0.0 0.0 0.0 0.0 0.0 1000000.0 1000000.0 1000000.0 1000000.0 1000000.0 1000000.0 1000000.0 1000000.0 1000000.0 1000000.0 1000000.0 2000000.0 2000000.0 2000000.0
74 0.0 0.0 0.0 0.0 0.0 1000000.0 1000000.0 1000000.0 2000000.0 2000000.0 2000000.0 2000000.0 2000000.0 2000000.0 2000000.0 2000000.0 2000000.0 3000000.0 3000000.0 3000000.0
75 0.0 1000000.0 2000000.0 2000000.0 2000000.0 2000000.0 2000000.0 2000000.0 2000000.0 2000000.0 2000000.0 2000000.0 2000000.0 3000000.0 3000000.0 3000000.0 3000000.0 3000000.0 3000000.0 3000000.0
76 8000000.0 1.0E7 3.1E7 4.5E7 6.2E7 6.4E7 6.4E7 8.0E7 1.13E8 1.35E8 1.4E8 1.4E8 1.48E8 1.78E8 1.91E8 1.97E8 1.97E8 1.97E8 2.32E8 2.39E8
77 3000000.0 3000000.0 3.1E7 4.3E7 6.0E7 6.2E7 7.0E7 7.0E7 1.11E8 1.33E8 1.37E8 1.38E8 1.45E8 1.75E8 1.87E8 1.87E8 1.98E8 1.98E8 2.0E8 2.37E8
78 0.0 0.0 0.0 0.0 0.0 0.0 0.0 0.0 0.0 0.0 0.0 0.0 0.0 0.0 0.0 0.0 0.0 0.0 0.0 0.0
79 2000000.0 2000000.0 2000000.0 3000000.0 3000000.0 3000000.0 3000000.0 3000000.0 3000000.0 3000000.0 3000000.0 3000000.0 3000000.0 3000000.0 3000000.0 3000000.0 4000000.0 5000000.0 5000000.0 5000000.0
80 0.0 0.0 0.0 0.0 0.0 0.0 0.0 0.0 0.0 0.0 0.0 0.0 1000000.0 1000000.0 1000000.0 1000000.0 1000000.0 1000000.0 1000000.0 1000000.0
81 1000000.0 1.0E7 3.1E7 4.4E7 6.1E7 6.2E7 6.3E7 7.9E7 1.11E8 1.31E8 1.37E8 1.37E8 1.46E8 1.76E8 1.86E8 1.98E8 1.98E8 1.98E8 2.33E8 2.36E8
82 8000000.0 1.1E7 3.1E7 4.3E7 5.2E7 5.2E7 5.2E7 5.5E7 5.5E7 1.31E8 1.32E8 1.32E8 1.32E8 1.32E8 1.32E8 1.32E8 1.32E8 1.32E8 2.32E8 2.34E8
83 0.0 1000000.0 1000000.0 1000000.0 2000000.0 3000000.0 3000000.0 4000000.0 4000000.0 4000000.0 5000000.0 5000000.0 5000000.0 5000000.0 5000000.0 5000000.0 5000000.0 5000000.0 5000000.0 5000000.0
84 0.0 0.0 0.0 0.0 0.0 0.0 0.0 0.0 0.0 0.0 0.0 1000000.0 1000000.0 1000000.0 1000000.0 1000000.0 1000000.0 2000000.0 2000000.0 3000000.0
85 0.0 0.0 0.0 0.0 0.0 0.0 0.0 0.0 0.0 0.0 1000000.0 1000000.0 1000000.0 1000000.0 2000000.0 2000000.0 2000000.0 2000000.0 2000000.0 2000000.0
86 8000000.0 8000000.0 9000000.0 4.4E7 6.0E7 6.2E7 6.3E7 7.5E7 1.11E8 1.31E8 1.38E8 1.38E8 1.38E8 1.39E8 1.4E8 1.4E8 1.4E8 1.4E8 1.4E8 1.4E8
87 8000000.0 1.0E7 3.1E7 4.5E7 6.1E7 6.1E7 7.0E7 7.1E7 1.12E8 1.34E8 1.39E8 1.43E8 1.56E8 1.71E8 1.71E8 1.71E8 1.71E8 1.71E8 1.71E8 1.71E8
88 0.0 0.0 0.0 0.0 0.0 0.0 0.0 0.0 0.0 0.0 0.0 0.0 0.0 0.0 0.0 0.0 0.0 0.0 0.0 0.0
89 2000000.0 2000000.0 2000000.0 2000000.0 2000000.0 2000000.0 2000000.0 2000000.0 2000000.0 2000000.0 2000000.0 3000000.0 4000000.0 5000000.0 5000000.0 5000000.0 5000000.0 6000000.0 6000000.0 6000000.0
90 0.0 0.0 0.0 0.0 0.0 0.0 0.0 0.0 0.0 1000000.0 1000000.0 1000000.0 1000000.0 1000000.0 1000000.0 1000000.0 1000000.0 1000000.0 1000000.0 1000000.0
91 1000000.0 1000000.0 1000000.0 1000000.0 1000000.0 2000000.0 2000000.0 2000000.0 2000000.0 3000000.0 3000000.0 4000000.0 4000000.0 4000000.0 4000000.0 4000000.0 4000000.0 4000000.0 4000000.0 4000000.0
92 0.0 0.0 0.0 0.0 0.0 0.0 0.0 0.0 0.0 0.0 0.0 0.0 0.0 1000000.0 1000000.0 1000000.0 1000000.0 1000000.0 1000000.0 1000000.0
93 1000000.0 1000000.0 2000000.0 2000000.0 2000000.0 3000000.0 3000000.0 3000000.0 3000000.0 3000000.0 3000000.0 3000000.0 4000000.0 4000000.0 4000000.0 4000000.0 4000000.0 4000000.0 4000000.0 4000000.0
94 0.0 0.0 0.0 1000000.0 1000000.0 1000000.0 1000000.0 1000000.0 1000000.0 1000000.0 1000000.0 1000000.0 1000000.0 1000000.0 1000000.0 1000000.0 2000000.0 2000000.0 2000000.0 2000000.0
95 2000000.0 2000000.0 2000000.0 4.5E7 6.2E7 6.4E7 7.2E7 7.2E7 1.05E8 1.05E8 1.05E8 1.06E8 1.06E8 1.06E8 1.06E8 1.06E8 1.06E8 1.06E8 1.06E8 1.06E8
96 1000000.0 1000000.0 1000000.0 1000000.0 1000000.0 1000000.0 2000000.0 2000000.0 2000000.0 2000000.0 2000000.0 2000000.0 2000000.0 2000000.0 2000000.0 2000000.0 2000000.0 2000000.0 2000000.0 2000000.0
97 0.0 0.0 1000000.0 1000000.0 1000000.0 1000000.0 1000000.0 1000000.0 1000000.0 1000000.0 1000000.0 1000000.0 2000000.0 4000000.0 4000000.0 5000000.0 5000000.0 5000000.0 5000000.0 5000000.0
