0 3351
1 1981
2 4463
3 3280
4 2962
5 2675
6 762
7 1050
8 1527
9 2865
10 545
11 435
12 4370
13 4082
14 2319
15 4023
16 3450
17 976
18 676
19 1394
20 1350
21 2371
22 2489
23 3022
24 3230
25 3093
26 2433
27 2930
28 1996
29 2814
30 3280
31 4084
32 2386
33 2634
34 2410
35 2738
36 2826
37 3207
38 2585
39 3486
40 2590
41 2130
42 4114
43 3607
44 2965
45 2627
46 3218
47 3968
48 3119
49 3943
50 4116
51 3639
52 4257
53 3048
54 1892
55 3720
56 3354
57 3780
58 2782
59 5381
60 3591
61 2391
62 1495
63 3542
64 2375
65 5047
66 3276
67 1991
68 1388
69 3979
70 3167
71 4673
72 3604
73 4763
74 4496
75 4970
76 5464
77 5266
78 5058
79 3919
80 4184
81 5285
82 1441
83 5446
84 2749
85 4152
86 4107
87 5653
88 5244
89 5120
90 4186
91 2014
92 5284
93 1844
94 4158
95 2371
96 657
97 3952
