0 3350
1 1980
2 4463
3 3279
4 2958
5 2675
6 762
7 1051
8 1528
9 2872
10 545
11 435
12 4372
13 4084
14 2319
15 4024
16 3452
17 976
18 676
19 1394
20 1350
21 2372
22 2488
23 3023
24 3229
25 3093
26 2433
27 2931
28 1998
29 2813
30 3280
31 4086
32 2387
33 2635
34 2412
35 2744
36 2825
37 3206
38 2585
39 3489
40 2590
41 2130
42 4113
43 3606
44 2966
45 2626
46 3216
47 3971
48 3119
49 3946
50 4118
51 3639
52 4256
53 3048
54 1893
55 3727
56 3356
57 3778
58 2783
59 5384
60 3592
61 2390
62 1495
63 3544
64 2375
65 5045
66 3276
67 1992
68 1388
69 3979
70 3167
71 4673
72 3603
73 4765
74 4496
75 4973
76 5467
77 5271
78 5057
79 3919
80 4184
81 5285
82 1441
83 5445
84 2749
85 4152
86 4109
87 5653
88 5246
89 5119
90 4186
91 2013
92 5285
93 1843
94 4157
95 2371
96 657
97 3953
