records: 20
      Record Time
Host  UsedBuffer

  16870.0 33740.0 50610.0 67480.0 84350.0 101220.0 118090.0 134960.0 151830.0 168700.0 185570.0 202440.0 219310.0 236180.0 253050.0 269920.0 286790.0 303660.0 320530.0 337400.0
0 8000000.0 1.3E7 3.0E7 4.8E7 6.5E7 7.4E7 8.1E7 8.9E7 1.16E8 1.38E8 1.47E8 1.51E8 1.54E8 1.81E8 1.91E8 1.97E8 1.97E8 2.1E8 2.38E8 2.41E8
1 0.0 1000000.0 1000000.0 2000000.0 2000000.0 3000000.0 3000000.0 3000000.0 3000000.0 3000000.0 4000000.0 4000000.0 4000000.0 4000000.0 4000000.0 4000000.0 4000000.0 4000000.0 4000000.0 4000000.0
2 8000000.0 1.4E7 3.3E7 4.7E7 6.3E7 7.3E7 8.0E7 8.8E7 1.15E8 1.35E8 1.45E8 1.48E8 1.5E8 1.77E8 1.88E8 1.9E8 2.0E8 2.1E8 2.36E8 2.39E8
3 0.0 0.0 0.0 0.0 0.0 0.0 1000000.0 1000000.0 1000000.0 1000000.0 1000000.0 1000000.0 1000000.0 1000000.0 1000000.0 2000000.0 2000000.0 2000000.0 2000000.0 2000000.0
4 7000000.0 1.2E7 2.9E7 4.7E7 6.4E7 7.4E7 8.1E7 8.9E7 1.16E8 1.38E8 1.48E8 1.51E8 1.54E8 1.8E8 1.91E8 1.95E8 2.0E8 2.13E8 2.39E8 2.42E8
5 0.0 0.0 0.0 4.6E7 6.5E7 7.0E7 7.9E7 7.9E7 8.0E7 1.38E8 1.42E8 1.44E8 1.44E8 1.77E8 1.91E8 1.93E8 1.93E8 2.04E8 2.36E8 2.38E8
6 0.0 0.0 0.0 4.7E7 6.0E7 6.9E7 6.9E7 8.3E7 1.14E8 1.37E8 1.39E8 1.39E8 1.51E8 1.79E8 1.87E8 1.9E8 1.99E8 1.99E8 2.31E8 2.31E8
7 0.0 0.0 1000000.0 1000000.0 1000000.0 1000000.0 1000000.0 1000000.0 1000000.0 1000000.0 1000000.0 1000000.0 1000000.0 1000000.0 1000000.0 1000000.0 2000000.0 2000000.0 2000000.0 3000000.0
8 0.0 0.0 0.0 0.0 0.0 0.0 0.0 0.0 0.0 0.0 0.0 0.0 0.0 0.0 0.0 0.0 0.0 1000000.0 1000000.0 1000000.0
9 0.0 1000000.0 1000000.0 1000000.0 1000000.0 1000000.0 2000000.0 2000000.0 2000000.0 2000000.0 2000000.0 2000000.0 2000000.0 3000000.0 3000000.0 4000000.0 4000000.0 4000000.0 4000000.0 5000000.0
10 0.0 0.0 3.3E7 3.3E7 6.4E7 6.4E7 6.5E7 8.8E7 1.1E8 1.37E8 1.38E8 1.38E8 1.4E8 1.78E8 1.91E8 1.91E8 1.91E8 2.08E8 2.36E8 2.4E8
11 0.0 0.0 0.0 5000000.0 5.7E7 6.0E7 7.4E7 7.4E7 7.5E7 1.35E8 1.37E8 1.37E8 1.42E8 1.77E8 1.87E8 1.89E8 1.89E8 2.04E8 2.36E8 2.36E8
12 0.0 0.0 0.0 0.0 0.0 0.0 0.0 0.0 0.0 0.0 0.0 0.0 0.0 0.0 0.0 0.0 1000000.0 1000000.0 1000000.0 2000000.0
13 8000000.0 1.4E7 3.3E7 4.8E7 6.3E7 7.3E7 8.0E7 8.8E7 1.15E8 1.36E8 1.46E8 1.49E8 1.51E8 1.77E8 1.77E8 1.77E8 1.77E8 1.78E8 1.78E8 1.78E8
14 0.0 0.0 0.0 0.0 1000000.0 1000000.0 1000000.0 1000000.0 2000000.0 2000000.0 2000000.0 2000000.0 2000000.0 2000000.0 3000000.0 3000000.0 3000000.0 4000000.0 4000000.0 4000000.0
15 8000000.0 1.4E7 3.3E7 4.8E7 6.6E7 7.5E7 8.2E7 9.0E7 1.18E8 1.39E8 1.49E8 1.52E8 1.54E8 1.81E8 1.91E8 1.93E8 2.03E8 2.1E8 2.4E8 2.41E8
16 0.0 0.0 0.0 0.0 0.0 0.0 0.0 0.0 0.0 0.0 0.0 0.0 0.0 0.0 0.0 0.0 0.0 0.0 0.0 0.0
17 1000000.0 1000000.0 1000000.0 2000000.0 2000000.0 2000000.0 2000000.0 2000000.0 2000000.0 2000000.0 2000000.0 3000000.0 3000000.0 3000000.0 3000000.0 3000000.0 3000000.0 3000000.0 4000000.0 4000000.0
18 0.0 0.0 0.0 1000000.0 1000000.0 1000000.0 1000000.0 1000000.0 1000000.0 2000000.0 2000000.0 2000000.0 2000000.0 2000000.0 3000000.0 3000000.0 3000000.0 3000000.0 3000000.0 3000000.0
19 0.0 0.0 0.0 0.0 0.0 0.0 1000000.0 3000000.0 3000000.0 3000000.0 3000000.0 3000000.0 3000000.0 3000000.0 3000000.0 3000000.0 3000000.0 3000000.0 3000000.0 3000000.0
20 8000000.0 8000000.0 8000000.0 8000000.0 6.0E7 6.0E7 6.1E7 6.1E7 1.01E8 1.32E8 1.32E8 1.33E8 1.33E8 1.34E8 1.9E8 1.9E8 1.9E8 1.9E8 2.32E8 2.38E8
21 0.0 0.0 0.0 0.0 0.0 0.0 0.0 2000000.0 2000000.0 2000000.0 2000000.0 2000000.0 2000000.0 2000000.0 2000000.0 2000000.0 2000000.0 2000000.0 2000000.0 2000000.0
22 0.0 0.0 0.0 0.0 0.0 0.0 0.0 0.0 0.0 0.0 0.0 0.0 0.0 0.0 1000000.0 1000000.0 2000000.0 2000000.0 2000000.0 2000000.0
23 0.0 2000000.0 3000000.0 3000000.0 3000000.0 3000000.0 3000000.0 3000000.0 3000000.0 3000000.0 3000000.0 4000000.0 4000000.0 4000000.0 4000000.0 4000000.0 4000000.0 4000000.0 4000000.0 4000000.0
24 0.0 0.0 1000000.0 2000000.0 2000000.0 2000000.0 2000000.0 2000000.0 2000000.0 2000000.0 2000000.0 2000000.0 2000000.0 2000000.0 2000000.0 2000000.0 2000000.0 3000000.0 3000000.0 3000000.0
25 0.0 0.0 0.0 0.0 1000000.0 1000000.0 1000000.0 1000000.0 1000000.0 2000000.0 2000000.0 2000000.0 2000000.0 3000000.0 3000000.0 4000000.0 4000000.0 4000000.0 4000000.0 4000000.0
26 9000000.0 1.2E7 3.3E7 4.8E7 6.5E7 7.3E7 7.6E7 7.6E7 1.17E8 1.38E8 1.38E8 1.38E8 1.46E8 1.8E8 1.86E8 1.86E8 1.86E8 1.86E8 1.86E8 1.86E8
27 8000000.0 1.4E7 1.4E7 2.2E7 6.5E7 7.3E7 7.5E7 8.6E7 1.11E8 1.34E8 1.44E8 1.47E8 1.53E8 1.57E8 1.84E8 1.84E8 1.84E8 1.84E8 1.84E8 1.84E8
28 0.0 0.0 0.0 0.0 0.0 0.0 0.0 0.0 1000000.0 1000000.0 1000000.0 1000000.0 1000000.0 1000000.0 2000000.0 2000000.0 2000000.0 2000000.0 3000000.0 3000000.0
29 0.0 0.0 0.0 0.0 0.0 0.0 0.0 0.0 0.0 0.0 0.0 0.0 0.0 0.0 0.0 0.0 0.0 0.0 1000000.0 2000000.0
30 6000000.0 1.2E7 2.8E7 4.6E7 4.6E7 4.6E7 8.1E7 8.2E7 1.16E8 1.37E8 1.43E8 1.5E8 1.5E8 1.8E8 1.9E8 1.91E8 2.0E8 2.0E8 2.0E8 2.41E8
31 8000000.0 1.4E7 3.2E7 4.7E7 5.7E7 6.2E7 6.3E7 6.4E7 1.15E8 1.34E8 1.4E8 1.43E8 1.43E8 1.76E8 1.84E8 1.87E8 1.87E8 1.88E8 2.33E8 2.35E8
32 0.0 0.0 0.0 0.0 0.0 0.0 0.0 1000000.0 1000000.0 1000000.0 1000000.0 1000000.0 2000000.0 2000000.0 3000000.0 3000000.0 3000000.0 3000000.0 4000000.0 4000000.0
33 2000000.0 1.3E7 3.3E7 4.8E7 5.0E7 5.1E7 5.1E7 5.4E7 1.18E8 1.38E8 1.44E8 1.44E8 1.45E8 1.45E8 1.46E8 1.46E8 1.47E8 1.47E8 1.47E8 1.47E8
34 0.0 0.0 0.0 0.0 0.0 0.0 1000000.0 1000000.0 3000000.0 3000000.0 3000000.0 3000000.0 3000000.0 3000000.0 3000000.0 3000000.0 3000000.0 3000000.0 3000000.0 3000000.0
35 0.0 0.0 1000000.0 1000000.0 2000000.0 2000000.0 2000000.0 2000000.0 3000000.0 3000000.0 4000000.0 4000000.0 5000000.0 5000000.0 5000000.0 5000000.0 5000000.0 5000000.0 5000000.0 5000000.0
36 0.0 1000000.0 1000000.0 1000000.0 1000000.0 2000000.0 2000000.0 2000000.0 2000000.0 3000000.0 3000000.0 3000000.0 3000000.0 3000000.0 4000000.0 4000000.0 5000000.0 5000000.0 6000000.0 6000000.0
37 2000000.0 1.6E7 3.3E7 4.8E7 6.5E7 7.3E7 8.2E7 8.5E7 1.18E8 1.39E8 1.44E8 1.44E8 1.53E8 1.79E8 1.85E8 1.98E8 2.0E8 2.1E8 2.37E8 2.39E8
38 0.0 0.0 0.0 1000000.0 1000000.0 1000000.0 1000000.0 1000000.0 1000000.0 1000000.0 1000000.0 1000000.0 2000000.0 2000000.0 2000000.0 2000000.0 3000000.0 3000000.0 3000000.0 3000000.0
39 7000000.0 1.5E7 3.2E7 4.8E7 6.3E7 7.2E7 7.5E7 8.7E7 1.18E8 1.38E8 1.44E8 1.44E8 1.44E8 1.45E8 1.85E8 1.99E8 1.99E8 2.08E8 2.37E8 2.39E8
40 2000000.0 2000000.0 3.3E7 3.9E7 5.8E7 5.8E7 5.9E7 8.7E7 1.19E8 1.39E8 1.46E8 1.46E8 1.46E8 1.81E8 1.91E8 1.93E8 1.94E8 2.03E8 2.39E8 2.42E8
41 8000000.0 1.1E7 3.1E7 3.2E7 3.2E7 4.6E7 4.6E7 5.0E7 1.17E8 1.37E8 1.39E8 1.39E8 1.52E8 1.8E8 1.83E8 1.83E8 1.83E8 2.12E8 2.38E8 2.42E8
42 9000000.0 1.3E7 3.3E7 4.4E7 6.6E7 7.4E7 7.5E7 8.7E7 1.17E8 1.37E8 1.44E8 1.44E8 1.44E8 1.8E8 1.9E8 1.91E8 1.93E8 2.06E8 2.38E8 2.42E8
43 1000000.0 1000000.0 1000000.0 2000000.0 2000000.0 2000000.0 2000000.0 2000000.0 2000000.0 3000000.0 3000000.0 3000000.0 3000000.0 3000000.0 3000000.0 5000000.0 5000000.0 5000000.0 6000000.0 6000000.0
44 0.0 0.0 1000000.0 1000000.0 1000000.0 1000000.0 1000000.0 1000000.0 1000000.0 1000000.0 1000000.0 1000000.0 1000000.0 1000000.0 1000000.0 1000000.0 1000000.0 1000000.0 1000000.0 1000000.0
45 2000000.0 3000000.0 3000000.0 4000000.0 6.5E7 7.0E7 7.1E7 8.3E7 1.17E8 1.38E8 1.47E8 1.51E8 1.53E8 1.81E8 1.87E8 1.98E8 1.99E8 2.04E8 2.36E8 2.38E8
46 0.0 0.0 1000000.0 1000000.0 1000000.0 1000000.0 1000000.0 1000000.0 1000000.0 1000000.0 2000000.0 2000000.0 2000000.0 2000000.0 2000000.0 2000000.0 2000000.0 2000000.0 2000000.0 2000000.0
47 0.0 0.0 0.0 0.0 0.0 0.0 0.0 0.0 0.0 0.0 0.0 0.0 0.0 0.0 0.0 0.0 0.0 0.0 0.0 0.0
48 0.0 0.0 0.0 0.0 1000000.0 1000000.0 1000000.0 1000000.0 1000000.0 1000000.0 1000000.0 1000000.0 1000000.0 2000000.0 2000000.0 2000000.0 2000000.0 2000000.0 2000000.0 2000000.0
49 8000000.0 1.5E7 3.3E7 4.7E7 6.4E7 7.2E7 7.5E7 8.6E7 1.18E8 1.38E8 1.44E8 1.48E8 1.48E8 1.81E8 1.91E8 2.0E8 2.0E8 2.0E8 2.37E8 2.42E8
50 0.0 1000000.0 1000000.0 1000000.0 2000000.0 2000000.0 3000000.0 3000000.0 3000000.0 3000000.0 3000000.0 3000000.0 4000000.0 4000000.0 4000000.0 4000000.0 4000000.0 4000000.0 4000000.0 4000000.0
51 8000000.0 1.5E7 3.2E7 4.7E7 6.3E7 6.8E7 7.0E7 7.2E7 1.17E8 1.35E8 1.35E8 1.35E8 1.37E8 1.79E8 1.88E8 1.98E8 2.0E8 2.03E8 2.35E8 2.37E8
52 0.0 0.0 1000000.0 1000000.0 2000000.0 2000000.0 2000000.0 2000000.0 2000000.0 3000000.0 3000000.0 3000000.0 3000000.0 3000000.0 4000000.0 4000000.0 4000000.0 5000000.0 5000000.0 6000000.0
53 1000000.0 1000000.0 1000000.0 1000000.0 3000000.0 3000000.0 3000000.0 3000000.0 3000000.0 3000000.0 3000000.0 5000000.0 5000000.0 5000000.0 6000000.0 6000000.0 6000000.0 6000000.0 6000000.0 6000000.0
54 6000000.0 1.2E7 3.3E7 4.8E7 6.5E7 6.8E7 6.9E7 8.5E7 1.17E8 1.25E8 1.25E8 1.45E8 1.53E8 1.79E8 1.84E8 1.85E8 1.85E8 2.09E8 2.35E8 2.38E8
55 8000000.0 1.3E7 1.3E7 4.9E7 6.3E7 7.2E7 8.1E7 8.1E7 1.17E8 1.37E8 1.45E8 1.48E8 1.48E8 1.78E8 1.87E8 1.96E8 1.98E8 2.01E8 2.34E8 2.37E8
56 8000000.0 1.6E7 3.3E7 4.8E7 6.4E7 7.2E7 7.6E7 7.6E7 7.6E7 7.6E7 8.3E7 8.3E7 8.3E7 1.76E8 1.88E8 1.95E8 1.97E8 1.97E8 2.3E8 2.3E8
57 6000000.0 1.3E7 3.3E7 4.4E7 4.4E7 7.1E7 7.2E7 8.6E7 1.18E8 1.38E8 1.44E8 1.48E8 1.48E8 1.81E8 1.91E8 1.98E8 1.98E8 2.15E8 2.36E8 2.39E8
58 0.0 0.0 0.0 0.0 0.0 0.0 0.0 0.0 0.0 0.0 1000000.0 1000000.0 1000000.0 1000000.0 1000000.0 1000000.0 2000000.0 2000000.0 3000000.0 3000000.0
59 0.0 0.0 1000000.0 1000000.0 2000000.0 2000000.0 2000000.0 2000000.0 2000000.0 2000000.0 2000000.0 2000000.0 3000000.0 3000000.0 3000000.0 3000000.0 4000000.0 4000000.0 4000000.0 4000000.0
60 0.0 0.0 0.0 1000000.0 1000000.0 2000000.0 2000000.0 2000000.0 2000000.0 2000000.0 2000000.0 2000000.0 2000000.0 3000000.0 3000000.0 3000000.0 3000000.0 3000000.0 3000000.0 3000000.0
61 1000000.0 1000000.0 1000000.0 1000000.0 1000000.0 1000000.0 1000000.0 1000000.0 1000000.0 1000000.0 1000000.0 1000000.0 1000000.0 1000000.0 1000000.0 1000000.0 1000000.0 1000000.0 1000000.0 1000000.0
62 9000000.0 1.1E7 3.3E7 4.8E7 5.9E7 5.9E7 6.0E7 8.4E7 1.17E8 1.38E8 1.43E8 1.45E8 1.53E8 1.8E8 1.86E8 1.86E8 1.86E8 1.86E8 2.36E8 2.39E8
63 9000000.0 9000000.0 1.0E7 1.0E7 6.5E7 7.5E7 8.1E7 8.4E7 1.17E8 1.38E8 1.45E8 1.51E8 1.51E8 1.81E8 1.91E8 1.92E8 1.92E8 1.92E8 2.39E8 2.43E8
64 0.0 0.0 0.0 0.0 0.0 0.0 0.0 0.0 0.0 0.0 0.0 0.0 0.0 0.0 0.0 0.0 1000000.0 2000000.0 2000000.0 3000000.0
65 1.0E7 1.3E7 3.3E7 4.8E7 6.5E7 7.0E7 8.2E7 8.4E7 1.19E8 1.38E8 1.45E8 1.51E8 1.53E8 1.81E8 1.88E8 1.91E8 1.91E8 1.91E8 1.92E8 1.99E8
66 0.0 0.0 0.0 0.0 0.0 0.0 0.0 0.0 0.0 0.0 0.0 1000000.0 2000000.0 2000000.0 2000000.0 2000000.0 2000000.0 2000000.0 2000000.0 2000000.0
67 0.0 1000000.0 1000000.0 1000000.0 1000000.0 1000000.0 1000000.0 1000000.0 2000000.0 2000000.0 2000000.0 2000000.0 2000000.0 2000000.0 2000000.0 2000000.0 3000000.0 3000000.0 4000000.0 4000000.0
68 0.0 0.0 0.0 0.0 0.0 0.0 0.0 0.0 0.0 1000000.0 1000000.0 1000000.0 1000000.0 1000000.0 1000000.0 2000000.0 2000000.0 2000000.0 2000000.0 3000000.0
69 0.0 0.0 0.0 0.0 0.0 0.0 1000000.0 1000000.0 1000000.0 1000000.0 1000000.0 1000000.0 1000000.0 1000000.0 2000000.0 2000000.0 2000000.0 2000000.0 2000000.0 2000000.0
70 0.0 0.0 0.0 0.0 0.0 0.0 0.0 0.0 0.0 0.0 1000000.0 3000000.0 3000000.0 3000000.0 3000000.0 3000000.0 3000000.0 3000000.0 4000000.0 4000000.0
71 8000000.0 1.3E7 2.0E7 4.8E7 6.5E7 7.1E7 7.5E7 8.7E7 1.17E8 1.38E8 1.45E8 1.48E8 1.54E8 1.78E8 1.85E8 1.92E8 1.92E8 2.11E8 2.32E8 2.32E8
72 0.0 0.0 0.0 0.0 0.0 0.0 0.0 2000000.0 2000000.0 4000000.0 4000000.0 4000000.0 4000000.0 4000000.0 4000000.0 4000000.0 4000000.0 4000000.0 4000000.0 4000000.0
73 0.0 0.0 0.0 0.0 0.0 0.0 1000000.0 1000000.0 1000000.0 1000000.0 1000000.0 1000000.0 1000000.0 1000000.0 1000000.0 1000000.0 1000000.0 2000000.0 2000000.0 2000000.0
74 0.0 0.0 0.0 0.0 0.0 1000000.0 1000000.0 1000000.0 2000000.0 2000000.0 2000000.0 2000000.0 2000000.0 2000000.0 2000000.0 2000000.0 2000000.0 3000000.0 3000000.0 3000000.0
75 0.0 1000000.0 2000000.0 2000000.0 2000000.0 2000000.0 2000000.0 2000000.0 2000000.0 2000000.0 2000000.0 2000000.0 2000000.0 3000000.0 3000000.0 3000000.0 3000000.0 3000000.0 3000000.0 3000000.0
76 0.0 0.0 0.0 0.0 0.0 0.0 0.0 0.0 0.0 0.0 0.0 0.0 0.0 0.0 0.0 0.0 0.0 0.0 0.0 0.0
77 3000000.0 1.4E7 3.3E7 4.6E7 6.3E7 6.8E7 8.0E7 8.2E7 1.17E8 1.37E8 1.43E8 1.49E8 1.51E8 1.79E8 1.89E8 1.89E8 1.98E8 1.98E8 2.0E8 2.41E8
78 9000000.0 1.4E7 3.3E7 4.8E7 6.5E7 7.1E7 8.0E7 8.1E7 1.19E8 1.36E8 1.44E8 1.44E8 1.45E8 1.77E8 1.86E8 1.86E8 1.86E8 1.86E8 2.27E8 2.27E8
79 2000000.0 2000000.0 2000000.0 3000000.0 3000000.0 3000000.0 3000000.0 3000000.0 3000000.0 3000000.0 3000000.0 3000000.0 3000000.0 3000000.0 3000000.0 3000000.0 4000000.0 5000000.0 5000000.0 5000000.0
80 0.0 0.0 0.0 0.0 0.0 0.0 0.0 0.0 0.0 0.0 0.0 0.0 1000000.0 1000000.0 1000000.0 1000000.0 1000000.0 1000000.0 1000000.0 1000000.0
81 0.0 0.0 0.0 0.0 0.0 0.0 0.0 0.0 0.0 0.0 0.0 0.0 0.0 0.0 0.0 0.0 0.0 0.0 0.0 0.0
82 8000000.0 1.3E7 3.3E7 4.9E7 5.5E7 5.5E7 5.5E7 5.8E7 5.8E7 1.35E8 1.38E8 1.38E8 1.38E8 1.44E8 1.83E8 1.83E8 1.83E8 1.83E8 2.36E8 2.36E8
83 0.0 1000000.0 1000000.0 1000000.0 2000000.0 3000000.0 3000000.0 4000000.0 4000000.0 4000000.0 5000000.0 5000000.0 5000000.0 5000000.0 5000000.0 5000000.0 5000000.0 5000000.0 5000000.0 5000000.0
84 8000000.0 1.6E7 3.2E7 4.8E7 5.5E7 5.5E7 8.4E7 8.5E7 1.17E8 1.38E8 1.4E8 1.42E8 1.42E8 1.42E8 1.9E8 1.99E8 1.99E8 2.05E8 2.37E8 2.42E8
85 0.0 0.0 0.0 0.0 0.0 0.0 0.0 0.0 0.0 0.0 1000000.0 1000000.0 1000000.0 1000000.0 2000000.0 2000000.0 2000000.0 2000000.0 2000000.0 2000000.0
86 0.0 0.0 1000000.0 1000000.0 1000000.0 1000000.0 2000000.0 2000000.0 2000000.0 2000000.0 2000000.0 2000000.0 2000000.0 3000000.0 4000000.0 4000000.0 4000000.0 4000000.0 4000000.0 4000000.0
87 0.0 0.0 0.0 0.0 0.0 0.0 0.0 1000000.0 1000000.0 1000000.0 1000000.0 1000000.0 1000000.0 1000000.0 1000000.0 1000000.0 1000000.0 1000000.0 1000000.0 1000000.0
88 0.0 0.0 0.0 0.0 0.0 0.0 0.0 0.0 0.0 0.0 0.0 0.0 0.0 0.0 0.0 0.0 0.0 0.0 0.0 0.0
89 9000000.0 1.6E7 3.3E7 4.8E7 6.5E7 7.3E7 8.4E7 9.0E7 1.18E8 1.34E8 1.44E8 1.48E8 1.49E8 1.78E8 1.9E8 1.99E8 1.99E8 2.09E8 2.38E8 2.39E8
90 9000000.0 1.6E7 3.3E7 4.8E7 6.5E7 7.3E7 8.4E7 8.7E7 1.17E8 1.35E8 1.44E8 1.5E8 1.5E8 1.8E8 1.88E8 1.96E8 1.96E8 2.04E8 2.37E8 2.37E8
91 9000000.0 1.3E7 1.3E7 4.2E7 6.4E7 7.2E7 7.2E7 7.2E7 1.16E8 1.29E8 1.29E8 1.3E8 1.3E8 1.3E8 1.3E8 1.3E8 1.3E8 1.3E8 1.3E8 1.3E8
92 0.0 0.0 0.0 0.0 0.0 0.0 0.0 0.0 0.0 0.0 0.0 0.0 0.0 1000000.0 1000000.0 1000000.0 1000000.0 1000000.0 1000000.0 1000000.0
93 1000000.0 1000000.0 2000000.0 2000000.0 2000000.0 3000000.0 3000000.0 3000000.0 3000000.0 3000000.0 3000000.0 3000000.0 4000000.0 4000000.0 4000000.0 4000000.0 4000000.0 4000000.0 4000000.0 4000000.0
94 9000000.0 1.6E7 1.9E7 4.8E7 6.5E7 7.2E7 7.2E7 8.8E7 1.19E8 1.35E8 1.35E8 1.35E8 1.35E8 1.35E8 1.35E8 1.35E8 1.36E8 1.36E8 1.36E8 1.36E8
95 8000000.0 1.4E7 1.4E7 4.8E7 6.5E7 7.0E7 7.1E7 9.0E7 1.06E8 1.06E8 1.06E8 1.07E8 1.07E8 1.07E8 1.07E8 1.07E8 1.07E8 1.07E8 1.07E8 1.07E8
96 1000000.0 1000000.0 1000000.0 1000000.0 1000000.0 1000000.0 2000000.0 2000000.0 2000000.0 2000000.0 2000000.0 2000000.0 2000000.0 2000000.0 2000000.0 2000000.0 2000000.0 2000000.0 2000000.0 2000000.0
97 0.0 0.0 1000000.0 1000000.0 1000000.0 1000000.0 1000000.0 1000000.0 1000000.0 1000000.0 1000000.0 1000000.0 2000000.0 4000000.0 4000000.0 5000000.0 5000000.0 5000000.0 5000000.0 5000000.0
