0 3350
1 1982
2 4464
3 3281
4 2960
5 2678
6 761
7 1050
8 1528
9 2867
10 545
11 435
12 4368
13 4083
14 2319
15 4023
16 3452
17 976
18 676
19 1394
20 1350
21 2371
22 2489
23 3022
24 3230
25 3092
26 2432
27 2930
28 1996
29 2814
30 3281
31 4083
32 2386
33 2634
34 2411
35 2738
36 2828
37 3206
38 2585
39 3486
40 2589
41 2130
42 4115
43 3606
44 2965
45 2627
46 3218
47 3968
48 3118
49 3943
50 4117
51 3639
52 4256
53 3048
54 1891
55 3722
56 3354
57 3780
58 2783
59 5381
60 3592
61 2391
62 1495
63 3542
64 2375
65 5047
66 3276
67 1991
68 1388
69 3980
70 3167
71 4674
72 3604
73 4763
74 4498
75 4969
76 5464
77 5266
78 5061
79 3919
80 4185
81 5285
82 1441
83 5445
84 2749
85 4152
86 4107
87 5653
88 5244
89 5121
90 4187
91 2014
92 5284
93 1844
94 4158
95 2371
96 657
97 3953
