records: 20
      Record Time
Host  UsedBuffer

  49376.0 98752.0 148128.0 197504.0 246880.0 296256.0 345632.0 395008.0 444384.0 493760.0 543136.0 592512.0 641888.0 691264.0 740640.0 790016.0 839392.0 888768.0 938144.0 987520.0
0 4.0E8 8.0E8 -6.94967296E8 -5.94967296E8 -2.94967296E8 1.115098112E9 -6.79869184E8 8.20130816E8 -1.269803776E9 -1.69803776E8 -3.64771072E8 -2.64771072E8 4.40261632E8 6.40261632E8 8.40261632E8 8.40261632E8 8.40261632E8 8.40261632E8 9.40261632E8 1.040261632E9
1 0.0 0.0 1.0E8 1.0E8 1.0E8 1.0E8 2.0E8 3.0E8 4.0E8 4.0E8 4.0E8 5.0E8 6.0E8 7.0E8 7.0E8 7.0E8 9.0E8 9.0E8 1.3E9 1.4E9
2 9.0E8 1.0E9 3.05032704E8 -1.989934592E9 -1.189934592E9 1.415098112E9 -1.479869184E9 -1.87483648E9 -1.769803776E9 -6.69803776E8 -6.4771072E7 2.35228928E8 4.0261632E7 4.0261632E7 -1.54705664E8 3.45294336E8 1.245294336E9 -1.644640256E9 -1.544640256E9 -1.739607552E9
3 4.0E8 4.0E8 -6.94967296E8 -5.94967296E8 -3.94967296E8 1.015098112E9 -9.79869184E8 3.20130816E8 -1.669803776E9 -4.69803776E8 -6.64771072E8 3.5228928E7 1.40261632E8 2.40261632E8 3.40261632E8 4.40261632E8 5.40261632E8 5.40261632E8 5.40261632E8 5.40261632E8
4 5.0E8 1.0E9 4.05032704E8 5.05032704E8 5.10065408E8 9.15098112E8 -1.779869184E9 -1.679869184E9 -1.769803776E9 -7.69803776E8 -3.64771072E8 3.35228928E8 8.40261632E8 9.40261632E8 1.140261632E9 1.240261632E9 1.240261632E9 -1.544640256E9 -1.344640256E9 -1.144640256E9
5 5.0E8 1.1E9 -1.94967296E8 7.05032704E8 6.10065408E8 3.15098112E8 -1.079869184E9 1.820130816E9 -1.669803776E9 -1.669803776E9 -1.669803776E9 2.35228928E8 -3.59738368E8 -1.59738368E8 -9.54705664E8 -9.54705664E8 -7.4967296E8 -1.444640256E9 -1.444640256E9 -1.344640256E9
6 8.0E8 1.0E9 1.05032704E8 -1.989934592E9 8.10065408E8 1.415098112E9 -1.279869184E9 -1.47483648E9 -1.369803776E9 -6.9803776E7 -3.64771072E8 -1.64771072E8 2.40261632E8 2.40261632E8 2.45294336E8 4.45294336E8 -7.4967296E8 -4.44640256E8 -4.44640256E8 -4.44640256E8
7 1.0E8 3.0E8 -8.94967296E8 -8.94967296E8 5032704.0 7.15098112E8 9.15098112E8 -2.07483648E9 -2.07483648E9 -1.77483648E9 1.530196224E9 1.530196224E9 1.630196224E9 1.730196224E9 1.730196224E9 1.830196224E9 1.930196224E9 2.05032704E9 -2.044640256E9 -2.044640256E9
8 4.0E8 5.0E8 6.0E8 6.0E8 6.0E8 5.15098112E8 -1.179869184E9 -2.07483648E9 -1.669803776E9 -1.569803776E9 -2.64771072E8 -1.64771072E8 -1.059738368E9 -1.059738368E9 -1.059738368E9 -9.59738368E8 -6.59738368E8 -5.59738368E8 -5.59738368E8 -4.59738368E8
9 4.0E8 5.0E8 -8.94967296E8 -7.94967296E8 4.10065408E8 1.15098112E8 -9.79869184E8 -7.79869184E8 -1.87483648E9 -1.87483648E9 -4.64771072E8 4.35228928E8 1.40261632E8 1.40261632E8 1.40261632E8 1.40261632E8 1.40261632E8 2.40261632E8 2.40261632E8 3.40261632E8
10 5.0E8 7.0E8 2.05032704E8 2.05032704E8 -1.189934592E9 1.515098112E9 -1.379869184E9 1.120130816E9 -1.369803776E9 -7.69803776E8 -3.64771072E8 -3.64771072E8 7.40261632E8 8.40261632E8 -1.254705664E9 -1.254705664E9 1.945294336E9 -1.244640256E9 -1.144640256E9 -1.044640256E9
11 7.0E8 9.0E8 9.0E8 9.0E8 9.0E8 9.0E8 1.0E9 2.020130816E9 -1.97483648E9 -1.67483648E9 -6.64771072E8 -4.64771072E8 8.40261632E8 8.40261632E8 -1.354705664E9 -1.254705664E9 -1.154705664E9 -5.44640256E8 -5.44640256E8 -5.44640256E8
12 5.0E8 6.0E8 1.9E9 1.9E9 1.10065408E8 1.115098112E9 -1.179869184E9 1.620130816E9 -1.969803776E9 -1.969803776E9 -1.969803776E9 -1.769803776E9 1.630196224E9 1.730196224E9 1.240261632E9 1.540261632E9 -1.04967296E9 -1.844640256E9 -4.4640256E7 -2.139607552E9
13 5.0E8 5.0E8 -9.94967296E8 -8.94967296E8 -8.94967296E8 1.615098112E9 -6.79869184E8 8.20130816E8 -1.569803776E9 -1.569803776E9 -7.64771072E8 -7.64771072E8 7.40261632E8 7.40261632E8 1.45294336E8 2.45294336E8 -1.54967296E9 -1.744640256E9 8.55359744E8 -1.839607552E9
14 4.0E8 5.0E8 -9.94967296E8 -8.94967296E8 5.10065408E8 1.615098112E9 -5.79869184E8 -1.97483648E9 -1.369803776E9 -3.69803776E8 -2.64771072E8 3.35228928E8 6.40261632E8 7.40261632E8 8.40261632E8 1.040261632E9 -1.54967296E9 -1.844640256E9 -1.844640256E9 -1.744640256E9
15 6.0E8 6.0E8 1.5E9 -2.089934592E9 -1.389934592E9 1.315098112E9 -1.479869184E9 2.020130816E9 -1.569803776E9 -4.69803776E8 -4.64771072E8 -3.64771072E8 1.40261632E8 1.40261632E8 2.040261632E9 2.040261632E9 2.040261632E9 -1.544640256E9 -1.544640256E9 -1.544640256E9
16 7.0E8 7.0E8 7.0E8 7.0E8 7.0E8 7.0E8 1.1E9 1.3E9 -1.269803776E9 -1.69803776E8 -3.64771072E8 -2.64771072E8 1.140261632E9 1.240261632E9 4.45294336E8 6.45294336E8 8.45294336E8 -1.044640256E9 6.55359744E8 -1.339607552E9
17 4.0E8 8.0E8 -7.94967296E8 -6.94967296E8 4.10065408E8 1.315098112E9 -1.179869184E9 -2.07483648E9 -1.369803776E9 -1.269803776E9 -2.64771072E8 -2.64771072E8 1.340261632E9 1.540261632E9 7.45294336E8 9.45294336E8 9.45294336E8 -3.44640256E8 1.455359744E9 -1.339607552E9
18 5.0E8 9.0E8 -1.494967296E9 -1.394967296E9 1.805032704E9 8.15098112E8 -4.79869184E8 -1.77483648E9 -1.469803776E9 -1.169803776E9 -6.4771072E7 5.35228928E8 1.240261632E9 1.240261632E9 6.45294336E8 7.45294336E8 -4.4967296E8 -4.4640256E7 1.55359744E8 -1.039607552E9
19 5.0E8 5.0E8 -8.94967296E8 9.05032704E8 5.10065408E8 1.115098112E9 -9.79869184E8 1.720130816E9 -1.669803776E9 -1.469803776E9 -4.64771072E8 4.35228928E8 7.40261632E8 7.40261632E8 -1.654705664E9 -1.654705664E9 3.45294336E8 -1.444640256E9 -5.44640256E8 -1.639607552E9
20 5.0E8 6.0E8 -9.4967296E7 -2.089934592E9 -1.189934592E9 1.615098112E9 -1.079869184E9 -1.17483648E9 -1.169803776E9 -1.69803776E8 -1.64771072E8 -1.64771072E8 1.040261632E9 1.040261632E9 3.45294336E8 8.45294336E8 -2.04967296E9 -1.144640256E9 -1.044640256E9 -1.339607552E9
21 5.0E8 7.0E8 -3.94967296E8 1.705032704E9 -1.389934592E9 1.215098112E9 -1.479869184E9 -1.57483648E9 -1.469803776E9 -1.069803776E9 -5.64771072E8 -5.64771072E8 -2.59738368E8 -2.59738368E8 -2.54705664E8 2.45294336E8 1.545294336E9 -1.744640256E9 -1.444640256E9 -1.939607552E9
22 5.0E8 5.0E8 6.0E8 6.0E8 9.0E8 1.715098112E9 -1.279869184E9 -1.179869184E9 -1.469803776E9 -3.69803776E8 -4.64771072E8 4.35228928E8 8.40261632E8 8.40261632E8 4.5294336E7 4.5294336E7 4.5294336E7 -7.44640256E8 3.55359744E8 -1.839607552E9
23 5.0E8 8.0E8 1.1E9 1.3E9 1.5E9 6.05032704E8 2.115098112E9 6.20130816E8 6.20130816E8 6.20130816E8 6.20130816E8 7.20130816E8 7.20130816E8 7.20130816E8 8.20130816E8 8.20130816E8 9.20130816E8 -1.7483648E8 4.2516352E8 6.2516352E8
24 5.0E8 5.0E8 -4.94967296E8 2.105032704E9 -1.189934592E9 1.215098112E9 -1.579869184E9 -2.07483648E9 -1.669803776E9 -3.69803776E8 -1.364771072E9 -1.364771072E9 4.0261632E7 1.40261632E8 -1.454705664E9 -1.454705664E9 -1.34967296E9 -1.744640256E9 -1.544640256E9 -1.739607552E9
25 6.0E8 8.0E8 1.0E9 1.1E9 2.05032704E8 6.05032704E8 -2.079869184E9 8.20130816E8 -1.7483648E8 -1.7483648E8 -7.483648E7 -7.483648E7 -7.483648E7 2.516352E7 2.516352E7 2.516352E7 2.516352E7 1.2516352E8 7.2516352E8 7.2516352E8
26 0.0 2.0E8 2.0E8 1.805032704E9 -1.289934592E9 1.315098112E9 -1.379869184E9 2.020130816E9 -1.569803776E9 -8.69803776E8 -5.64771072E8 -5.64771072E8 -5.9738368E7 -5.9738368E7 3.45294336E8 5.45294336E8 2.145294336E9 -7.44640256E8 -7.44640256E8 -1.639607552E9
27 8.0E8 8.0E8 -9.4967296E7 -2.089934592E9 -1.389934592E9 3.15098112E8 -1.279869184E9 -1.47483648E9 -1.27483648E9 -1.69803776E8 -3.64771072E8 -1.64771072E8 1.40261632E8 4.40261632E8 -1.254705664E9 6.45294336E8 1.445294336E9 -1.344640256E9 -1.044640256E9 -1.639607552E9
28 6.0E8 7.0E8 -9.94967296E8 -7.94967296E8 -7.94967296E8 5.15098112E8 -1.379869184E9 -1.67483648E9 -1.27483648E9 2.02516352E9 -2.64771072E8 -1.64771072E8 6.40261632E8 8.40261632E8 -1.354705664E9 -1.054705664E9 -1.054705664E9 -6.44640256E8 -4.44640256E8 -2.44640256E8
29 6.0E8 1.0E9 -5.94967296E8 -5.94967296E8 2.05032704E8 5.15098112E8 -1.179869184E9 -1.179869184E9 -1.669803776E9 -1.669803776E9 -3.64771072E8 -3.64771072E8 6.40261632E8 6.40261632E8 -1.354705664E9 -1.354705664E9 2.045294336E9 -1.544640256E9 -4.44640256E8 -1.439607552E9
30 4.0E8 6.0E8 6.0E8 7.0E8 9.0E8 1.1E9 1.3E9 1.3E9 -2.89934592E8 -1.89934592E8 1.515098112E9 1.715098112E9 1.715098112E9 1.715098112E9 1.815098112E9 1.915098112E9 1.915098112E9 -7.483648E7 -7.483648E7 -7.483648E7
31 1.0E9 1.0E9 1.05032704E8 -1.789934592E9 -1.189934592E9 1.315098112E9 -1.379869184E9 -1.57483648E9 -1.769803776E9 -7.69803776E8 -4.64771072E8 -3.64771072E8 -4.59738368E8 -3.59738368E8 -1.854705664E9 1.45294336E8 1.545294336E9 -1.944640256E9 -1.944640256E9 -2.139607552E9
32 2.0E8 2.0E8 2.0E8 4.0E8 6.0E8 7.0E8 7.0E8 8.0E8 9.0E8 1.0E9 1.2E9 1.3E9 1.3E9 1.7E9 1.7E9 1.8E9 1.9E9 2.1E9 -2.094967296E9 -1.994967296E9
33 7.0E8 8.0E8 5.05032704E8 -1.589934592E9 8.10065408E8 1.815098112E9 -1.179869184E9 -1.37483648E9 -1.269803776E9 3.0196224E7 -2.64771072E8 -1.64771072E8 3.40261632E8 3.40261632E8 5.45294336E8 9.45294336E8 -1.74967296E9 -2.44640256E8 -2.44640256E8 -1.339607552E9
34 6.0E8 6.0E8 5032704.0 2.05032704E8 2.05032704E8 2.05032704E8 2.05032704E8 2.05032704E8 2.05032704E8 2.05032704E8 2.05032704E8 3.05032704E8 3.05032704E8 3.05032704E8 3.05032704E8 4.05032704E8 4.05032704E8 6.05032704E8 7.05032704E8 7.05032704E8
35 6.0E8 6.0E8 -2.94967296E8 2.005032704E9 -1.189934592E9 1.315098112E9 -1.379869184E9 -1.57483648E9 -1.369803776E9 -6.9803776E7 -4.64771072E8 -3.64771072E8 1.40261632E8 3.40261632E8 -1.254705664E9 6.45294336E8 2.145294336E9 -1.244640256E9 -1.144640256E9 -1.539607552E9
36 1.0E8 1.0E8 3.0E8 3.0E8 4.0E8 5.0E8 7.0E8 8.0E8 8.0E8 9.0E8 9.0E8 1.1E9 1.1E9 1.2E9 1.3E9 1.3E9 1.4E9 1.4E9 1.4E9 1.4E9
37 2.0E8 6.0E8 6.0E8 -1.094967296E9 -8.94967296E8 -1.94967296E8 -1.94967296E8 2.05032704E8 4.05032704E8 2.005032704E9 -2.089934592E9 -1.889934592E9 -1.289934592E9 -1.189934592E9 -6.89934592E8 -4.89934592E8 -2.89934592E8 -2.89934592E8 -2.89934592E8 -2.89934592E8
38 0.0 3.0E8 3.0E8 4.0E8 8.0E8 9.0E8 9.0E8 1.0E9 1.1E9 1.2E9 1.3E9 1.4E9 1.5E9 1.7E9 1.9E9 2.0E9 2.0E9 2.0E9 2.1E9 2.1E9
39 3.0E8 3.0E8 3.0E8 3.0E8 6.0E8 8.0E8 9.0E8 9.0E8 9.0E8 1.0E9 1.1E9 1.1E9 1.2E9 1.3E9 1.3E9 1.3E9 1.3E9 1.4E9 1.4E9 1.6E9
40 2.0E8 3.0E8 6.0E8 7.0E8 8.0E8 8.0E8 8.0E8 8.0E8 8.0E8 8.0E8 8.0E8 9.0E8 1.0E9 1.0E9 1.1E9 1.1E9 1.2E9 1.4E9 1.5E9 1.6E9
41 2.0E8 3.0E8 4.0E8 6.0E8 6.0E8 7.0E8 9.0E8 1.1E9 1.1E9 1.2E9 1.2E9 1.2E9 1.4E9 1.4E9 1.5E9 1.7E9 1.7E9 1.8E9 1.8E9 1.8E9
42 0.0 1.0E8 1.0E8 4.0E8 4.0E8 4.0E8 4.0E8 5.0E8 6.0E8 6.0E8 8.0E8 9.0E8 9.0E8 1.0E9 1.1E9 1.1E9 1.2E9 1.4E9 1.5E9 1.6E9
43 1.0E8 1.0E8 2.0E8 2.0E8 2.0E8 2.0E8 3.0E8 5.0E8 7.0E8 7.0E8 8.0E8 8.0E8 8.0E8 9.0E8 1.0E9 1.1E9 1.4E9 1.5E9 1.5E9 1.7E9
44 0.0 0.0 0.0 0.0 0.0 1.0E8 2.0E8 2.0E8 3.0E8 3.0E8 4.0E8 5.0E8 5.0E8 6.0E8 8.0E8 9.0E8 1.0E9 1.0E9 1.0E9 1.1E9
45 1.0E8 1.0E8 2.0E8 3.0E8 3.0E8 6.0E8 6.0E8 6.0E8 6.0E8 6.0E8 6.0E8 6.0E8 7.0E8 8.0E8 8.0E8 9.0E8 9.0E8 1.0E9 1.1E9 1.3E9
46 2.0E8 2.0E8 4.0E8 4.0E8 4.0E8 5.0E8 5.0E8 5.0E8 6.0E8 7.0E8 7.0E8 7.0E8 7.0E8 9.0E8 1.1E9 1.1E9 1.2E9 1.3E9 1.3E9 1.3E9
47 0.0 0.0 2.0E8 2.0E8 2.0E8 2.0E8 4.0E8 5.0E8 5.0E8 -1.989934592E9 -1.989934592E9 -1.889934592E9 -1.889934592E9 -1.789934592E9 -1.789934592E9 -1.689934592E9 -1.589934592E9 -1.589934592E9 -1.489934592E9 -1.489934592E9
48 0.0 0.0 1.0E8 2.0E8 2.0E8 3.0E8 4.0E8 4.0E8 4.0E8 5.0E8 5.0E8 5.0E8 5.0E8 6.0E8 6.0E8 6.0E8 7.0E8 8.0E8 8.0E8 9.0E8
49 0.0 1.0E8 2.0E8 2.0E8 2.0E8 2.0E8 3.0E8 3.0E8 3.0E8 4.0E8 4.0E8 5.0E8 8.0E8 1.0E9 1.1E9 1.3E9 1.4E9 1.5E9 1.5E9 1.6E9
50 0.0 3.0E8 4.0E8 7.0E8 7.0E8 8.0E8 1.1E9 1.1E9 1.2E9 1.3E9 1.4E9 1.5E9 1.6E9 1.6E9 1.7E9 1.7E9 1.7E9 1.8E9 1.9E9 2.0E9
51 1.0E8 1.0E8 1.0E8 1.0E8 2.0E8 2.0E8 2.0E8 2.0E8 2.0E8 3.0E8 4.0E8 5.0E8 5.0E8 5.0E8 6.0E8 6.0E8 7.0E8 8.0E8 9.0E8 9.0E8
