records: 20
      Record Time
Host  UsedBuffer

  49376.0 98752.0 148128.0 197504.0 246880.0 296256.0 345632.0 395008.0 444384.0 493760.0 543136.0 592512.0 641888.0 691264.0 740640.0 790016.0 839392.0 888768.0 938144.0 987520.0
0 2.0E8 6.0E8 8.0E8 9.0E8 1.2E9 2.0E9 1.20130816E8 6.20130816E8 2.02516352E9 2.12516352E9 -7.64771072E8 -6.64771072E8 4.40261632E8 6.40261632E8 8.40261632E8 8.40261632E8 8.40261632E8 8.40261632E8 9.40261632E8 1.040261632E9
1 5.0E8 7.0E8 -4.94967296E8 -4.94967296E8 -8.9934592E7 1.15098112E8 -5.79869184E8 4.20130816E8 1.92516352E9 1.92516352E9 -8.64771072E8 -6.4771072E7 -5.9738368E7 4.0261632E7 4.0261632E7 4.0261632E7 2.40261632E8 2.40261632E8 6.40261632E8 7.40261632E8
2 9.0E8 1.0E9 -9.94967296E8 1.905032704E9 -1.989934592E9 1.115098112E9 -1.279869184E9 1.720130816E9 1.62516352E9 -8.69803776E8 -2.64771072E8 3.5228928E7 3.40261632E8 3.40261632E8 -1.454705664E9 -6.54705664E8 6.45294336E8 -5.44640256E8 -4.44640256E8 -9.39607552E8
3 0.0 0.0 1.0E8 2.0E8 2.0E8 2.0E8 2.0E8 2.0E8 2.0E8 3.0E8 3.0E8 5.0E8 6.0E8 7.0E8 8.0E8 9.0E8 1.0E9 1.0E9 1.0E9 1.0E9
4 3.0E8 6.0E8 -3.94967296E8 -2.94967296E8 1.0065408E7 5.15098112E8 5.15098112E8 -2.079869184E9 1.62516352E9 -1.669803776E9 -6.64771072E8 5.35228928E8 2.40261632E8 3.40261632E8 5.40261632E8 6.40261632E8 6.40261632E8 -1.044640256E9 -8.44640256E8 -6.44640256E8
5 3.0E8 7.0E8 -9.94967296E8 1.05032704E8 1.0065408E7 -8.4901888E7 -5.79869184E8 1.720130816E9 1.62516352E9 2.12516352E9 2.12516352E9 4.35228928E8 -1.59738368E8 4.0261632E7 -1.154705664E9 -1.154705664E9 -1.54967296E9 -9.44640256E8 -9.44640256E8 -8.44640256E8
6 1.0E8 3.0E8 4.0E8 5.0E8 5.0E8 6.0E8 7.0E8 8.0E8 8.0E8 1.0E9 1.3E9 1.5E9 1.6E9 1.6E9 1.6E9 1.8E9 1.8E9 1.9E9 1.9E9 1.9E9
7 1.0E8 3.0E8 4.0E8 4.0E8 5.0E8 6.0E8 8.0E8 9.0E8 9.0E8 1.2E9 1.2E9 1.2E9 1.3E9 1.4E9 1.4E9 1.5E9 1.6E9 1.6E9 1.8E9 1.8E9
8 3.0E8 4.0E8 5.0E8 5.0E8 5.0E8 -7.84901888E8 -6.84901888E8 2.120130816E9 1.62516352E9 1.72516352E9 -5.64771072E8 -4.64771072E8 -1.359738368E9 -1.359738368E9 -1.359738368E9 -1.259738368E9 -9.59738368E8 -8.59738368E8 -8.59738368E8 -7.59738368E8
9 2.0E8 3.0E8 6.0E8 7.0E8 -1.89934592E8 -1.84901888E8 -6.79869184E8 -7.9869184E7 2.20130816E8 2.20130816E8 -8.64771072E8 5.35228928E8 2.40261632E8 2.40261632E8 2.40261632E8 2.40261632E8 2.40261632E8 3.40261632E8 3.40261632E8 4.40261632E8
10 5.0E8 7.0E8 -1.094967296E9 -1.094967296E9 -1.889934592E9 6.15098112E8 8.15098112E8 1.020130816E9 2.02516352E9 -1.669803776E9 -6.64771072E8 -6.64771072E8 1.40261632E8 2.40261632E8 -1.454705664E9 -1.454705664E9 9.45294336E8 -9.44640256E8 -8.44640256E8 -7.44640256E8
11 0.0 2.0E8 2.0E8 2.0E8 2.0E8 2.0E8 3.0E8 6.0E8 9.0E8 1.2E9 1.3E9 1.5E9 1.5E9 1.5E9 1.6E9 1.7E9 1.8E9 1.8E9 1.8E9 1.8E9
12 3.0E8 4.0E8 7.0E8 7.0E8 -6.89934592E8 2.15098112E8 -7.79869184E8 1.420130816E9 1.02516352E9 1.02516352E9 1.02516352E9 1.22516352E9 1.42516352E9 1.52516352E9 1.92516352E9 -2.069803776E9 -2.04967296E9 -1.244640256E9 1.055359744E9 1.555359744E9
13 3.0E8 3.0E8 7.0E8 8.0E8 8.0E8 1.115098112E9 2.0130816E7 5.20130816E8 1.72516352E9 1.82516352E9 -1.264771072E9 -1.264771072E9 -2.59738368E8 -2.59738368E8 1.40261632E8 2.40261632E8 1.345294336E9 -1.444640256E9 8.55359744E8 -1.639607552E9
14 2.0E8 3.0E8 6.0E8 7.0E8 -8.9934592E7 6.15098112E8 -3.79869184E8 -2.07483648E9 2.12516352E9 -1.169803776E9 -6.64771072E8 5.35228928E8 4.0261632E7 1.40261632E8 2.40261632E8 4.40261632E8 1.845294336E9 -1.344640256E9 -1.344640256E9 -1.244640256E9
15 6.0E8 6.0E8 -1.794967296E9 1.705032704E9 -2.089934592E9 3.15098112E8 -1.379869184E9 1.820130816E9 1.82516352E9 -1.369803776E9 -7.64771072E8 -6.64771072E8 1.40261632E8 1.40261632E8 -1.954705664E9 -1.954705664E9 -1.954705664E9 -1.144640256E9 -1.144640256E9 -1.144640256E9
16 7.0E8 7.0E8 7.0E8 7.0E8 7.0E8 1.5E9 1.7E9 1.9E9 2.12516352E9 -1.069803776E9 -7.64771072E8 -6.64771072E8 5.40261632E8 6.40261632E8 1.340261632E9 1.540261632E9 1.740261632E9 -5.44640256E8 1.055359744E9 -9.39607552E8
17 1.0E8 3.0E8 4.0E8 5.0E8 7.0E8 8.0E8 8.0E8 1.0E9 1.1E9 1.1E9 1.1E9 1.1E9 1.2E9 1.4E9 1.6E9 1.8E9 1.8E9 1.9E9 2.1E9 -1.894967296E9
18 2.0E8 6.0E8 6.0E8 7.0E8 -5.94967296E8 2.15098112E8 3.20130816E8 -1.87483648E9 1.82516352E9 2.12516352E9 -4.64771072E8 5.35228928E8 5.40261632E8 5.40261632E8 1.040261632E9 1.140261632E9 -1.84967296E9 1.55359744E8 5.55359744E8 -4.39607552E8
19 3.0E8 3.0E8 8.0E8 2.05032704E8 1.0065408E7 1.5098112E7 -7.9869184E7 1.820130816E9 1.82516352E9 2.02516352E9 -6.64771072E8 7.35228928E8 2.40261632E8 2.40261632E8 6.40261632E8 6.40261632E8 -3.54705664E8 -8.44640256E8 1.155359744E9 -1.039607552E9
20 0.0 1.0E8 2.0E8 3.0E8 3.0E8 3.0E8 4.0E8 4.0E8 4.0E8 4.0E8 5.0E8 5.0E8 5.0E8 5.0E8 5.0E8 5.0E8 6.0E8 8.0E8 8.0E8 8.0E8
21 5.0E8 7.0E8 -1.994967296E9 1.605032704E9 2.105032704E9 3.15098112E8 -1.379869184E9 2.020130816E9 1.92516352E9 -1.969803776E9 -9.64771072E8 -9.64771072E8 -5.9738368E7 -5.9738368E7 -1.554705664E9 -7.54705664E8 1.145294336E9 -1.344640256E9 -1.044640256E9 -1.339607552E9
22 1.0E8 1.0E8 2.0E8 2.0E8 5.0E8 6.0E8 6.0E8 7.0E8 7.0E8 8.0E8 9.0E8 9.0E8 1.0E9 1.0E9 1.0E9 1.0E9 1.0E9 1.0E9 1.1E9 1.1E9
23 6.0E8 9.0E8 1.2E9 1.4E9 1.6E9 -1.394967296E9 1.615098112E9 4.20130816E8 4.20130816E8 4.20130816E8 4.20130816E8 5.20130816E8 5.20130816E8 5.20130816E8 6.20130816E8 6.20130816E8 7.20130816E8 -3.7483648E8 2.2516352E8 4.2516352E8
24 0.0 0.0 0.0 0.0 1.0E8 1.0E8 4.0E8 4.0E8 5.0E8 7.0E8 8.0E8 8.0E8 9.0E8 1.0E9 1.2E9 1.2E9 1.2E9 1.2E9 1.4E9 1.6E9
25 7.0E8 9.0E8 1.1E9 1.2E9 -1.894967296E9 -1.494967296E9 1.715098112E9 6.20130816E8 -3.7483648E8 -3.7483648E8 -2.7483648E8 -2.7483648E8 -2.7483648E8 -1.7483648E8 -1.7483648E8 -1.7483648E8 -1.7483648E8 -7.483648E7 5.2516352E8 5.2516352E8
26 0.0 2.0E8 2.0E8 1.705032704E9 -1.989934592E9 4.15098112E8 -1.279869184E9 1.920130816E9 1.82516352E9 -1.769803776E9 -8.64771072E8 -8.64771072E8 1.40261632E8 1.40261632E8 -1.254705664E9 -1.054705664E9 1.645294336E9 6.5032704E8 6.5032704E8 -1.139607552E9
27 8.0E8 8.0E8 -1.794967296E9 1.705032704E9 2.105032704E9 1.5098112E7 -1.179869184E9 2.020130816E9 -2.07483648E9 -4.69803776E8 -6.64771072E8 -4.64771072E8 3.40261632E8 6.40261632E8 -1.354705664E9 -5.54705664E8 6.45294336E8 -9.44640256E8 -6.44640256E8 -1.139607552E9
28 6.0E8 7.0E8 1.1E9 1.5E9 1.5E9 2.15098112E8 6.15098112E8 1.820130816E9 -2.07483648E9 1.22516352E9 -5.64771072E8 -4.64771072E8 2.40261632E8 4.40261632E8 -1.554705664E9 -1.254705664E9 -1.254705664E9 -5.44640256E8 -3.44640256E8 -1.44640256E8
29 6.0E8 1.1E9 1.5E9 1.5E9 -1.894967296E9 -1.184901888E9 -1.184901888E9 -1.184901888E9 1.62516352E9 1.62516352E9 -1.064771072E9 -1.064771072E9 2.035228928E9 2.035228928E9 -1.659738368E9 -1.659738368E9 1.445294336E9 -1.044640256E9 1.455359744E9 -8.39607552E8
30 3.0E8 5.0E8 5.0E8 6.0E8 8.0E8 1.0E9 1.2E9 1.2E9 -3.89934592E8 -2.89934592E8 -2.079869184E9 -1.879869184E9 -1.879869184E9 -1.879869184E9 -1.779869184E9 -1.679869184E9 -1.679869184E9 7.2516352E8 7.2516352E8 7.2516352E8
31 3.0E8 3.0E8 5.0E8 6.0E8 8.0E8 8.0E8 8.0E8 9.0E8 1.0E9 1.1E9 1.4E9 1.5E9 1.5E9 1.6E9 1.6E9 1.6E9 1.7E9 1.8E9 1.8E9 1.8E9
32 2.0E8 2.0E8 2.0E8 4.0E8 6.0E8 7.0E8 7.0E8 8.0E8 9.0E8 1.0E9 1.2E9 1.3E9 1.3E9 1.7E9 1.7E9 1.8E9 1.9E9 2.1E9 -2.094967296E9 -1.994967296E9
33 7.0E8 8.0E8 -2.94967296E8 1.905032704E9 -8.89934592E8 1.415098112E9 -1.079869184E9 2.120130816E9 2.12516352E9 -2.69803776E8 -5.64771072E8 -4.64771072E8 5.40261632E8 5.40261632E8 -6.54705664E8 -2.54705664E8 2.145294336E9 -6.44640256E8 -6.44640256E8 -7.39607552E8
34 7.0E8 7.0E8 -1.194967296E9 -9.94967296E8 -9.94967296E8 -9.94967296E8 -9.94967296E8 -9.94967296E8 -9.94967296E8 -9.94967296E8 -9.94967296E8 -8.94967296E8 -8.94967296E8 -8.94967296E8 -8.94967296E8 -7.94967296E8 -7.94967296E8 -5.94967296E8 -4.94967296E8 -4.94967296E8
35 6.0E8 6.0E8 -1.794967296E9 1.705032704E9 -1.889934592E9 5.15098112E8 -1.179869184E9 1.920130816E9 2.02516352E9 -3.69803776E8 -7.64771072E8 -6.64771072E8 3.40261632E8 5.40261632E8 -1.354705664E9 -4.54705664E8 1.745294336E9 -7.44640256E8 -6.44640256E8 -9.39607552E8
36 1.0E8 1.0E8 9.0E8 9.0E8 1.0E9 1.1E9 1.3E9 1.8E9 1.8E9 1.9E9 1.9E9 2.1E9 2.1E9 -2.094967296E9 -1.994967296E9 -1.994967296E9 -1.894967296E9 -1.194967296E9 -1.194967296E9 -1.194967296E9
37 2.0E8 2.0E8 2.0E8 2.0E8 3.0E8 4.0E8 4.0E8 6.0E8 8.0E8 1.1E9 1.3E9 1.5E9 1.6E9 1.7E9 1.8E9 2.0E9 -2.094967296E9 -2.094967296E9 -2.094967296E9 -2.094967296E9
38 0.0 3.0E8 3.0E8 4.0E8 8.0E8 9.0E8 9.0E8 1.0E9 1.1E9 1.2E9 1.3E9 1.4E9 1.5E9 1.7E9 1.9E9 2.0E9 2.0E9 2.0E9 2.1E9 2.1E9
39 3.0E8 3.0E8 3.0E8 3.0E8 6.0E8 8.0E8 9.0E8 9.0E8 9.0E8 1.0E9 1.1E9 1.1E9 1.2E9 1.3E9 1.3E9 1.3E9 1.3E9 1.4E9 1.4E9 1.6E9
40 2.0E8 3.0E8 6.0E8 7.0E8 8.0E8 8.0E8 8.0E8 8.0E8 8.0E8 8.0E8 8.0E8 9.0E8 1.0E9 1.0E9 1.1E9 1.1E9 1.2E9 1.4E9 1.5E9 1.6E9
41 2.0E8 3.0E8 4.0E8 6.0E8 6.0E8 7.0E8 9.0E8 1.1E9 1.1E9 1.2E9 1.2E9 1.2E9 1.4E9 1.4E9 1.5E9 1.7E9 1.7E9 1.8E9 1.8E9 1.8E9
42 0.0 1.0E8 1.0E8 4.0E8 4.0E8 4.0E8 4.0E8 5.0E8 6.0E8 6.0E8 8.0E8 9.0E8 9.0E8 1.0E9 1.1E9 1.1E9 1.2E9 1.4E9 1.5E9 1.6E9
43 1.0E8 1.0E8 2.0E8 2.0E8 2.0E8 2.0E8 3.0E8 5.0E8 7.0E8 7.0E8 8.0E8 8.0E8 8.0E8 9.0E8 1.0E9 1.1E9 1.4E9 1.5E9 1.5E9 1.7E9
44 0.0 0.0 0.0 0.0 0.0 1.0E8 2.0E8 2.0E8 3.0E8 3.0E8 4.0E8 5.0E8 5.0E8 6.0E8 8.0E8 9.0E8 1.0E9 1.0E9 1.0E9 1.1E9
45 1.0E8 1.0E8 2.0E8 3.0E8 3.0E8 6.0E8 6.0E8 6.0E8 6.0E8 6.0E8 6.0E8 6.0E8 7.0E8 8.0E8 8.0E8 9.0E8 9.0E8 1.0E9 1.1E9 1.3E9
46 2.0E8 2.0E8 4.0E8 4.0E8 4.0E8 5.0E8 5.0E8 5.0E8 6.0E8 7.0E8 7.0E8 7.0E8 7.0E8 9.0E8 1.1E9 1.1E9 1.2E9 1.3E9 1.3E9 1.3E9
47 0.0 0.0 2.0E8 2.0E8 2.0E8 2.0E8 4.0E8 5.0E8 5.0E8 5.0E8 5.0E8 6.0E8 6.0E8 7.0E8 7.0E8 8.0E8 9.0E8 9.0E8 1.0E9 1.0E9
48 0.0 0.0 1.0E8 2.0E8 2.0E8 3.0E8 4.0E8 4.0E8 4.0E8 5.0E8 5.0E8 5.0E8 5.0E8 6.0E8 6.0E8 6.0E8 7.0E8 8.0E8 8.0E8 9.0E8
49 0.0 1.0E8 2.0E8 2.0E8 2.0E8 2.0E8 3.0E8 3.0E8 3.0E8 4.0E8 4.0E8 5.0E8 8.0E8 1.0E9 1.1E9 1.3E9 1.4E9 1.5E9 1.5E9 1.6E9
50 0.0 3.0E8 4.0E8 7.0E8 7.0E8 8.0E8 1.1E9 1.1E9 1.2E9 1.3E9 1.4E9 1.5E9 1.6E9 1.6E9 1.7E9 1.7E9 1.7E9 1.8E9 1.9E9 2.0E9
51 6.0E8 6.0E8 6.0E8 6.0E8 7.0E8 1.5E9 1.5E9 1.5E9 1.5E9 -1.694967296E9 -1.594967296E9 -1.494967296E9 -5.94967296E8 -5.94967296E8 -4.94967296E8 -4.94967296E8 -3.94967296E8 1.705032704E9 1.805032704E9 1.805032704E9
