records: 20
      Record Time
Host  UsedBuffer

  49376.0 98752.0 148128.0 197504.0 246880.0 296256.0 345632.0 395008.0 444384.0 493760.0 543136.0 592512.0 641888.0 691264.0 740640.0 790016.0 839392.0 888768.0 938144.0 987520.0
0 1.0E9 -1.294967296E9 1.410065408E9 1.910065408E9 -8.84901888E8 1.02516352E9 1.65425152E8 -2.19476736E8 3.30850304E8 -1.259084288E9 1.65098112E9 1.65098112E9 1.291242752E9 -2.003724544E9 -1.003724544E9 -1.003724544E9 -1.003724544E9 -1.003724544E9 -5.03724544E8 -3724544.0
1 -1.794967296E9 -1.794967296E9 -1.384901888E9 -1.384901888E9 8.20130816E8 1.870457856E9 1.07549056E9 7.80523264E8 8.30850304E8 8.30850304E8 -1.233920768E9 -7.33920768E8 -2.118822656E9 -1.618822656E9 -1.618822656E9 -1.618822656E9 -6.18822656E8 -6.18822656E8 1.381177344E9 1.881177344E9
2 2.05032704E8 7.05032704E8 1.410065408E9 -9.7483648E8 5.2516352E8 -3.34574848E8 -1.92450944E9 -1.39934592E9 1.6258176E9 -4.64116992E8 -2.028888064E9 -5.28888064E8 -2.08757248E8 -2.08757248E8 -1.29869184E9 -1.29869184E9 1.406340864E9 5.46602496E8 5.46602496E8 -6.33266688E8
3 1.0E9 1.0E9 1.410065408E9 1.910065408E9 -1.384901888E9 -3.34574848E8 6.65425152E8 -1.719476736E9 -6.69149696E8 1.035883008E9 -3.4901888E8 6.5098112E8 -2.08757248E8 2.91242752E8 7.91242752E8 1.291242752E9 1.791242752E9 1.791242752E9 1.791242752E9 1.791242752E9
4 2.0E9 2.0E9 1.615098112E9 2.115098112E9 -6.4771072E7 -4.2450944E8 -4.2450944E8 -1.719476736E9 -1.169149696E9 1.830850304E9 2.66079232E8 -1.528888064E9 -1.708757248E9 -1.208757248E9 -2.08757248E8 2.91242752E8 2.91242752E8 -3.63462912E8 6.36537088E8 1.636537088E9
5 2.0E9 -1.294967296E9 6.15098112E8 -1.47483648E9 -1.654705664E9 3.70457856E8 5.7549056E8 1.895621376E9 1.830850304E9 1.830850304E9 1.830850304E9 -2.028888064E9 -2.118822656E9 -1.118822656E9 1.381177344E9 1.381177344E9 -2.9869184E8 -1.27352832E9 -1.27352832E9 -7.7352832E8
6 -2.94967296E8 7.05032704E8 1.410065408E9 1.910065408E9 1.910065408E9 -1.244640256E9 -2.19476736E8 1.0065408E8 -5.79215104E8 -4.64116992E8 1.856013824E9 -1.438953472E9 2.91242752E8 2.91242752E8 2.0130816E8 1.20130816E9 1.20130816E9 1.546602496E9 1.546602496E9 1.546602496E9
7 5.0E8 1.5E9 -7.94967296E8 -7.94967296E8 -2.94967296E8 1.705032704E9 -1.589934592E9 -2.129542144E9 -2.129542144E9 -6.29542144E8 5.7549056E8 5.7549056E8 1.07549056E9 1.57549056E9 1.57549056E9 2.07549056E9 -1.719476736E9 9.85555968E8 1.985555968E9 1.985555968E9
8 2.0E9 -1.794967296E9 -1.294967296E9 -1.294967296E9 -1.294967296E9 -2.44640256E8 2.55359744E8 -1.129542144E9 -6.94313216E8 -1.94313216E8 -1.34901888E9 -8.4901888E8 2.061046528E9 2.061046528E9 2.061046528E9 -1.733920768E9 -2.33920768E8 2.66079232E8 2.66079232E8 7.66079232E8
9 1.0E9 1.5E9 1.205032704E9 1.705032704E9 -1.884901888E9 -1.334574848E9 -1.629542144E9 1.870457856E9 -1.92450944E9 -1.92450944E9 1.420784896E9 1.035883008E9 2.086210048E9 2.086210048E9 2.086210048E9 2.086210048E9 2.086210048E9 -1.708757248E9 -1.708757248E9 -1.208757248E9
10 -1.794967296E9 -7.94967296E8 9.10065408E8 9.10065408E8 3.20130816E8 1.02516352E9 2.02516352E9 6.40261632E8 1.755359744E9 1.755359744E9 8.05686784E8 8.05686784E8 1.830850304E9 -1.964116992E9 3.5883008E7 3.5883008E7 -6.18822656E8 -8.88626432E8 -3.88626432E8 1.11373568E8
11 0.0 1.0E9 1.0E9 1.0E9 1.0E9 1.0E9 1.5E9 -1.294967296E9 2.05032704E8 1.705032704E9 -2.089934592E9 -1.089934592E9 -1.089934592E9 -1.089934592E9 -5.89934592E8 -8.9934592E7 4.10065408E8 4.10065408E8 4.10065408E8 4.10065408E8
12 2.0E9 -1.794967296E9 -1.794967296E9 -1.794967296E9 9.10065408E8 -5.64771072E8 -3.59738368E8 8.95621376E8 -1.284247808E9 -1.284247808E9 -1.284247808E9 -2.84247808E8 -1.079215104E9 -5.79215104E8 -1.3741824E9 1.258176E8 1.830850304E9 -9.3659136E7 4.06340864E8 -2.068495616E9
13 5.0E8 5.0E8 1.0E9 1.5E9 1.5E9 1.5E9 1.5E9 2.0E9 2.0E9 2.0E9 2.0E9 2.0E9 2.0E9 2.0E9 2.0E9 -1.794967296E9 -1.294967296E9 -7.94967296E8 1.705032704E9 -1.589934592E9
14 1.0E9 1.5E9 -1.589934592E9 -1.089934592E9 -7.69803776E8 -1.334574848E9 1.57549056E9 1.0065408E8 -4.64116992E8 2.035883008E9 1.5098112E8 -1.143986176E9 2.086210048E9 -1.708757248E9 -1.208757248E9 -2.08757248E8 1.20130816E9 -2.7352832E8 -2.7352832E8 2.2647168E8
15 -1.294967296E9 -1.294967296E9 1.205032704E9 1.205032704E9 4.10065408E8 -2.039607552E9 2.07549056E9 -3.9934592E8 8.30850304E8 3.5883008E7 -2.33920768E8 2.66079232E8 -7.08757248E8 -7.08757248E8 7.91242752E8 7.91242752E8 7.91242752E8 -6.8495616E7 -6.8495616E7 -6.8495616E7
16 -7.94967296E8 -7.94967296E8 -7.94967296E8 -7.94967296E8 -7.94967296E8 1.410065408E9 -1.884901888E9 -8.84901888E8 3.70457856E8 5.7549056E8 -1.04378624E8 3.95621376E8 -9.13789952E8 -4.13789952E8 1.086210048E9 2.086210048E9 -1.208757248E9 -4.78561024E8 1.021438976E9 -2.483648E8
17 1.5E9 -2.94967296E8 1.410065408E9 1.910065408E9 8.20130816E8 1.55032704E9 1.665425152E9 1.280523264E9 3.30850304E8 3.30850304E8 -5.4051584E7 -5.4051584E7 7.91242752E8 1.791242752E9 -1.79869184E9 -7.9869184E8 -7.9869184E8 6.36537088E8 -1.58430208E8 -8.38299392E8
18 -1.794967296E9 -1.294967296E9 1.705032704E9 -2.089934592E9 -1.589934592E9 -1.244640256E9 -1.039607552E9 -1.219476736E9 -3.741824E8 1.1258176E9 -1.554051584E9 -1.554051584E9 3.81177344E8 3.81177344E8 -1.208757248E9 -7.08757248E8 -1.593659136E9 1.36537088E8 1.36537088E8 -2.2320128E8
19 1.5E9 1.5E9 -1.794967296E9 -1.179869184E9 -5.64771072E8 1.460392448E9 1.370457856E9 4.85555968E8 1.330850304E9 -1.964116992E9 2.66079232E8 1.266079232E9 -1.118822656E9 -1.118822656E9 -3724544.0 -3724544.0 -3724544.0 -7.7352832E8 6.36537088E8 5.46602496E8
20 -1.794967296E9 -1.294967296E9 -1.884901888E9 -1.384901888E9 -9.7483648E8 -6.54705664E8 -1.744640256E9 2.10065408E9 8.30850304E8 2.035883008E9 2.061046528E9 2.061046528E9 1.291242752E9 1.291242752E9 -1.093659136E9 -1.093659136E9 -1.683593728E9 5.46602496E8 2.046602496E9 -6.33266688E8
21 -1.794967296E9 -7.94967296E8 1.205032704E9 1.205032704E9 7.30196224E8 1.370457856E9 -1.219476736E9 6.0065408E8 -5.79215104E8 -5.79215104E8 -7.33920768E8 -7.33920768E8 8.81177344E8 8.81177344E8 -1.79869184E9 -1.29869184E9 -8.88626432E8 -9.53397504E8 5.46602496E8 1.61700608E8
22 5.0E8 5.0E8 1.0E9 1.0E9 -1.794967296E9 -1.294967296E9 -1.294967296E9 -7.94967296E8 -7.94967296E8 -2.94967296E8 2.05032704E8 2.05032704E8 7.05032704E8 7.05032704E8 7.05032704E8 7.05032704E8 7.05032704E8 7.05032704E8 1.205032704E9 1.205032704E9
23 -1.294967296E9 2.05032704E8 1.705032704E9 -1.589934592E9 -5.89934592E8 1.15098112E8 -1.54705664E8 2.55359744E8 2.55359744E8 2.55359744E8 2.55359744E8 7.55359744E8 7.55359744E8 7.55359744E8 1.255359744E9 1.255359744E9 1.755359744E9 4.60392448E8 1.960392448E9 -1.334574848E9
24 -1.794967296E9 -1.794967296E9 4.10065408E8 4.10065408E8 2.02516352E9 1.55032704E9 -3.34574848E8 -1.39934592E9 -8.741824E8 1.535883008E9 -1.143986176E9 -1.143986176E9 -7.08757248E8 -2.08757248E8 -1.29869184E9 -1.29869184E9 -3.88626432E8 -9.53397504E8 4.6602496E7 1.661700608E9
25 -7.94967296E8 2.05032704E8 1.205032704E9 1.705032704E9 -1.679869184E9 3.20130816E8 -1.54705664E8 7.55359744E8 -1.539607552E9 -1.539607552E9 -1.039607552E9 -1.039607552E9 -1.039607552E9 -5.39607552E8 -5.39607552E8 -5.39607552E8 -5.39607552E8 -3.9607552E7 -1.334574848E9 -1.334574848E9
26 0.0 1.0E9 1.0E9 -8.9934592E7 2.30196224E8 -1.359738368E9 1.140261632E9 1.0065408E8 -1.579215104E9 -1.464116992E9 3.56013824E8 3.56013824E8 1.881177344E9 1.881177344E9 -1.413789952E9 -4.13789952E8 1.906340864E9 5.46602496E8 5.46602496E8 1.661700608E9
27 -2.94967296E8 -2.94967296E8 7.05032704E8 -2.089934592E9 1.52516352E9 1.755359744E9 1.870457856E9 1.0065408E8 1.10065408E9 -1.784247808E9 5.61046528E8 1.561046528E9 -2.08757248E8 1.291242752E9 -7.9869184E8 7.0130816E8 1.611373568E9 -1.453397504E9 1.546602496E9 1.661700608E9
28 5.0E8 5.0E8 1.0E9 2.0E9 2.0E9 -1.294967296E9 -1.294967296E9 -7.94967296E8 -2.94967296E8 7.05032704E8 1.205032704E9 1.705032704E9 1.705032704E9 -2.089934592E9 -1.589934592E9 -8.9934592E7 -8.9934592E7 -8.9934592E7 9.10065408E8 1.910065408E9
29 -1.294967296E9 -2.94967296E8 -1.384901888E9 -1.384901888E9 -1.679869184E9 -5.64771072E8 -6.54705664E8 -6.54705664E8 -1.334574848E9 -1.334574848E9 1.895621376E9 1.895621376E9 -1.759084288E9 -1.759084288E9 1.740915712E9 1.740915712E9 1.5098112E8 -1.18822656E8 -2.003724544E9 2.1438976E7
30 2.0E9 -1.294967296E9 -1.294967296E9 -7.94967296E8 2.05032704E8 1.205032704E9 -2.089934592E9 -2.089934592E9 -1.884901888E9 -1.384901888E9 1.15098112E8 1.115098112E9 1.115098112E9 1.115098112E9 1.615098112E9 2.115098112E9 2.115098112E9 2.516352E7 2.516352E7 2.516352E7
31 7.05032704E8 7.05032704E8 -1.589934592E9 1.410065408E9 2.516352E7 1.870457856E9 -1.719476736E9 -3.9934592E8 -2.079215104E9 5.35883008E8 2.66079232E8 7.66079232E8 1.586210048E9 2.086210048E9 9.96275456E8 9.96275456E8 -8.88626432E8 -1.453397504E9 -1.453397504E9 -3.38299392E8
32 -1.794967296E9 -1.794967296E9 -3.84901888E8 6.15098112E8 2.516352E7 1.165425152E9 1.165425152E9 -1.719476736E9 -9.64116992E8 1.035883008E9 1.65098112E9 1.766079232E9 7.91242752E8 -1.503724544E9 -2.9869184E8 2.0130816E8 -9.3659136E7 1.36537088E8 6.36537088E8 -7.2320128E8
33 -7.94967296E8 -2.94967296E8 2.115098112E9 2.02516352E9 -1.859738368E9 5.7549056E8 -7.19476736E8 1.10065408E9 9.20784896E8 -7.59084288E8 1.856013824E9 -1.938953472E9 7.91242752E8 7.91242752E8 -1.593659136E9 -1.093659136E9 -1.183593728E9 2.046602496E9 2.046602496E9 -6.33266688E8
34 -7.94967296E8 -7.94967296E8 9.10065408E8 1.910065408E9 1.910065408E9 1.910065408E9 1.910065408E9 1.910065408E9 1.910065408E9 1.910065408E9 1.910065408E9 -1.884901888E9 -1.884901888E9 -1.884901888E9 -1.884901888E9 -1.384901888E9 -1.384901888E9 -3.84901888E8 1.15098112E8 1.15098112E8
35 -1.294967296E9 -1.294967296E9 7.05032704E8 -1.679869184E9 1.230196224E9 1.55032704E9 1.57549056E9 1.0065408E8 9.20784896E8 -1.259084288E9 -1.233920768E9 -7.33920768E8 -2.08757248E8 7.91242752E8 -1.29869184E9 -2.093659136E9 -8.88626432E8 1.046602496E9 1.546602496E9 -1.633266688E9
36 5.0E8 5.0E8 1.5E9 1.5E9 2.0E9 -1.794967296E9 -7.94967296E8 -2.94967296E8 -2.94967296E8 2.05032704E8 2.05032704E8 1.205032704E9 1.205032704E9 1.705032704E9 -2.089934592E9 -2.089934592E9 -1.589934592E9 -1.589934592E9 -1.589934592E9 -1.589934592E9
37 1.0E9 -1.294967296E9 -1.294967296E9 7.05032704E8 1.205032704E9 -2.089934592E9 -2.089934592E9 -1.089934592E9 -8.9934592E7 -1.884901888E9 -8.84901888E8 1.15098112E8 6.15098112E8 1.115098112E9 1.615098112E9 -1.679869184E9 -6.79869184E8 8.20130816E8 8.20130816E8 8.20130816E8
38 0.0 1.5E9 1.5E9 2.0E9 -2.94967296E8 2.05032704E8 2.05032704E8 7.05032704E8 1.205032704E9 1.705032704E9 -2.089934592E9 -1.589934592E9 -1.089934592E9 -8.9934592E7 9.10065408E8 1.410065408E9 1.410065408E9 1.410065408E9 1.910065408E9 1.910065408E9
39 1.5E9 1.5E9 1.5E9 1.5E9 -1.294967296E9 -2.94967296E8 2.05032704E8 2.05032704E8 2.05032704E8 7.05032704E8 1.205032704E9 1.205032704E9 1.705032704E9 -2.089934592E9 -2.089934592E9 -2.089934592E9 -2.089934592E9 -1.589934592E9 -1.589934592E9 -5.89934592E8
40 1.0E9 1.5E9 -1.294967296E9 -7.94967296E8 -2.94967296E8 -2.94967296E8 -2.94967296E8 -2.94967296E8 -2.94967296E8 -2.94967296E8 -2.94967296E8 2.05032704E8 7.05032704E8 7.05032704E8 1.205032704E9 1.205032704E9 1.705032704E9 -1.589934592E9 -1.089934592E9 -5.89934592E8
41 1.0E9 1.5E9 2.0E9 -1.294967296E9 -1.294967296E9 -7.94967296E8 2.05032704E8 1.205032704E9 1.205032704E9 1.705032704E9 1.705032704E9 1.705032704E9 -1.589934592E9 -1.589934592E9 -1.089934592E9 -8.9934592E7 -8.9934592E7 4.10065408E8 4.10065408E8 4.10065408E8
42 0.0 5.0E8 5.0E8 2.0E9 2.0E9 2.0E9 2.0E9 -1.794967296E9 -1.294967296E9 -1.294967296E9 -2.94967296E8 2.05032704E8 2.05032704E8 7.05032704E8 1.205032704E9 1.205032704E9 1.705032704E9 -1.589934592E9 -1.089934592E9 -5.89934592E8
43 5.0E8 5.0E8 1.0E9 1.0E9 1.0E9 1.0E9 1.5E9 -1.794967296E9 -7.94967296E8 -7.94967296E8 -2.94967296E8 -2.94967296E8 -2.94967296E8 2.05032704E8 7.05032704E8 1.205032704E9 -1.589934592E9 -1.089934592E9 -1.089934592E9 -8.9934592E7
44 0.0 0.0 0.0 0.0 0.0 5.0E8 1.0E9 1.0E9 1.5E9 1.5E9 2.0E9 -1.794967296E9 2.05032704E8 7.05032704E8 1.705032704E9 -2.089934592E9 -1.589934592E9 -1.589934592E9 -1.589934592E9 -1.089934592E9
45 5.0E8 5.0E8 1.0E9 1.5E9 1.5E9 -1.294967296E9 -1.294967296E9 -1.294967296E9 -1.294967296E9 -1.294967296E9 -1.294967296E9 -1.294967296E9 -7.94967296E8 -2.94967296E8 -2.94967296E8 2.05032704E8 2.05032704E8 7.05032704E8 1.205032704E9 -2.089934592E9
46 1.0E9 1.0E9 2.0E9 2.0E9 2.0E9 -1.794967296E9 -1.794967296E9 -1.794967296E9 -1.294967296E9 -7.94967296E8 -7.94967296E8 -7.94967296E8 -7.94967296E8 2.05032704E8 1.205032704E9 1.205032704E9 1.705032704E9 -2.089934592E9 -2.089934592E9 -2.089934592E9
47 0.0 0.0 1.0E9 1.0E9 1.0E9 1.0E9 2.0E9 -1.794967296E9 -1.794967296E9 -2.089934592E9 -2.089934592E9 -1.589934592E9 -1.589934592E9 -1.089934592E9 -1.089934592E9 -5.89934592E8 -8.9934592E7 -8.9934592E7 4.10065408E8 4.10065408E8
48 0.0 0.0 5.0E8 1.0E9 1.0E9 1.5E9 2.0E9 2.0E9 2.0E9 -1.794967296E9 -1.794967296E9 -1.794967296E9 -1.794967296E9 -1.294967296E9 -1.294967296E9 -1.294967296E9 -7.94967296E8 -2.94967296E8 -2.94967296E8 2.05032704E8
49 0.0 5.0E8 1.0E9 1.0E9 1.0E9 1.0E9 1.5E9 1.5E9 1.5E9 2.0E9 2.0E9 -1.794967296E9 -2.94967296E8 7.05032704E8 1.205032704E9 -2.089934592E9 -1.589934592E9 -1.089934592E9 -1.089934592E9 -5.89934592E8
50 0.0 1.5E9 2.0E9 -7.94967296E8 -7.94967296E8 -2.94967296E8 1.205032704E9 1.205032704E9 1.705032704E9 -2.089934592E9 -1.589934592E9 -1.089934592E9 -5.89934592E8 -5.89934592E8 -8.9934592E7 -8.9934592E7 -8.9934592E7 4.10065408E8 9.10065408E8 1.410065408E9
51 -1.294967296E9 -1.294967296E9 -1.294967296E9 -1.294967296E9 -7.94967296E8 -2.089934592E9 -2.089934592E9 -2.089934592E9 -2.089934592E9 4.10065408E8 9.10065408E8 1.410065408E9 1.115098112E9 1.115098112E9 1.615098112E9 1.615098112E9 2.115098112E9 -1.179869184E9 -6.79869184E8 -6.79869184E8
