records: 20
      Record Time
Host  UsedBuffer

  16870.0 33740.0 50610.0 67480.0 84350.0 101220.0 118090.0 134960.0 151830.0 168700.0 185570.0 202440.0 219310.0 236180.0 253050.0 269920.0 286790.0 303660.0 320530.0 337400.0
0 -7.94967296E8 -1.589934592E9 9.10065408E8 5.2516352E8 1.435228928E9 1.140261632E9 1.345294336E9 1.05032704E9 1.665425152E9 -1.719476736E9 -1.4444032E7 -1.809411328E9 -3.09411328E8 3.05686784E8 1.0719488E7 -7.84247808E8 -7.84247808E8 1.715752192E9 -1.464116992E9 -2.59084288E8
1 5.0E8 -1.294967296E9 -1.294967296E9 -4.7483648E8 1.435228928E9 1.140261632E9 8.45294336E8 5.5032704E8 1.665425152E9 -1.719476736E9 -1.4444032E7 -1.809411328E9 -8.09411328E8 -1.694313216E9 -4.89280512E8 -1.784247808E9 -1.284247808E9 -2.84247808E8 -1.669149696E9 1.535883008E9
2 -2.94967296E8 -1.589934592E9 9.10065408E8 2.516352E7 4.35228928E8 6.40261632E8 8.45294336E8 5.5032704E8 6.65425152E8 1.57549056E9 -1.514444032E9 9.85555968E8 1.985555968E9 -1.194313216E9 -9.89280512E8 5.10719488E8 -2.84247808E8 -1.579215104E9 -1.464116992E9 -1.259084288E9
3 0.0 0.0 0.0 0.0 0.0 0.0 5.0E8 5.0E8 5.0E8 5.0E8 5.0E8 5.0E8 5.0E8 5.0E8 5.0E8 1.0E9 1.0E9 1.0E9 1.0E9 1.0E9
4 -7.94967296E8 -2.089934592E9 4.10065408E8 2.516352E7 9.35228928E8 1.140261632E9 1.345294336E9 1.05032704E9 1.665425152E9 -1.719476736E9 -1.4444032E7 -1.809411328E9 -8.09411328E8 3.05686784E8 1.0719488E7 1.510719488E9 2.010719488E9 -2.079215104E9 3.5883008E7 2.40915712E8
5 0.0 0.0 0.0 1.02516352E9 1.435228928E9 1.640261632E9 1.345294336E9 1.05032704E9 1.665425152E9 -1.719476736E9 -1.4444032E7 -1.809411328E9 -8.09411328E8 -6.94313216E8 -4.89280512E8 -1.784247808E9 -7.84247808E8 7.15752192E8 -1.464116992E9 2.035883008E9
6 0.0 0.0 0.0 -9.7483648E8 -1.269803776E9 -3.59738368E8 -3.59738368E8 1.140261632E9 6.65425152E8 1.57549056E9 -7.19476736E8 2.80523264E8 -2.014444032E9 -6.94313216E8 -4.89280512E8 1.0719488E7 2.15752192E8 2.15752192E8 1.258176E8 1.258176E8
7 1.5E9 -1.589934592E9 -1.089934592E9 -8.84901888E8 -1.269803776E9 -1.859738368E9 -1.859738368E9 6.40261632E8 -1.744640256E9 1.370457856E9 1.370457856E9 1.370457856E9 1.370457856E9 5.7549056E8 1.305686784E9 1.805686784E9 -1.989280512E9 -1.989280512E9 2.15752192E8 -4.64116992E8
8 0.0 0.0 5.0E8 -1.47483648E9 -6.4771072E7 6.40261632E8 3.45294336E8 5.032704E7 6.65425152E8 1.57549056E9 -1.014444032E9 1.485555968E9 -1.809411328E9 2.10065408E9 -1.989280512E9 1.010719488E9 2.010719488E9 -7.84247808E8 8.30850304E8 1.035883008E9
9 0.0 5.0E8 5.0E8 1.02516352E9 9.35228928E8 1.140261632E9 8.45294336E8 1.05032704E9 1.665425152E9 -1.219476736E9 -1.4444032E7 -1.809411328E9 -8.09411328E8 -1.94313216E8 -4.89280512E8 -1.784247808E9 -7.84247808E8 7.15752192E8 -9.64116992E8 -1.259084288E9
10 0.0 0.0 0.0 0.0 0.0 0.0 0.0 0.0 5.0E8 1.0E9 1.5E9 1.5E9 1.5E9 1.5E9 1.5E9 1.5E9 1.5E9 1.5E9 1.5E9 2.0E9
11 0.0 0.0 0.0 -9.7483648E8 -5.64771072E8 -1.859738368E9 -1.654705664E9 3.45294336E8 -1.834574848E9 1.57549056E9 1.57549056E9 1.57549056E9 1.485555968E9 -3.9934592E8 -1.989280512E9 -1.489280512E9 -1.489280512E9 1.715752192E9 -8.741824E8 -8.741824E8
12 0.0 0.0 0.0 0.0 0.0 0.0 0.0 0.0 0.0 0.0 0.0 0.0 0.0 0.0 0.0 0.0 5.0E8 5.0E8 5.0E8 1.0E9
13 -2.94967296E8 -1.589934592E9 1.910065408E9 1.02516352E9 -6.4771072E7 1.40261632E8 3.45294336E8 5.032704E7 6.65425152E8 2.07549056E9 -1.014444032E9 1.485555968E9 -1.809411328E9 -1.194313216E9 -1.194313216E9 -1.194313216E9 -1.194313216E9 -6.94313216E8 -6.94313216E8 -6.94313216E8
14 -1.294967296E9 -2.089934592E9 -1.384901888E9 -4.7483648E8 -6.4771072E7 1.40261632E8 -1.54705664E8 5.032704E7 6.65425152E8 1.57549056E9 -1.014444032E9 1.485555968E9 -1.309411328E9 -1.194313216E9 -6.94313216E8 -6.94313216E8 -6.94313216E8 -1.94313216E8 -1.94313216E8 -1.94313216E8
15 -2.94967296E8 -1.589934592E9 -1.884901888E9 1.02516352E9 1.435228928E9 1.640261632E9 1.845294336E9 1.55032704E9 -2.129542144E9 -7.19476736E8 9.85555968E8 -1.309411328E9 -3.09411328E8 8.05686784E8 1.0719488E7 -1.784247808E9 -2.84247808E8 2.15752192E8 -6.69149696E8 3.30850304E8
16 -2.94967296E8 -1.589934592E9 -1.884901888E9 1.02516352E9 1.435228928E9 1.140261632E9 8.45294336E8 1.05032704E9 1.665425152E9 -1.219476736E9 -1.4444032E7 -1.809411328E9 -8.09411328E8 -6.94313216E8 -9.89280512E8 2.010719488E9 -1.284247808E9 2.15752192E8 -1.464116992E9 -1.759084288E9
17 5.0E8 1.0E9 -1.294967296E9 -2.94967296E8 2.05032704E8 1.205032704E9 -1.589934592E9 -8.9934592E7 1.910065408E9 -1.884901888E9 -1.884901888E9 -1.384901888E9 -1.384901888E9 -1.384901888E9 -8.84901888E8 1.15098112E8 -1.679869184E9 -1.679869184E9 -1.179869184E9 -1.179869184E9
18 0.0 2.0E9 2.0E9 -7.94967296E8 7.05032704E8 7.05032704E8 1.705032704E9 1.705032704E9 -1.589934592E9 -1.089934592E9 -8.9934592E7 -8.9934592E7 -8.9934592E7 -8.9934592E7 9.10065408E8 1.410065408E9 1.15098112E8 1.115098112E9 1.615098112E9 1.615098112E9
19 0.0 2.0E9 -1.794967296E9 -7.94967296E8 7.05032704E8 1.205032704E9 -2.089934592E9 -5.89934592E8 1.410065408E9 1.910065408E9 1.910065408E9 -1.884901888E9 -1.884901888E9 -1.884901888E9 -8.84901888E8 -3.84901888E8 1.115098112E9 2.115098112E9 2.115098112E9 2.115098112E9
20 -1.294967296E9 -1.294967296E9 -1.294967296E9 -1.294967296E9 -7.94967296E8 -7.94967296E8 -7.94967296E8 -7.94967296E8 -2.089934592E9 -1.089934592E9 -1.089934592E9 -9.7483648E8 5.2516352E8 1.02516352E9 1.60065408E9 1.60065408E9 1.60065408E9 1.60065408E9 -6.94313216E8 -6.69149696E8
21 -2.94967296E8 2.05032704E8 -8.9934592E7 -8.84901888E8 -8.84901888E8 1.140261632E9 2.140261632E9 -1.54705664E8 1.665425152E9 1.07549056E9 2.80523264E8 1.485555968E9 1.485555968E9 3.05686784E8 5.10719488E8 -1.784247808E9 -1.784247808E9 -1.284247808E9 8.30850304E8 -1.259084288E9
22 -2.94967296E8 1.705032704E9 6.15098112E8 5.2516352E8 -7.69803776E8 1.230196224E9 1.230196224E9 -1.564771072E9 1.755359744E9 2.07549056E9 2.07549056E9 2.07549056E9 2.07549056E9 2.07549056E9 -1.719476736E9 -1.719476736E9 -1.219476736E9 -1.219476736E9 -1.219476736E9 -1.219476736E9
23 1.0E9 -2.94967296E8 -8.84901888E8 5.2516352E8 9.35228928E8 1.935228928E9 2.140261632E9 3.45294336E8 6.65425152E8 -1.29542144E8 -2.014444032E9 -1.514444032E9 -1.514444032E9 -1.194313216E9 -1.489280512E9 1.010719488E9 1.010719488E9 -2.84247808E8 -4.64116992E8 1.535883008E9
24 -2.94967296E8 2.05032704E8 -1.089934592E9 -8.84901888E8 9.35228928E8 6.40261632E8 1.640261632E9 1.345294336E9 1.665425152E9 1.07549056E9 2.80523264E8 9.85555968E8 9.85555968E8 -6.94313216E8 -4.89280512E8 1.510719488E9 1.510719488E9 2.010719488E9 1.330850304E9 -1.464116992E9
25 -2.94967296E8 -2.089934592E9 -2.089934592E9 -2.089934592E9 9.35228928E8 6.40261632E8 6.40261632E8 1.640261632E9 1.165425152E9 -1.719476736E9 1.780523264E9 -5.14444032E8 -5.14444032E8 1.0065408E8 -1.989280512E9 1.0719488E7 1.0719488E7 1.0719488E7 -1.284247808E9 -5.79215104E8
26 0.0 0.0 0.0 1.0E9 1.5E9 2.0E9 2.0E9 2.0E9 2.0E9 2.0E9 2.0E9 2.0E9 2.0E9 2.0E9 2.0E9 2.0E9 2.0E9 2.0E9 2.0E9 2.0E9
27 -2.94967296E8 1.705032704E9 1.705032704E9 -1.589934592E9 1.435228928E9 -1.359738368E9 -1.154705664E9 5.032704E7 1.55032704E9 1.07549056E9 -1.514444032E9 -5.14444032E8 -1.4444032E7 1.90588672E8 1.305686784E9 1.305686784E9 1.305686784E9 1.305686784E9 1.305686784E9 1.305686784E9
28 -7.94967296E8 7.05032704E8 1.15098112E8 2.516352E7 -6.4771072E7 -3.59738368E8 -3.59738368E8 -3.59738368E8 6.65425152E8 2.07549056E9 -2.19476736E8 -2.19476736E8 -2.19476736E8 -2.19476736E8 2.80523264E8 2.80523264E8 2.80523264E8 2.80523264E8 -8.741824E8 -7.59084288E8
29 0.0 0.0 0.0 0.0 0.0 0.0 0.0 0.0 0.0 0.0 0.0 0.0 0.0 0.0 0.0 0.0 0.0 0.0 5.0E8 1.0E9
30 -1.294967296E9 -2.94967296E8 -1.589934592E9 2.516352E7 2.516352E7 5.2516352E8 3.45294336E8 -4.4967296E8 1.165425152E9 -1.719476736E9 -1.514444032E9 9.85555968E8 9.85555968E8 -1.94313216E8 1.0719488E7 5.10719488E8 5.10719488E8 5.10719488E8 5.10719488E8 1.258176E8
31 -7.94967296E8 -1.589934592E9 1.15098112E8 5.2516352E8 -2.064771072E9 -2.064771072E9 -2.064771072E9 -5.64771072E8 -8.34574848E8 1.07549056E9 7.80523264E8 7.80523264E8 7.80523264E8 1.60065408E9 1.305686784E9 1.305686784E9 1.305686784E9 1.805686784E9 -1.169149696E9 5.35883008E8
32 0.0 0.0 0.0 0.0 0.0 0.0 0.0 5.0E8 5.0E8 5.0E8 5.0E8 5.0E8 1.0E9 1.0E9 1.5E9 1.5E9 1.5E9 1.5E9 2.0E9 2.0E9
33 1.0E9 1.0E9 1.15098112E8 1.02516352E9 2.02516352E9 -1.769803776E9 -1.769803776E9 -1.154705664E9 2.55359744E8 -1.219476736E9 -1.514444032E9 -1.514444032E9 -1.014444032E9 -1.014444032E9 -5.14444032E8 -5.14444032E8 -1.4444032E7 -1.4444032E7 -1.4444032E7 -1.4444032E7
34 -7.94967296E8 1.205032704E9 6.15098112E8 2.516352E7 -5.64771072E8 -5.64771072E8 1.435228928E9 -1.859738368E9 1.665425152E9 1.57549056E9 -2.014444032E9 -1.514444032E9 9.85555968E8 -1.194313216E9 1.305686784E9 1.305686784E9 1.305686784E9 1.305686784E9 1.6258176E9 2.035883008E9
35 -2.94967296E8 1.205032704E9 1.15098112E8 -4.7483648E8 -1.064771072E9 -1.064771072E9 -1.064771072E9 1.345294336E9 -2.129542144E9 1.370457856E9 -5.14444032E8 -1.4444032E7 1.485555968E9 -1.694313216E9 5.10719488E8 1.010719488E9 1.010719488E9 1.010719488E9 -1.669149696E9 -2.59084288E8
36 0.0 5.0E8 5.0E8 5.0E8 5.0E8 1.0E9 1.0E9 1.0E9 1.0E9 1.5E9 1.5E9 1.5E9 1.5E9 1.5E9 2.0E9 2.0E9 -1.794967296E9 -1.794967296E9 -1.294967296E9 -1.294967296E9
37 2.0E9 -1.294967296E9 1.615098112E9 5.2516352E8 9.35228928E8 1.140261632E9 2.140261632E9 1.05032704E9 -1.629542144E9 -1.219476736E9 -1.014444032E9 -5.14444032E8 -8.09411328E8 -1.94313216E8 -4.89280512E8 2.010719488E9 -2.84247808E8 1.215752192E9 -1.669149696E9 -1.259084288E9
38 -7.94967296E8 -2.94967296E8 -2.94967296E8 2.05032704E8 9.35228928E8 -3.59738368E8 -3.59738368E8 1.140261632E9 1.65425152E8 5.7549056E8 1.780523264E9 -5.14444032E8 9.85555968E8 -1.89934592E9 1.305686784E9 -9.89280512E8 -4.89280512E8 1.0719488E7 1.010719488E9 1.010719488E9
39 -7.94967296E8 1.705032704E9 -8.84901888E8 5.2516352E8 9.35228928E8 6.40261632E8 6.40261632E8 1.140261632E9 1.665425152E9 -1.719476736E9 -1.014444032E9 -1.014444032E9 -1.014444032E9 -5.14444032E8 1.305686784E9 1.305686784E9 -4.89280512E8 1.510719488E9 -1.669149696E9 -1.259084288E9
40 0.0 0.0 0.0 0.0 0.0 0.0 0.0 0.0 0.0 0.0 0.0 0.0 0.0 0.0 0.0 5.0E8 5.0E8 5.0E8 5.0E8 5.0E8
41 -7.94967296E8 7.05032704E8 -8.84901888E8 -3.84901888E8 -3.84901888E8 -3.84901888E8 -3.84901888E8 -3.84901888E8 5.5032704E8 -1.719476736E9 -1.219476736E9 -1.219476736E9 -5.14444032E8 -1.94313216E8 1.305686784E9 1.305686784E9 1.305686784E9 -4.89280512E8 -4.64116992E8 -2.59084288E8
42 -7.94967296E8 1.705032704E9 6.15098112E8 -9.7483648E8 -2.69803776E8 -6.4771072E7 -1.359738368E9 1.05032704E9 1.165425152E9 -1.719476736E9 -1.014444032E9 -1.014444032E9 -1.014444032E9 -6.94313216E8 -9.89280512E8 5.10719488E8 1.510719488E9 1.215752192E9 -1.464116992E9 -2.59084288E8
43 5.0E8 5.0E8 5.0E8 1.0E9 1.0E9 1.0E9 1.0E9 1.0E9 1.0E9 1.5E9 1.5E9 1.5E9 1.5E9 1.5E9 1.5E9 -1.794967296E9 -1.794967296E9 -1.794967296E9 -1.294967296E9 -1.294967296E9
44 -2.94967296E8 1.705032704E9 -2.089934592E9 -1.589934592E9 -1.269803776E9 6.40261632E8 -6.54705664E8 5.032704E7 -1.834574848E9 -1.719476736E9 -5.14444032E8 1.485555968E9 -1.809411328E9 -1.194313216E9 -9.89280512E8 1.010719488E9 1.010719488E9 1.510719488E9 -9.64116992E8 -1.259084288E9
45 -7.94967296E8 -2.94967296E8 -2.94967296E8 2.05032704E8 1.435228928E9 1.40261632E8 1.40261632E8 1.640261632E9 1.665425152E9 -1.719476736E9 -1.4444032E7 1.985555968E9 -8.09411328E8 3.05686784E8 -9.89280512E8 1.010719488E9 1.510719488E9 1.215752192E9 -1.964116992E9 -9.64116992E8
46 2.05032704E8 2.05032704E8 1.705032704E9 1.02516352E9 9.35228928E8 -3.59738368E8 -3.59738368E8 1.640261632E9 -2.129542144E9 -7.19476736E8 -5.14444032E8 -5.14444032E8 -1.309411328E9 -8.9934592E8 -9.89280512E8 1.010719488E9 1.010719488E9 1.010719488E9 3.5883008E7 -1.759084288E9
47 -2.94967296E8 1.205032704E9 -3.84901888E8 -9.7483648E8 -6.4771072E7 -1.859738368E9 -1.154705664E9 8.45294336E8 1.665425152E9 -1.219476736E9 -1.014444032E9 -1.4444032E7 1.985555968E9 -1.94313216E8 -4.89280512E8 5.10719488E8 5.10719488E8 5.10719488E8 5.35883008E8 -2.59084288E8
48 0.0 0.0 4.10065408E8 5.2516352E8 -6.4771072E7 1.140261632E9 -1.654705664E9 1.55032704E9 -1.629542144E9 -1.219476736E9 -5.14444032E8 -1.4444032E7 -1.309411328E9 8.05686784E8 5.10719488E8 -1.284247808E9 1.215752192E9 1.715752192E9 -6.69149696E8 -2.59084288E8
49 -1.294967296E9 -2.089934592E9 1.115098112E9 1.02516352E9 9.35228928E8 -8.59738368E8 1.140261632E9 -1.654705664E9 1.165425152E9 -1.219476736E9 1.280523264E9 1.280523264E9 1.280523264E9 3.05686784E8 -4.89280512E8 5.10719488E8 5.10719488E8 5.10719488E8 -1.579215104E9 -7.59084288E8
50 -2.94967296E8 1.705032704E9 1.115098112E9 -1.47483648E9 -9.7483648E8 -9.7483648E8 -4.7483648E8 -4.7483648E8 1.665425152E9 -1.219476736E9 -1.014444032E9 -5.14444032E8 1.485555968E9 -1.94313216E8 1.0719488E7 1.010719488E9 1.510719488E9 2.010719488E9 -9.64116992E8 -7.59084288E8
51 -7.94967296E8 1.705032704E9 1.15098112E8 5.2516352E8 9.35228928E8 -8.59738368E8 6.40261632E8 6.40261632E8 1.165425152E9 2.07549056E9 2.07549056E9 7.80523264E8 1.280523264E9 -6.94313216E8 -1.489280512E9 -1.284247808E9 -7.84247808E8 2.15752192E8 1.330850304E9 1.830850304E9
52 -7.94967296E8 1.705032704E9 1.15098112E8 2.516352E7 1.730196224E9 -3.59738368E8 2.140261632E9 2.140261632E9 1.665425152E9 -1.719476736E9 -1.514444032E9 9.85555968E8 -1.309411328E9 -1.94313216E8 -4.89280512E8 -1.784247808E9 -1.284247808E9 -7.84247808E8 7.15752192E8 2.1258176E9
53 1.5E9 2.0E9 2.0E9 2.0E9 -1.294967296E9 1.410065408E9 7.30196224E8 -1.44967296E9 -2.129542144E9 -7.19476736E8 -1.014444032E9 -1.4444032E7 -1.4444032E7 8.05686784E8 1.0719488E7 1.0719488E7 1.0719488E7 1.0719488E7 -6.69149696E8 -7.59084288E8
54 1.0E9 1.0E9 -8.9934592E7 5.2516352E8 1.435228928E9 1.935228928E9 -1.859738368E9 -1.859738368E9 -2.129542144E9 1.370457856E9 1.370457856E9 -5.14444032E8 -8.09411328E8 -1.94313216E8 8.05686784E8 1.305686784E9 -7.84247808E8 2.15752192E8 1.830850304E9 -1.964116992E9
55 0.0 0.0 0.0 0.0 0.0 0.0 0.0 0.0 0.0 0.0 0.0 0.0 0.0 0.0 0.0 5.0E8 5.0E8 5.0E8 1.0E9 1.0E9
56 -2.94967296E8 -1.589934592E9 1.115098112E9 1.02516352E9 9.35228928E8 6.40261632E8 1.140261632E9 1.140261632E9 3.45294336E8 3.45294336E8 1.780523264E9 4.85555968E8 4.85555968E8 1.0065408E8 -1.489280512E9 1.510719488E9 2.010719488E9 2.010719488E9 1.1258176E9 1.1258176E9
57 1.5E9 -1.589934592E9 6.15098112E8 -1.47483648E9 -1.47483648E9 1.140261632E9 2.140261632E9 2.140261632E9 1.665425152E9 -1.219476736E9 -1.014444032E9 -1.014444032E9 -5.14444032E8 3.05686784E8 5.10719488E8 1.010719488E9 2.15752192E8 -2.079215104E9 -1.964116992E9 1.535883008E9
58 -2.94967296E8 1.205032704E9 6.15098112E8 -4.7483648E8 -1.564771072E9 -1.564771072E9 -1.564771072E9 -1.564771072E9 -1.564771072E9 -1.719476736E9 -1.4444032E7 -1.4444032E7 -1.309411328E9 1.395621376E9 -4.89280512E8 5.10719488E8 1.010719488E9 1.215752192E9 9.20784896E8 9.20784896E8
59 0.0 0.0 5.0E8 5.0E8 1.0E9 1.0E9 1.0E9 1.0E9 1.0E9 1.0E9 1.0E9 1.0E9 1.5E9 1.5E9 1.5E9 1.5E9 2.0E9 2.0E9 2.0E9 2.0E9
60 -2.94967296E8 -2.94967296E8 -1.384901888E9 5.2516352E8 1.435228928E9 1.935228928E9 1.345294336E9 1.05032704E9 1.665425152E9 2.07549056E9 -1.219476736E9 1.485555968E9 1.985555968E9 -6.94313216E8 -9.89280512E8 1.0719488E7 2.15752192E8 2.15752192E8 -1.669149696E9 -1.669149696E9
61 -1.794967296E9 -1.794967296E9 -2.089934592E9 1.02516352E9 4.35228928E8 1.40261632E8 -6.54705664E8 8.45294336E8 1.665425152E9 -1.719476736E9 7.80523264E8 7.80523264E8 7.80523264E8 2.10065408E9 2.10065408E9 2.10065408E9 2.10065408E9 2.10065408E9 2.10065408E9 2.10065408E9
62 -2.94967296E8 1.205032704E9 1.15098112E8 5.2516352E8 -1.564771072E9 -1.564771072E9 -1.564771072E9 9.35228928E8 -2.129542144E9 -1.719476736E9 1.280523264E9 -5.14444032E8 -8.09411328E8 3.05686784E8 1.0719488E7 1.010719488E9 1.010719488E9 1.010719488E9 2.1258176E9 -1.759084288E9
63 -2.94967296E8 1.705032704E9 -2.089934592E9 -1.589934592E9 -5.89934592E8 1.140261632E9 -1.54705664E8 5.032704E7 -2.129542144E9 -1.219476736E9 -5.14444032E8 1.985555968E9 -1.309411328E9 3.05686784E8 -4.89280512E8 -1.784247808E9 -1.784247808E9 -1.284247808E9 4.20784896E8 2.40915712E8
64 -1.294967296E9 -1.294967296E9 -1.294967296E9 -7.94967296E8 1.02516352E9 -7.69803776E8 -7.69803776E8 1.730196224E9 -2.129542144E9 -1.219476736E9 2.80523264E8 2.80523264E8 2.80523264E8 8.05686784E8 5.10719488E8 -2.84247808E8 2.15752192E8 -1.579215104E9 8.30850304E8 -1.759084288E9
65 0.0 0.0 0.0 0.0 5.0E8 5.0E8 5.0E8 5.0E8 5.0E8 5.0E8 5.0E8 5.0E8 5.0E8 5.0E8 5.0E8 5.0E8 5.0E8 5.0E8 1.0E9 1.0E9
66 -2.94967296E8 1.205032704E9 1.205032704E9 -5.89934592E8 1.435228928E9 -1.359738368E9 -3.59738368E8 -6.54705664E8 1.665425152E9 -1.219476736E9 -1.014444032E9 -5.14444032E8 4.85555968E8 3.95621376E8 -9.89280512E8 -4.89280512E8 1.0719488E7 1.0719488E7 -1.964116992E9 -1.259084288E9
67 -1.294967296E9 -7.94967296E8 -7.94967296E8 1.705032704E9 4.35228928E8 4.35228928E8 4.35228928E8 1.05032704E9 2.05032704E9 -7.19476736E8 7.80523264E8 -2.014444032E9 4.85555968E8 -1.94313216E8 -1.489280512E9 -1.489280512E9 -9.89280512E8 -9.89280512E8 -4.89280512E8 -4.89280512E8
68 -1.294967296E9 -7.94967296E8 -7.94967296E8 1.705032704E9 1.910065408E9 -6.4771072E7 -6.4771072E7 1.140261632E9 1.640261632E9 -9.4967296E8 2.80523264E8 1.780523264E9 -1.014444032E9 3.05686784E8 -1.489280512E9 -9.89280512E8 -9.89280512E8 -9.89280512E8 -9.89280512E8 -4.89280512E8
69 -2.94967296E8 2.05032704E8 -1.089934592E9 2.516352E7 4.35228928E8 1.40261632E8 1.140261632E9 1.140261632E9 1.165425152E9 -4.2450944E8 -1.014444032E9 -5.14444032E8 -5.14444032E8 2.10065408E9 1.805686784E9 1.010719488E9 1.010719488E9 1.010719488E9 -6.69149696E8 3.30850304E8
70 -2.94967296E8 1.205032704E9 1.205032704E9 5.2516352E8 5.2516352E8 5.2516352E8 1.730196224E9 1.730196224E9 1.665425152E9 -1.219476736E9 -1.4444032E7 1.485555968E9 1.485555968E9 3.05686784E8 -1.989280512E9 -1.989280512E9 -1.989280512E9 -7.84247808E8 -2.84247808E8 -2.84247808E8
71 -2.94967296E8 -1.589934592E9 -5.89934592E8 1.02516352E9 1.435228928E9 1.40261632E8 -1.154705664E9 5.5032704E8 1.665425152E9 -1.719476736E9 -1.014444032E9 -1.4444032E7 4.85555968E8 1.10065408E9 1.305686784E9 -1.989280512E9 -1.989280512E9 -1.989280512E9 7.15752192E8 7.15752192E8
72 -2.94967296E8 1.705032704E9 9.10065408E8 2.516352E7 9.35228928E8 1.40261632E8 1.140261632E9 8.45294336E8 6.65425152E8 2.07549056E9 -2.014444032E9 -1.014444032E9 -8.09411328E8 -1.194313216E9 -1.94313216E8 -1.94313216E8 8.05686784E8 -1.989280512E9 2.15752192E8 2.15752192E8
73 -2.94967296E8 -1.589934592E9 1.615098112E9 1.02516352E9 1.435228928E9 1.140261632E9 -1.54705664E8 5.032704E7 -2.129542144E9 -1.219476736E9 -1.4444032E7 -1.809411328E9 -1.309411328E9 3.05686784E8 -4.89280512E8 -1.784247808E9 -1.784247808E9 -1.284247808E9 -2.84247808E8 1.330850304E9
74 -2.94967296E8 -1.589934592E9 -8.9934592E7 1.02516352E9 9.35228928E8 -1.859738368E9 -1.654705664E9 -1.654705664E9 1.165425152E9 2.07549056E9 2.80523264E8 2.80523264E8 2.80523264E8 2.80523264E8 1.0719488E7 1.0719488E7 2.010719488E9 -1.784247808E9 -1.784247808E9 -1.784247808E9
75 0.0 5.0E8 1.0E9 1.0E9 1.0E9 1.0E9 1.0E9 1.0E9 1.0E9 1.0E9 1.0E9 1.0E9 1.0E9 1.5E9 1.5E9 1.5E9 1.5E9 1.5E9 1.5E9 1.5E9
76 -2.94967296E8 -1.089934592E9 -3.84901888E8 1.02516352E9 1.435228928E9 -8.59738368E8 2.140261632E9 -4.4967296E8 -2.129542144E9 -1.219476736E9 -5.14444032E8 -5.14444032E8 -5.14444032E8 3.05686784E8 1.0719488E7 -2.84247808E8 -2.84247808E8 -2.84247808E8 3.30850304E8 -7.59084288E8
77 1.0E9 -2.94967296E8 -3.84901888E8 2.516352E7 4.35228928E8 -1.359738368E9 8.45294336E8 -1.94967296E9 1.165425152E9 -1.719476736E9 -2.014444032E9 4.85555968E8 -1.809411328E9 -6.94313216E8 -4.89280512E8 -4.89280512E8 -4.89280512E8 -4.89280512E8 1.510719488E9 -8.741824E8
78 -2.94967296E8 -1.589934592E9 1.15098112E8 1.02516352E9 1.435228928E9 -3.59738368E8 6.40261632E8 1.140261632E9 -2.129542144E9 -7.19476736E8 -1.014444032E9 -1.4444032E7 -1.309411328E9 1.10065408E9 -1.989280512E9 -1.989280512E9 -1.989280512E9 -1.989280512E9 -1.989280512E9 -1.989280512E9
79 -2.94967296E8 1.205032704E9 1.205032704E9 -8.9934592E7 9.10065408E8 -1.269803776E9 1.40261632E8 1.40261632E8 1.665425152E9 -1.719476736E9 -1.219476736E9 1.280523264E9 -5.14444032E8 -1.94313216E8 1.0719488E7 -7.84247808E8 -2.84247808E8 1.215752192E9 3.5883008E7 7.40915712E8
80 0.0 0.0 0.0 0.0 0.0 0.0 0.0 0.0 0.0 0.0 0.0 0.0 5.0E8 5.0E8 5.0E8 5.0E8 5.0E8 5.0E8 5.0E8 5.0E8
81 0.0 0.0 0.0 0.0 0.0 0.0 0.0 0.0 0.0 0.0 0.0 0.0 0.0 0.0 0.0 0.0 0.0 0.0 0.0 0.0
82 -2.94967296E8 1.705032704E9 1.910065408E9 5.2516352E8 -7.69803776E8 -7.69803776E8 -7.69803776E8 -1.859738368E9 -1.859738368E9 2.07549056E9 -1.719476736E9 -1.719476736E9 -1.719476736E9 -1.014444032E9 3.05686784E8 3.05686784E8 3.05686784E8 3.05686784E8 1.6258176E9 -1.669149696E9
83 -7.94967296E8 -1.089934592E9 1.910065408E9 1.02516352E9 1.435228928E9 -8.59738368E8 1.345294336E9 1.05032704E9 -2.129542144E9 -7.19476736E8 -1.4444032E7 -1.309411328E9 -1.309411328E9 -1.309411328E9 1.010719488E9 1.010719488E9 1.010719488E9 1.010719488E9 1.510719488E9 1.510719488E9
84 -2.94967296E8 -1.089934592E9 -1.884901888E9 1.02516352E9 -7.69803776E8 -7.69803776E8 3.45294336E8 -1.94967296E9 -7.44640256E8 -1.719476736E9 -2.19476736E8 2.80523264E8 2.80523264E8 2.80523264E8 1.0719488E7 -1.284247808E9 -1.284247808E9 -7.84247808E8 -1.669149696E9 -2.59084288E8
85 0.0 0.0 0.0 0.0 0.0 0.0 0.0 0.0 0.0 0.0 5.0E8 5.0E8 5.0E8 5.0E8 1.0E9 1.0E9 1.0E9 1.0E9 1.0E9 1.0E9
86 -2.94967296E8 -1.589934592E9 -5.89934592E8 5.2516352E8 4.35228928E8 -8.59738368E8 2.140261632E9 -9.4967296E8 1.165425152E9 2.07549056E9 1.780523264E9 1.780523264E9 1.780523264E9 -2.014444032E9 -1.514444032E9 -1.514444032E9 -1.514444032E9 -1.514444032E9 -1.514444032E9 -1.514444032E9
87 -7.94967296E8 -1.589934592E9 1.15098112E8 1.02516352E9 9.35228928E8 1.140261632E9 1.140261632E9 -1.44967296E9 1.665425152E9 -1.219476736E9 -1.014444032E9 -1.014444032E9 -1.014444032E9 -1.39934592E9 -1.39934592E9 -1.39934592E9 -1.39934592E9 -1.39934592E9 -1.39934592E9 -1.39934592E9
88 -2.94967296E8 -1.589934592E9 -8.84901888E8 5.2516352E8 9.35228928E8 -3.59738368E8 -1.54705664E8 1.05032704E9 1.665425152E9 -1.719476736E9 -1.014444032E9 -1.014444032E9 -1.309411328E9 -1.94313216E8 -4.89280512E8 5.10719488E8 7.15752192E8 7.15752192E8 1.330850304E9 2.035883008E9
89 -2.94967296E8 1.705032704E9 -2.089934592E9 1.02516352E9 1.435228928E9 -1.359738368E9 1.845294336E9 1.55032704E9 -2.129542144E9 2.07549056E9 -1.514444032E9 -1.4444032E7 -1.809411328E9 -6.94313216E8 1.0719488E7 -1.284247808E9 -1.284247808E9 1.215752192E9 -1.464116992E9 3.5883008E7
90 -7.94967296E8 1.705032704E9 1.705032704E9 1.02516352E9 1.435228928E9 -1.359738368E9 1.845294336E9 -9.4967296E8 1.665425152E9 2.07549056E9 -1.514444032E9 4.85555968E8 4.85555968E8 -1.94313216E8 -4.89280512E8 -1.284247808E9 -1.284247808E9 2.15752192E8 6.258176E8 6.258176E8
91 5.0E8 5.0E8 5.0E8 5.0E8 5.0E8 1.0E9 1.0E9 1.0E9 1.0E9 1.5E9 1.5E9 2.0E9 2.0E9 2.0E9 2.0E9 2.0E9 2.0E9 2.0E9 2.0E9 2.0E9
92 -2.94967296E8 1.705032704E9 1.705032704E9 1.02516352E9 1.435228928E9 -1.359738368E9 -1.154705664E9 5.032704E7 1.165425152E9 5.7549056E8 -2.014444032E9 -1.014444032E9 -5.14444032E8 -1.194313216E9 -1.489280512E9 -1.489280512E9 2.010719488E9 -1.284247808E9 1.830850304E9 3.5883008E7
93 5.0E8 5.0E8 1.0E9 1.0E9 1.0E9 1.5E9 1.5E9 1.5E9 1.5E9 1.5E9 1.5E9 1.5E9 2.0E9 2.0E9 2.0E9 2.0E9 2.0E9 2.0E9 2.0E9 2.0E9
94 -2.94967296E8 -1.589934592E9 -1.089934592E9 1.02516352E9 1.435228928E9 -1.859738368E9 -8.59738368E8 1.05032704E9 -2.129542144E9 -1.719476736E9 -1.719476736E9 -1.719476736E9 -1.719476736E9 -1.719476736E9 -1.719476736E9 -1.719476736E9 -1.219476736E9 -1.219476736E9 -1.219476736E9 -1.219476736E9
95 -1.294967296E9 1.705032704E9 1.705032704E9 1.02516352E9 1.435228928E9 -3.59738368E8 1.345294336E9 -1.44967296E9 1.960392448E9 1.960392448E9 1.960392448E9 -1.834574848E9 -1.834574848E9 -1.834574848E9 -1.834574848E9 -1.834574848E9 -1.834574848E9 -1.834574848E9 -1.834574848E9 -1.834574848E9
96 -2.94967296E8 -2.089934592E9 -8.9934592E7 1.02516352E9 -2.69803776E8 1.140261632E9 1.640261632E9 8.45294336E8 -1.44967296E9 -2.039607552E9 -1.039607552E9 -5.39607552E8 -5.39607552E8 -1.129542144E9 -1.489280512E9 5.10719488E8 5.10719488E8 5.10719488E8 1.510719488E9 1.215752192E9
97 0.0 0.0 5.0E8 5.0E8 5.0E8 5.0E8 5.0E8 5.0E8 5.0E8 5.0E8 5.0E8 5.0E8 1.0E9 2.0E9 2.0E9 -1.794967296E9 -1.794967296E9 -1.794967296E9 -1.794967296E9 -1.794967296E9
