records: 20
      Record Time
Host  UsedBuffer

  49376.0 98752.0 148128.0 197504.0 246880.0 296256.0 345632.0 395008.0 444384.0 493760.0 543136.0 592512.0 641888.0 691264.0 740640.0 790016.0 839392.0 888768.0 938144.0 987520.0
0 2.5E8 1.25E9 1.5E9 1.75E9 -1.794967296E9 2.05032704E8 1.410065408E9 -1.564771072E9 -8.4574848E7 1.65425152E8 5.7549056E8 8.2549056E8 -1.354378624E9 -8.54378624E8 -3.54378624E8 -3.54378624E8 -3.54378624E8 -3.54378624E8 -1.04378624E8 1.45621376E8
1 5.0E8 7.5E8 1.75E9 1.75E9 -2.134901888E9 1.02516352E9 2.02516352E9 1.980196224E9 -1.084574848E9 -1.084574848E9 -1.514444032E9 -1.4444032E7 1.940588672E9 -2.104378624E9 -2.104378624E9 -2.104378624E9 -1.604378624E9 -1.604378624E9 -6.04378624E8 -3.54378624E8
2 2.5E8 5.0E8 7.5E8 1.0E9 1.25E9 1.5E9 1.75E9 2.0E9 -1.794967296E9 -1.794967296E9 -1.544967296E9 -7.94967296E8 -5.44967296E8 -5.44967296E8 -2.94967296E8 -2.94967296E8 4.55032704E8 4.55032704E8 4.55032704E8 1.205032704E9
3 0.0 0.0 2.5E8 5.0E8 5.0E8 5.0E8 5.0E8 5.0E8 5.0E8 7.5E8 7.5E8 1.25E9 1.5E9 1.75E9 2.0E9 -2.044967296E9 -1.794967296E9 -1.794967296E9 -1.794967296E9 -1.794967296E9
4 0.0 0.0 2.5E8 5.0E8 7.5E8 1.75E9 1.75E9 2.0E9 2.0E9 2.0E9 -1.794967296E9 -1.544967296E9 -7.94967296E8 -5.44967296E8 -4.4967296E7 2.05032704E8 2.05032704E8 2.05032704E8 7.05032704E8 1.205032704E9
5 7.5E8 1.75E9 -1.794967296E9 2.05032704E8 -2.134901888E9 1.02516352E9 -2.019803776E9 -1.109738368E9 -1.584574848E9 -3.34574848E8 -3.34574848E8 9.85555968E8 -2.104378624E9 -1.604378624E9 -8.54378624E8 -8.54378624E8 -1.94313216E8 -2.1241824E9 -2.1241824E9 -1.8741824E9
6 2.5E8 7.5E8 1.0E9 1.25E9 1.25E9 1.5E9 1.75E9 2.0E9 2.0E9 -1.794967296E9 -1.044967296E9 -5.44967296E8 -2.94967296E8 -2.94967296E8 -2.94967296E8 2.05032704E8 2.05032704E8 4.55032704E8 4.55032704E8 4.55032704E8
7 2.5E8 7.5E8 1.5E9 1.5E9 1.205032704E9 -1.72483648E9 -1.22483648E9 -1.69967296E9 -1.69967296E9 -9.4967296E8 1.755359744E9 1.755359744E9 -1.539607552E9 -1.289607552E9 -1.289607552E9 -1.039607552E9 -7.89607552E8 1.32549056E9 1.82549056E9 1.82549056E9
8 7.5E8 1.0E9 1.25E9 1.25E9 2.05032704E8 2.02516352E9 -2.019803776E9 -2.109738368E9 -2.89607552E8 -3.9607552E7 1.32549056E9 1.57549056E9 -1.604378624E9 -1.604378624E9 -1.604378624E9 -1.354378624E9 -6.04378624E8 -3.54378624E8 -3.54378624E8 -1.04378624E8
9 0.0 2.5E8 2.5E8 5.0E8 5.0E8 7.5E8 7.5E8 7.5E8 1.0E9 1.0E9 1.25E9 1.25E9 1.75E9 1.75E9 1.75E9 1.75E9 1.75E9 2.0E9 2.0E9 -2.044967296E9
10 0.0 2.5E8 2.5E8 2.5E8 2.5E8 5.0E8 7.5E8 7.5E8 1.25E9 1.25E9 1.25E9 1.25E9 1.5E9 1.75E9 2.0E9 2.0E9 2.0E9 -2.044967296E9 -1.794967296E9 -1.544967296E9
11 0.0 5.0E8 5.0E8 5.0E8 5.0E8 5.0E8 7.5E8 1.5E9 -2.044967296E9 -1.294967296E9 -1.044967296E9 -5.44967296E8 -5.44967296E8 -5.44967296E8 -2.94967296E8 -4.4967296E7 2.05032704E8 2.05032704E8 2.05032704E8 2.05032704E8
12 7.5E8 1.0E9 1.75E9 1.75E9 -5.44967296E8 -1.679869184E9 7.7516352E8 1.095294336E9 -1.539607552E9 -1.539607552E9 -1.539607552E9 -1.039607552E9 -5.39607552E8 -2.89607552E8 7.10392448E8 1.460392448E9 -2.014444032E9 1.715752192E9 -1.669149696E9 3.5883008E7
13 2.5E8 2.5E8 5.0E8 7.5E8 7.5E8 7.5E8 7.5E8 1.0E9 1.0E9 1.0E9 1.0E9 1.0E9 1.0E9 1.0E9 1.0E9 1.25E9 1.5E9 1.75E9 -1.294967296E9 -7.94967296E8
14 2.5E8 5.0E8 1.25E9 1.5E9 -8.9934592E7 1.77516352E9 7.30196224E8 -6.09738368E8 -5.84574848E8 1.65425152E8 -4.2450944E8 -1.514444032E9 6.45621376E8 8.95621376E8 1.145621376E9 1.645621376E9 1.60065408E9 -7.9215104E7 -7.9215104E7 1.70784896E8
15 5.0E8 5.0E8 5.0E8 5.0E8 5.0E8 1.0E9 1.5E9 1.75E9 -2.044967296E9 -2.044967296E9 -2.044967296E9 -1.794967296E9 -1.544967296E9 -1.544967296E9 -1.544967296E9 -1.544967296E9 -1.544967296E9 -1.544967296E9 -1.544967296E9 -1.544967296E9
16 2.5E8 2.5E8 2.5E8 2.5E8 2.5E8 2.5E8 7.5E8 1.25E9 1.5E9 1.5E9 1.75E9 2.0E9 -1.794967296E9 -1.544967296E9 -7.94967296E8 -2.94967296E8 2.05032704E8 7.05032704E8 1.455032704E9 1.705032704E9
17 2.5E8 7.5E8 1.0E9 1.25E9 1.75E9 2.0E9 2.0E9 -1.794967296E9 -1.544967296E9 -1.544967296E9 -1.544967296E9 -1.544967296E9 -1.294967296E9 -7.94967296E8 -2.94967296E8 2.05032704E8 2.05032704E8 4.55032704E8 9.55032704E8 1.705032704E9
18 2.5E8 1.25E9 1.25E9 1.5E9 7.05032704E8 -1.79869184E8 -1.519803776E9 -3.14771072E8 9.60392448E8 1.710392448E9 1.07549056E9 1.82549056E9 -8.54378624E8 -8.54378624E8 3.95621376E8 6.45621376E8 -9.44313216E8 -8.741824E8 -8.741824E8 -2.59084288E8
19 5.0E8 5.0E8 1.75E9 4.55032704E8 -8.9934592E7 1.52516352E9 -1.519803776E9 -1.109738368E9 -1.584574848E9 -1.084574848E9 -7.19476736E8 -1.264444032E9 -1.854378624E9 -1.854378624E9 -8.54378624E8 -8.54378624E8 -1.4934592E8 -1.8741824E9 -1.419149696E9 1.535883008E9
20 7.5E8 1.0E9 -1.794967296E9 -1.294967296E9 -1.294967296E9 1.320130816E9 1.480196224E9 -1.69967296E9 2.10392448E8 -1.334574848E9 -5.14444032E8 -5.14444032E8 1.645621376E9 1.645621376E9 -1.89934592E9 -1.89934592E9 -1.64934592E9 -1.284247808E9 -7.84247808E8 -1.009084288E9
21 2.5E8 7.5E8 7.5E8 7.5E8 7.5E8 7.5E8 1.25E9 1.75E9 2.0E9 2.0E9 -1.794967296E9 -1.794967296E9 -1.544967296E9 -1.544967296E9 -1.544967296E9 -1.294967296E9 -1.044967296E9 -7.94967296E8 -5.44967296E8 -5.44967296E8
22 5.0E8 5.0E8 7.5E8 7.5E8 1.5E9 9.55032704E8 9.55032704E8 1.205032704E9 2.140261632E9 -1.404705664E9 -1.764444032E9 7.35555968E8 1.145621376E9 1.145621376E9 1.895621376E9 1.895621376E9 1.895621376E9 1.920784896E9 -8.741824E8 1.035883008E9
23 0.0 2.5E8 1.0E9 1.5E9 2.0E9 2.0E9 2.0E9 2.0E9 2.0E9 2.0E9 2.0E9 -2.044967296E9 -2.044967296E9 -2.044967296E9 -1.794967296E9 -1.794967296E9 -1.544967296E9 -1.294967296E9 -1.044967296E9 -5.44967296E8
24 0.0 0.0 0.0 0.0 2.5E8 2.5E8 1.0E9 1.0E9 1.25E9 1.75E9 2.0E9 2.0E9 -2.044967296E9 -1.794967296E9 -1.294967296E9 -1.294967296E9 -1.294967296E9 -1.294967296E9 -7.94967296E8 -2.94967296E8
25 2.5E8 5.0E8 5.0E8 7.5E8 1.25E9 1.25E9 1.75E9 2.0E9 -1.794967296E9 -1.794967296E9 -1.544967296E9 -1.544967296E9 -1.544967296E9 -1.294967296E9 -1.294967296E9 -1.294967296E9 -1.294967296E9 -1.044967296E9 -7.94967296E8 -7.94967296E8
26 0.0 5.0E8 5.0E8 1.0E9 1.5E9 1.75E9 2.0E9 -2.044967296E9 -1.544967296E9 -1.544967296E9 -7.94967296E8 -7.94967296E8 -5.44967296E8 -5.44967296E8 -2.94967296E8 2.05032704E8 4.55032704E8 4.55032704E8 4.55032704E8 7.05032704E8
27 1.5E9 1.5E9 2.0E9 -1.794967296E9 -1.794967296E9 -4.29869184E8 2.7516352E8 -1.404705664E9 -9.04705664E8 -6.54705664E8 -4.69476736E8 3.0523264E7 8.95621376E8 1.645621376E9 1.895621376E9 -1.64934592E9 -1.39934592E9 -2.034247808E9 -1.284247808E9 -1.759084288E9
28 2.5E8 2.5E8 5.0E8 1.0E9 1.0E9 1.5E9 1.5E9 1.75E9 2.0E9 -1.794967296E9 -1.544967296E9 -1.294967296E9 -1.294967296E9 -1.044967296E9 -7.94967296E8 -4.4967296E7 -4.4967296E7 -4.4967296E7 4.55032704E8 9.55032704E8
29 1.0E9 1.5E9 -1.044967296E9 -1.044967296E9 2.05032704E8 3.20130816E8 3.20130816E8 3.20130816E8 -2.89607552E8 -2.89607552E8 -6.7450944E8 -6.7450944E8 1.440588672E9 1.440588672E9 -1.354378624E9 -1.354378624E9 -6.04378624E8 -3.4247808E7 -3.741824E8 -1.259084288E9
30 7.5E8 1.25E9 1.25E9 1.5E9 2.0E9 -1.794967296E9 -1.294967296E9 -1.294967296E9 -1.589934592E9 -1.339934592E9 1.660065408E9 -2.134901888E9 -2.134901888E9 -2.134901888E9 -1.884901888E9 -1.634901888E9 -1.634901888E9 8.20130816E8 8.20130816E8 8.20130816E8
31 1.5E9 1.5E9 -1.794967296E9 -1.294967296E9 -5.44967296E8 2.115098112E9 -1.22483648E9 1.845294336E9 7.10392448E8 9.60392448E8 1.530523264E9 1.780523264E9 -3.54378624E8 -1.04378624E8 -1.04378624E8 -1.04378624E8 1.45621376E8 7.60719488E8 7.60719488E8 5.35883008E8
32 1.0E9 1.0E9 -2.044967296E9 -1.544967296E9 1.60065408E8 1.77516352E9 1.77516352E9 -1.09738368E8 -8.34574848E8 9.15425152E8 1.07549056E9 9.85555968E8 1.645621376E9 -1.64934592E9 -8.9934592E8 -6.4934592E8 -1.4934592E8 -1.1241824E9 -8.741824E8 -7.59084288E8
33 0.0 2.5E8 5.0E8 7.5E8 1.0E9 1.75E9 1.75E9 2.0E9 2.0E9 -1.794967296E9 -1.544967296E9 -1.294967296E9 -1.044967296E9 -1.044967296E9 -1.044967296E9 -1.044967296E9 -7.94967296E8 -7.94967296E8 -7.94967296E8 -7.94967296E8
34 7.5E8 7.5E8 2.0E9 -1.794967296E9 -1.794967296E9 -1.794967296E9 -1.794967296E9 -1.794967296E9 -1.794967296E9 -1.794967296E9 -1.794967296E9 -1.544967296E9 -1.544967296E9 -1.544967296E9 -1.544967296E9 -1.294967296E9 -1.294967296E9 -7.94967296E8 -5.44967296E8 -5.44967296E8
35 7.5E8 7.5E8 7.5E8 1.0E9 1.25E9 1.25E9 1.5E9 2.0E9 -2.044967296E9 -1.544967296E9 -1.544967296E9 -1.294967296E9 -1.294967296E9 -7.94967296E8 -5.44967296E8 -5.44967296E8 -2.94967296E8 -2.94967296E8 -4.4967296E7 2.05032704E8
36 2.5E8 2.5E8 1.25E9 1.25E9 1.5E9 1.75E9 -2.044967296E9 -1.294967296E9 -1.294967296E9 -1.044967296E9 -1.044967296E9 -5.44967296E8 -5.44967296E8 -2.94967296E8 -4.4967296E7 -4.4967296E7 2.05032704E8 9.55032704E8 9.55032704E8 9.55032704E8
37 5.0E8 5.0E8 5.0E8 5.0E8 7.5E8 1.0E9 1.0E9 1.5E9 2.0E9 -1.544967296E9 -1.044967296E9 -5.44967296E8 -2.94967296E8 -4.4967296E7 2.05032704E8 7.05032704E8 1.205032704E9 1.205032704E9 1.205032704E9 1.205032704E9
38 0.0 7.5E8 7.5E8 1.0E9 2.0E9 -2.044967296E9 -2.044967296E9 -1.794967296E9 -1.544967296E9 -1.294967296E9 -1.044967296E9 -7.94967296E8 -5.44967296E8 -4.4967296E7 4.55032704E8 7.05032704E8 7.05032704E8 7.05032704E8 9.55032704E8 9.55032704E8
39 7.5E8 7.5E8 7.5E8 7.5E8 1.5E9 2.0E9 -2.044967296E9 -2.044967296E9 -2.044967296E9 -1.794967296E9 -1.544967296E9 -1.544967296E9 -1.294967296E9 -1.044967296E9 -1.044967296E9 -1.044967296E9 -1.044967296E9 -7.94967296E8 -7.94967296E8 -2.94967296E8
40 5.0E8 7.5E8 1.5E9 1.75E9 2.0E9 2.0E9 2.0E9 2.0E9 2.0E9 2.0E9 2.0E9 -2.044967296E9 -1.794967296E9 -1.794967296E9 -1.544967296E9 -1.544967296E9 -1.294967296E9 -7.94967296E8 -5.44967296E8 -2.94967296E8
41 5.0E8 7.5E8 1.0E9 1.5E9 1.5E9 1.75E9 -2.044967296E9 -1.544967296E9 -1.544967296E9 -1.294967296E9 -1.294967296E9 -1.294967296E9 -7.94967296E8 -7.94967296E8 -5.44967296E8 -4.4967296E7 -4.4967296E7 2.05032704E8 2.05032704E8 2.05032704E8
42 0.0 2.5E8 2.5E8 1.0E9 1.0E9 1.0E9 1.0E9 1.25E9 1.5E9 1.5E9 2.0E9 -2.044967296E9 -2.044967296E9 -1.794967296E9 -1.544967296E9 -1.544967296E9 -1.294967296E9 -7.94967296E8 -5.44967296E8 -2.94967296E8
43 2.5E8 2.5E8 5.0E8 5.0E8 5.0E8 5.0E8 7.5E8 1.25E9 1.75E9 1.75E9 2.0E9 2.0E9 2.0E9 -2.044967296E9 -1.794967296E9 -1.544967296E9 -7.94967296E8 -5.44967296E8 -5.44967296E8 -4.4967296E7
44 0.0 0.0 0.0 0.0 0.0 2.5E8 5.0E8 5.0E8 7.5E8 7.5E8 1.0E9 1.25E9 1.25E9 1.5E9 2.0E9 -2.044967296E9 -1.794967296E9 -1.794967296E9 -1.794967296E9 -1.544967296E9
45 2.5E8 2.5E8 5.0E8 7.5E8 7.5E8 1.5E9 1.5E9 1.5E9 1.5E9 1.5E9 1.5E9 1.5E9 1.75E9 2.0E9 2.0E9 -2.044967296E9 -2.044967296E9 -1.794967296E9 -1.544967296E9 -1.044967296E9
46 5.0E8 5.0E8 1.0E9 1.0E9 1.0E9 1.25E9 1.25E9 1.25E9 1.5E9 1.75E9 1.75E9 1.75E9 1.75E9 -2.044967296E9 -1.544967296E9 -1.544967296E9 -1.294967296E9 -1.044967296E9 -1.044967296E9 -1.044967296E9
47 0.0 0.0 5.0E8 5.0E8 5.0E8 5.0E8 1.0E9 1.25E9 1.25E9 1.25E9 1.25E9 1.5E9 1.5E9 1.75E9 1.75E9 2.0E9 -2.044967296E9 -2.044967296E9 -1.794967296E9 -1.794967296E9
48 0.0 0.0 2.5E8 5.0E8 5.0E8 7.5E8 1.0E9 1.0E9 1.0E9 1.25E9 1.25E9 1.25E9 1.25E9 1.5E9 1.5E9 1.5E9 1.75E9 2.0E9 2.0E9 -2.044967296E9
49 0.0 2.5E8 5.0E8 5.0E8 5.0E8 5.0E8 7.5E8 7.5E8 7.5E8 1.0E9 1.0E9 1.25E9 2.0E9 -1.794967296E9 -1.544967296E9 -1.044967296E9 -7.94967296E8 -5.44967296E8 -5.44967296E8 -2.94967296E8
50 0.0 7.5E8 1.0E9 1.75E9 1.75E9 2.0E9 -1.544967296E9 -1.544967296E9 -1.294967296E9 -1.044967296E9 -7.94967296E8 -5.44967296E8 -2.94967296E8 -2.94967296E8 -4.4967296E7 -4.4967296E7 -4.4967296E7 2.05032704E8 4.55032704E8 7.05032704E8
51 7.5E8 7.5E8 7.5E8 7.5E8 1.0E9 -1.294967296E9 -1.294967296E9 -1.294967296E9 -1.294967296E9 1.205032704E9 1.455032704E9 1.705032704E9 1.60065408E8 1.60065408E8 4.10065408E8 4.10065408E8 6.60065408E8 -3.84901888E8 -1.34901888E8 -1.34901888E8
