records: 20
      Record Time
Host  UsedBuffer

  49376.0 98752.0 148128.0 197504.0 246880.0 296256.0 345632.0 395008.0 444384.0 493760.0 543136.0 592512.0 641888.0 691264.0 740640.0 790016.0 839392.0 888768.0 938144.0 987520.0
0 2000000.0 6000000.0 1.0E7 1.1E7 1.4E7 1.32E8 1.51E8 1.75E8 2.59E8 2.7E8 3.13E8 3.15E8 3.61E8 3.63E8 3.65E8 3.65E8 3.65E8 3.65E8 3.66E8 3.67E8
1 0.0 0.0 1000000.0 1000000.0 1000000.0 1000000.0 2000000.0 3000000.0 4000000.0 4000000.0 4000000.0 5000000.0 6000000.0 7000000.0 7000000.0 7000000.0 9000000.0 9000000.0 1.3E7 1.4E7
2 1000000.0 2000000.0 3000000.0 4000000.0 5000000.0 6000000.0 7000000.0 8000000.0 1.0E7 1.0E7 1.1E7 1.4E7 1.5E7 1.5E7 1.6E7 1.6E7 1.9E7 1.9E7 1.9E7 2.2E7
3 2000000.0 2000000.0 1.0E7 1.1E7 1.3E7 1.32E8 1.48E8 1.71E8 2.55E8 2.67E8 3.1E8 3.12E8 3.58E8 3.59E8 3.6E8 3.61E8 3.62E8 3.62E8 3.62E8 3.62E8
4 0.0 0.0 1000000.0 2000000.0 3000000.0 7000000.0 7000000.0 8000000.0 8000000.0 8000000.0 1.0E7 1.1E7 1.4E7 1.5E7 1.7E7 1.8E7 1.8E7 1.8E7 2.0E7 2.2E7
5 1000000.0 3000000.0 4000000.0 5000000.0 6000000.0 7000000.0 7000000.0 7000000.0 8000000.0 8000000.0 8000000.0 8000000.0 1.0E7 1.2E7 1.3E7 1.3E7 1.4E7 1.7E7 1.7E7 1.8E7
6 1000000.0 3000000.0 4000000.0 5000000.0 5000000.0 6000000.0 7000000.0 8000000.0 8000000.0 1.0E7 1.3E7 1.5E7 1.6E7 1.6E7 1.6E7 1.8E7 1.8E7 1.9E7 1.9E7 1.9E7
7 2000000.0 4000000.0 4.1E7 4.1E7 6.8E7 1.37E8 1.39E8 2.1E8 2.1E8 2.13E8 3.17E8 3.17E8 3.31E8 3.32E8 3.32E8 3.33E8 3.34E8 4.89E8 4.91E8 4.93E8
8 0.0 1000000.0 2000000.0 2000000.0 2000000.0 3000000.0 4000000.0 6000000.0 6000000.0 7000000.0 7000000.0 8000000.0 9000000.0 9000000.0 9000000.0 1.0E7 1.3E7 1.4E7 1.4E7 1.5E7
9 1000000.0 2000000.0 5000000.0 6000000.0 1.2E7 1.33E8 1.49E8 1.59E8 1.62E8 1.62E8 3.11E8 3.11E8 3.57E8 3.57E8 3.57E8 3.57E8 3.57E8 3.58E8 3.58E8 3.59E8
10 5000000.0 7000000.0 1.7E7 1.7E7 6.7E7 1.41E8 1.43E8 1.83E8 2.55E8 2.61E8 3.13E8 3.13E8 3.55E8 3.57E8 3.85E8 3.85E8 4.22E8 4.81E8 4.82E8 4.83E8
11 7000000.0 9000000.0 9000000.0 9000000.0 9000000.0 9000000.0 1.0E7 2.08E8 2.11E8 2.16E8 3.1E8 3.12E8 3.12E8 3.12E8 3.83E8 3.84E8 3.85E8 5.03E8 5.03E8 5.03E8
12 6000000.0 7000000.0 1.2E7 1.2E7 6.6E7 1.36E8 1.45E8 2.03E8 2.47E8 2.47E8 2.47E8 2.49E8 2.51E8 2.52E8 2.66E8 2.69E8 2.76E8 4.74E8 4.9E8 5.24E8
13 1000000.0 1000000.0 2000000.0 3000000.0 3000000.0 3000000.0 3000000.0 4000000.0 4000000.0 4000000.0 4000000.0 4000000.0 4000000.0 4000000.0 4000000.0 5000000.0 6000000.0 7000000.0 1.2E7 1.4E7
14 1000000.0 2000000.0 5000000.0 6000000.0 2.0E7 1.42E8 1.52E8 2.03E8 2.56E8 2.66E8 3.15E8 3.15E8 3.55E8 3.56E8 3.57E8 3.59E8 3.64E8 4.69E8 4.69E8 4.7E8
15 2000000.0 2000000.0 2000000.0 2000000.0 2000000.0 4000000.0 6000000.0 7000000.0 9000000.0 9000000.0 9000000.0 1.0E7 1.1E7 1.1E7 1.1E7 1.1E7 1.1E7 1.1E7 1.1E7 1.1E7
16 1000000.0 1000000.0 1000000.0 1000000.0 1000000.0 1000000.0 3000000.0 5000000.0 6000000.0 6000000.0 7000000.0 8000000.0 1.0E7 1.1E7 1.4E7 1.6E7 1.8E7 2.0E7 2.3E7 2.4E7
17 1000000.0 3000000.0 4000000.0 5000000.0 7000000.0 8000000.0 8000000.0 1.0E7 1.1E7 1.1E7 1.1E7 1.1E7 1.2E7 1.4E7 1.6E7 1.8E7 1.8E7 1.9E7 2.1E7 2.4E7
18 0.0 1000000.0 1000000.0 2000000.0 3000000.0 5000000.0 5000000.0 5000000.0 5000000.0 8000000.0 8000000.0 8000000.0 8000000.0 8000000.0 9000000.0 1.0E7 1.1E7 1.3E7 1.3E7 1.3E7
19 2000000.0 2000000.0 2.8E7 3.3E7 3.8E7 1.34E8 1.5E8 1.73E8 2.53E8 2.55E8 3.12E8 3.14E8 3.57E8 3.57E8 3.61E8 3.61E8 3.71E8 4.79E8 4.95E8 5.4E8
20 5000000.0 6000000.0 3.1E7 5.6E7 6.7E7 1.42E8 1.62E8 2.13E8 2.57E8 2.67E8 3.15E8 3.15E8 3.61E8 3.61E8 3.88E8 4.0E8 4.28E8 4.82E8 4.92E8 5.43E8
21 5000000.0 7000000.0 2.8E7 5.3E7 6.4E7 1.38E8 1.58E8 2.09E8 2.54E8 2.58E8 3.11E8 3.11E8 3.53E8 3.53E8 3.85E8 3.93E8 4.19E8 4.76E8 4.83E8 5.37E8
22 2000000.0 2000000.0 3000000.0 3000000.0 6000000.0 1.47E8 1.47E8 1.48E8 2.39E8 2.64E8 3.11E8 3.11E8 3.62E8 3.62E8 3.89E8 3.89E8 3.89E8 5.01E8 5.07E8 5.38E8
23 0.0 1000000.0 4000000.0 6000000.0 8000000.0 8000000.0 8000000.0 8000000.0 8000000.0 8000000.0 8000000.0 9000000.0 9000000.0 9000000.0 1.0E7 1.0E7 1.1E7 1.2E7 1.3E7 1.5E7
24 0.0 0.0 0.0 0.0 1000000.0 1000000.0 4000000.0 4000000.0 5000000.0 7000000.0 8000000.0 8000000.0 9000000.0 1.0E7 1.2E7 1.2E7 1.2E7 1.2E7 1.4E7 1.6E7
25 7000000.0 9000000.0 1.1E7 1.4E7 2.1E7 2.3E7 3.5E7 1.75E8 2.58E8 2.58E8 2.59E8 2.59E8 2.59E8 2.6E8 2.6E8 2.6E8 2.6E8 2.65E8 2.67E8 2.67E8
26 0.0 2000000.0 2000000.0 4000000.0 6000000.0 7000000.0 8000000.0 9000000.0 1.1E7 1.1E7 1.4E7 1.4E7 1.5E7 1.5E7 1.6E7 1.8E7 1.9E7 1.9E7 1.9E7 2.0E7
27 1000000.0 1000000.0 1000000.0 2000000.0 2000000.0 3000000.0 3000000.0 3000000.0 5000000.0 5000000.0 5000000.0 7000000.0 7000000.0 1.0E7 1.1E7 1.4E7 1.5E7 1.6E7 1.7E7 1.7E7
28 6000000.0 7000000.0 1.1E7 2.0E7 2.0E7 1.36E8 1.41E8 2.08E8 2.12E8 2.61E8 3.13E8 3.14E8 3.56E8 3.58E8 3.84E8 3.87E8 3.87E8 4.96E8 4.98E8 5.0E8
29 0.0 2000000.0 5000000.0 5000000.0 6000000.0 7000000.0 7000000.0 7000000.0 8000000.0 8000000.0 9000000.0 9000000.0 1.0E7 1.0E7 1.2E7 1.2E7 1.3E7 1.4E7 1.5E7 1.5E7
30 1000000.0 1000000.0 1000000.0 2000000.0 4000000.0 6000000.0 8000000.0 8000000.0 1.1E7 1.2E7 1.5E7 1.7E7 1.7E7 1.7E7 1.8E7 1.9E7 1.9E7 2.0E7 2.0E7 2.0E7
31 8000000.0 8000000.0 3.0E7 5.4E7 6.6E7 1.38E8 1.58E8 2.08E8 2.49E8 2.63E8 3.15E8 3.16E8 3.52E8 3.53E8 3.79E8 3.92E8 4.16E8 4.91E8 4.91E8 5.35E8
32 2000000.0 2000000.0 2000000.0 4000000.0 6000000.0 7000000.0 7000000.0 8000000.0 9000000.0 1.0E7 1.2E7 1.3E7 1.3E7 1.7E7 1.7E7 1.8E7 1.9E7 2.1E7 2.2E7 2.3E7
33 7000000.0 8000000.0 4.2E7 5.6E7 7.0E7 1.49E8 1.61E8 2.12E8 2.55E8 2.7E8 3.13E8 3.14E8 3.59E8 3.59E8 3.95E8 3.99E8 4.27E8 5.04E8 5.08E8 5.42E8
34 7000000.0 7000000.0 1.7E7 1.9E7 1.9E7 1.9E7 1.9E7 1.9E7 1.9E7 1.9E7 1.9E7 2.0E7 2.0E7 2.0E7 2.0E7 2.1E7 2.1E7 2.3E7 2.4E7 2.4E7
35 6000000.0 6000000.0 3.0E7 5.4E7 6.7E7 1.39E8 1.59E8 2.1E8 2.55E8 2.7E8 3.13E8 3.15E8 3.58E8 3.6E8 3.84E8 3.97E8 4.24E8 4.81E8 4.82E8 5.41E8
36 1000000.0 1000000.0 3000000.0 3000000.0 4000000.0 5000000.0 7000000.0 8000000.0 8000000.0 9000000.0 9000000.0 1.1E7 1.1E7 1.2E7 1.3E7 1.3E7 1.4E7 1.4E7 1.4E7 1.4E7
37 2000000.0 3000000.0 7000000.0 2.0E7 2.1E7 7.7E7 7.7E7 8.3E7 8.5E7 9.4E7 9.6E7 9.8E7 2.13E8 2.14E8 3.27E8 3.29E8 3.31E8 4.91E8 4.91E8 4.91E8
38 0.0 3000000.0 3000000.0 4000000.0 8000000.0 9000000.0 9000000.0 1.0E7 1.1E7 1.2E7 1.3E7 1.4E7 1.5E7 1.7E7 1.9E7 2.0E7 2.0E7 2.0E7 2.1E7 2.1E7
39 3000000.0 3000000.0 3000000.0 3000000.0 6000000.0 8000000.0 9000000.0 9000000.0 9000000.0 1.0E7 1.1E7 1.1E7 1.2E7 1.3E7 1.3E7 1.3E7 1.3E7 1.4E7 1.4E7 1.6E7
40 2000000.0 3000000.0 6000000.0 9000000.0 1.0E7 1.0E7 1.0E7 1.0E7 1.0E7 1.0E7 1.0E7 1.1E7 1.2E7 1.2E7 1.3E7 1.3E7 1.4E7 1.6E7 1.7E7 1.8E7
41 2000000.0 3000000.0 4000000.0 6000000.0 6000000.0 7000000.0 9000000.0 1.1E7 1.1E7 1.2E7 1.2E7 1.2E7 1.4E7 1.4E7 1.5E7 1.7E7 1.7E7 1.8E7 1.8E7 1.8E7
42 0.0 1000000.0 1000000.0 4000000.0 4000000.0 4000000.0 4000000.0 5000000.0 6000000.0 6000000.0 8000000.0 9000000.0 9000000.0 1.0E7 1.1E7 1.1E7 1.2E7 1.4E7 1.5E7 1.6E7
43 1000000.0 1000000.0 2000000.0 2000000.0 2000000.0 2000000.0 3000000.0 5000000.0 7000000.0 7000000.0 8000000.0 8000000.0 8000000.0 9000000.0 1.0E7 1.1E7 1.4E7 1.5E7 1.5E7 1.7E7
44 0.0 0.0 0.0 0.0 0.0 1000000.0 2000000.0 2000000.0 3000000.0 3000000.0 4000000.0 5000000.0 9000000.0 1.0E7 1.2E7 1.3E7 1.4E7 1.4E7 1.4E7 1.5E7
45 1000000.0 1000000.0 2000000.0 3000000.0 3000000.0 6000000.0 6000000.0 6000000.0 6000000.0 6000000.0 6000000.0 6000000.0 7000000.0 8000000.0 8000000.0 9000000.0 9000000.0 1.0E7 1.1E7 1.3E7
46 2000000.0 2000000.0 4000000.0 4000000.0 4000000.0 5000000.0 5000000.0 5000000.0 6000000.0 7000000.0 7000000.0 7000000.0 7000000.0 9000000.0 1.1E7 1.1E7 1.2E7 1.3E7 1.3E7 1.3E7
47 0.0 0.0 2000000.0 2000000.0 2000000.0 2000000.0 4000000.0 5000000.0 5000000.0 5000000.0 5000000.0 6000000.0 6000000.0 7000000.0 7000000.0 8000000.0 9000000.0 9000000.0 1.0E7 1.0E7
48 2000000.0 2000000.0 3000000.0 4000000.0 4000000.0 5000000.0 6000000.0 6000000.0 6000000.0 7000000.0 7000000.0 7000000.0 7000000.0 8000000.0 8000000.0 8000000.0 9000000.0 1.0E7 1.0E7 1.1E7
49 0.0 1000000.0 2000000.0 2000000.0 2000000.0 2000000.0 3000000.0 3000000.0 3000000.0 4000000.0 4000000.0 5000000.0 8000000.0 1.0E7 1.1E7 1.3E7 1.4E7 1.5E7 1.5E7 1.6E7
50 0.0 3000000.0 4000000.0 7000000.0 7000000.0 8000000.0 1.1E7 1.1E7 1.2E7 1.3E7 1.4E7 1.5E7 1.6E7 1.6E7 3.1E7 3.1E7 3.1E7 3.2E7 3.3E7 3.4E7
51 1000000.0 1000000.0 1000000.0 1000000.0 2000000.0 2000000.0 2000000.0 2000000.0 2000000.0 3000000.0 4000000.0 5000000.0 5000000.0 5000000.0 6000000.0 6000000.0 7000000.0 8000000.0 9000000.0 9000000.0
