records: 20
      Record Time
Host  UsedBuffer

  49376.0 98752.0 148128.0 197504.0 246880.0 296256.0 345632.0 395008.0 444384.0 493760.0 543136.0 592512.0 641888.0 691264.0 740640.0 790016.0 839392.0 888768.0 938144.0 987520.0
0 3000000.0 7000000.0 9000000.0 1.0E7 1.3E7 2.1E7 1.48E8 1.78E8 2.57E8 2.58E8 3.14E8 3.17E8 3.59E8 3.61E8 3.63E8 3.63E8 3.63E8 3.63E8 3.64E8 3.65E8
1 0.0 0.0 1000000.0 1000000.0 1000000.0 1000000.0 2000000.0 3000000.0 4000000.0 4000000.0 4000000.0 5000000.0 6000000.0 7000000.0 7000000.0 7000000.0 9000000.0 9000000.0 1.3E7 1.4E7
2 1000000.0 2000000.0 3000000.0 4000000.0 5000000.0 6000000.0 7000000.0 8000000.0 1.0E7 1.0E7 1.1E7 1.4E7 1.5E7 1.5E7 1.6E7 1.6E7 1.9E7 1.9E7 1.9E7 2.2E7
3 0.0 0.0 1000000.0 2000000.0 2000000.0 2000000.0 2000000.0 2000000.0 2000000.0 3000000.0 3000000.0 5000000.0 6000000.0 7000000.0 8000000.0 9000000.0 1.0E7 1.0E7 1.0E7 1.0E7
4 7000000.0 1.0E7 1.2E7 1.3E7 1.9E7 1.27E8 1.27E8 1.28E8 2.45E8 2.46E8 3.15E8 3.16E8 3.57E8 3.58E8 3.6E8 3.61E8 3.61E8 4.83E8 4.85E8 4.87E8
5 1000000.0 3000000.0 4000000.0 5000000.0 6000000.0 7000000.0 7000000.0 7000000.0 8000000.0 8000000.0 8000000.0 8000000.0 1.0E7 1.2E7 1.3E7 1.3E7 1.4E7 1.7E7 1.7E7 1.8E7
6 9000000.0 1.1E7 1.7E7 1.9E7 2.4E7 1.25E8 1.47E8 1.82E8 2.54E8 2.57E8 3.15E8 3.17E8 3.59E8 3.59E8 3.59E8 3.61E8 3.66E8 4.91E8 4.91E8 4.91E8
7 3000000.0 5000000.0 8000000.0 8000000.0 1.6E7 1.24E8 1.26E8 2.0E8 2.0E8 2.03E8 2.17E8 2.17E8 2.31E8 2.32E8 2.32E8 2.33E8 2.34E8 2.45E8 2.47E8 2.61E8
8 3000000.0 4000000.0 5000000.0 7000000.0 1.3E7 1.15E8 1.16E8 1.78E8 2.49E8 2.5E8 3.16E8 3.17E8 3.2E8 3.2E8 3.2E8 3.21E8 3.24E8 3.25E8 3.25E8 3.26E8
9 3000000.0 4000000.0 9000000.0 1.0E7 1.6E7 1.16E8 1.44E8 1.46E8 1.49E8 1.49E8 3.12E8 3.12E8 3.51E8 3.51E8 3.51E8 3.51E8 3.51E8 3.52E8 3.52E8 3.53E8
10 5000000.0 7000000.0 1.3E7 1.3E7 1.7E7 1.2E8 1.22E8 1.8E8 2.54E8 2.54E8 3.15E8 3.15E8 3.57E8 3.58E8 3.6E8 3.6E8 3.76E8 4.86E8 4.87E8 4.88E8
11 8000000.0 1.0E7 1.0E7 1.0E7 1.0E7 1.0E7 1.1E7 2.2E7 2.5E7 4.5E7 3.11E8 3.13E8 3.13E8 3.13E8 3.16E8 3.17E8 3.18E8 4.99E8 4.99E8 4.99E8
12 7000000.0 8000000.0 1.3E7 1.3E7 1.9E7 1.01E8 1.41E8 1.94E8 2.48E8 2.48E8 2.48E8 2.5E8 2.52E8 2.53E8 2.62E8 2.65E8 2.72E8 4.8E8 5.04E8 5.13E8
13 4000000.0 4000000.0 8000000.0 9000000.0 9000000.0 1.19E8 1.46E8 1.77E8 2.49E8 2.49E8 3.09E8 3.09E8 3.53E8 3.53E8 3.58E8 3.59E8 3.65E8 4.79E8 5.03E8 5.11E8
14 1000000.0 2000000.0 2000000.0 3000000.0 4000000.0 4000000.0 5000000.0 6000000.0 6000000.0 8000000.0 9000000.0 9000000.0 1.0E7 1.1E7 1.2E7 1.4E7 1.4E7 1.6E7 1.6E7 1.7E7
15 6000000.0 6000000.0 8000000.0 9000000.0 1.8E7 1.18E8 1.43E8 1.97E8 2.51E8 2.52E8 3.13E8 3.14E8 3.57E8 3.57E8 3.57E8 3.57E8 3.57E8 4.74E8 4.74E8 4.74E8
16 1000000.0 1000000.0 1000000.0 1000000.0 1000000.0 1000000.0 3000000.0 5000000.0 6000000.0 6000000.0 7000000.0 8000000.0 1.0E7 1.1E7 1.4E7 1.6E7 1.8E7 2.0E7 2.3E7 2.4E7
17 1000000.0 3000000.0 4000000.0 5000000.0 7000000.0 8000000.0 8000000.0 1.0E7 1.1E7 1.1E7 1.1E7 1.1E7 1.2E7 1.4E7 1.6E7 1.8E7 1.8E7 1.9E7 2.1E7 2.4E7
18 5000000.0 9000000.0 1.1E7 1.2E7 1.9E7 1.21E8 1.49E8 1.81E8 2.51E8 2.54E8 3.17E8 3.17E8 3.6E8 3.6E8 3.65E8 3.66E8 3.73E8 4.95E8 4.99E8 5.32E8
19 4000000.0 4000000.0 1.1E7 1.6E7 2.6E7 1.18E8 1.47E8 1.77E8 2.46E8 2.48E8 3.14E8 3.16E8 3.56E8 3.56E8 3.6E8 3.61E8 3.66E8 4.84E8 5.08E8 5.15E8
20 0.0 1000000.0 2000000.0 3000000.0 3000000.0 3000000.0 4000000.0 4000000.0 4000000.0 4000000.0 5000000.0 5000000.0 5000000.0 5000000.0 5000000.0 5000000.0 6000000.0 8000000.0 8000000.0 8000000.0
21 5000000.0 7000000.0 1.2E7 1.3E7 1.3E7 1.17E8 1.43E8 1.98E8 2.53E8 2.53E8 3.12E8 3.12E8 3.54E8 3.54E8 3.55E8 3.56E8 3.57E8 4.82E8 4.86E8 5.22E8
22 1000000.0 1000000.0 2000000.0 2000000.0 5000000.0 6000000.0 6000000.0 7000000.0 7000000.0 8000000.0 9000000.0 9000000.0 1.0E7 1.0E7 1.0E7 1.0E7 1.0E7 1.0E7 1.1E7 1.1E7
23 3000000.0 6000000.0 9000000.0 1.2E7 1.4E7 2.1E7 3.0E7 1.77E8 1.77E8 1.77E8 1.77E8 1.78E8 1.78E8 1.78E8 1.84E8 1.84E8 1.85E8 2.63E8 2.64E8 2.66E8
24 5000000.0 5000000.0 1.0E7 1.1E7 1.2E7 1.17E8 1.43E8 1.96E8 2.49E8 2.52E8 3.06E8 3.06E8 3.55E8 3.56E8 3.65E8 3.65E8 3.69E8 4.79E8 4.81E8 5.22E8
25 4000000.0 6000000.0 8000000.0 1.1E7 1.8E7 2.0E7 3.5E7 1.79E8 2.55E8 2.55E8 2.56E8 2.56E8 2.56E8 2.57E8 2.57E8 2.57E8 2.57E8 2.65E8 2.67E8 2.67E8
26 0.0 2000000.0 2000000.0 7000000.0 9000000.0 1.3E7 1.44E8 1.98E8 2.52E8 2.53E8 3.13E8 3.13E8 3.56E8 3.56E8 3.58E8 3.6E8 3.61E8 4.85E8 4.85E8 5.24E8
27 1000000.0 1000000.0 1000000.0 2000000.0 2000000.0 3000000.0 3000000.0 3000000.0 5000000.0 5000000.0 5000000.0 7000000.0 7000000.0 1.0E7 1.1E7 1.4E7 1.5E7 1.6E7 1.7E7 1.7E7
28 6000000.0 7000000.0 1.1E7 1.5E7 1.5E7 1.19E8 1.2E8 1.23E8 1.81E8 1.83E8 3.15E8 3.16E8 3.57E8 3.59E8 3.61E8 3.64E8 3.64E8 4.87E8 4.89E8 4.91E8
29 0.0 2000000.0 5000000.0 5000000.0 6000000.0 7000000.0 7000000.0 7000000.0 8000000.0 8000000.0 9000000.0 9000000.0 1.0E7 1.0E7 1.2E7 1.2E7 1.3E7 1.4E7 1.5E7 1.5E7
30 3000000.0 5000000.0 5000000.0 1.2E7 1.4E7 1.6E7 1.8E7 2.5E7 2.48E8 2.49E8 2.61E8 2.63E8 2.63E8 2.63E8 2.7E8 2.71E8 2.71E8 4.77E8 4.77E8 4.77E8
31 3000000.0 3000000.0 5000000.0 6000000.0 8000000.0 8000000.0 8000000.0 9000000.0 1.0E7 1.1E7 1.4E7 1.5E7 1.5E7 1.6E7 1.6E7 1.6E7 1.7E7 1.8E7 1.8E7 1.8E7
32 2000000.0 2000000.0 2000000.0 4000000.0 6000000.0 7000000.0 7000000.0 8000000.0 9000000.0 1.0E7 1.2E7 1.3E7 1.3E7 1.7E7 1.7E7 1.8E7 1.9E7 2.1E7 2.2E7 2.3E7
33 0.0 1000000.0 2000000.0 3000000.0 4000000.0 7000000.0 7000000.0 8000000.0 8000000.0 1.0E7 1.1E7 1.2E7 1.3E7 1.3E7 1.3E7 1.3E7 1.4E7 1.4E7 1.4E7 1.4E7
34 1000000.0 1000000.0 3000000.0 5000000.0 5000000.0 5000000.0 5000000.0 5000000.0 5000000.0 5000000.0 5000000.0 6000000.0 6000000.0 6000000.0 6000000.0 7000000.0 7000000.0 9000000.0 1.0E7 1.0E7
35 7000000.0 7000000.0 9000000.0 1.1E7 1.8E7 1.18E8 1.45E8 1.98E8 2.54E8 2.57E8 3.15E8 3.17E8 3.59E8 3.61E8 3.74E8 3.74E8 3.78E8 4.87E8 4.88E8 5.27E8
36 1000000.0 1000000.0 1.0E7 1.7E7 1.8E7 1.9E7 2.1E7 1.3E8 1.3E8 1.31E8 1.31E8 1.33E8 1.33E8 1.34E8 1.35E8 1.35E8 1.36E8 2.41E8 2.41E8 2.41E8
37 2000000.0 2000000.0 2000000.0 2000000.0 3000000.0 4000000.0 4000000.0 6000000.0 8000000.0 1.1E7 1.3E7 1.5E7 1.6E7 1.7E7 1.8E7 2.0E7 2.2E7 2.2E7 2.2E7 2.2E7
38 0.0 3000000.0 3000000.0 4000000.0 8000000.0 9000000.0 9000000.0 1.0E7 1.1E7 1.2E7 1.3E7 1.4E7 1.9E7 2.1E7 2.3E7 2.4E7 2.4E7 2.4E7 2.5E7 2.5E7
39 3000000.0 3000000.0 3000000.0 3000000.0 6000000.0 9000000.0 1.0E7 1.0E7 1.0E7 1.1E7 1.2E7 1.2E7 1.3E7 1.4E7 1.4E7 1.4E7 1.4E7 1.5E7 1.5E7 2.4E7
40 2000000.0 3000000.0 6000000.0 7000000.0 8000000.0 8000000.0 8000000.0 8000000.0 8000000.0 8000000.0 8000000.0 9000000.0 1.0E7 1.0E7 1.1E7 1.1E7 1.2E7 1.4E7 1.5E7 1.6E7
41 2000000.0 3000000.0 4000000.0 6000000.0 6000000.0 7000000.0 9000000.0 1.1E7 1.1E7 1.2E7 1.2E7 1.2E7 1.4E7 1.4E7 1.5E7 1.7E7 1.7E7 1.8E7 1.8E7 1.8E7
42 0.0 1000000.0 1000000.0 4000000.0 4000000.0 4000000.0 4000000.0 5000000.0 6000000.0 6000000.0 8000000.0 9000000.0 9000000.0 1.0E7 1.1E7 1.1E7 1.2E7 1.4E7 1.5E7 1.6E7
43 1000000.0 1000000.0 2000000.0 2000000.0 2000000.0 2000000.0 3000000.0 5000000.0 7000000.0 7000000.0 8000000.0 8000000.0 8000000.0 9000000.0 1.0E7 1.1E7 1.4E7 1.5E7 1.5E7 1.7E7
44 0.0 0.0 0.0 0.0 0.0 1000000.0 2000000.0 2000000.0 3000000.0 3000000.0 4000000.0 5000000.0 3.43E8 3.44E8 3.46E8 3.47E8 3.48E8 3.48E8 3.48E8 3.49E8
45 1000000.0 1000000.0 2000000.0 3000000.0 3000000.0 6000000.0 6000000.0 6000000.0 6000000.0 6000000.0 6000000.0 6000000.0 7000000.0 8000000.0 8000000.0 9000000.0 9000000.0 1.0E7 1.1E7 1.3E7
46 2000000.0 2000000.0 4000000.0 4000000.0 4000000.0 5000000.0 5000000.0 5000000.0 6000000.0 7000000.0 7000000.0 7000000.0 7000000.0 9000000.0 1.1E7 1.1E7 1.2E7 1.3E7 1.3E7 1.3E7
47 0.0 0.0 2000000.0 2000000.0 2000000.0 2000000.0 4000000.0 5000000.0 1.2E7 1.3E7 1.3E7 1.4E7 1.4E7 1.5E7 1.5E7 1.6E7 1.7E7 1.7E7 1.8E7 1.8E7
48 0.0 0.0 1000000.0 2000000.0 2000000.0 3000000.0 4000000.0 4000000.0 4000000.0 5000000.0 5000000.0 5000000.0 5000000.0 6000000.0 6000000.0 6000000.0 7000000.0 8000000.0 8000000.0 9000000.0
49 0.0 1000000.0 2000000.0 2000000.0 2000000.0 2000000.0 3000000.0 3000000.0 3000000.0 4000000.0 4000000.0 5000000.0 8000000.0 1.0E7 1.1E7 1.3E7 1.4E7 1.5E7 1.5E7 1.6E7
50 0.0 3000000.0 4000000.0 7000000.0 7000000.0 8000000.0 1.1E7 1.1E7 1.2E7 1.3E7 1.4E7 1.5E7 1.6E7 1.6E7 1.7E7 1.7E7 1.7E7 1.8E7 1.9E7 2.0E7
51 6000000.0 6000000.0 6000000.0 6000000.0 7000000.0 1.5E7 1.5E7 2.2E7 2.2E7 4.3E7 4.4E7 4.5E7 5.4E7 5.4E7 5.5E7 5.5E7 6.3E7 1.02E8 1.03E8 1.03E8
