records: 20
      Record Time
Host  UsedBuffer

  49376.0 98752.0 148128.0 197504.0 246880.0 296256.0 345632.0 395008.0 444384.0 493760.0 543136.0 592512.0 641888.0 691264.0 740640.0 790016.0 839392.0 888768.0 938144.0 987520.0
0 1000000.0 5000000.0 7000000.0 8000000.0 1.1E7 1.9E7 1.49E8 1.68E8 2.33E8 2.34E8 2.99E8 3.0E8 3.43E8 3.45E8 3.47E8 3.47E8 3.47E8 3.47E8 3.48E8 3.49E8
1 0.0 0.0 1000000.0 1000000.0 1000000.0 1000000.0 2000000.0 3000000.0 4000000.0 4000000.0 4000000.0 5000000.0 6000000.0 7000000.0 7000000.0 7000000.0 9000000.0 9000000.0 1.3E7 1.4E7
2 1000000.0 2000000.0 3000000.0 4000000.0 5000000.0 6000000.0 7000000.0 8000000.0 1.0E7 1.0E7 1.1E7 1.4E7 1.5E7 1.5E7 1.6E7 1.6E7 1.9E7 1.9E7 1.9E7 2.2E7
3 0.0 0.0 1000000.0 2000000.0 2000000.0 2000000.0 2000000.0 2000000.0 2000000.0 3000000.0 3000000.0 5000000.0 6000000.0 7000000.0 8000000.0 9000000.0 1.0E7 1.0E7 1.0E7 1.0E7
4 0.0 0.0 1000000.0 2000000.0 3000000.0 7000000.0 7000000.0 8000000.0 8000000.0 8000000.0 1.0E7 1.1E7 1.4E7 1.5E7 1.7E7 1.8E7 1.8E7 1.8E7 2.0E7 2.2E7
5 1000000.0 3000000.0 4000000.0 5000000.0 6000000.0 7000000.0 7000000.0 7000000.0 8000000.0 8000000.0 8000000.0 8000000.0 1.0E7 1.2E7 1.3E7 1.3E7 1.4E7 1.7E7 1.7E7 1.8E7
6 1000000.0 3000000.0 4000000.0 5000000.0 5000000.0 6000000.0 7000000.0 8000000.0 8000000.0 1.0E7 1.3E7 1.5E7 1.6E7 1.6E7 1.6E7 1.8E7 1.8E7 1.9E7 1.9E7 1.9E7
7 1000000.0 3000000.0 4000000.0 4000000.0 5000000.0 6000000.0 8000000.0 9000000.0 9000000.0 1.2E7 1.2E7 1.2E7 1.3E7 1.4E7 1.4E7 1.5E7 1.6E7 1.6E7 1.8E7 1.8E7
8 0.0 1000000.0 2000000.0 2000000.0 2000000.0 3000000.0 4000000.0 6000000.0 6000000.0 7000000.0 7000000.0 8000000.0 9000000.0 9000000.0 9000000.0 1.0E7 1.3E7 1.4E7 1.4E7 1.5E7
9 0.0 1000000.0 1000000.0 2000000.0 2000000.0 3000000.0 3000000.0 3000000.0 4000000.0 4000000.0 5000000.0 5000000.0 7000000.0 7000000.0 7000000.0 7000000.0 7000000.0 8000000.0 8000000.0 9000000.0
10 0.0 1000000.0 1000000.0 1000000.0 1000000.0 2000000.0 3000000.0 3000000.0 5000000.0 5000000.0 5000000.0 5000000.0 6000000.0 7000000.0 8000000.0 8000000.0 8000000.0 9000000.0 1.0E7 1.1E7
11 0.0 2000000.0 2000000.0 2000000.0 2000000.0 2000000.0 3000000.0 6000000.0 9000000.0 1.2E7 1.3E7 1.5E7 1.5E7 1.5E7 1.6E7 1.7E7 1.8E7 1.8E7 1.8E7 1.8E7
12 6000000.0 7000000.0 1.2E7 1.2E7 6.7E7 1.28E8 1.43E8 1.86E8 2.26E8 2.26E8 2.26E8 2.28E8 2.3E8 2.31E8 2.45E8 2.48E8 2.55E8 4.51E8 4.97E8 5.03E8
13 1000000.0 1000000.0 2000000.0 3000000.0 3000000.0 3000000.0 3000000.0 4000000.0 4000000.0 4000000.0 4000000.0 4000000.0 4000000.0 4000000.0 4000000.0 5000000.0 6000000.0 7000000.0 1.2E7 1.4E7
14 1000000.0 2000000.0 2000000.0 3000000.0 4000000.0 4000000.0 5000000.0 6000000.0 6000000.0 8000000.0 9000000.0 9000000.0 1.0E7 1.1E7 1.2E7 1.4E7 1.4E7 1.6E7 1.6E7 1.7E7
15 6000000.0 6000000.0 3.0E7 5.6E7 6.6E7 1.36E8 1.49E8 1.9E8 2.11E8 2.51E8 2.98E8 2.99E8 3.4E8 3.4E8 3.57E8 3.57E8 3.57E8 4.41E8 4.41E8 4.41E8
16 7000000.0 7000000.0 7000000.0 7000000.0 7000000.0 1.5E7 1.7E7 1.9E7 2.3E8 2.58E8 3.02E8 3.03E8 3.47E8 3.48E8 3.55E8 3.57E8 3.59E8 4.71E8 5.01E8 5.21E8
17 1000000.0 3000000.0 4000000.0 5000000.0 7000000.0 8000000.0 8000000.0 1.0E7 1.1E7 1.1E7 1.1E7 1.1E7 1.2E7 1.4E7 1.6E7 1.8E7 1.8E7 1.9E7 2.1E7 2.4E7
18 1000000.0 5000000.0 1.4E7 1.8E7 2.5E7 1.1E8 1.51E8 1.71E8 2.29E8 2.32E8 3.03E8 3.03E8 3.45E8 3.45E8 3.5E8 3.51E8 4.1E8 4.84E8 4.88E8 5.24E8
19 2000000.0 2000000.0 1.8E7 2.3E7 4.0E7 1.26E8 1.48E8 1.66E8 2.4E8 2.42E8 3.0E8 3.02E8 3.41E8 3.41E8 3.45E8 3.46E8 3.58E8 4.59E8 5.02E8 5.17E8
20 0.0 1000000.0 2000000.0 3000000.0 3000000.0 3000000.0 4000000.0 4000000.0 4000000.0 4000000.0 5000000.0 5000000.0 5000000.0 5000000.0 5000000.0 5000000.0 6000000.0 8000000.0 8000000.0 8000000.0
21 1000000.0 3000000.0 3000000.0 3000000.0 3000000.0 3000000.0 5000000.0 7000000.0 8000000.0 8000000.0 1.0E7 1.0E7 1.1E7 1.1E7 1.1E7 1.2E7 1.3E7 1.4E7 1.5E7 1.5E7
22 1000000.0 1000000.0 2000000.0 2000000.0 5000000.0 6000000.0 6000000.0 7000000.0 7000000.0 8000000.0 9000000.0 9000000.0 1.0E7 1.0E7 1.0E7 1.0E7 1.0E7 1.0E7 1.1E7 1.1E7
23 0.0 1000000.0 4000000.0 6000000.0 8000000.0 8000000.0 8000000.0 8000000.0 8000000.0 8000000.0 8000000.0 9000000.0 9000000.0 9000000.0 1.0E7 1.0E7 1.1E7 1.2E7 1.3E7 1.5E7
24 0.0 0.0 0.0 0.0 1000000.0 1000000.0 4000000.0 4000000.0 5000000.0 7000000.0 8000000.0 8000000.0 9000000.0 1.0E7 1.2E7 1.2E7 1.2E7 1.2E7 1.4E7 1.6E7
25 1000000.0 2000000.0 2000000.0 3000000.0 5000000.0 5000000.0 7000000.0 8000000.0 1.0E7 1.0E7 1.1E7 1.1E7 1.1E7 1.2E7 1.2E7 1.2E7 1.2E7 1.3E7 1.4E7 1.4E7
26 0.0 2000000.0 2000000.0 4000000.0 6000000.0 7000000.0 8000000.0 9000000.0 1.1E7 1.1E7 1.4E7 1.4E7 1.5E7 1.5E7 1.6E7 1.8E7 1.9E7 1.9E7 1.9E7 2.0E7
27 7000000.0 7000000.0 3.1E7 5.7E7 6.6E7 1.26E8 1.51E8 1.9E8 1.92E8 2.54E8 3.03E8 3.05E8 3.41E8 3.44E8 3.65E8 3.73E8 3.95E8 4.47E8 4.5E8 5.13E8
28 6000000.0 7000000.0 1.1E7 1.5E7 1.5E7 1.26E8 1.27E8 1.88E8 1.9E8 2.48E8 3.04E8 3.05E8 3.28E8 3.3E8 3.64E8 3.67E8 3.67E8 4.77E8 4.79E8 4.81E8
29 0.0 2000000.0 5000000.0 5000000.0 6000000.0 7000000.0 7000000.0 7000000.0 8000000.0 8000000.0 9000000.0 9000000.0 1.0E7 1.0E7 1.2E7 1.2E7 1.3E7 1.4E7 1.5E7 1.5E7
30 1000000.0 1000000.0 1000000.0 2000000.0 4000000.0 6000000.0 8000000.0 8000000.0 1.1E7 1.2E7 1.5E7 1.7E7 1.7E7 1.7E7 1.8E7 1.9E7 1.9E7 2.0E7 2.0E7 2.0E7
31 3000000.0 3000000.0 5000000.0 6000000.0 8000000.0 8000000.0 8000000.0 9000000.0 1.0E7 1.1E7 1.4E7 1.5E7 1.5E7 1.6E7 1.6E7 1.6E7 1.7E7 1.8E7 1.8E7 1.8E7
32 2000000.0 2000000.0 2000000.0 4000000.0 6000000.0 7000000.0 7000000.0 8000000.0 9000000.0 1.0E7 1.2E7 1.3E7 1.3E7 1.7E7 1.7E7 1.8E7 1.9E7 2.1E7 2.2E7 2.3E7
33 7000000.0 8000000.0 4.4E7 5.8E7 7.1E7 1.42E8 1.53E8 1.93E8 2.43E8 2.57E8 3.01E8 3.02E8 3.43E8 3.43E8 3.72E8 3.76E8 4.08E8 4.51E8 4.56E8 5.2E8
34 7000000.0 7000000.0 1.2E7 1.4E7 1.4E7 1.4E7 1.4E7 1.4E7 1.4E7 1.4E7 1.4E7 1.5E7 1.5E7 1.5E7 1.5E7 1.6E7 1.6E7 1.8E7 1.9E7 1.9E7
35 3000000.0 3000000.0 3000000.0 4000000.0 5000000.0 5000000.0 6000000.0 8000000.0 9000000.0 1.1E7 1.1E7 1.2E7 1.2E7 1.4E7 1.5E7 1.5E7 1.6E7 1.6E7 1.7E7 1.8E7
36 1000000.0 1000000.0 3000000.0 3000000.0 4000000.0 5000000.0 7000000.0 8000000.0 8000000.0 9000000.0 9000000.0 1.1E7 1.1E7 1.2E7 1.3E7 1.3E7 1.4E7 1.4E7 1.4E7 1.4E7
37 2000000.0 2000000.0 2000000.0 2000000.0 3000000.0 4000000.0 4000000.0 6000000.0 8000000.0 1.1E7 1.3E7 1.5E7 1.6E7 1.7E7 1.8E7 2.0E7 2.2E7 2.2E7 2.2E7 2.2E7
38 0.0 3000000.0 3000000.0 4000000.0 8000000.0 9000000.0 9000000.0 1.0E7 1.1E7 1.2E7 1.3E7 1.4E7 1.5E7 1.7E7 1.9E7 2.0E7 2.0E7 2.0E7 2.1E7 2.1E7
39 3000000.0 3000000.0 3000000.0 3000000.0 6000000.0 8000000.0 9000000.0 9000000.0 9000000.0 1.0E7 1.1E7 1.1E7 1.2E7 1.3E7 1.3E7 1.3E7 1.3E7 1.4E7 1.4E7 1.6E7
40 2000000.0 3000000.0 6000000.0 9000000.0 1.0E7 1.0E7 1.0E7 1.0E7 1.0E7 1.0E7 1.0E7 1.1E7 1.2E7 1.2E7 1.3E7 1.3E7 1.4E7 1.6E7 1.7E7 1.8E7
41 2000000.0 3000000.0 4000000.0 6000000.0 6000000.0 7000000.0 9000000.0 1.1E7 1.1E7 1.2E7 1.2E7 1.2E7 1.4E7 1.4E7 1.5E7 1.7E7 1.7E7 1.8E7 1.8E7 1.8E7
42 0.0 1000000.0 1000000.0 4000000.0 4000000.0 4000000.0 4000000.0 5000000.0 6000000.0 6000000.0 8000000.0 9000000.0 9000000.0 1.0E7 1.1E7 1.1E7 1.2E7 1.4E7 1.5E7 1.6E7
43 1000000.0 1000000.0 2000000.0 2000000.0 2000000.0 2000000.0 3000000.0 5000000.0 7000000.0 7000000.0 8000000.0 8000000.0 8000000.0 9000000.0 1.0E7 1.1E7 1.4E7 1.5E7 1.5E7 1.7E7
44 0.0 0.0 0.0 0.0 0.0 1000000.0 2000000.0 2000000.0 3000000.0 3000000.0 4000000.0 5000000.0 5000000.0 6000000.0 8000000.0 9000000.0 1.0E7 1.0E7 1.0E7 1.1E7
45 1000000.0 1000000.0 2000000.0 3000000.0 3000000.0 6000000.0 6000000.0 6000000.0 6000000.0 6000000.0 6000000.0 6000000.0 7000000.0 8000000.0 8000000.0 9000000.0 9000000.0 1.0E7 1.1E7 1.3E7
46 2000000.0 2000000.0 4000000.0 4000000.0 4000000.0 5000000.0 5000000.0 5000000.0 6000000.0 7000000.0 7000000.0 7000000.0 7000000.0 9000000.0 1.1E7 1.1E7 1.2E7 1.3E7 1.3E7 1.3E7
47 0.0 0.0 2000000.0 2000000.0 2000000.0 2000000.0 4000000.0 5000000.0 5000000.0 5000000.0 5000000.0 6000000.0 6000000.0 7000000.0 7000000.0 8000000.0 9000000.0 9000000.0 1.0E7 1.0E7
48 0.0 0.0 1000000.0 2000000.0 2000000.0 3000000.0 4000000.0 4000000.0 4000000.0 5000000.0 5000000.0 5000000.0 5000000.0 6000000.0 6000000.0 6000000.0 7000000.0 8000000.0 8000000.0 9000000.0
49 0.0 1000000.0 2000000.0 2000000.0 2000000.0 2000000.0 3000000.0 3000000.0 3000000.0 4000000.0 4000000.0 5000000.0 8000000.0 1.0E7 1.1E7 1.3E7 1.4E7 1.5E7 1.5E7 1.6E7
50 0.0 3000000.0 4000000.0 7000000.0 7000000.0 8000000.0 1.1E7 1.1E7 1.2E7 1.3E7 1.4E7 1.5E7 1.6E7 1.6E7 1.7E7 1.7E7 1.7E7 1.8E7 1.9E7 2.0E7
51 1000000.0 1000000.0 1000000.0 1000000.0 2000000.0 2000000.0 2000000.0 2000000.0 2000000.0 3000000.0 4000000.0 5000000.0 5000000.0 5000000.0 6000000.0 6000000.0 7000000.0 8000000.0 9000000.0 9000000.0
