Selfish Battery Level: [35, 84, 62, 49, 58, 23, 87, 27, 77, 59, 45, 41, 82, 38, 71, 82, 1, 69, 46, 36, 24, 14, 10, 0, 91, 78, 15, 66, 14, 52, 35, 78, 44, 82, 41, 45, 84, 33, 98, 58, 43, 9, 55, 84, 78, 92, 70, 88, 49, 51, 4, 13, 77, 3, 58, 4, 59, 61, 67, 75, 99, 61, 53, 66, 56, 98, 42, 36, 21, 74, 27, 52, 90, 98, 64, 15, 17, 77, 64, 79, 63, 86, 85, 83, 87, 89, 52, 2, 69, 33, 67, 6, 73, 43, 31, 45, 33, 44, 33, 38, 33, 62, 24, 22, 61, 62, 81, 79, 99, 97, 67, 43, 91, 72, 27, 54, 5, 30, 81, 37, 39, 2, 57, 11, 40, 51, 64, 50, 53, 3, 94, 79, 51, 31, 45, 64, 26, 13, 81, 58, 88, 85, 52, 63, 33, 30, 80, 38, 72, 57, 12, 46, 32, 52, 76, 14, 1, 92, 81, 42, 90, 97, 9, 75, 43, 31, 19, 89, 71, 94, 56, 82, 73, 68, 87, 63, 9, 72, 46, 11, 31, 23, 54, 8, 87, 58, 16, 47, 99, 2, 50, 20, 98, 68, 38, 39, 93, 25, 26, 53, 93, 15, 82, 10, 30, 3, 55, 9, 31, 53, 24, 86, 98, 30, 87, 72, 17, 93, 77, 14, 15, 42, 11, 17, 94, 37, 62, 49, 54, 94, 26, 25, 93, 14, 19, 57, 65, 52, 89, 90, 30, 63, 14, 21, 70, 5, 26, 22, 66, 25, 55, 55, 16, 14, 55, 56, 82, 51, 36, 42, 42, 92, 70, 21, 25, 75, 40, 33, 72, 85, 8, 0, 96, 96, 33, 17, 50, 44, 56, 33, 42, 9, 31, 86, 6, 12, 67, 74, 66, 32, 28, 82, 52, 53, 99, 16, 86, 36, 39, 60, 47, 33, 57, 35, 19, 25, 79, 50, 38, 96, 85, 49, 37, 87, 83, 92, 38, 72, 14, 11, 74, 18, 26, 38, 36, 69, 84, 23, 16, 71, 54, 24, 21, 5, 76, 6, 93, 41, 74, 69, 7, 16, 36, 19, 99, 49, 9, 91, 15, 72, 1, 74, 46, 30, 6, 44, 39, 34, 50, 61, 47, 69, 40, 92, 30, 7, 16, 14, 76, 10, 93, 0, 97, 92, 42, 50, 24, 20, 16, 16, 70, 74, 64, 3, 13, 0, 36, 21, 32, 34, 73, 75, 98, 26, 41, 16, 67, 37, 7, 34, 93, 34, 68, 68, 70, 29, 43, 4, 0, 84, 24, 55, 18, 69, 94, 79, 69, 96, 89, 26, 39, 12, 93, 0, 31, 78, 73, 7, 35, 19, 46, 23, 28, 30, 39, 10, 17, 49, 70, 82, 43, 84, 42, 57, 95, 70, 41, 22, 84, 89, 36, 65, 77, 44, 93, 33, 97, 68, 49, 47, 31, 55, 16, 32, 41, 74, 78, 52, 51, 70, 4, 86, 0, 90, 36, 88, 78, 80, 94, 75, 72, 92, 9, 84, 5, 19, 14, 38, 39, 38, 11, 7, 42, 51, 59, 26, 56, 97, 62, 16, 6, 28, 5, 88, 65, 48, 4, 45, 14, 55, 8, 99, 91, 21, 76, 25, 96, 80, 67, 22, 95, 2, 25, 11, 4, 26, 64, 89, 60, 60, 97, 40, 85, 89, 56, 7, 68, 15, 13, 77, 12, 7, 29, 89, 50, 80, 1, 46, 41, 95, 33, 33, 3, 64, 50, 71, 30, 97, 50, 68, 55, 76, 73, 50, 41, 11, 58, 88, 10, 19, 50, 58, 27, 96, 89, 46, 1, 88, 64, 37, 1, 17, 32, 36, 52, 46, 2, 43, 59, 74, 26, 83, 60, 50, 57, 64, 37, 69, 22, 22, 83, 67, 2, 70, 59, 51, 58, 37, 32, 43, 14, 20, 78, 57, 3, 58, 94, 62, 77, 67, 12, 15, 8, 35, 34]
Hosts: 625
Hosts Average Energy Consume/s: 0.5352818409280513
Hosts Average normal Energy Consume/s: 0.544646981067435
Hosts Average  Selfish Period Consume/s: 0.2833268530472625

Hosts Average Energy Consume: 13462.3261150989
Hosts Average Normal Energy Consume: 9631.12469534318
Hosts Average Selfish Energy Consume: 3831.2014197580984

Description:
host number
average energy consumption of all periods  - average energy consumption of Normal periods  -  average energy consumption of all selfish periods
energy consumption of all periods  -  energy consumption of Normal periods  -  energy consumption of selfish periods
Active total time  -  Normal Active Time  -  Selfish Active Time
Normal proportion of time  -  Selfish proportion of time
Number of Recharges 


HOST: 0
0.5787973580883042 0.5787973580883042 0.0
10614.564749981411 10614.564749981411 0.0
18339.0 18339.0 0.0
0


HOST: 1
0.5144458225125726 0.527818775343241 0.509285800343831
13669.339949981568 3904.8032999892966 9764.536649992271
26571.0 7398.0 19173.0
0


HOST: 2
0.5130106748206064 0.5144954661404533 0.5062500000003638
11281.617749979954 9276.867749978514 2004.7500000014406
21991.0 18031.0 3960.0
0


HOST: 3
0.5398940438338883 0.5412161710998206 0.5062500000003638
12907.7867999806 12450.136799980271 457.6500000003289
23908.0 23004.0 904.0
0


HOST: 4
0.5234416380960316 0.5265820219803439 0.5096916010797411
12519.677099980885 10253.078549979276 2266.5985500016086
23918.0 19471.0 4447.0
0


HOST: 5
0.5196523187194548 0.5196523187194548 0.0
10040.202449978586 10040.202449978586 0.0
19321.0 19321.0 0.0
0


HOST: 6
0.5228265764727286 0.5216128205113847 0.5234703295255415
9178.22054997875 3173.4923999912644 6004.728149987486
17555.0 6084.0 11471.0
0


HOST: 7
0.5241348980654809 0.5241348980654809 0.0
11980.675499980762 11980.675499980762 0.0
22858.0 22858.0 0.0
0


HOST: 8
0.5070335355541061 0.5076336723609028 0.5062499999993401
9903.886049978355 5614.936049983946 4288.949999994409
19533.0 11061.0 8472.0
0


HOST: 9
0.5190923517104413 0.5190923517104413 0.0
9932.832149979295 9932.832149979295 0.0
19135.0 19135.0 0.0
0


HOST: 10
0.5305626868033835 0.5305626868033835 0.0
10011.717899979845 10011.717899979845 0.0
18870.0 18870.0 0.0
0


HOST: 11
0.5321304455000399 0.5332639726020805 0.5062500000003638
15002.353649982624 14403.459899982194 598.8937500004304
28193.0 27010.0 1183.0
0


HOST: 12
0.5124529686745865 0.5159851338642247 0.5095648343726221
9701.247149978597 4394.129399987738 5307.117749990859
18931.0 8516.0 10415.0
0


HOST: 13
0.5348035740682087 0.5348035740682087 0.0
8678.79239997889 8678.79239997889 0.0
16228.0 16228.0 0.0
0


HOST: 14
0.5390341008032035 0.5565679245268771 0.5062499999998624
10523.562749980942 7079.543999981877 3444.0187499990643
19523.0 12720.0 6803.0
0


HOST: 15
0.5107907058255864 0.514375599904907 0.5071577580059379
8669.650649977677 4394.3107499876205 4275.339899990056
16973.0 8543.0 8430.0
0


HOST: 16
0.529213102850879 0.529213102850879 0.0
14067.542699982065 14067.542699982065 0.0
26582.0 26582.0 0.0
0


HOST: 17
0.5111198085410383 0.5134285074612479 0.5062500000001269
11105.611199979681 7567.936199978794 3537.675000000887
21728.0 14740.0 6988.0
0


HOST: 18
0.5157368212578537 0.5157368212578537 0.0
10742.282249979835 10742.282249979835 0.0
20829.0 20829.0 0.0
0


HOST: 19
0.5062499999985448 0.5062499999985448 0.0
4001.9062499884967 4001.9062499884967 0.0
7905.0 7905.0 0.0
0


HOST: 20
0.5250093090837238 0.5250093090837238 0.0
9483.243149979302 9483.243149979302 0.0
18063.0 18063.0 0.0
0


HOST: 21
0.552053125247153 0.552053125247153 0.0
13919.467499981714 13919.467499981714 0.0
25214.0 25214.0 0.0
0


HOST: 22
0.5195609037714011 0.5195609037714011 0.0
10301.85359997934 10301.85359997934 0.0
19828.0 19828.0 0.0
0


HOST: 23
0.5332897756583361 0.5332897756583361 0.0
14262.8350499822 14262.8350499822 0.0
26745.0 26745.0 0.0
0


HOST: 24
0.5062499999990396 0.5062499999985448 0.5062499999991628
11029.162499979078 2197.1249999936845 8832.037499985394
21786.0 4340.0 17446.0
0


HOST: 25
0.5077411273778905 0.508661536274357 0.5062499999988982
8669.67974997748 5370.448499984661 3299.2312499928194
17075.0 10558.0 6517.0
0


HOST: 26
0.5625531419631481 0.5625531419631481 0.0
10259.281649981933 10259.281649981933 0.0
18237.0 18237.0 0.0
0


HOST: 27
0.5423535219725817 0.5571938469271204 0.5131300105767787
12180.717749982212 8299.402349979458 3881.3154000027534
22459.0 14895.0 7564.0
0


HOST: 28
0.5626104084521678 0.5626104084521678 0.0
8705.270849980392 8705.270849980392 0.0
15473.0 15473.0 0.0
0


HOST: 29
0.5832138264348721 0.5870192215200769 0.5062500000003638
12217.746449984135 11718.077699983776 499.66875000035907
20949.0 19962.0 987.0
0


HOST: 30
0.5395718587552666 0.5395718587552666 0.0
12041.085599982529 12041.085599982529 0.0
22316.0 22316.0 0.0
0


HOST: 31
0.5337639323682635 0.5529115384601964 0.5073027963559169
8934.140699979995 5369.323949986967 3564.8167499930278
16738.0 9711.0 7027.0
0


HOST: 32
0.5574952049086245 0.5574952049086245 0.0
10719.517799983032 10719.517799983032 0.0
19228.0 19228.0 0.0
0


HOST: 33
0.5241123361746398 0.5449587436424553 0.5062499999989759
9157.81484997948 4394.002349989118 4763.812499990363
17473.0 8063.0 9410.0
0


HOST: 34
0.5889503329398246 0.5889503329398246 0.0
11498.077349984196 11498.077349984196 0.0
19523.0 19523.0 0.0
0


HOST: 35
0.5597751496994566 0.5597751496994566 0.0
9535.209899980544 9535.209899980544 0.0
17034.0 17034.0 0.0
0


HOST: 36
0.669363110288478 0.6961103813924114 0.6372331727667114
6882.39149998613 3905.8753499928207 2976.516149993309
10282.0 5611.0 4671.0
0


HOST: 37
0.5430860227737837 0.5430860227737837 0.0
11732.287349982049 11732.287349982049 0.0
21603.0 21603.0 0.0
0


HOST: 38
0.5070602064572854 0.5062499999985448 0.5071037766361444
9578.367299978121 488.0249999985972 9090.342299979524
18890.0 964.0 17926.0
0


HOST: 39
0.5661125903109885 0.5755481307876785 0.5062500000003638
11674.939949983514 10253.389949982493 1421.5500000010215
20623.0 17815.0 2808.0
0


HOST: 40
0.5451404506241712 0.5451404506241712 0.0
12387.771599983666 12387.771599983666 0.0
22724.0 22724.0 0.0
0


HOST: 41
0.5380810460292482 0.5380810460292482 0.0
8194.43624997942 8194.43624997942 0.0
15229.0 15229.0 0.0
0


HOST: 42
0.5616701048851129 0.5616701048851129 0.0
10817.20454998239 10817.20454998239 0.0
19259.0 19259.0 0.0
0


HOST: 43
0.551408528523433 0.5928529143884296 0.5323004304004995
11511.75584998371 3905.7149999909743 7606.040849992736
20877.0 6588.0 14289.0
0


HOST: 44
0.5396532176202872 0.5721702855302373 0.5062499999993184
9995.99654998058 5370.390299986808 4625.6062499937725
18523.0 9386.0 9137.0
0


HOST: 45
0.5062499999990285 0.5062499999985448 0.5062499999991337
10937.024999979012 1952.6062499943873 8984.418749984625
21604.0 3857.0 17747.0
0


HOST: 46
0.5616851196328009 0.582336641219991 0.506249999999823
9695.246849981777 7323.465599982606 2371.7812499991705
17261.0 12576.0 4685.0
0


HOST: 47
0.5391328701820054 0.5936002735549416 0.5174101745584851
9331.850849980332 2929.417349993637 6402.433499986695
17309.0 4935.0 12374.0
0


HOST: 48
0.5731568099563178 0.5731568099563178 0.0
10453.233899983325 10453.233899983325 0.0
18238.0 18238.0 0.0
0


HOST: 49
0.5379959036015388 0.5379959036015388 0.0
10782.513899982041 10782.513899982041 0.0
20042.0 20042.0 0.0
0


HOST: 50
0.5512647218816159 0.5512647218816159 0.0
4965.241349987715 4965.241349987715 0.0
9007.0 9007.0 0.0
0


HOST: 51
0.5684660356056354 0.5684660356056354 0.0
9068.170199981096 9068.170199981096 0.0
15952.0 15952.0 0.0
0


HOST: 52
0.5416240582928868 0.5564144832014749 0.5274945328027266
11186.703299981285 5614.778549986084 5571.924749995202
20654.0 10091.0 10563.0
0


HOST: 53
0.5599222474261731 0.5599222474261731 0.0
10120.034699980653 10120.034699980653 0.0
18074.0 18074.0 0.0
0


HOST: 54
0.5542700467850874 0.5561145007312206 0.5265551344746897
10899.166199981959 10253.083049981515 646.0831500004442
19664.0 18437.0 1227.0
0


HOST: 55
0.5424019005087326 0.5424019005087326 0.0
11601.434249981283 11601.434249981283 0.0
21389.0 21389.0 0.0
0


HOST: 56
0.5711044354130634 0.5711044354130634 0.0
9908.090849981238 9908.090849981238 0.0
17349.0 17349.0 0.0
0


HOST: 57
0.5620028405190816 0.5572340913070187 0.744271476510341
9853.033799980538 9520.344449980415 332.68935000012243
17532.0 17085.0 447.0
0


HOST: 58
0.5313098114896618 0.541835673929174 0.5062500000003638
11217.54404998123 8056.012799978958 3161.531250002272
21113.0 14868.0 6245.0
0


HOST: 59
0.5422392551767918 0.5479935036351345 0.5357758093794582
11415.220799981822 6103.003649984494 5312.217149997328
21052.0 11137.0 9915.0
0


HOST: 60
0.5062499999990427 0.5062499999985448 0.506249999999054
11054.474999979097 244.0124999992986 10810.462499979798
21836.0 482.0 21354.0
0


HOST: 61
0.5613226044501853 0.5429735928132523 0.6402215546840303
12131.865449981855 9521.04194998038 2610.8235000014756
21613.0 17535.0 4078.0
0


HOST: 62
0.5559921402361413 0.5559921402361413 0.0
10458.768149982054 10458.768149982054 0.0
18811.0 18811.0 0.0
0


HOST: 63
0.6887507291779091 0.7670211671736987 0.5629577083027509
12090.330299989017 8299.936049986594 3790.3942500024223
17554.0 10821.0 6733.0
0


HOST: 64
0.5377247582485315 0.5378697596385581 0.5062500000003638
10787.83409998204 10741.259099982006 46.57500000003347
20062.0 19970.0 92.0
0


HOST: 65
0.5062499999987279 0.5062499999985448 0.5062499999987385
8927.212499977568 488.0249999985972 8439.18749997897
17634.0 964.0 16670.0
0


HOST: 66
0.5898519121689575 0.5898519121689575 0.0
10919.92844998391 10919.92844998391 0.0
18513.0 18513.0 0.0
0


HOST: 67
0.5651952470115863 0.5651952470115863 0.0
9507.149249981892 9507.149249981892 0.0
16821.0 16821.0 0.0
0


HOST: 68
0.5895854942830686 0.5895854942830686 0.0
13150.704449983845 13150.704449983845 0.0
22305.0 22305.0 0.0
0


HOST: 69
0.5469430584927413 0.5627519771242124 0.5272360742703316
11117.711549981952 6347.279549983992 4770.43199999796
20327.0 11279.0 9048.0
0


HOST: 70
0.593998954730815 0.593998954730815 0.0
11166.586349984591 11166.586349984591 0.0
18799.0 18799.0 0.0
0


HOST: 71
0.534317332653325 0.534317332653325 0.0
8397.331199979657 8397.331199979657 0.0
15716.0 15716.0 0.0
0


HOST: 72
0.5071086350964251 0.5077893258412417 0.5068947901677032
10194.91199997853 2440.4354999930074 7754.476499985523
20104.0 4806.0 15298.0
0


HOST: 73
0.5062499999988276 0.5062499999985448 0.5062499999988429
9506.362499977984 488.0249999985972 9018.337499979387
18778.0 964.0 17814.0
0


HOST: 74
0.5443898818907462 0.5601767639734885 0.5062500000003638
12076.200749982423 8788.61324998006 3287.5875000023625
22183.0 15689.0 6494.0
0


HOST: 75
0.5592385326624372 0.5592385326624372 0.0
11128.846799982499 11128.846799982499 0.0
19900.0 19900.0 0.0
0


HOST: 76
0.5242060603298518 0.5242060603298518 0.0
11538.823799980699 11538.823799980699 0.0
22012.0 22012.0 0.0
0


HOST: 77
0.5161727548634628 0.5108723314208798 0.5249474389867747
9098.577149978259 5613.976049984049 3484.60109999421
17627.0 10989.0 6638.0
0


HOST: 78
0.5329881916050644 0.5391593006122352 0.5062500000003638
10692.809099980801 8788.296599979432 1904.5125000013686
20062.0 16300.0 3762.0
0


HOST: 79
0.5062499999985827 0.5062499999985448 0.5062499999986458
8199.224999977045 5126.287499985265 3072.93749999178
16196.0 10126.0 6070.0
0


HOST: 80
0.5391661476135061 0.5391661476135061 0.0
8985.20384997908 8985.20384997908 0.0
16665.0 16665.0 0.0
0


HOST: 81
0.5062499999992234 0.5062499999985448 0.5062499999994704
12805.593749980355 3417.693749990176 9387.899999990179
25295.0 6751.0 18544.0
0


HOST: 82
0.5170699513119209 0.5183191295102356 0.5163490361043491
9983.069549979256 3661.9246499898145 6321.144899989442
19307.0 7065.0 12242.0
0


HOST: 83
0.5062499999986652 0.5062499999985448 0.5062499999987775
8597.643749977331 4149.731249988072 4447.912499989259
16983.0 8197.0 8786.0
0


HOST: 84
0.5154378605957631 0.5253675496674252 0.5104194251516297
9273.242549978375 3173.219999991248 6100.022549987127
17991.0 6040.0 11951.0
0


HOST: 85
0.5062499999990699 0.5062499999985448 0.5062499999992339
11287.349999979264 2685.1499999922817 8602.199999986982
22296.0 5304.0 16992.0
0


HOST: 86
0.5178921113946838 0.5178921113946838 0.0
8889.100199978353 8889.100199978353 0.0
17164.0 17164.0 0.0
0


HOST: 87
0.5353228376183337 0.5353228376183337 0.0
11907.721199982214 11907.721199982214 0.0
22244.0 22244.0 0.0
0


HOST: 88
0.550219702180799 0.5682739243058508 0.5228267346475511
12156.554099982572 7567.703849981015 4588.850250001557
22094.0 13317.0 8777.0
0


HOST: 89
0.5574062817613455 0.5574062817613455 0.0
8664.880649980116 8664.880649980116 0.0
15545.0 15545.0 0.0
0


HOST: 90
0.5561646245958741 0.5672962080121111 0.5062500000003638
9659.467199981142 8056.1734499799895 1603.2937500011521
17368.0 14201.0 3167.0
0


HOST: 91
0.5405614546264512 0.5405614546264512 0.0
8357.620649979563 8357.620649979563 0.0
15461.0 15461.0 0.0
0


HOST: 92
0.5368452271178307 0.5641905460911897 0.5062499999998692
11877.700649982004 6591.438149983369 5286.262499998635
22125.0 11683.0 10442.0
0


HOST: 93
0.6341903412799031 0.6341903412799031 0.0
10666.44734998669 10666.44734998669 0.0
16819.0 16819.0 0.0
0


HOST: 94
0.5514688759271247 0.5514688759271247 0.0
12480.843599982687 12480.843599982687 0.0
22632.0 22632.0 0.0
0


HOST: 95
0.5736209087400703 0.5736209087400703 0.0
11917.5479999837 11917.5479999837 0.0
20776.0 20776.0 0.0
0


HOST: 96
0.5568189929733076 0.5568189929733076 0.0
10699.276949982106 10699.276949982106 0.0
19215.0 19215.0 0.0
0


HOST: 97
0.5205070690053316 0.5270050826869213 0.5068691262139556
19935.941249973206 13671.038849981423 6264.902400004492
38301.0 25941.0 12360.0
0


HOST: 98
0.5093493361058185 0.5097563732970783 0.5062500000003638
18489.890249977318 16356.552749983352 2133.337500001533
36301.0 32087.0 4214.0
0


HOST: 99
0.5166196099073499 0.5175297784306151 0.5062500000003638
16435.219649982522 15135.67589998177 1299.5437500009339
31813.0 29246.0 2567.0
0


HOST: 100
0.5152378797666138 0.5167935071084584 0.5062500000003638
19129.75199997484 16356.51449998271 2773.237500001993
37128.0 31650.0 5478.0
0


HOST: 101
0.5134947746011425 0.5188847689886421 0.5079965251629783
18179.76899997885 9276.621899978943 8903.147100006358
35404.0 17878.0 17526.0
0


HOST: 102
0.52036364975383 0.5207728731012129 0.5062500000003638
19076.531399975407 18553.57514997691 522.9562500003758
36660.0 35627.0 1033.0
0


HOST: 103
0.5235384629121319 0.5249215018187157 0.5062500000003036
20511.189899971505 19042.052399975728 1469.1375000008811
39178.0 36276.0 2902.0
0


HOST: 104
0.5122751345183764 0.5170127912016509 0.5062500000003638
16851.29054998199 9520.790549978401 7330.500000005268
32895.0 18415.0 14480.0
0


HOST: 105
0.5133698442869794 0.5194618602295119 0.5062500000003638
17012.049899981925 9276.549899978623 7735.500000005559
33138.0 17858.0 15280.0
0


HOST: 106
0.5196766687036136 0.5177935525273147 0.5203864726674434
17003.82059998224 4637.8768499871585 12365.943749996457
32720.0 8957.0 23763.0
0


HOST: 107
0.5169158688761409 0.5170792919089947 0.5168668291058978
22202.570399968004 5126.3240999857735 17076.24630000065
42952.0 9914.0 33038.0
0


HOST: 108
0.5099512792664622 0.5062499999985448 0.5099900378014731
23718.343949962422 244.0124999992986 23474.331449964004
46511.0 482.0 46029.0
0


HOST: 109
0.5092237008994773 0.5322361918590136 0.5083843988543733
19912.683599973163 732.3569999980027 19180.326599977794
39104.0 1376.0 37728.0
0


HOST: 110
0.5125542684759198 0.5097432042506487 0.5144072072075715
20389.408799972087 8055.981599977251 12333.427200008733
39780.0 15804.0 23976.0
0


HOST: 111
0.5184088570564169 0.5245859194745354 0.5062500000003638
20737.391099970788 13915.166099981525 6822.2250000049025
40002.0 26526.0 13476.0
0


HOST: 112
0.5062499999993589 0.5062499999985448 0.5062499999997102
18666.956249976363 2197.1249999936845 16469.831249990573
36873.0 4340.0 32533.0
0


HOST: 113
0.5831927298823905 0.6265977678967161 0.5062499999996671
9951.017549983228 6835.555049985276 3115.4624999979515
17063.0 10909.0 6154.0
0


HOST: 114
0.5505973386020423 0.5505973386020423 0.0
12050.9239499829 12050.9239499829 0.0
21887.0 21887.0 0.0
0


HOST: 115
0.56234482230307 0.56234482230307 0.0
11012.960999983325 11012.960999983325 0.0
19584.0 19584.0 0.0
0


HOST: 116
0.5430229137288035 0.5430229137288035 0.0
11940.53084998266 11940.53084998266 0.0
21989.0 21989.0 0.0
0


HOST: 117
0.5299302404509022 0.5299302404509022 0.0
10226.06384998106 10226.06384998106 0.0
19297.0 19297.0 0.0
0


HOST: 118
0.5084249803564691 0.5089839405230727 0.5062499999985448
5824.008149983354 4638.370649986762 1185.637499996592
11455.0 9113.0 2342.0
0


HOST: 119
0.5295063405252288 0.5295063405252288 0.0
10747.919699981094 10747.919699981094 0.0
20298.0 20298.0 0.0
0


HOST: 120
0.5296084912913134 0.5296084912913134 0.0
11008.442099981241 11008.442099981241 0.0
20786.0 20786.0 0.0
0


HOST: 121
0.5258077137534586 0.5258077137534586 0.0
9052.305599979543 9052.305599979543 0.0
17216.0 17216.0 0.0
0


HOST: 122
0.5664232447702794 0.5664232447702794 0.0
10318.532249980179 10318.532249980179 0.0
18217.0 18217.0 0.0
0


HOST: 123
0.552562239746403 0.552562239746403 0.0
8758.111499980487 8758.111499980487 0.0
15850.0 15850.0 0.0
0


HOST: 124
0.5797049625179695 0.5797049625179695 0.0
11599.896299984572 11599.896299984572 0.0
20010.0 20010.0 0.0
0


HOST: 125
0.553333675077977 0.553333675077977 0.0
11226.033599981998 11226.033599981998 0.0
20288.0 20288.0 0.0
0


HOST: 126
0.602203575656212 0.6207328224313983 0.5062500000003638
10172.422799984732 8788.335299983737 1384.0875000009946
16892.0 14158.0 2734.0
0


HOST: 127
0.5135923990962742 0.5135923990962742 0.0
6375.222449982051 6375.222449982051 0.0
12413.0 12413.0 0.0
0


HOST: 128
0.5404813725481072 0.5404813725481072 0.0
10998.255449981434 10998.255449981434 0.0
20349.0 20349.0 0.0
0


HOST: 129
0.5359578717193515 0.5359578717193515 0.0
11949.180749982941 11949.180749982941 0.0
22295.0 22295.0 0.0
0


HOST: 130
0.5062499999987986 0.5062499999985448 0.5062499999988459
9330.693749977858 1464.5812499957901 7866.112499982068
18431.0 2893.0 15538.0
0


HOST: 131
0.516882384071177 0.5234824313270641 0.5062499999986484
8203.957199977722 5126.4634499859385 3077.4937499917833
15872.0 9793.0 6079.0
0


HOST: 132
0.5100581083596155 0.5100581083596155 0.0
10920.344099979367 10920.344099979367 0.0
21410.0 21410.0 0.0
0


HOST: 133
0.5313021027718495 0.5313021027718495 0.0
12014.334449979833 12014.334449979833 0.0
22613.0 22613.0 0.0
0


HOST: 134
0.5126896946554004 0.5126896946554004 0.0
9940.027799978901 9940.027799978901 0.0
19388.0 19388.0 0.0
0


HOST: 135
0.5521569641378221 0.5827330316279455 0.5077247350167438
14057.364149984813 8788.196849981046 5269.167300003766
25459.0 15081.0 10378.0
0


HOST: 136
0.5168569202163807 0.5168569202163807 0.0
10844.691899980102 10844.691899980102 0.0
20982.0 20982.0 0.0
0


HOST: 137
0.529119645591852 0.529119645591852 0.0
10361.220899979646 10361.220899979646 0.0
19582.0 19582.0 0.0
0


HOST: 138
0.5062499999990898 0.5062499999985448 0.5062499999994602
11463.01874997939 4638.2624999866675 6824.756249992723
22643.0 9162.0 13481.0
0


HOST: 139
0.5189142302346043 0.5234815515382585 0.5062500000003638
13829.583149982438 10253.433149979868 3576.15000000257
26651.0 19587.0 7064.0
0


HOST: 140
0.5062499999985828 0.5062499999985448 0.5062499999986039
8199.731249977045 2929.1624999915803 5270.568749985465
16197.0 5786.0 10411.0
0


HOST: 141
0.506249999998869 0.5062499999985448 0.5062499999990633
9769.612499978173 3661.7062499894746 6107.906249988699
19298.0 7233.0 12065.0
0


HOST: 142
0.5435858153378587 0.5435858153378587 0.0
10950.536249981162 10950.536249981162 0.0
20145.0 20145.0 0.0
0


HOST: 143
0.5321592307138665 0.532067424598207 0.5322994466940226
14948.884949983223 9032.376599979161 5916.508350004062
28091.0 16976.0 11115.0
0


HOST: 144
0.5204991194388615 0.5204991194388615 0.0
9221.16239997887 9221.16239997887 0.0
17716.0 17716.0 0.0
0


HOST: 145
0.5118925648744643 0.5118925648744643 0.0
9507.892499978301 9507.892499978301 0.0
18574.0 18574.0 0.0
0


HOST: 146
0.5077807648973397 0.5105124215794803 0.5062499999997014
13522.709549981053 4882.540799986149 8640.168749994904
26631.0 9564.0 17067.0
0


HOST: 147
0.5279530187643893 0.5279530187643893 0.0
11647.699499979957 11647.699499979957 0.0
22062.0 22062.0 0.0
0


HOST: 148
0.5216204659212644 0.5310605663881285 0.5062499999998215
10837.18679998019 6835.280549981602 4001.9062499985885
20776.0 12871.0 7905.0
0


HOST: 149
0.5166176991386944 0.5166176991386944 0.0
9190.112249978234 9190.112249978234 0.0
17789.0 17789.0 0.0
0


HOST: 150
0.5467156682016673 0.5467156682016673 0.0
9965.533199979991 9965.533199979991 0.0
18228.0 18228.0 0.0
0


HOST: 151
0.5228228681294773 0.5228228681294773 0.0
9380.487899979082 9380.487899979082 0.0
17942.0 17942.0 0.0
0


HOST: 152
0.5454195552722058 0.5454195552722058 0.0
10731.129749980648 10731.129749980648 0.0
19675.0 19675.0 0.0
0


HOST: 153
0.5062499999985448 0.5062499999985448 0.0
7585.143749978197 7585.143749978197 0.0
14983.0 14983.0 0.0
0


HOST: 154
0.5082187674730609 0.5085195425729762 0.5076051266148843
8725.09979997751 5858.653649983258 2866.4461499942518
17168.0 11521.0 5647.0
0


HOST: 155
0.5402114366716113 0.5402114366716113 0.0
8573.155499978471 8573.155499978471 0.0
15870.0 15870.0 0.0
0


HOST: 156
0.5062499999988983 0.5062499999988983 0.0
9965.024999978314 9965.024999978314 0.0
19684.0 19684.0 0.0
0


HOST: 157
0.5410929266887117 0.5635383116869869 0.5366454366092799
11336.978999981888 1952.6602499954097 9384.318749986478
20952.0 3465.0 17487.0
0


HOST: 158
0.5062499999989877 0.5062499999985448 0.5062499999993314
10612.012499978779 4638.2624999866675 5973.749999992111
20962.0 9162.0 11800.0
0


HOST: 159
0.5340287055795006 0.5340287055795006 0.0
11857.039349981651 11857.039349981651 0.0
22203.0 22203.0 0.0
0


HOST: 160
0.5062499999987089 0.5062499999985448 0.5062499999987717
8824.949999977494 2441.137499992983 6383.812499984511
17432.0 4822.0 12610.0
0


HOST: 161
0.5062499999988334 0.5062499999985448 0.5062499999988573
9542.30624997801 732.0374999978958 8810.268749980114
18849.0 1446.0 17403.0
0


HOST: 162
0.5347232963138319 0.5347232963138319 0.0
9533.581649979309 9533.581649979309 0.0
17829.0 17829.0 0.0
0


HOST: 163
0.5730186665680584 0.610360351033711 0.5372954075772376
11718.804749983363 6102.993149986076 5615.811599997287
20451.0 9999.0 10452.0
0


HOST: 164
0.5225294802494671 0.5225294802494671 0.0
9088.355249978982 9088.355249978982 0.0
17393.0 17393.0 0.0
0


HOST: 165
0.5073422459090168 0.5073422459090168 0.0
8590.826249977381 8590.826249977381 0.0
16933.0 16933.0 0.0
0


HOST: 166
0.5334295407987683 0.5334295407987683 0.0
9897.251699980347 9897.251699980347 0.0
18554.0 18554.0 0.0
0


HOST: 167
0.5134404459494688 0.5223694552514984 0.5105649927941257
10834.106849979742 2684.9789999927016 8149.1278499870405
21101.0 5140.0 15961.0
0


HOST: 168
0.5341683209313377 0.5508869465397186 0.5089451397041362
11414.642849981756 7079.448149981923 4335.194699999833
21369.0 12851.0 8518.0
0


HOST: 169
0.5467552386900181 0.7566732558125338 0.5193912287781299
9174.006149979814 1464.1627499972528 7709.843399982561
16779.0 1935.0 14844.0
0


HOST: 170
0.5555333403857341 0.5609901054986492 0.5062500000003638
11814.527549983408 10741.277549982637 1073.2500000007713
21267.0 19147.0 2120.0
0


HOST: 171
0.5062499999985448 0.5062499999985448 0.0
3930.524999988702 3930.524999988702 0.0
7764.0 7764.0 0.0
0


HOST: 172
0.5204302123285428 0.5319030019353446 0.5062499999998488
11667.004499981273 6591.341999982789 5075.662499998483
22418.0 12392.0 10026.0
0


HOST: 173
0.5302736381480001 0.5347169176521204 0.506250000000075
9179.56694998003 7811.679449979827 1367.8875000002026
17311.0 14609.0 2702.0
0


HOST: 174
0.5450676545968621 0.6566533519539067 0.5062499999991082
10206.936899980841 3173.605649993231 7033.33124998761
18726.0 4833.0 13893.0
0


HOST: 175
0.5392353957770024 0.5392353957770024 0.0
8174.808599979357 8174.808599979357 0.0
15160.0 15160.0 0.0
0


HOST: 176
0.5965475990839896 0.5965475990839896 0.0
6261.363599985554 6261.363599985554 0.0
10496.0 10496.0 0.0
0


HOST: 177
0.5412475696983646 0.5698840670320706 0.5062499999999267
11803.526999981936 6835.1894999826545 4968.337499999281
21808.0 11994.0 9814.0
0


HOST: 178
0.5488153718083038 0.5488153718083038 0.0
11867.58359998276 11867.58359998276 0.0
21624.0 21624.0 0.0
0


HOST: 179
0.5345697245268544 0.5345697245268544 0.0
12109.073399982304 12109.073399982304 0.0
22652.0 22652.0 0.0
0


HOST: 180
0.5542121969505674 0.5542121969505674 0.0
11452.795049983477 11452.795049983477 0.0
20665.0 20665.0 0.0
0


HOST: 181
0.5644606652411686 0.5644606652411686 0.0
7398.950399981237 7398.950399981237 0.0
13108.0 13108.0 0.0
0


HOST: 182
0.6060040241050287 0.619474779345994 0.5062500000003638
12469.13879998507 11229.83879998418 1239.3000000008906
20576.0 18128.0 2448.0
0


HOST: 183
0.5550811475400315 0.5550811475400315 0.0
10564.304399981878 10564.304399981878 0.0
19032.0 19032.0 0.0
0


HOST: 184
0.5096878784422763 0.5145285019440777 0.5087931268540443
20151.529649972275 3173.611799991071 16977.917849992606
39537.0 6168.0 33369.0
0


HOST: 185
0.5414031351964649 0.5389777085622744 0.5444802921172004
18416.910449978146 10252.972949980147 8163.937500005302
34017.0 19023.0 14994.0
0


HOST: 186
0.5281086297685078 0.5281086297685078 0.0
20457.872099972454 20457.872099972454 0.0
38738.0 38738.0 0.0
0


HOST: 187
0.5217042436750735 0.5298256193432253 0.5078532683850265
20210.82239997235 12938.871449980905 7271.950950005195
38740.0 24421.0 14319.0
0


HOST: 188
0.5062499999992813 0.5062499999985448 0.506249999999312
20634.749999970707 244.0124999992986 20390.73749997229
40760.0 482.0 40278.0
0


HOST: 189
0.5387535660438854 0.5387535660438854 0.0
20728.004699972444 20728.004699972444 0.0
38474.0 38474.0 0.0
0


HOST: 190
0.5202706713863847 0.5291171550557409 0.507667723708138
20426.867099972238 12206.203649980886 8220.663450005877
39262.0 23069.0 16193.0
0


HOST: 191
0.5284647725869254 0.5291452775739102 0.521834160506963
21506.9308499701 19530.22304997545 1976.7078000003758
40697.0 36909.0 3788.0
0


HOST: 192
0.5062499999992777 0.5062499999985448 0.5062499999993392
20737.012499970413 488.0249999985972 20248.98749997357
40962.0 964.0 39998.0
0


HOST: 193
0.5130587947655272 0.5255971842816763 0.5067667398207167
22821.368249965417 7811.950949978556 15009.417300009987
44481.0 14863.0 29618.0
0


HOST: 194
0.5174236781987264 0.5217314311806681 0.5094351700336023
23105.554349964128 15135.950549982363 7969.603800005674
44655.0 29011.0 15644.0
0


HOST: 195
0.5338803520203185 0.536807629500822 0.5062500000003638
16379.44919998337 14891.5804499823 1487.8687500010692
30680.0 27741.0 2939.0
0


HOST: 196
0.5062499999993234 0.5062499999985448 0.5062499999995727
19518.974999973914 1708.5937499950887 17810.381249984966
38556.0 3375.0 35181.0
0


HOST: 197
0.5297830631673186 0.526872313026345 0.5511636334815776
20916.894899972074 18309.339749978513 2607.5551500013435
39482.0 34751.0 4731.0
0


HOST: 198
0.550783282362556 0.550783282362556 0.0
15848.788949982549 15848.788949982549 0.0
28775.0 28775.0 0.0
0


HOST: 199
0.5203588774567516 0.529424667773157 0.5091930552401914
20433.45239997172 11473.691399979858 8959.761000006409
39268.0 21672.0 17596.0
0


HOST: 200
0.5082339369471094 0.5174523016339189 0.5073216597730488
18635.921999976606 1708.6274999952002 16927.294499987547
36668.0 3302.0 33366.0
0


HOST: 201
0.5281366045837594 0.52964546695862 0.506249999999909
22118.360999967845 20750.979749971775 1367.3812499997543
41880.0 39179.0 2701.0
0


HOST: 202
0.5092623131039401 0.5166893226702302 0.5073146355001427
20845.124999970474 4393.925999987638 16451.198999998625
40932.0 8504.0 32428.0
0


HOST: 203
0.5175637672759447 0.5175637672759447 0.0
20108.90504997228 20108.90504997228 0.0
38853.0 38853.0 0.0
0


HOST: 204
0.5353182803929852 0.5417299809789582 0.5062500000003257
20611.35974997111 17088.872249981236 3522.4875000022666
38503.0 31545.0 6958.0
0


HOST: 205
0.531128841953123 0.531128841953123 0.0
19941.76349997196 19941.76349997196 0.0
37546.0 37546.0 0.0
0


HOST: 206
0.5171760786843012 0.5261472172986662 0.507075323555152
20388.632549971204 10985.427749978851 9403.204800006737
39423.0 20879.0 18544.0
0


HOST: 207
0.5217927505707517 0.5217927505707517 0.0
21683.097749967586 21683.097749967586 0.0
41555.0 41555.0 0.0
0


HOST: 208
0.5188959836323679 0.5207733722865946 0.5062500000003638
19275.9479999752 16844.935499982188 2431.012500001747
37148.0 32346.0 4802.0
0


HOST: 209
0.5202406519969256 0.5294415836092967 0.510967406873821
22461.390149967265 11474.057999980678 10987.332150007775
43175.0 21672.0 21503.0
0


HOST: 210
0.5363681075841366 0.5373345665955425 0.5062500000003638
19114.550249975873 18553.625249977486 560.9250000004031
35637.0 34529.0 1108.0
0


HOST: 211
0.5071534948524224 0.5062499999985448 0.5073378865743854
20199.923699971987 3417.693749990176 16782.229949994093
39830.0 6751.0 33079.0
0


HOST: 212
0.5091456578400166 0.519652771853592 0.5089022658230513
21094.41374996973 487.4342999986693 20606.979449972816
41431.0 938.0 40493.0
0


HOST: 213
0.5337423704394807 0.5337751663276857 0.5335968256171709
20938.17944997039 17088.81194998086 3849.3675000022713
39229.0 32015.0 7214.0
0


HOST: 214
0.5074362535152405 0.5119013631216364 0.5067056420743364
22369.81979996586 3173.276549991024 19196.543249986236
44084.0 6199.0 37885.0
0


HOST: 215
0.5171540697527612 0.5194484041326234 0.5160979921647556
21589.630949968523 6835.421549981191 14754.209400006033
41747.0 13159.0 28588.0
0


HOST: 216
0.5242512608304967 0.5242512608304967 0.0
20207.789099972324 20207.789099972324 0.0
38546.0 38546.0 0.0
0


HOST: 217
0.5062499999993234 0.5062499999985448 0.5062499999995727
19518.974999973914 1708.5937499950887 17810.381249984966
38556.0 3375.0 35181.0
0


HOST: 218
0.510841533125395 0.5206706973279477 0.5068930247718791
19222.456049975488 5614.912799984588 13607.543250001096
37629.0 10784.0 26845.0
0


HOST: 219
0.5327227569120835 0.5327227569120835 0.0
16992.79049998164 16992.79049998164 0.0
31898.0 31898.0 0.0
0


HOST: 220
0.5382561043601485 0.5382561043601485 0.0
16700.472149982328 16700.472149982328 0.0
31027.0 31027.0 0.0
0


HOST: 221
0.524365767952149 0.524365767952149 0.0
12311.059499980553 12311.059499980553 0.0
23478.0 23478.0 0.0
0


HOST: 222
0.543543276595063 0.543543276595063 0.0
19159.90049997597 19159.90049997597 0.0
35250.0 35250.0 0.0
0


HOST: 223
0.5415803359676368 0.5426352976613658 0.5062499999999527
20827.013399971438 20262.54464997306 564.4687499999472
38456.0 37341.0 1115.0
0


HOST: 224
0.5090641011802154 0.515453590283664 0.5084507568586014
16512.512249982647 1464.4036499958893 15048.108599987167
32437.0 2841.0 29596.0
0


HOST: 225
0.5307753027800394 0.5401401805149718 0.5139675165462149
23534.046149964168 15379.951499983308 8154.094650005698
44339.0 28474.0 15865.0
0


HOST: 226
0.5162198491499985 0.5190069654234493 0.5141630836880723
21730.27454996919 9276.730499978732 12453.544050008799
42095.0 17874.0 24221.0
0


HOST: 227
0.5405255587784409 0.5523775421465142 0.5062500000003638
16396.302299985226 12450.58979998243 3945.7125000028354
30334.0 22540.0 7794.0
0


HOST: 228
0.5346030100140018 0.54278727101267 0.5062500000003638
14253.050849983301 11229.725849981129 3023.3250000021726
26661.0 20689.0 5972.0
0


HOST: 229
0.5093887737283181 0.5062499999985448 0.5097578236124976
14007.172499981292 1464.5812499957901 12542.591249985502
27498.0 2893.0 24605.0
0


HOST: 230
0.5207916590894398 0.5207916590894398 0.0
14320.208249982326 14320.208249982326 0.0
27497.0 27497.0 0.0
0


HOST: 231
0.5146571476147367 0.5146571476147367 0.0
13133.535749980467 13133.535749980467 0.0
25519.0 25519.0 0.0
0


HOST: 232
0.5062499999993479 0.5062499999985448 0.5062499999994563
14376.487499981484 1708.5937499950887 12667.893749986395
28398.0 3375.0 25023.0
0


HOST: 233
0.5515785141255861 0.5515785141255861 0.0
18976.507199976666 18976.507199976666 0.0
34404.0 34404.0 0.0
0


HOST: 234
0.5700917421084052 0.5700917421084052 0.0
13979.789699982313 13979.789699982313 0.0
24522.0 24522.0 0.0
0


HOST: 235
0.541340067932776 0.5489276551785285 0.5062500000003638
12590.487299980505 10497.143549979 2093.3437500015043
23258.0 19123.0 4135.0
0


HOST: 236
0.5288835709984635 0.5517153709549785 0.5106907285453325
18470.200949979342 8544.415949979752 9925.785000007083
34923.0 15487.0 19436.0
0


HOST: 237
0.5487107599426218 0.56345269295415 0.5070870672101399
15451.694999984229 11716.998749981549 3734.6962500026802
28160.0 20795.0 7365.0
0


HOST: 238
0.9040791071157005 2.8075308729246387 0.5062499999993264
55477.00624994073 29782.287499984566 25694.71874996581
61363.0 10608.0 50755.0
2


HOST: 239
0.527746543529277 0.5711599204477819 0.5198508510633327
14657.632499982139 2441.13749999382 12216.49499998832
27774.0 4274.0 23500.0
0


HOST: 240
0.5348342471730355 0.5403914666534381 0.5062500000003638
20201.224349972726 17088.799349981673 3112.4250000022366
37771.0 31623.0 6148.0
0


HOST: 241
0.5159361105166672 0.5264871298658687 0.5070051213739571
19308.392999975753 9032.413199978842 10275.979800007364
37424.0 17156.0 20268.0
0


HOST: 242
0.5417540910980128 0.5437153027392612 0.506249999999909
22074.853949970726 20995.02269997383 1079.831249999806
40747.0 38614.0 2133.0
0


HOST: 243
0.5243517852021142 0.5269742144372999 0.5062500000000837
21970.339799968584 19286.2022999763 2684.1375000004437
41900.0 36598.0 5302.0
0


HOST: 244
0.5247589785204878 0.5601737264786105 0.5065509320070279
20204.79494997434 7323.711299981354 12881.083650006713
38503.0 13074.0 25429.0
0


HOST: 245
0.5320173361281493 0.5320173361281493 0.0
21695.134949969797 21695.134949969797 0.0
40779.0 40779.0 0.0
0


HOST: 246
0.539579761374695 0.545772960724504 0.5118102004878494
21843.2678999704 18065.08499998108 3778.1829000013045
40482.0 33100.0 7382.0
0


HOST: 247
0.5277442211727384 0.5277442211727384 0.0
15652.893599983421 15652.893599983421 0.0
29660.0 29660.0 0.0
0


HOST: 248
0.5210942297525027 0.5410928683167595 0.5085249211295472
20711.932349972725 8300.364599979092 12411.567750008859
39747.0 15340.0 24407.0
0


HOST: 249
0.5268493023142504 0.5324735909957273 0.5070340573772202
23258.289299964898 18309.63689997908 4948.652400001669
44146.0 34386.0 9760.0
0


HOST: 250
0.5197921642860398 0.5333415234479466 0.5083695104984609
23406.760949964657 10985.768699980805 12420.992250008896
45031.0 20598.0 24433.0
0


HOST: 251
0.5141132575052224 0.5209947311002593 0.5076198022020993
22328.96699996682 10985.694899980068 11343.272100008111
43432.0 21086.0 22346.0
0


HOST: 252
0.5266897052752362 0.5266897052752362 0.0
19157.284649976165 19157.284649976165 0.0
36373.0 36373.0 0.0
0


HOST: 253
0.532609994749276 0.532609994749276 0.0
20289.77774997367 20289.77774997367 0.0
38095.0 38095.0 0.0
0


HOST: 254
0.5321673833399478 0.5228606706001413 0.546777615063123
18303.897149977507 10985.825549979569 7318.071600004838
34395.0 21011.0 13384.0
0


HOST: 255
0.5205888464100838 0.5255018688835428 0.5155609497825699
21038.557049970717 10741.258199979615 10297.29885000727
40413.0 20440.0 19973.0
0


HOST: 256
0.5071158490700977 0.5082465301859149 0.5068027908540162
20220.230249972003 4394.299499987421 15825.930749998366
39873.0 8646.0 31227.0
0


HOST: 257
0.5198194400030542 0.5315203310366742 0.5062500000003638
21786.152549968006 11961.865049980352 9824.28750000706
41911.0 22505.0 19406.0
0


HOST: 258
0.5255121669196837 0.5336417275764723 0.5068500000003634
22088.327399968148 15623.962499983956 6464.364900004635
42032.0 29278.0 12754.0
0


HOST: 259
0.5386816740638796 0.5604222224414915 0.5096056614264396
23786.027999964666 14159.067449984284 9626.96055000687
44156.0 25265.0 18891.0
0


HOST: 260
0.5253369307485066 0.531084432316206 0.5127146787483017
20383.598249972805 14159.242049982367 6224.356200004382
38801.0 26661.0 12140.0
0


HOST: 261
0.5082719119727539 0.5151289237653733 0.5075961748415886
21479.57099996858 1952.8537499945305 19526.71724998107
42260.0 3791.0 38469.0
0


HOST: 262
0.5096780911972982 0.5168291813676534 0.5062500000002781
22287.713249966655 7323.469499979648 14964.24375000822
43729.0 14170.0 29559.0
0


HOST: 263
0.5291372869660536 0.5296733995214559 0.5244818149297771
21485.09039996964 19285.93814997573 2199.1522500005553
40604.0 36411.0 4193.0
0


HOST: 264
0.5412817393031563 0.5480795746394685 0.5073919788093093
21709.727999970994 18309.694349980724 3400.0336500011817
40108.0 33407.0 6701.0
0


HOST: 265
0.516864509543062 0.5247386768105553 0.5135410549044889
20254.88639997351 6103.2355499835685 14151.650850003
39188.0 11631.0 27557.0
0


HOST: 266
0.5216638027504555 0.5288732668971298 0.5085222127159097
22374.160499967038 14647.673999982906 7726.486500005532
42890.0 27696.0 15194.0
0


HOST: 267
0.5451982513799136 0.5457908969561884 0.5062500000003638
16587.11159998249 16356.261599983056 230.8500000001659
30424.0 29968.0 456.0
0


HOST: 268
0.515338857958398 0.5242039877286309 0.5111973721923794
21104.672249970274 6835.619999981347 14269.052250005887
40953.0 13040.0 27913.0
0


HOST: 269
0.5077450462923906 0.5112425998309945 0.5070721977487733
22539.31034996551 3661.519499989583 18877.790849989084
44391.0 7162.0 37229.0
0


HOST: 270
0.5417158061609739 0.5417158061609739 0.0
21697.88489997165 21697.88489997165 0.0
40054.0 40054.0 0.0
0


HOST: 271
0.5360603385102065 0.5360603385102065 0.0
21362.54054997024 21362.54054997024 0.0
39851.0 39851.0 0.0
0


HOST: 272
0.5062499999991432 0.5062499999985448 0.5062499999991964
11964.71249997975 976.0499999971944 10988.662499982556
23634.0 1928.0 21706.0
0


HOST: 273
0.506249999999437 0.5062499999985448 0.5062499999995649
17033.793749981058 976.0499999971944 16057.743749986199
33647.0 1928.0 31719.0
0


HOST: 274
0.5283836237883786 0.5297801483443965 0.5062500000003638
17342.607299982163 16356.432299984896 986.1750000007087
32822.0 30874.0 1948.0
0


HOST: 275
0.5336070931187405 0.5336070931187405 0.0
18085.011599980353 18085.011599980353 0.0
33892.0 33892.0 0.0
0


HOST: 276
0.5785864234916113 0.6169160669150718 0.5069726062326579
17575.141199981183 12206.301299981611 5368.839900003848
30376.0 19786.0 10590.0
0


HOST: 277
0.5571618422060489 0.56042601049373 0.5062500000003638
14462.807099984617 13671.032099984048 791.775000000569
25958.0 24394.0 1564.0
0


HOST: 278
0.5323497754084914 0.5400720322781749 0.5135323327619422
14932.943549983593 10741.49264998062 4191.450900002972
28051.0 19889.0 8162.0
0


HOST: 279
0.5506073509761188 0.5506073509761188 0.0
9070.70549998058 9070.70549998058 0.0
16474.0 16474.0 0.0
0


HOST: 280
0.5460768435692444 0.5460768435692444 0.0
9219.415349979552 9219.415349979552 0.0
16883.0 16883.0 0.0
0


HOST: 281
0.5698477528080679 0.5698477528080679 0.0
11411.20124998156 11411.20124998156 0.0
20025.0 20025.0 0.0
0


HOST: 282
0.5391932334130449 0.5391932334130449 0.0
9785.27879997994 9785.27879997994 0.0
18148.0 18148.0 0.0
0


HOST: 283
0.5461762439478056 0.5722908908224265 0.5396157243812889
16245.46619998353 3417.7211999915307 12827.744999991999
29744.0 5972.0 23772.0
0


HOST: 284
0.5295783984210328 0.5295783984210328 0.0
15567.486599984682 15567.486599984682 0.0
29396.0 29396.0 0.0
0


HOST: 285
0.5298692085792764 0.5298692085792764 0.0
14327.663399983634 14327.663399983634 0.0
27040.0 27040.0 0.0
0


HOST: 286
0.5310700950302059 0.5578041753205686 0.5067323751894709
16094.610299985417 8055.807899979651 8038.802400005767
30306.0 14442.0 15864.0
0


HOST: 287
0.5275041826024439 0.5495435064920703 0.5103705626976729
13929.802949982737 6347.227499983412 7582.575449999325
26407.0 11550.0 14857.0
0


HOST: 288
0.5309973613848609 0.5613399093723814 0.5062500000003638
17477.778149982696 8299.971899980032 9177.806250006595
32915.0 14786.0 18129.0
0


HOST: 289
0.5254063304360783 0.5254063304360783 0.0
14329.406849983165 14329.406849983165 0.0
27273.0 27273.0 0.0
0


HOST: 290
0.5646406187979082 0.5646406187979082 0.0
15649.014749984024 15649.014749984024 0.0
27715.0 27715.0 0.0
0


HOST: 291
0.5191858791611641 0.5377880002433174 0.5115981230029036
14642.59934998231 4394.265749988146 10248.333599994165
28203.0 8171.0 20032.0
0


HOST: 292
0.530531907181206 0.5359729291488659 0.5062500000003638
14198.094899983436 11717.976149981654 2480.1187500017822
26762.0 21863.0 4899.0
0


HOST: 293
0.5278117304698503 0.5372744334136135 0.507946844588981
16641.37604998391 11474.032799981129 5167.343250003703
31529.0 21356.0 10173.0
0


HOST: 294
0.506249999998789 0.5062499999985448 0.5062499999987955
9272.981249977816 244.0124999992986 9028.968749978518
18317.0 482.0 17835.0
0


HOST: 295
0.6174074307297265 0.6174074307297265 0.0
19118.63849997671 19118.63849997671 0.0
30966.0 30966.0 0.0
0


HOST: 296
0.5526068855196437 0.5763403204032803 0.5468734244507424
16841.80004998218 3417.698099991452 13424.101949992373
30477.0 5930.0 24547.0
0


HOST: 297
0.5404678428378362 0.5404678428378362 0.0
15248.219249983873 15248.219249983873 0.0
28213.0 28213.0 0.0
0


HOST: 298
0.5396817798662439 0.5494159103480928 0.5062500000003638
18887.243249978936 14891.918249985054 3995.325000002871
34997.0 27105.0 7892.0
0


HOST: 299
0.5348014804428081 0.5373329252176312 0.5276668734494984
13167.347249982377 9764.951249980011 3402.3960000023653
24621.0 18173.0 6448.0
0


HOST: 300
0.5914968159853504 0.6123277283474433 0.5204349531808588
16162.058999983716 12938.484899981477 3223.574100002239
27324.0 21130.0 6194.0
0


HOST: 301
0.5551864811589354 0.5551864811589354 0.0
13098.514649982762 13098.514649982762 0.0
23593.0 23593.0 0.0
0


HOST: 302
0.572550138091851 0.5634508051518711 0.604735551547675
13682.230649980962 10497.088499979358 3185.142150001604
23897.0 18630.0 5267.0
0


HOST: 303
0.5901508859263955 0.5901508859263955 0.0
15054.749099982351 15054.749099982351 0.0
25510.0 25510.0 0.0
0


HOST: 304
0.5347264090939632 0.5347264090939632 0.0
19590.77144997553 19590.77144997553 0.0
36637.0 36637.0 0.0
0


HOST: 305
0.5521580198488428 0.5521580198488428 0.0
13797.324599982885 13797.324599982885 0.0
24988.0 24988.0 0.0
0


HOST: 306
0.5432282443385212 0.5371026977461254 0.547367009980513
12859.298999981474 5126.645249986766 7732.653749994708
23672.0 9545.0 14127.0
0


HOST: 307
0.5359346105405413 0.5418259410503572 0.5062500000003638
14469.698549984074 12206.254799982447 2263.4437500016265
26999.0 22528.0 4471.0
0


HOST: 308
0.5298183912113589 0.5307382179670164 0.5062500000003638
15699.048749983776 15135.592499983371 563.4562500004049
29631.0 28518.0 1113.0
0


HOST: 309
0.5062499999993807 0.5062499999985448 0.5062499999994394
14854.893749981828 976.0499999971944 13878.843749984633
29343.0 1928.0 27415.0
0


HOST: 310
0.512162096087793 0.5224506848323355 0.5087629578124925
14455.262999981867 3661.8568499898392 10793.406149992028
28224.0 7009.0 21215.0
0


HOST: 311
0.5668944351458436 0.5599375466598813 0.5844028013586091
17613.41009998136 12450.21134998246 5163.198750003312
31070.0 22235.0 8835.0
0


HOST: 312
0.5590083149701143 0.5590083149701143 0.0
12938.247449983295 12938.247449983295 0.0
23145.0 23145.0 0.0
0


HOST: 313
0.5164829071455147 0.5636815097676682 0.506249999999692
16319.826899983973 3173.5268999919717 13146.299999992001
31598.0 5630.0 25968.0
0


HOST: 314
0.5062499999994224 0.5062499999985448 0.5062499999997429
15513.0187499823 4149.731249988072 11363.287499994229
30643.0 8197.0 22446.0
0


HOST: 315
0.5143467914432197 0.5616399913704737 0.5076549566592266
14427.427499982312 1952.822249995137 12474.605249987175
28050.0 3477.0 24573.0
0


HOST: 316
0.5383352059556357 0.5383352059556357 0.0
13918.65674998296 13918.65674998296 0.0
25855.0 25855.0 0.0
0


HOST: 317
0.5126127407499933 0.5239197171749441 0.5065637772676964
19189.657949975997 6835.580549981496 12354.07740000458
37435.0 13047.0 24388.0
0


HOST: 318
0.5350961726259573 0.5370789734202541 0.506249999999909
22355.247899967246 20994.954149971156 1360.2937499997556
41778.0 39091.0 2687.0
0


HOST: 319
0.5465293169972882 0.5465293169972882 0.0
16995.96869998167 16995.96869998167 0.0
31098.0 31098.0 0.0
0


HOST: 320
0.5176766565574386 0.5239253115957518 0.5140475838926876
17070.387749981535 6347.3551499825335 10723.032600001463
32975.0 12115.0 20860.0
0


HOST: 321
0.5382623899203642 0.5401904932801112 0.5062500000000291
21148.329299971112 20018.37929997436 1129.9500000000648
39290.0 37058.0 2232.0
0


HOST: 322
0.5295498458418003 0.5339353697457965 0.510234587347213
21984.791399968184 18065.16929997928 3919.622100001291
41516.0 33834.0 7682.0
0


HOST: 323
0.5233219933428677 0.5314662435472809 0.5062500000003638
22013.53964996773 15135.627149983013 6877.912500004943
42065.0 28479.0 13586.0
0


HOST: 324
0.5196448657160903 0.524066838291455 0.5062500000003638
20606.517149971558 15624.004649983148 4982.5125000035805
39655.0 29813.0 9842.0
0


HOST: 325
0.5146489177025334 0.5308622474733043 0.5065191569064994
21968.818349968045 7567.972199979427 14400.846150008683
42687.0 14256.0 28431.0
0


HOST: 326
0.5071479432955481 0.5086585167324948 0.5067870543213515
20195.13824997202 3905.988749988828 16289.149499996882
39821.0 7679.0 32142.0
0


HOST: 327
0.5392529755843665 0.5392529755843665 0.0
16962.741599981833 16962.741599981833 0.0
31456.0 31456.0 0.0
0


HOST: 328
0.5305249332904299 0.5305249332904299 0.0
10139.923049979987 10139.923049979987 0.0
19113.0 19113.0 0.0
0


HOST: 329
0.5223542415248775 0.5214551270703942 0.5270092677337299
8460.571649978441 7078.753349980601 1381.8182999978399
16197.0 13575.0 2622.0
0


HOST: 330
0.5190492538361468 0.5190492538361468 0.0
10990.867949980408 10990.867949980408 0.0
21175.0 21175.0 0.0
0


HOST: 331
0.5392654074692554 0.5392654074692554 0.0
10164.074399980527 10164.074399980527 0.0
18848.0 18848.0 0.0
0


HOST: 332
0.5389581714765386 0.5389581714765386 0.0
13929.912899982617 13929.912899982617 0.0
25846.0 25846.0 0.0
0


HOST: 333
0.5181328667271193 0.5181328667271193 0.0
8957.48099997844 8957.48099997844 0.0
17288.0 17288.0 0.0
0


HOST: 334
0.5132440142473783 0.5123200419712671 0.5139782101165838
13256.066399981286 5858.891999983411 7397.174399997875
25828.0 11436.0 14392.0
0


HOST: 335
0.5194643359291236 0.5194643359291236 0.0
10935.763199979909 10935.763199979909 0.0
21052.0 21052.0 0.0
0


HOST: 336
0.5062499999989875 0.5062499999985448 0.5062499999990725
10610.999999978778 1708.5937499950887 8902.40624998369
20960.0 3375.0 17585.0
0


HOST: 337
0.5329207571497684 0.5329207571497684 0.0
9501.97709998037 9501.97709998037 0.0
17830.0 17830.0 0.0
0


HOST: 338
0.5292283252333687 0.5409074399168258 0.5062499999993506
9366.28289998016 6347.007899984033 3019.274999996127
17698.0 11734.0 5964.0
0


HOST: 339
0.6028599249366734 0.5540017862357988 0.6871066018685021
13010.922899983285 7567.664399981011 5443.258500002274
21582.0 13660.0 7922.0
0


HOST: 340
0.5482219855450005 0.5482219855450005 0.0
11530.20479998245 11530.20479998245 0.0
21032.0 21032.0 0.0
0


HOST: 341
0.5421449247221924 0.5421449247221924 0.0
11451.185099982149 11451.185099982149 0.0
21122.0 21122.0 0.0
0


HOST: 342
0.5363100465242718 0.5363100465242718 0.0
11066.221499981826 11066.221499981826 0.0
20634.0 20634.0 0.0
0


HOST: 343
0.5619845314876872 0.5619845314876872 0.0
11413.343849983441 11413.343849983441 0.0
20309.0 20309.0 0.0
0


HOST: 344
0.5062499999985448 0.5062499999985448 0.5062499999985448
7900.031249977292 244.0124999992986 7656.018749977993
15605.0 482.0 15123.0
0


HOST: 345
0.5326223733659592 0.5326223733659592 0.0
11903.044799982456 11903.044799982456 0.0
22348.0 22348.0 0.0
0


HOST: 346
0.5428596389634767 0.5428596389634767 0.0
9563.015399980604 9563.015399980604 0.0
17616.0 17616.0 0.0
0


HOST: 347
0.5619594710230201 0.7764642099668272 0.52034419832572
9784.276349981803 2196.617249996154 7587.659099985649
17411.0 2829.0 14582.0
0


HOST: 348
0.5300872865823298 0.530185951352165 0.506249999999909
20832.960449972146 20750.947949972382 82.01249999998527
39301.0 39139.0 162.0
0


HOST: 349
0.5076727489454073 0.5097146532424022 0.5067601089893234
22039.597049966964 6835.2734999806125 15204.323550006671
43413.0 13410.0 30003.0
0


HOST: 350
0.5247575036238961 0.5247575036238961 0.0
22078.122449968178 22078.122449968178 0.0
42073.0 42073.0 0.0
0


HOST: 351
0.5080959759028512 0.5127479723711218 0.5062500000001702
22140.28214996674 6347.307149982116 15792.975000005308
43575.0 12379.0 31196.0
0


HOST: 352
0.5224259036139066 0.527021815782407 0.5062500000003638
16780.842449982294 13182.92369998113 3597.9187500025855
32121.0 25014.0 7107.0
0


HOST: 353
0.5216314942721287 0.5252786478339405 0.506250000000285
20994.102749970363 17088.89024998159 3905.212500002198
40247.0 32533.0 7714.0
0


HOST: 354
0.5318496629748523 0.5318496629748523 0.0
17674.42799998029 17674.42799998029 0.0
33232.0 33232.0 0.0
0


HOST: 355
0.5183598307033513 0.5249227538005309 0.5073608108111748
21555.47519996816 13671.088199981026 7884.387000005656
41584.0 26044.0 15540.0
0


HOST: 356
0.5265156014924985 0.5318440071422529 0.5062500000003638
18618.644699977733 14891.63219998308 3727.0125000026783
35362.0 28000.0 7362.0
0


HOST: 357
0.5321816888230045 0.5268158906612292 0.5504524048099892
21056.300699970998 16112.137199983035 4944.163500003324
39566.0 30584.0 8982.0
0


HOST: 358
0.510513442270432 0.5122502014344 0.5062500000003638
17120.57879998121 12206.410049980319 4914.168750003531
33536.0 23829.0 9707.0
0


HOST: 359
0.5188662000170434 0.523558144073627 0.5134837244515382
17660.648849980105 9520.904849978906 8139.744000005783
34037.0 18185.0 15852.0
0


HOST: 360
0.5185750912246955 0.5261896722103857 0.507424845164728
21459.155849969124 12938.477849981173 8520.678000006112
41381.0 24589.0 16792.0
0


HOST: 361
0.5083275430853551 0.5090072639210704 0.507811873660856
17520.01709997985 7567.919999978476 9952.097100005456
34466.0 14868.0 19598.0
0


HOST: 362
0.5489778917740298 0.5489778917740298 0.0
9658.168049980506 9658.168049980506 0.0
17593.0 17593.0 0.0
0


HOST: 363
0.5090207865157205 0.5203770983198898 0.5062499999989445
9740.11274997831 1952.9752499945462 7787.137499983764
19135.0 3753.0 15382.0
0


HOST: 364
0.5362589582518957 0.5362589582518957 0.0
11098.415399981233 11098.415399981233 0.0
20696.0 20696.0 0.0
0


HOST: 365
0.5062499999986662 0.5062499999986662 0.0
8602.706249977335 8602.706249977335 0.0
16993.0 16993.0 0.0
0


HOST: 366
0.5084457959631558 0.5084457959631558 0.0
10884.807599979238 10884.807599979238 0.0
21408.0 21408.0 0.0
0


HOST: 367
0.5626330181850658 0.5626330181850658 0.0
9343.083899981204 9343.083899981204 0.0
16606.0 16606.0 0.0
0


HOST: 368
0.5270011127315588 0.5416430664680664 0.5080785304653936
10111.570349980419 5858.953049985073 4252.617299995345
19187.0 10817.0 8370.0
0


HOST: 369
0.50624999999879 0.50624999999879 0.0
9279.05624997782 9279.05624997782 0.0
18329.0 18329.0 0.0
0


HOST: 370
0.5062499999986382 0.5062499999985448 0.5062499999986618
8462.981249977234 1708.5937499950887 6754.3874999821455
16717.0 3375.0 13342.0
0


HOST: 371
0.5245091246891824 0.5245091246891824 0.0
9527.708249979 9527.708249979 0.0
18165.0 18165.0 0.0
0


HOST: 372
0.5062499999990072 0.5062499999985448 0.506249999999041
10765.406249978889 732.0374999978958 10033.368749980993
21265.0 1446.0 19819.0
0


HOST: 373
0.5062499999991494 0.5062499999985448 0.5062499999992667
12025.968749979795 1952.6062499943873 10073.362499985407
23755.0 3857.0 19898.0
0


HOST: 374
0.5343709003203347 0.5343709003203347 0.0
8808.035549980077 8808.035549980077 0.0
16483.0 16483.0 0.0
0


HOST: 375
0.5062499999985448 0.5062499999985448 0.0
7864.087499977395 7864.087499977395 0.0
15534.0 15534.0 0.0
0


HOST: 376
0.5218248323616321 0.5218248323616321 0.0
10661.403149980506 10661.403149980506 0.0
20431.0 20431.0 0.0
0


HOST: 377
0.5917878454131409 0.5917878454131409 0.0
7388.471249983064 7388.471249983064 0.0
12485.0 12485.0 0.0
0


HOST: 378
0.5966872907697737 0.5966872907697737 0.0
11514.274649984323 11514.274649984323 0.0
19297.0 19297.0 0.0
0


HOST: 379
0.552353331811159 0.552353331811159 0.0
12102.061499982492 12102.061499982492 0.0
21910.0 21910.0 0.0
0


HOST: 380
0.549206581115272 0.5780297947894396 0.5065690893170578
11662.4017499828 7323.6374999822 4338.7642500006
21235.0 12670.0 8565.0
0


HOST: 381
0.5497082031239845 0.5793692697384395 0.5062499999995557
10132.221599981282 6346.990349984604 3785.2312499966774
18432.0 10955.0 7477.0
0


HOST: 382
0.5359343892225377 0.5359343892225377 0.0
8713.221299980018 8713.221299980018 0.0
16258.0 16258.0 0.0
0


HOST: 383
0.5530704207128049 0.5530704207128049 0.0
7913.884649979525 7913.884649979525 0.0
14309.0 14309.0 0.0
0


HOST: 384
0.5564368619109227 0.5564368619109227 0.0
10867.76834998223 10867.76834998223 0.0
19531.0 19531.0 0.0
0


HOST: 385
0.5482423938838802 0.5482423938838802 0.0
11547.081299982285 11547.081299982285 0.0
21062.0 21062.0 0.0
0


HOST: 386
0.5155668762599404 0.5186703366192706 0.5062500000003638
20703.619049970424 15623.90654998229 5079.71250000365
40157.0 30123.0 10034.0
0


HOST: 387
0.5174406554935802 0.5175758010835315 0.5062500000003638
19513.721999973895 19285.90949997455 227.8125000001637
37712.0 37262.0 450.0
0


HOST: 388
0.5224507152661041 0.5256462382439864 0.5080462318016764
20159.80574997316 16600.433849983332 3559.371900002545
38587.0 31581.0 7006.0
0


HOST: 389
0.5365283245328292 0.5460510234854303 0.515092081172162
22864.154549966515 16112.327549984593 6751.8270000047
42615.0 29507.0 13108.0
0


HOST: 390
0.5105653096409183 0.5132803870400647 0.509282259964108
20429.760299971706 6591.033449981471 13838.726850004708
40014.0 12841.0 27173.0
0


HOST: 391
0.530128980058184 0.562664160595958 0.516482597347454
19459.974599975816 6103.218149984357 13356.75645000251
36708.0 10847.0 25861.0
0


HOST: 392
0.506249999999327 0.5062499999985448 0.506249999999394
19430.887499974167 488.0249999985972 18942.862499977324
38382.0 964.0 37418.0
0


HOST: 393
0.5512488494879058 0.5526134211243944 0.5377021712727642
19836.1385999728 18065.485349977578 1770.6532500012127
35984.0 32691.0 3293.0
0


HOST: 394
0.5276002491995793 0.5384381943918682 0.5062500000003638
21277.59044996983 14403.221699982474 6874.36875000494
40329.0 26750.0 13579.0
0


HOST: 395
0.5295194019340665 0.5295194019340665 0.0
17681.182349980416 17681.182349980416 0.0
33391.0 33391.0 0.0
0


HOST: 396
0.5153953183718313 0.5282695278674242 0.5062500000003638
18924.285299976902 8056.11029997822 10868.17500000781
36718.0 15250.0 21468.0
0


HOST: 397
0.5259440489344748 0.5334739542137611 0.5089522542270392
21882.428099967758 15380.054099982732 6502.374000004653
41606.0 28830.0 12776.0
0


HOST: 398
0.5382618063297118 0.5382618063297118 0.0
16886.887649982047 16886.887649982047 0.0
31373.0 31373.0 0.0
0


HOST: 399
0.5245498465091835 0.5271868452044521 0.5168609902693974
21530.148449969434 16112.411549983672 5417.736900003823
41045.0 30563.0 10482.0
0


HOST: 400
0.50992073645152 0.5062499999985448 0.5103477869695916
16513.783049982478 1708.5937499950887 14805.189299987851
32385.0 3375.0 29010.0
0


HOST: 401
0.5288528598904391 0.5246122700479624 0.8018952830190539
16494.920699982795 16112.416649983068 382.5040500000887
31190.0 30713.0 477.0
0


HOST: 402
0.5113523714568176 0.5206617168740527 0.5062500000003354
21670.602149968472 7812.008399978287 13858.59375000918
42379.0 15004.0 27375.0
0


HOST: 403
0.5201167096806382 0.5388645547340292 0.506250000000324
17734.41944998072 7811.919449979221 9922.500000006352
34097.0 14497.0 19600.0
0


HOST: 404
0.5147859511883212 0.5156340033781347 0.5142871775231384
19743.070799974492 7323.5497499796475 12419.521050006268
38352.0 14203.0 24149.0
0


HOST: 405
0.5335670052663888 0.538387124929554 0.5133508858783136
21273.31649997092 17332.83509998206 3940.481400001935
39870.0 32194.0 7676.0
0


HOST: 406
0.5391961974222639 0.5415835149644919 0.531873209169415
18369.875249979108 13914.905249982688 4454.970000003021
34069.0 25693.0 8376.0
0


HOST: 407
0.5390339564810549 0.5390339564810549 0.0
21106.413599972184 21106.413599972184 0.0
39156.0 39156.0 0.0
0


HOST: 408
0.5392587790793537 0.5392587790793537 0.0
21302.339549971708 21302.339549971708 0.0
39503.0 39503.0 0.0
0


HOST: 409
0.5062499999993222 0.5062499999985448 0.5062499999998844
19548.84374997383 3905.718749988773 15643.124999996428
38615.0 7715.0 30900.0
0


HOST: 410
0.5389291426670932 0.5421000920373598 0.517280281268915
21146.501699971406 18553.37564997864 2593.126050001071
39238.0 34225.0 5013.0
0


HOST: 411
0.5197047979566225 0.521833726010828 0.5160994409142023
17401.275749981593 10985.64359997995 6415.632150004449
33483.0 21052.0 12431.0
0


HOST: 412
0.5368259052537618 0.5415520587035068 0.5122580157501929
23661.138599964805 20018.471849975125 3642.666749999622
44076.0 36965.0 7111.0
0


HOST: 413
0.5156347750142002 0.529198909089463 0.5076679981109461
19927.737149973793 7567.544399979321 12360.192750007205
38647.0 14300.0 24347.0
0


HOST: 414
0.5062499999993286 0.5062499999985448 0.5062499999995415
19388.86874997429 1464.5812499957901 17924.287499983766
38299.0 2893.0 35406.0
0


HOST: 415
0.513248193319302 0.5249384702013171 0.5092628809299405
19715.40284997435 5126.549099986063 14588.853750000006
38413.0 9766.0 28647.0
0


HOST: 416
0.5303361963275787 0.5543320978596976 0.5139196567279133
17823.008549980936 7567.741799980591 10255.26675000551
33607.0 13652.0 19955.0
0


HOST: 417
0.506249999999292 0.5062499999985448 0.5062499999993497
13626.224999980945 976.0499999971944 12650.17499998375
26916.0 1928.0 24988.0
0


HOST: 418
0.5228342199595406 0.6009876902402866 0.5089228337512471
15459.685049983655 2685.2129999936005 12774.472049990054
29569.0 4468.0 25101.0
0


HOST: 419
0.5516025517525496 0.5516025517525496 0.0
15747.701249983536 15747.701249983536 0.0
28549.0 28549.0 0.0
0


HOST: 420
0.5281135494274007 0.5329231703819802 0.5062500000003638
18003.39089998009 14891.472149983672 3111.9187500022363
34090.0 27943.0 6147.0
0


HOST: 421
0.5470348999900461 0.5470348999900461 0.0
17476.123949982 17476.123949982 0.0
31947.0 31947.0 0.0
0


HOST: 422
0.5299853853540157 0.6583942774552214 0.5062499999987463
8815.776899978699 1708.5331499962995 7107.243749982399
16634.0 2595.0 14039.0
0


HOST: 423
0.5464151711869373 0.5464151711869373 0.0
13677.318149980227 13677.318149980227 0.0
25031.0 25031.0 0.0
0


HOST: 424
0.5481968882014262 0.5549938568740159 0.5062500000003638
19334.3560499761 16844.618549983257 2489.737500001789
35269.0 30351.0 4918.0
0


HOST: 425
0.5249018551479792 0.5499174790074021 0.5085594521370002
12972.949349982304 5370.494099986288 7602.4552499960155
24715.0 9766.0 14949.0
0


HOST: 426
0.5158644685737402 0.5221362642571147 0.5062499999997367
10760.416949979648 6591.448199981816 4168.968749997832
20859.0 12624.0 8235.0
0


HOST: 427
0.531604629304583 0.531604629304583 0.0
13659.58094998126 13659.58094998126 0.0
25695.0 25695.0 0.0
0


HOST: 428
0.5129248525571759 0.5129248525571759 0.0
9653.758649978608 9653.758649978608 0.0
18821.0 18821.0 0.0
0


HOST: 429
0.5291606902578865 0.5291606902578865 0.0
13607.367149981552 13607.367149981552 0.0
25715.0 25715.0 0.0
0


HOST: 430
0.5139784469797435 0.5139784469797435 0.0
8555.17124997783 8555.17124997783 0.0
16645.0 16645.0 0.0
0


HOST: 431
0.5071436587631367 0.5071436587631367 0.0
8685.34229997748 8685.34229997748 0.0
17126.0 17126.0 0.0
0


HOST: 432
0.5084772660051615 0.5084772660051615 0.0
10316.495249978723 10316.495249978723 0.0
20289.0 20289.0 0.0
0


HOST: 433
0.5114522703289357 0.5114522703289357 0.0
10182.503249978781 10182.503249978781 0.0
19909.0 19909.0 0.0
0


HOST: 434
0.5206249373695121 0.5206249373695121 0.0
9559.715099978981 9559.715099978981 0.0
18362.0 18362.0 0.0
0


HOST: 435
0.5723656561077466 0.5723656561077466 0.0
11384.35289998308 11384.35289998308 0.0
19890.0 19890.0 0.0
0


HOST: 436
0.5203457837271881 0.5203457837271881 0.0
12106.885349980485 12106.885349980485 0.0
23267.0 23267.0 0.0
0


HOST: 437
0.5272078294064592 0.5331845295696578 0.5084090786641572
16224.820949983781 12450.391949981078 3774.429000002703
30775.0 23351.0 7424.0
0


HOST: 438
0.5295341904751296 0.5332649410208674 0.5196158536584121
10008.19619997995 7323.8606999805925 2684.335499999357
18900.0 13734.0 5166.0
0


HOST: 439
0.5421993046830558 0.600748195240655 0.5082265489878333
10800.067949981789 4393.872299990151 6406.195649991638
19919.0 7314.0 12605.0
0


HOST: 440
0.5556322225133165 0.5556322225133165 0.0
8445.054149979896 8445.054149979896 0.0
15199.0 15199.0 0.0
0


HOST: 441
0.5471549796542394 0.6335823600959323 0.5103551453823258
11295.467399982119 3906.0352499914225 7389.432149990696
20644.0 6165.0 14479.0
0


HOST: 442
0.6542017977076534 0.6542017977076534 0.0
11590.493249986495 11590.493249986495 0.0
17717.0 17717.0 0.0
0


HOST: 443
0.5667115281416186 0.5667115281416186 0.0
10139.035949981699 10139.035949981699 0.0
17891.0 17891.0 0.0
0


HOST: 444
0.5062499999985448 0.5062499999985448 0.5062499999985448
6243.074999982055 1220.5687499964915 5022.506249985563
12332.0 2411.0 9921.0
0


HOST: 445
0.5426618203295983 0.5426618203295983 0.0
4820.4649499878215 4820.4649499878215 0.0
8883.0 8883.0 0.0
0


HOST: 446
0.5487865690558451 0.5487865690558451 0.0
9520.349399980802 9520.349399980802 0.0
17348.0 17348.0 0.0
0


HOST: 447
0.5425288805530991 0.5425288805530991 0.0
11282.430599982248 11282.430599982248 0.0
20796.0 20796.0 0.0
0


HOST: 448
0.562403877460582 0.6236035611611292 0.5112857743082774
7738.114949980147 3905.0054999909917 3833.109449989155
13759.0 6262.0 7497.0
0


HOST: 449
0.5062499999990391 0.5062499999985448 0.5062499999991983
11024.606249979075 2685.1499999922817 8339.456249986793
21777.0 5304.0 16473.0
0


HOST: 450
0.5176511892948836 0.5176511892948836 0.0
7834.650749978064 7834.650749978064 0.0
15135.0 15135.0 0.0
0


HOST: 451
0.5277647814356959 0.5432172706452493 0.5082503532721421
14874.522599983655 8544.264449979126 6330.258150004529
28184.0 15729.0 12455.0
0


HOST: 452
0.511206171925705 0.513034374998559 0.508898194716187
10026.286649978854 5614.648199984229 4411.638449994625
19613.0 10944.0 8669.0
0


HOST: 453
0.5169161643689641 0.5169161643689641 0.0
10428.266699979482 10428.266699979482 0.0
20174.0 20174.0 0.0
0


HOST: 454
0.512891887523075 0.5174523016339189 0.5119052221191958
9521.324999978366 1708.6274999952002 7812.6974999831655
18564.0 3302.0 15262.0
0


HOST: 455
0.5198276100712353 0.5198276100712353 0.0
14533.860149981669 14533.860149981669 0.0
27959.0 27959.0 0.0
0


HOST: 456
0.5062499999986487 0.5062499999985448 0.5062499999986585
8515.124999977272 732.0374999978958 7783.087499979376
16820.0 1446.0 15374.0
0


HOST: 457
0.5149712431006835 0.5161704572471449 0.5062499999999888
8865.229949978268 7811.723699978291 1053.5062499999767
17215.0 15134.0 2081.0
0


HOST: 458
0.7780439332868889 1.0025698369443403 0.5062499999999936
69882.34999996179 49312.39999994432 20569.949999999742
89818.0 49186.0 40632.0
2


HOST: 459
0.5175829718727204 0.5175829718727204 0.0
9164.324099978387 9164.324099978387 0.0
17706.0 17706.0 0.0
0


HOST: 460
0.5241162420373944 0.5241162420373944 0.0
12342.937499980637 12342.937499980637 0.0
23550.0 23550.0 0.0
0


HOST: 461
0.5062499999985784 0.5062499999985784 0.0
8179.987499977031 8179.987499977031 0.0
16158.0 16158.0 0.0
0


HOST: 462
0.5173754035444623 0.5173754035444623 0.0
7820.646599978092 7820.646599978092 0.0
15116.0 15116.0 0.0
0


HOST: 463
0.5628935636170814 0.5628935636170814 0.0
9060.334799980543 9060.334799980543 0.0
16096.0 16096.0 0.0
0


HOST: 464
0.517134893214976 0.517134893214976 0.0
9879.3449999789 9879.3449999789 0.0
19104.0 19104.0 0.0
0


HOST: 465
0.5285834960978608 0.5367648583495139 0.5147943557578099
9959.041649979796 6347.244449983002 3611.797199996794
18841.0 11825.0 7016.0
0


HOST: 466
0.513446633987536 0.5180245731633965 0.5069274725265269
9060.792749978047 5370.360749984931 3690.431999993116
17647.0 10367.0 7280.0
0


HOST: 467
0.5243486270189567 0.5276271513477866 0.5068429309933911
13824.975899981811 11717.016149980298 2107.9597500015134
26366.0 22207.0 4159.0
0


HOST: 468
0.520795229880073 0.520795229880073 0.0
8303.038349978004 8303.038349978004 0.0
15943.0 15943.0 0.0
0


HOST: 469
0.5143233381811653 0.5220766894767379 0.5062500000001757
14143.891799982046 7323.691799979679 6820.200000002367
27500.0 14028.0 13472.0
0


HOST: 470
0.5196775061635986 0.5196775061635986 0.0
12223.854299980167 12223.854299980167 0.0
23522.0 23522.0 0.0
0


HOST: 471
0.5062499999987978 0.5062499999985448 0.5062499999989442
9325.631249977854 3417.693749990176 5907.937499987678
18421.0 6751.0 11670.0
0


HOST: 472
0.5301734507598534 0.5301734507598534 0.0
13243.73279998114 13243.73279998114 0.0
24980.0 24980.0 0.0
0


HOST: 473
0.5062499999990342 0.5062499999985448 0.5062499999991741
10983.599999979046 2441.137499992983 8542.462499986063
21696.0 4822.0 16874.0
0


HOST: 474
0.5062499999985448 0.5062499999985448 0.0
4384.631249987397 4384.631249987397 0.0
8661.0 8661.0 0.0
0


HOST: 475
0.5062499999988481 0.5062499999985448 0.5062499999989807
9635.456249978077 2929.1624999915803 6706.293749986497
19033.0 5786.0 13247.0
0


HOST: 476
0.5181164365311988 0.5284187131036425 0.5077632291866943
10506.365099979648 5370.847799985422 5135.517299994226
20278.0 10164.0 10114.0
0


HOST: 477
0.5169562929766109 0.5185131690724656 0.5154573619624425
9923.492999979024 4882.3199999863355 5041.172999992688
19196.0 9416.0 9780.0
0


HOST: 478
0.50624999999871 0.5062499999985448 0.5062499999987429
8830.518749977498 1464.5812499957901 7365.937499981708
17443.0 2893.0 14550.0
0


HOST: 479
0.509439877445933 0.5112869439543263 0.5062499999993629
9602.43224997839 6103.232249982793 3499.199999995597
18849.0 11937.0 6912.0
0


HOST: 480
0.5192092610430625 0.5248321713744951 0.5062499999996051
9696.232949979192 6835.414199981424 2860.8187499977685
18675.0 13024.0 5651.0
0


HOST: 481
0.5106328976660215 0.5264066037721383 0.5062499999987288
8712.418499977659 1952.968499994633 6759.449999983026
17062.0 3710.0 13352.0
0


HOST: 482
0.5242603659660329 0.5242603659660329 0.0
11288.37419998062 11288.37419998062 0.0
21532.0 21532.0 0.0
0


HOST: 483
0.5096591917685844 0.5073149434977035 0.5104131548163542
16124.087849982705 3905.817749988819 12218.270099993886
31637.0 7699.0 23938.0
0


HOST: 484
0.5341954078542441 0.5341954078542441 0.0
21218.241599970577 21218.241599970577 0.0
39720.0 39720.0 0.0
0


HOST: 485
0.5264909053405956 0.5271832480197887 0.506250000000289
20423.635199972385 19774.11644997425 649.5187500003708
38792.0 37509.0 1283.0
0


HOST: 486
0.5458140314088354 0.5453560262863054 0.566484935521611
21478.327949969083 20995.116299970185 483.21164999993425
39351.0 38498.0 853.0
0


HOST: 487
0.5454280711155041 0.5257550956956656 0.6202056377083282
19833.400949973075 15135.963449982517 4697.437500002878
36363.0 28789.0 7574.0
0


HOST: 488
0.5363410040380483 0.5320779548371238 0.5473023472672496
20849.18384997105 14891.797799981423 5957.386050004012
38873.0 27988.0 10885.0
0


HOST: 489
0.5344118791800313 0.5425961480545864 0.5133198447897165
20691.89354997163 15135.71954998269 5556.174000003892
38719.0 27895.0 10824.0
0


HOST: 490
0.5353259842077407 0.5353259842077407 0.0
9763.275299980774 9763.275299980774 0.0
18238.0 18238.0 0.0
0


HOST: 491
0.7048388232126316 0.7048388232126316 0.0
11805.345449988366 11805.345449988366 0.0
16749.0 16749.0 0.0
0


HOST: 492
0.5441739633963166 0.5441739633963166 0.0
11417.858099981515 11417.858099981515 0.0
20982.0 20982.0 0.0
0


HOST: 493
0.5633274078254252 0.5633274078254252 0.0
9457.703849981064 9457.703849981064 0.0
16789.0 16789.0 0.0
0


HOST: 494
0.5413374953290744 0.5418408618439136 0.5062500000003638
10143.040649980867 10008.88439998077 134.1562500000964
18737.0 18472.0 265.0
0


HOST: 495
0.5326715355135087 0.5326715355135087 0.0
10566.60524998147 10566.60524998147 0.0
19837.0 19837.0 0.0
0


HOST: 496
0.5191246567202906 0.5191246567202906 0.0
9186.949049978983 9186.949049978983 0.0
17697.0 17697.0 0.0
0


HOST: 497
0.5062499999989889 0.5062499999985448 0.5062499999990218
10622.137499978786 732.0374999978958 9890.09999998089
20982.0 1446.0 19536.0
0


HOST: 498
0.5452192643638877 0.5577521284259661 0.5062500000003638
11984.464649982614 9276.533399980668 2707.931250001946
21981.0 16632.0 5349.0
0


HOST: 499
0.5255624196990744 0.5255624196990744 0.0
9326.630699979774 9326.630699979774 0.0
17746.0 17746.0 0.0
0


HOST: 500
0.556408096582224 0.556408096582224 0.0
10242.916649982162 10242.916649982162 0.0
18409.0 18409.0 0.0
0


HOST: 501
0.5410793068062578 0.5410793068062578 0.0
12129.915899982687 12129.915899982687 0.0
22418.0 22418.0 0.0
0


HOST: 502
0.508247744671936 0.508247744671936 0.0
8563.46624997745 8563.46624997745 0.0
16849.0 16849.0 0.0
0


HOST: 503
0.5563058058911051 0.6229581667361327 0.5062499999985448
6098.780549984185 2929.149299993296 3169.631249990889
10963.0 4702.0 6261.0
0


HOST: 504
0.5456622988605521 0.5544446661462614 0.5224986736269278
11597.506499982173 8544.546749980034 3052.959750002139
21254.0 15411.0 5843.0
0


HOST: 505
0.539127908495821 0.539127908495821 0.0
11135.686949981184 11135.686949981184 0.0
20655.0 20655.0 0.0
0


HOST: 506
0.5062499999985448 0.5062499999985448 0.0
7807.893749977557 7807.893749977557 0.0
15423.0 15423.0 0.0
0


HOST: 507
0.5268353483746084 0.5268353483746084 0.0
10880.730449980789 10880.730449980789 0.0
20653.0 20653.0 0.0
0


HOST: 508
0.5086526373613479 0.5086526373613479 0.0
8794.604099977705 8794.604099977705 0.0
17290.0 17290.0 0.0
0


HOST: 509
0.5120035529113843 0.5120035529113843 0.0
10073.157899978576 10073.157899978576 0.0
19674.0 19674.0 0.0
0


HOST: 510
0.5641299008120098 0.5641299008120098 0.0
12285.056849983137 12285.056849983137 0.0
21777.0 21777.0 0.0
0


HOST: 511
0.5062499999991195 0.5062499999985448 0.5062499999991317
11736.393749979587 244.0124999992986 11492.381249980288
23183.0 482.0 22701.0
0


HOST: 512
0.5112473831149882 0.5281981125256544 0.5062499999988784
9338.444699978374 2196.7759499941967 7141.668749984177
18266.0 4159.0 14107.0
0


HOST: 513
0.5854740969712697 0.5854740969712697 0.0
12026.808899983822 12026.808899983822 0.0
20542.0 20542.0 0.0
0


HOST: 514
0.5516309704184151 0.5867163328645931 0.5076432203383733
9902.32754998097 5858.949299985827 4043.378249995143
17951.0 9986.0 7965.0
0


HOST: 515
0.5547932776400382 0.5547932776400382 0.0
10592.668049981248 10592.668049981248 0.0
19093.0 19093.0 0.0
0


HOST: 516
0.5197555751051336 0.6336359649108435 0.5077988334001952
8418.481049977849 975.1657499977882 7443.31529998006
16197.0 1539.0 14658.0
0


HOST: 517
0.5333082231877586 0.5621078171756436 0.506249999999141
9562.7497499797 4882.468499987641 4680.281249992058
17931.0 8686.0 9245.0
0


HOST: 518
0.5443874648671115 0.5631642677371923 0.5062500000003638
11621.583599983098 8056.064849980536 3565.5187500025622
21348.0 14305.0 7043.0
0


HOST: 519
0.5764088756742901 0.5764088756742901 0.0
5331.782099987184 5331.782099987184 0.0
9250.0 9250.0 0.0
0


HOST: 520
0.5095251609378487 0.5314960130705091 0.5067080702822558
10289.351099978916 1219.7833499968183 9069.567749982098
20194.0 2295.0 17899.0
0


HOST: 521
0.55362347883494 0.55362347883494 0.0
10044.944399981152 10044.944399981152 0.0
18144.0 18144.0 0.0
0


HOST: 522
0.6427261583721231 0.6427261583721231 0.0
11249.63594998727 11249.63594998727 0.0
17503.0 17503.0 0.0
0


HOST: 523
0.5563644532478569 0.5563644532478569 0.0
10531.97909998193 10531.97909998193 0.0
18930.0 18930.0 0.0
0


HOST: 524
0.5610044094396041 0.5610044094396041 0.0
10648.985699982564 10648.985699982564 0.0
18982.0 18982.0 0.0
0


HOST: 525
0.5154311298456927 0.5154311298456927 0.0
7855.685849978203 7855.685849978203 0.0
15241.0 15241.0 0.0
0


HOST: 526
0.5072125660362914 0.5072125660362914 0.0
8064.679799977033 8064.679799977033 0.0
15900.0 15900.0 0.0
0


HOST: 527
0.5072933237421825 0.5097608200441034 0.5062499999988228
8992.78874997767 2685.4199999923367 6307.368749985333
17727.0 5268.0 12459.0
0


HOST: 528
0.5083979416153172 0.5083979416153172 0.0
5433.7571999845095 5433.7571999845095 0.0
10688.0 10688.0 0.0
0


HOST: 529
0.5126877751224481 0.5126877751224481 0.0
9014.589149978005 9014.589149978005 0.0
17583.0 17583.0 0.0
0


HOST: 530
0.5170967541544569 0.6692437842765014 0.5067267553410797
8865.623849978163 732.1526999984926 8133.47114997967
17145.0 1094.0 16051.0
0


HOST: 531
0.5358166457883277 0.5358166457883277 0.0
9410.547749980398 9410.547749980398 0.0
17563.0 17563.0 0.0
0


HOST: 532
0.5459341418000717 0.6318434081090143 0.5068507536496304
10117.79744998073 3661.532549991738 6456.264899988992
18533.0 5795.0 12738.0
0


HOST: 533
0.5062499999985659 0.5062499999985448 0.5062499999985763
8122.78124997699 2685.1499999922817 5437.631249984708
16045.0 5304.0 10741.0
0


HOST: 534
0.5572232292086879 0.558939603495767 0.5449106942892831
12201.51704998264 10741.70129998165 1459.8157500009893
21897.0 19218.0 2679.0
0


HOST: 535
0.5337675671395966 0.5337675671395966 0.0
10136.24609998094 10136.24609998094 0.0
18990.0 18990.0 0.0
0


HOST: 536
0.5529032781813427 0.5604679509241891 0.5062500000000185
8955.92729998139 7811.8022999813475 1144.1250000000418
16198.0 13938.0 2260.0
0


HOST: 537
0.5581128817244622 0.5581128817244622 0.0
9211.094999980523 9211.094999980523 0.0
16504.0 16504.0 0.0
0


HOST: 538
0.54209079009912 0.54209079009912 0.0
11389.327499982512 11389.327499982512 0.0
21010.0 21010.0 0.0
0


HOST: 539
0.5488030380636296 0.5732444257259682 0.5062499999988223
8463.091649979233 5614.929149985859 2848.162499993374
15421.0 9795.0 5626.0
0


HOST: 540
0.5678804270897929 0.5678804270897929 0.0
6741.308549982932 6741.308549982932 0.0
11871.0 11871.0 0.0
0


HOST: 541
0.6114147956778647 0.6114147956778647 0.0
10413.616799985391 10413.616799985391 0.0
17032.0 17032.0 0.0
0


HOST: 542
0.5329426908345919 0.5329426908345919 0.0
11833.992449982114 11833.992449982114 0.0
22205.0 22205.0 0.0
0


HOST: 543
0.5062499999990485 0.5062499999985448 0.5062499999992092
11103.074999979131 2685.1499999922817 8417.92499998685
21932.0 5304.0 16628.0
0


HOST: 544
0.5250528910367404 0.5250528910367404 0.0
10533.611099979085 10533.611099979085 0.0
20062.0 20062.0 0.0
0


HOST: 545
0.5135517845884255 0.5210982869021736 0.5062499999991963
9784.188599978683 4882.169849986465 4902.018749992218
19052.0 9369.0 9683.0
0


HOST: 546
0.5207445526018049 0.5207445526018049 0.0
8211.62084997786 8211.62084997786 0.0
15769.0 15769.0 0.0
0


HOST: 547
0.5200519131480699 0.5200519131480699 0.0
10275.185699979565 10275.185699979565 0.0
19758.0 19758.0 0.0
0


HOST: 548
0.5589144669198963 0.5589144669198963 0.0
10112.439449981684 10112.439449981684 0.0
18093.0 18093.0 0.0
0


HOST: 549
0.5062499999990926 0.5062499999985448 0.5062499999991578
11488.331249979408 1220.5687499964915 10267.762499982917
22693.0 2411.0 20282.0
0


HOST: 550
0.5515279803797706 0.5515279803797706 0.0
9557.979899981425 9557.979899981425 0.0
17330.0 17330.0 0.0
0


HOST: 551
0.5669466621243279 0.5669466621243279 0.0
9987.33239998216 9987.33239998216 0.0
17616.0 17616.0 0.0
0


HOST: 552
0.5435793486868215 0.5435793486868215 0.0
11659.233449983632 11659.233449983632 0.0
21449.0 21449.0 0.0
0


HOST: 553
0.5527075618160302 0.5574994925133325 0.5062500000003638
9611.584499980765 8788.421999980173 823.1625000005915
17390.0 15764.0 1626.0
0


HOST: 554
0.6330547449355656 0.6503435372148122 0.5062500000003638
13501.791599985741 12206.29784998481 1295.493750000931
21328.0 18769.0 2559.0
0


HOST: 555
0.5297098818950022 0.5398788721102493 0.5062499999997637
9956.956649980357 7079.4316499817 2877.524999998657
18797.0 13113.0 5684.0
0


HOST: 556
0.533571066836641 0.533571066836641 0.0
11663.329949982135 11663.329949982135 0.0
21859.0 21859.0 0.0
0


HOST: 557
0.5062499999989111 0.5062499999985448 0.5062499999989399
10053.112499978377 732.0374999978958 9321.074999980481
19858.0 1446.0 18412.0
0


HOST: 558
0.6249453544660044 0.6249453544660044 0.0
10842.801899985176 10842.801899985176 0.0
17350.0 17350.0 0.0
0


HOST: 559
0.525346680746918 0.5254044794174639 0.5062499999985448
7834.495049978788 7811.713799978854 22.781249999934516
14913.0 14868.0 45.0
0


HOST: 560
0.5879336549657739 0.5879336549657739 0.0
9078.87149998148 9078.87149998148 0.0
15442.0 15442.0 0.0
0


HOST: 561
0.5419910136756119 0.5430062557910158 0.5405964290256807
10105.422449981783 5859.037499985061 4246.384949996722
18645.0 10790.0 7855.0
0


HOST: 562
0.5432385659741197 0.5432385659741197 0.0
6261.910949983678 6261.910949983678 0.0
11527.0 11527.0 0.0
0


HOST: 563
0.5315596551715143 0.5315596551715143 0.0
11098.965599981218 11098.965599981218 0.0
20880.0 20880.0 0.0
0


HOST: 564
0.5281580944073255 0.5281580944073255 0.0
10002.786149980338 10002.786149980338 0.0
18939.0 18939.0 0.0
0


HOST: 565
0.527381331859004 0.527381331859004 0.0
9784.505849980102 9784.505849980102 0.0
18553.0 18553.0 0.0
0


HOST: 566
0.5345471996674945 0.5345471996674945 0.0
9677.977049979989 9677.977049979989 0.0
18105.0 18105.0 0.0
0


HOST: 567
0.5062499999986734 0.5062499999985448 0.5062499999987393
8639.15624997736 2929.1624999915803 5709.993749985781
17065.0 5786.0 11279.0
0


HOST: 568
0.5269748961352483 0.5269748961352483 0.0
10147.428599980341 10147.428599980341 0.0
19256.0 19256.0 0.0
0


HOST: 569
0.5517177884365064 0.5517177884365064 0.0
10984.149449982408 10984.149449982408 0.0
19909.0 19909.0 0.0
0


HOST: 570
0.543862800889643 0.543862800889643 0.0
11726.225849981593 11726.225849981593 0.0
21561.0 21561.0 0.0
0


HOST: 571
0.5282703575671388 0.5282703575671388 0.0
6648.282449982442 6648.282449982442 0.0
12585.0 12585.0 0.0
0


HOST: 572
0.5545198648558765 0.5545198648558765 0.0
9478.408049981495 9478.408049981495 0.0
17093.0 17093.0 0.0
0


HOST: 573
0.5066461484691323 0.5062499999985448 0.5066900713083579
9786.883649978228 976.0499999971944 8810.833649981034
19317.0 1928.0 17389.0
0


HOST: 574
0.5239604113098257 0.5706775026554008 0.5062499999988168
8968.106399978977 2685.037649993661 6283.068749985316
17116.0 4705.0 12411.0
0


HOST: 575
0.5457533020867849 0.5457533020867849 0.0
10247.063999981472 10247.063999981472 0.0
18776.0 18776.0 0.0
0


HOST: 576
0.5062499999990279 0.5062499999990279 0.0
10931.456249979008 10931.456249979008 0.0
21593.0 21593.0 0.0
0


HOST: 577
0.5062499999985448 0.5062499999985448 0.5062499999985448
7658.043749977987 2929.1624999915803 4728.881249986407
15127.0 5786.0 9341.0
0


HOST: 578
0.5258313469195783 0.5274708630922154 0.5062500000003638
9494.410799979907 8788.1920499794 706.2187500005075
18056.0 16661.0 1395.0
0


HOST: 579
0.5454236936212158 0.5454236936212158 0.0
10980.469799982317 10980.469799982317 0.0
20132.0 20132.0 0.0
0


HOST: 580
0.5888466982713613 0.5888466982713613 0.0
12234.467849984072 12234.467849984072 0.0
20777.0 20777.0 0.0
0


HOST: 581
0.5608394621280806 0.5608394621280806 0.0
4598.322749988132 4598.322749988132 0.0
8199.0 8199.0 0.0
0


HOST: 582
0.6077618780649368 0.6077618780649368 0.0
10407.314399983978 10407.314399983978 0.0
17124.0 17124.0 0.0
0


HOST: 583
0.6366201941348439 0.6366201941348439 0.0
11051.089949986756 11051.089949986756 0.0
17359.0 17359.0 0.0
0


HOST: 584
0.5230376291596124 0.5230376291596124 0.0
10984.31324998102 10984.31324998102 0.0
21001.0 21001.0 0.0
0


HOST: 585
0.6510851866942088 0.6510851866942088 0.0
11979.316349986748 11979.316349986748 0.0
18399.0 18399.0 0.0
0


HOST: 586
0.6003002216959199 0.6003002216959199 0.0
12184.893899983781 12184.893899983781 0.0
20298.0 20298.0 0.0
0


HOST: 587
0.5184829314859479 0.5184829314859479 0.0
8687.699999978544 8687.699999978544 0.0
16756.0 16756.0 0.0
0


HOST: 588
0.553991992230299 0.553535156508161 0.555906361529882
12407.758649982008 10009.022699980567 2398.735950001441
22397.0 18082.0 4315.0
0


HOST: 589
0.5464029366072221 0.5779072521154804 0.5104312246592855
11256.993299981988 6347.155349984321 4909.837949997667
20602.0 10983.0 9619.0
0


HOST: 590
0.533487705395655 0.533487705395655 0.0
16460.763149982937 16460.763149982937 0.0
30855.0 30855.0 0.0
0


HOST: 591
0.5099750064421522 0.5226339294695878 0.5062499999998473
17809.85714997928 4149.713399988526 13660.14374999588
34923.0 7940.0 26983.0
0


HOST: 592
0.511504436409519 0.517770477199309 0.5062500000003638
21151.219949970022 9765.151199978969 11386.068750008182
41351.0 18860.0 22491.0
0


HOST: 593
0.5204151438735055 0.5238366535053133 0.5157662798837408
21051.833399971045 12206.441699980809 8845.391700006154
40452.0 23302.0 17150.0
0


HOST: 594
0.5186149631521617 0.519588246794003 0.5174749985510043
19423.16759997476 10497.241349979242 8925.926250006274
37452.0 20203.0 17249.0
0


HOST: 595
0.5192098406782523 0.5267406203163743 0.5122144583012176
17989.063349979406 8788.667249978704 9200.39610000647
34647.0 16685.0 17962.0
0


HOST: 596
0.5286077746949159 0.5340803156572902 0.5130614826875504
20580.815099971856 15379.910849982987 5200.904250003698
38934.0 28797.0 10137.0
0


HOST: 597
0.5240850074287015 0.5394048111176063 0.5159280113855007
21162.552599970964 7567.849499980017 13594.703100007944
40380.0 14030.0 26350.0
0


HOST: 598
0.5590725352102455 0.5590725352102455 0.0
10122.008249981494 10122.008249981494 0.0
18105.0 18105.0 0.0
0


HOST: 599
0.5142022755519589 0.5142022755519589 0.0
8270.429399977706 8270.429399977706 0.0
16084.0 16084.0 0.0
0


HOST: 600
0.5145837190248642 0.5157374114562449 0.5062499999985448
4714.1014499867815 4150.138949988403 563.9624999983789
9161.0 8047.0 1114.0
0


HOST: 601
0.5062499999986213 0.506249999998551 0.5062500000003638
8380.968749977175 8055.956249976942 325.01250000023356
16555.0 15913.0 642.0
0


HOST: 602
0.5211428594019344 0.5211428594019344 0.0
9881.910899979479 9881.910899979479 0.0
18962.0 18962.0 0.0
0


HOST: 603
0.5114511224304951 0.5122620864502545 0.5101435378370022
11847.253799979988 7323.811049979289 4523.442750000699
23164.0 14297.0 8867.0
0


HOST: 604
0.5263849602229995 0.5220612142697612 0.535876013281791
14689.298699983025 10008.957599979862 4680.341100003163
27906.0 19172.0 8734.0
0


HOST: 605
0.5172669315390043 0.5172669315390043 0.0
8462.48699997811 8462.48699997811 0.0
16360.0 16360.0 0.0
0


HOST: 606
0.5618667721085364 0.5758670176906105 0.5062500000003638
12522.324749982952 10253.312249981322 2269.0125000016305
22287.0 17805.0 4482.0
0


HOST: 607
0.5884081512595778 0.5884081512595778 0.0
10503.085499983463 10503.085499983463 0.0
17850.0 17850.0 0.0
0


HOST: 608
0.5269592248196274 0.5269592248196274 0.0
11447.662199981585 11447.662199981585 0.0
21724.0 21724.0 0.0
0


HOST: 609
0.6956315103624974 0.6956315103624974 0.0
13559.249399985798 13559.249399985798 0.0
19492.0 19492.0 0.0
0


HOST: 610
0.5287520657078135 0.5287520657078135 0.0
8062.940249978448 8062.940249978448 0.0
15249.0 15249.0 0.0
0


HOST: 611
0.5392178479077931 0.5392178479077931 0.0
10636.07204998122 10636.07204998122 0.0
19725.0 19725.0 0.0
0


HOST: 612
0.5144409244395857 0.5213183750713872 0.5062499999992596
9749.684399979027 5370.621899985432 4379.062499993595
18952.0 10302.0 8650.0
0


HOST: 613
0.528139120477693 0.5298937859657292 0.5062500000003638
11301.120899981674 10497.195899981096 803.9250000005777
21398.0 19810.0 1588.0
0


HOST: 614
0.517046591599679 0.517046591599679 0.0
10194.090599979272 10194.090599979272 0.0
19716.0 19716.0 0.0
0


HOST: 615
0.5246267660903238 0.5166167254486543 0.5528488993435127
13367.48999998145 10253.292149979443 3114.197850002007
25480.0 19847.0 5633.0
0


HOST: 616
0.5062499999990502 0.5062499999985448 0.5062499999991269
11117.249999979142 1464.5812499957901 9652.668749983352
21960.0 2893.0 19067.0
0


HOST: 617
0.523108396537529 0.5249926825115472 0.5062500000003638
10276.464449979758 9276.62069997904 999.8437500007185
19645.0 17670.0 1975.0
0


HOST: 618
0.5179321556241582 0.5124062146362608 0.5218805946790211
13618.508099981615 5614.9472999841455 8003.560799997469
26294.0 10958.0 15336.0
0


HOST: 619
0.5191793255992707 0.5147340329676985 0.5279087202011197
12263.534849980373 8056.102349977449 4207.432500002924
23621.0 15651.0 7970.0
0


HOST: 620
0.5648407472133865 0.5648407472133865 0.0
10341.10439998268 10341.10439998268 0.0
18308.0 18308.0 0.0
0


HOST: 621
0.6001390718186199 0.6001390718186199 0.0
12175.021349984343 12175.021349984343 0.0
20287.0 20287.0 0.0
0


HOST: 622
0.6335917175897785 0.6335917175897785 0.0
11612.46899998546 11612.46899998546 0.0
18328.0 18328.0 0.0
0


HOST: 623
0.5707824217806374 0.5707824217806374 0.0
9559.463999982116 9559.463999982116 0.0
16748.0 16748.0 0.0
0


HOST: 624
0.5066767454816933 0.5066767454816933 0.0
9085.727399977724 9085.727399977724 0.0
17932.0 17932.0 0.0
0


