Selfish Battery Level: [35, 84, 62, 49, 58, 23, 87, 27, 77, 59, 45, 41, 82, 38, 71, 82, 1, 69, 46, 36, 24, 14, 10, 0, 91, 78, 15, 66, 14, 52, 35, 78, 44, 82, 41, 45, 84, 33, 98, 58, 43, 9, 55, 84, 78, 92, 70, 88, 49, 51, 4, 13, 77, 3, 58, 4, 59, 61, 67, 75, 99, 61, 53, 66, 56, 98, 42, 36, 21, 74, 27, 52, 90, 98, 64, 15, 17, 77, 64, 79, 63, 86, 85, 83, 87, 89, 52, 2, 69, 33, 67, 6, 73, 43, 31, 45, 33, 44, 33, 38, 33, 62, 24, 22, 61, 62, 81, 79, 99, 97, 67, 43, 91, 72, 27, 54, 5, 30, 81, 37, 39, 2, 57, 11, 40, 51, 64, 50, 53, 3, 94, 79, 51, 31, 45, 64, 26, 13, 81, 58, 88, 85, 52, 63, 33, 30, 80, 38, 72, 57, 12, 46, 32, 52, 76, 14, 1, 92, 81, 42, 90, 97, 9, 75, 43, 31, 19, 89, 71, 94, 56, 82, 73, 68, 87, 63, 9, 72, 46, 11, 31, 23, 54, 8, 87, 58, 16, 47, 99, 2, 50, 20, 98, 68, 38, 39, 93, 25, 26, 53, 93, 15, 82, 10, 30, 3, 55, 9, 31, 53, 24, 86, 98, 30, 87, 72, 17, 93, 77, 14, 15, 42, 11, 17, 94, 37, 62, 49, 54, 94, 26, 25, 93, 14, 19, 57, 65, 52, 89, 90, 30, 63, 14, 21, 70, 5, 26, 22, 66, 25, 55, 55, 16, 14, 55, 56, 82, 51, 36, 42, 42, 92, 70, 21, 25, 75, 40, 33, 72, 85, 8, 0, 96, 96, 33, 17, 50, 44, 56, 33, 42, 9, 31, 86, 6, 12, 67, 74, 66, 32, 28, 82, 52, 53, 99, 16, 86, 36, 39, 60, 47, 33, 57, 35, 19, 25, 79, 50, 38, 96, 85, 49, 37, 87, 83, 92, 38, 72, 14, 11, 74, 18, 26, 38, 36, 69, 84, 23, 16, 71, 54, 24, 21, 5, 76, 6, 93, 41, 74, 69, 7, 16, 36, 19, 99, 49, 9, 91, 15, 72, 1, 74, 46, 30, 6, 44, 39, 34, 50, 61, 47, 69, 40, 92, 30, 7, 16, 14, 76, 10, 93, 0, 97, 92, 42, 50, 24, 20, 16, 16, 70, 74, 64, 3, 13, 0, 36, 21, 32, 34, 73, 75, 98, 26, 41, 16, 67, 37, 7, 34, 93, 34, 68, 68, 70, 29, 43, 4, 0, 84, 24, 55, 18, 69, 94, 79, 69, 96, 89, 26, 39, 12, 93, 0, 31, 78, 73, 7, 35, 19, 46, 23, 28, 30, 39, 10, 17, 49, 70, 82, 43, 84, 42, 57, 95, 70, 41, 22, 84, 89, 36, 65, 77, 44, 93, 33, 97, 68, 49, 47, 31, 55, 16, 32, 41, 74, 78, 52, 51, 70, 4, 86, 0, 90, 36, 88, 78, 80, 94, 75, 72, 92, 9, 84, 5, 19, 14, 38, 39, 38, 11, 7, 42, 51, 59, 26, 56, 97, 62, 16, 6, 28, 5, 88, 65, 48, 4, 45, 14, 55, 8, 99, 91, 21, 76, 25, 96, 80, 67, 22, 95, 2, 25, 11, 4, 26, 64, 89, 60, 60, 97, 40, 85, 89, 56, 7, 68, 15, 13, 77, 12, 7, 29, 89, 50, 80, 1, 46, 41, 95, 33, 33, 3, 64, 50, 71, 30, 97, 50, 68, 55, 76, 73, 50, 41, 11, 58, 88, 10, 19, 50, 58, 27, 96, 89, 46, 1, 88, 64, 37, 1, 17, 32, 36, 52, 46, 2, 43, 59, 74, 26, 83, 60, 50, 57, 64, 37, 69, 22, 22, 83, 67, 2, 70, 59, 51, 58, 37, 32, 43, 14, 20, 78, 57, 3, 58, 94, 62, 77, 67, 12, 15, 8, 35, 34]
Hosts: 625
Hosts Average Energy Consume/s: 0.5409197754662206
Hosts Average normal Energy Consume/s: 0.5990546743370806
Hosts Average  Selfish Period Consume/s: 0.295621647828938

Hosts Average Energy Consume: 13637.751787418938
Hosts Average Normal Energy Consume: 9698.112585103272
Hosts Average Selfish Energy Consume: 3939.639202318164

Description:
host number
average energy consumption of all periods  - average energy consumption of Normal periods  -  average energy consumption of all selfish periods
energy consumption of all periods  -  energy consumption of Normal periods  -  energy consumption of selfish periods
Active total time  -  Normal Active Time  -  Selfish Active Time
Normal proportion of time  -  Selfish proportion of time
Number of Recharges 


HOST: 0
0.5848387125787249 0.5848387125787249 0.0
10725.357149981235 10725.357149981235 0.0
18339.0 18339.0 0.0
0


HOST: 1
0.5487437563502388 0.527818775343241 0.556817767172216
14580.670349982194 3904.8032999892966 10675.867049992898
26571.0 7398.0 19173.0
0


HOST: 2
0.5118633054422184 0.5125875290075375 0.5084964937070154
11256.385949979824 9276.809099978413 1979.576850001411
21991.0 18098.0 3893.0
0


HOST: 3
0.5258110088665077 0.5260076932818073 0.5062500000003638
12571.089599980465 12450.602099980379 120.48750000008658
23908.0 23670.0 238.0
0


HOST: 4
0.5300513964370285 0.5288515267952351 0.5351853343636341
12677.769299980848 10252.844549979221 2424.9247500016263
23918.0 19387.0 4531.0
0


HOST: 5
0.5188036048847676 0.5188036048847676 0.0
10023.804449978596 10023.804449978596 0.0
19321.0 19321.0 0.0
0


HOST: 6
0.5376002477915115 0.5216128205113847 0.5460796748312021
9437.572349979984 3173.4923999912644 6264.07994998872
17555.0 6084.0 11471.0
0


HOST: 7
0.5293116501872731 0.5293116501872731 0.0
12099.005699980687 12099.005699980687 0.0
22858.0 22858.0 0.0
0


HOST: 8
0.5074812701570885 0.5076336723609028 0.5072822946169103
9912.63164997841 5614.936049983946 4297.695599994464
19533.0 11061.0 8472.0
0


HOST: 9
0.5240653122539639 0.5240998272059685 0.5062500000003638
10027.989749979599 10009.258499979585 18.73125000001346
19135.0 19098.0 37.0
0


HOST: 10
0.536128950714372 0.536128950714372 0.0
10116.7532999802 10116.7532999802 0.0
18870.0 18870.0 0.0
0


HOST: 11
0.5257637800156909 0.5263549554152198 0.5062500000003638
14822.858249982375 14403.176999982074 419.6812500003016
28193.0 27364.0 829.0
0


HOST: 12
0.5199336828471378 0.5159851338642247 0.5231622803640353
9842.864549979166 4394.129399987738 5448.7351499914275
18931.0 8516.0 10415.0
0


HOST: 13
0.5373602662052667 0.5373602662052667 0.0
8720.282399979067 8720.282399979067 0.0
16228.0 16228.0 0.0
0


HOST: 14
0.5401539491871609 0.5584632050155292 0.5062499999998656
10545.425549980942 7079.638049981862 3465.78749999908
19523.0 12677.0 6846.0
0


HOST: 15
0.5156886967523803 0.5145228337222043 0.5168693525424554
8752.784249978151 4394.024999987625 4358.759249990526
16973.0 8540.0 8433.0
0


HOST: 16
0.5330018696855942 0.5330018696855942 0.0
14168.255699982463 14168.255699982463 0.0
26582.0 26582.0 0.0
0


HOST: 17
0.5283574650211454 0.5106604453426834 0.5663235668791085
11480.150999979449 7567.987799978568 3912.1632000008813
21728.0 14820.0 6908.0
0


HOST: 18
0.5161371669297559 0.5161371669297559 0.0
10750.621049979885 10750.621049979885 0.0
20829.0 20829.0 0.0
0


HOST: 19
0.5062499999985448 0.5062499999985448 0.0
4001.9062499884967 4001.9062499884967 0.0
7905.0 7905.0 0.0
0


HOST: 20
0.5231585201782225 0.5231585201782225 0.0
9449.812349979233 9449.812349979233 0.0
18063.0 18063.0 0.0
0


HOST: 21
0.5310134330126818 0.5310134330126818 0.0
13388.97269998176 13388.97269998176 0.0
25214.0 25214.0 0.0
0


HOST: 22
0.5277603994341112 0.5277603994341112 0.0
10464.433199979558 10464.433199979558 0.0
19828.0 19828.0 0.0
0


HOST: 23
0.5357802299488597 0.5357802299488597 0.0
14329.44224998225 14329.44224998225 0.0
26745.0 26745.0 0.0
0


HOST: 24
0.5062499999990396 0.5062499999985448 0.5062499999991628
11029.162499979078 2197.1249999936845 8832.037499985394
21786.0 4340.0 17446.0
0


HOST: 25
0.5131428491934366 0.5175930416330998 0.5062499999989379
8761.914149977929 5370.545399985043 3391.3687499928856
17075.0 10376.0 6699.0
0


HOST: 26
0.5850525662106435 0.5850525662106435 0.0
10669.603649983506 10669.603649983506 0.0
18237.0 18237.0 0.0
0


HOST: 27
0.5433876463770655 0.5571452879567573 0.5162799431295786
12203.943149982515 8300.350499979771 3903.5926500027435
22459.0 14898.0 7561.0
0


HOST: 28
0.5614990919654027 0.5614990919654027 0.0
8688.075449980675 8688.075449980675 0.0
15473.0 15473.0 0.0
0


HOST: 29
0.5915927180287394 0.5973968060149669 0.5062500000003638
12393.275849984062 11717.938349983577 675.3375000004853
20949.0 19615.0 1334.0
0


HOST: 30
0.543881448287448 0.543881448287448 0.0
12137.25839998269 12137.25839998269 0.0
22316.0 22316.0 0.0
0


HOST: 31
0.5557662026515409 0.5563129583578987 0.555021089778986
9302.414699981491 5370.645299987154 3931.7693999943367
16738.0 9654.0 7084.0
0


HOST: 32
0.5744249843969325 0.5744249843969325 0.0
11045.043599984218 11045.043599984218 0.0
19228.0 19228.0 0.0
0


HOST: 33
0.5286982687563395 0.5110815422176787 0.5457651549286668
9237.94484997952 4394.2790999876015 4843.665749991918
17473.0 8598.0 8875.0
0


HOST: 34
0.597568291245419 0.597568291245419 0.0
11666.325749984315 11666.325749984315 0.0
19523.0 19523.0 0.0
0


HOST: 35
0.5180131208158567 0.5180131208158567 0.0
8823.835499977304 8823.835499977304 0.0
17034.0 17034.0 0.0
0


HOST: 36
0.6435632853516822 0.7019382099196291 0.5747209622707037
6617.117699985996 3905.584199992816 2711.53349999318
10282.0 5564.0 4718.0
0


HOST: 37
0.5494521663649913 0.5494521663649913 0.0
11869.815149982907 11869.815149982907 0.0
21603.0 21603.0 0.0
0


HOST: 38
0.5310073848586679 0.5062499999985448 0.5323387537644562
10030.729499980238 488.0249999985972 9542.70449998164
18890.0 964.0 17926.0
0


HOST: 39
0.5565231222413515 0.563200431199259 0.5062500000003638
11477.17634998339 10253.06384998251 1224.1125000008797
20623.0 18205.0 2418.0
0


HOST: 40
0.5420011969716477 0.5420011969716477 0.0
12316.435199983724 12316.435199983724 0.0
22724.0 22724.0 0.0
0


HOST: 41
0.5437868967088916 0.5437868967088916 0.0
8281.330649979709 8281.330649979709 0.0
15229.0 15229.0 0.0
0


HOST: 42
0.5610054286298524 0.5610054286298524 0.0
10804.403549982328 10804.403549982328 0.0
19259.0 19259.0 0.0
0


HOST: 43
0.5526370383667581 0.5846938023938514 0.5375536275263706
11537.40344998281 3905.754599990927 7631.648849991883
20877.0 6680.0 14197.0
0


HOST: 44
0.5514231361000669 0.5665394303783461 0.5355763518738049
10214.010749981539 5370.793799986721 4843.216949994818
18523.0 9480.0 9043.0
0


HOST: 45
0.5062499999990285 0.5062499999985448 0.5062499999991337
10937.024999979012 1952.6062499943873 8984.418749984625
21604.0 3857.0 17747.0
0


HOST: 46
0.6023082237404765 0.6484470775756674 0.5150239319818947
10396.442249984366 7322.264399984437 3074.177849999929
17261.0 11292.0 5969.0
0


HOST: 47
0.5311869692056123 0.5628805918511033 0.5175617224276582
9194.315249979943 2929.2305999931414 6265.084649986802
17309.0 5204.0 12105.0
0


HOST: 48
0.5663382662563154 0.5663382662563154 0.0
10328.877299982682 10328.877299982682 0.0
18238.0 18238.0 0.0
0


HOST: 49
0.5382368975143146 0.5382368975143146 0.0
10787.343899981894 10787.343899981894 0.0
20042.0 20042.0 0.0
0


HOST: 50
0.5454430498487325 0.5454430498487325 0.0
4912.805549987534 4912.805549987534 0.0
9007.0 9007.0 0.0
0


HOST: 51
0.5661719157460574 0.5661719157460574 0.0
9031.574399981107 9031.574399981107 0.0
15952.0 15952.0 0.0
0


HOST: 52
0.5587194102828834 0.5781001235571177 0.5415173003103588
11539.790699982674 5614.508399986727 5925.282299995946
20654.0 9712.0 10942.0
0


HOST: 53
0.5867515491857018 0.5867515491857018 0.0
10604.947499982374 10604.947499982374 0.0
18074.0 18074.0 0.0
0


HOST: 54
0.5487192839697748 0.547775045409837 0.5674024312899821
10790.015999981651 10253.253299981328 536.7627000003231
19664.0 18718.0 946.0
0


HOST: 55
0.5356304759447015 0.5356304759447015 0.0
11456.60024998122 11456.60024998122 0.0
21389.0 21389.0 0.0
0


HOST: 56
0.5809244942061085 0.5815188705543647 0.5062500000003638
10078.459049981775 10009.102799981725 69.35625000004984
17349.0 17212.0 137.0
0


HOST: 57
0.5612772073910816 0.5588335182238835 0.6453845454548255
9840.311999980442 9520.846649980303 319.46535000013864
17532.0 17037.0 495.0
0


HOST: 58
0.5403034741619616 0.5470713907360579 0.5246992249886183
11407.427249981494 8056.173299979189 3351.253950002305
21113.0 14726.0 6387.0
0


HOST: 59
0.5466994964840479 0.5518863537696449 0.5409604262554976
11509.117799982176 6102.759299984733 5406.358499997443
21052.0 11058.0 9994.0
0


HOST: 60
0.5062499999990427 0.5062499999985448 0.506249999999054
11054.474999979097 244.0124999992986 10810.462499979798
21836.0 482.0 21354.0
0


HOST: 61
0.5527404363106403 0.5459249999988738 0.5812238317760628
11946.37904998187 9520.93199998036 2425.4470500015104
21613.0 17440.0 4173.0
0


HOST: 62
0.5552969618830654 0.5552969618830654 0.0
10445.691149982344 10445.691149982344 0.0
18811.0 18811.0 0.0
0


HOST: 63
0.6896046542092582 0.7665804452232501 0.5657431926281825
12105.320099989318 8298.999899986906 3806.320200002412
17554.0 10826.0 6728.0
0


HOST: 64
0.5321262336746884 0.5321262336746884 0.0
10675.516499981597 10675.516499981597 0.0
20062.0 20062.0 0.0
0


HOST: 65
0.5062499999987279 0.5062499999985448 0.5062499999987385
8927.212499977568 488.0249999985972 8439.18749997897
17634.0 964.0 16670.0
0


HOST: 66
0.6096383001126554 0.6096383001126554 0.0
11286.233849985589 11286.233849985589 0.0
18513.0 18513.0 0.0
0


HOST: 67
0.5628231050461708 0.5628231050461708 0.0
9467.24744998164 9467.24744998164 0.0
16821.0 16821.0 0.0
0


HOST: 68
0.5815271755204562 0.5815271755204562 0.0
12970.963649983776 12970.963649983776 0.0
22305.0 22305.0 0.0
0


HOST: 69
0.5646253923345089 0.5656001693088795 0.5634239703458888
11477.140349983563 6347.165099984246 5129.975249999317
20327.0 11222.0 9105.0
0


HOST: 70
0.6223582823547026 0.6223582823547026 0.0
11699.713349986054 11699.713349986054 0.0
18799.0 18799.0 0.0
0


HOST: 71
0.5531644947811696 0.5531644947811696 0.0
8693.53319998086 8693.53319998086 0.0
15716.0 15716.0 0.0
0


HOST: 72
0.5212420911251426 0.5077893258412417 0.5254683945605216
10479.050999979867 2440.4354999930074 8038.6154999868595
20104.0 4806.0 15298.0
0


HOST: 73
0.5062499999988276 0.5062499999985448 0.5062499999988429
9506.362499977984 488.0249999985972 9018.337499979387
18778.0 964.0 17814.0
0


HOST: 74
0.5427085944183514 0.5570269918222706 0.5074445675932447
12038.904749982288 8788.214849979962 3250.689900002326
22183.0 15777.0 6406.0
0


HOST: 75
0.5611273869338117 0.5611273869338117 0.0
11166.434999982852 11166.434999982852 0.0
19900.0 19900.0 0.0
0


HOST: 76
0.5190994366700109 0.5190994366700109 0.0
11426.416799980281 11426.416799980281 0.0
22012.0 22012.0 0.0
0


HOST: 77
0.5161727548634628 0.5108723314208798 0.5249474389867747
9098.577149978259 5613.976049984049 3484.60109999421
17627.0 10989.0 6638.0
0


HOST: 78
0.5452952796322148 0.5519629380718489 0.5196521739134091
10939.713899981492 8788.353899979978 2151.360000001514
20062.0 15922.0 4140.0
0


HOST: 79
0.5062499999985827 0.5062499999985448 0.5062499999986458
8199.224999977045 5126.287499985265 3072.93749999178
16196.0 10126.0 6070.0
0


HOST: 80
0.5385970747062345 0.5385970747062345 0.0
8975.720249979398 8975.720249979398 0.0
16665.0 16665.0 0.0
0


HOST: 81
0.5062499999992234 0.5062499999985448 0.5062499999994704
12805.593749980355 3417.693749990176 9387.899999990179
25295.0 6751.0 18544.0
0


HOST: 82
0.5270445511980085 0.5183191295102356 0.5320800931212332
10175.64914997995 3661.9246499898145 6513.724499990136
19307.0 7065.0 12242.0
0


HOST: 83
0.5062499999986652 0.5062499999985448 0.5062499999987775
8597.643749977331 4149.731249988072 4447.912499989259
16983.0 8197.0 8786.0
0


HOST: 84
0.5346821160569118 0.5253675496674252 0.5393896703195259
9619.465949979902 3173.219999991248 6446.245949988654
17991.0 6040.0 11951.0
0


HOST: 85
0.5062499999990699 0.5062499999985448 0.5062499999992339
11287.349999979264 2685.1499999922817 8602.199999986982
22296.0 5304.0 16992.0
0


HOST: 86
0.5215120368200019 0.5215120368200019 0.0
8951.232599978513 8951.232599978513 0.0
17164.0 17164.0 0.0
0


HOST: 87
0.538537870885752 0.538537870885752 0.0
11979.236399982668 11979.236399982668 0.0
22244.0 22244.0 0.0
0


HOST: 88
0.5574424594904611 0.5585993799808389 0.5556083898902225
12316.133699982247 7567.904399980405 4748.229300001842
22094.0 13548.0 8546.0
0


HOST: 89
0.5400514023788712 0.5400514023788712 0.0
8395.099049979552 8395.099049979552 0.0
15545.0 15545.0 0.0
0


HOST: 90
0.5585513242734544 0.570586666901351 0.5062500000003638
9700.919399981356 8056.113149980174 1644.806250001182
17368.0 14119.0 3249.0
0


HOST: 91
0.5582589127469204 0.5582589127469204 0.0
8631.241049980137 8631.241049980137 0.0
15461.0 15461.0 0.0
0


HOST: 92
0.5462344610161496 0.5632581524511793 0.5271218027437983
12085.43744998231 6591.2468999837 5494.19054999861
22125.0 11702.0 10423.0
0


HOST: 93
0.6444414620362061 0.6444414620362061 0.0
10838.86094998695 10838.86094998695 0.0
16819.0 16819.0 0.0
0


HOST: 94
0.581324787910193 0.581324787910193 0.0
13156.54259998349 13156.54259998349 0.0
22632.0 22632.0 0.0
0


HOST: 95
0.5503006160946503 0.5503006160946503 0.0
11433.045599982455 11433.045599982455 0.0
20776.0 20776.0 0.0
0


HOST: 96
0.5817535753309439 0.5817535753309439 0.0
11178.394949984086 11178.394949984086 0.0
19215.0 19215.0 0.0
0


HOST: 97
0.522484416855245 0.525591632385575 0.51590819365374
20011.67564997274 13671.163949981194 6340.511700004465
38301.0 26011.0 12290.0
0


HOST: 98
0.5115840844598581 0.5117683066857583 0.5102274193552031
18571.01384997731 16356.626849983524 2214.3870000015813
36301.0 31961.0 4340.0
0


HOST: 99
0.5144628312319688 0.5151423422497358 0.5062500000003638
16366.606049982622 15135.912299981737 1230.6937500008844
31813.0 29382.0 2431.0
0


HOST: 100
0.5170230122811506 0.5189401361078277 0.5062500000003638
19196.03039997456 16356.474149982623 2839.5562500020405
37128.0 31519.0 5609.0
0


HOST: 101
0.5189073325041847 0.5179777904952177 0.5198588711063888
18371.395199978157 9276.464249978855 9094.930950006274
35404.0 17909.0 17495.0
0


HOST: 102
0.5241445008176453 0.5248060603053992 0.5062500000003638
19215.137399974876 18553.468649976778 661.6687500004755
36660.0 35353.0 1307.0
0


HOST: 103
0.5271120603392497 0.5289543473423082 0.5062500000002692
20651.196299971125 19041.82754997575 1609.368750000856
39178.0 35999.0 3179.0
0


HOST: 104
0.5116700091193791 0.5159113850643942 0.5062500000003638
16831.384949981977 9520.62869997833 7310.756250005254
32895.0 18454.0 14441.0
0


HOST: 105
0.5130840756829605 0.5189180986730778 0.5062500000003638
17002.580099981948 9276.698849978613 7725.881250005552
33138.0 17877.0 15261.0
0


HOST: 106
0.5169020721266157 0.5184330110637292 0.5163259012323562
16913.035799982863 4638.420149987185 12274.615649996804
32720.0 8947.0 23773.0
0


HOST: 107
0.5264128049908469 0.5178687493671903 0.5289716531025764
22610.482799966856 5126.382749985816 17484.10004999946
42952.0 9899.0 33053.0
0


HOST: 108
1.0544677105498217 33.297762315928985 0.5281414776444118
49042.23874996165 24873.42844999895 24168.810299963574
46509.0 747.0 45762.0
2


HOST: 109
0.5181884717668787 0.5322361918590136 0.517676129134241
20263.241999972022 732.3569999980027 19530.884999976646
39104.0 1376.0 37728.0
0


HOST: 110
0.5215880392149558 0.5097432042506487 0.5293956706710355
20748.77219997094 8055.981599977251 12692.790600008748
39780.0 15804.0 23976.0
0


HOST: 111
0.5227515299227753 0.5262594622185005 0.5159110619472655
20911.106699970856 13915.352699981591 6995.754000004921
40002.0 26442.0 13560.0
0


HOST: 112
0.5062499999993589 0.5062499999985448 0.5062499999997102
18666.956249976363 2197.1249999936845 16469.831249990573
36873.0 4340.0 32533.0
0


HOST: 113
0.543366099160792 0.5579447187970885 0.5062499999994728
9271.455749980594 6835.380749983131 2436.0749999974632
17063.0 12251.0 4812.0
0


HOST: 114
0.5438626559136623 0.5438626559136623 0.0
11903.521949982329 11903.521949982329 0.0
21887.0 21887.0 0.0
0


HOST: 115
0.5640797794108582 0.5640797794108582 0.0
11046.938399982246 11046.938399982246 0.0
19584.0 19584.0 0.0
0


HOST: 116
0.5745048910811097 0.5745048910811097 0.0
12632.78804998252 12632.78804998252 0.0
21989.0 21989.0 0.0
0


HOST: 117
0.5229858242203538 0.5229858242203538 0.0
10092.057449980166 10092.057449980166 0.0
19297.0 19297.0 0.0
0


HOST: 118
0.5159330728924834 0.5172787052511414 0.5110832797413233
5910.013349983397 4638.438149986985 1271.5751999964123
11455.0 8967.0 2488.0
0


HOST: 119
0.5350147058814381 0.5350147058814381 0.0
10859.72849998143 10859.72849998143 0.0
20298.0 20298.0 0.0
0


HOST: 120
0.530094732030277 0.530094732030277 0.0
11018.54909998134 11018.54909998134 0.0
20786.0 20786.0 0.0
0


HOST: 121
0.5278396840136945 0.5278396840136945 0.0
9087.287999979764 9087.287999979764 0.0
17216.0 17216.0 0.0
0


HOST: 122
0.5877641022113161 0.5890219207667022 0.5311590909094582
10707.298649983546 10496.9596499834 210.33900000014546
18217.0 17821.0 396.0
0


HOST: 123
0.5447902902195614 0.5447902902195614 0.0
8634.926099980048 8634.926099980048 0.0
15850.0 15850.0 0.0
0


HOST: 124
0.5905702698643247 0.5905702698643247 0.0
11817.311099985138 11817.311099985138 0.0
20010.0 20010.0 0.0
0


HOST: 125
0.5664511041001112 0.5664511041001112 0.0
11492.159999983056 11492.159999983056 0.0
20288.0 20288.0 0.0
0


HOST: 126
0.5760301207662483 0.5840776998725858 0.5103976422767841
9730.300799983466 8788.6171499828 941.6836500006666
16892.0 15047.0 1845.0
0


HOST: 127
0.5368158261486039 0.5368158261486039 0.0
6663.4948499826205 6663.4948499826205 0.0
12413.0 12413.0 0.0
0


HOST: 128
0.5784024104370653 0.5805380692159294 0.5062500000003638
11769.910649983842 11473.754399983629 296.1562500002128
20349.0 19764.0 585.0
0


HOST: 129
0.5461600515803265 0.5461600515803265 0.0
12176.638349983381 12176.638349983381 0.0
22295.0 22295.0 0.0
0


HOST: 130
0.5062499999987986 0.5062499999985448 0.5062499999988459
9330.693749977858 1464.5812499957901 7866.112499982068
18431.0 2893.0 15538.0
0


HOST: 131
0.51861864919215 0.5264076342525926 0.5062499999986637
8231.515199977805 5126.683949986 3104.8312499918047
15872.0 9739.0 6133.0
0


HOST: 132
0.5100581083596155 0.5100581083596155 0.0
10920.344099979367 10920.344099979367 0.0
21410.0 21410.0 0.0
0


HOST: 133
0.5260467098562718 0.5260467098562718 0.0
11895.494249979874 11895.494249979874 0.0
22613.0 22613.0 0.0
0


HOST: 134
0.5127178873519138 0.5127178873519138 0.0
9940.574399978905 9940.574399978905 0.0
19388.0 19388.0 0.0
0


HOST: 135
0.5710126222548053 0.5878029663555137 0.5471229729733349
14537.410349985088 8788.242149981284 5749.168200003804
25459.0 14951.0 10508.0
0


HOST: 136
0.517288861880665 0.517288861880665 0.0
10853.754899980115 10853.754899980115 0.0
20982.0 20982.0 0.0
0


HOST: 137
0.52608428658868 0.52608428658868 0.0
10301.782499979532 10301.782499979532 0.0
19582.0 19582.0 0.0
0


HOST: 138
0.5062499999990898 0.5062499999985448 0.5062499999994602
11463.01874997939 4638.2624999866675 6824.756249992723
22643.0 9162.0 13481.0
0


HOST: 139
0.5305872931590752 0.5249699324141075 0.5459963764048563
14140.68194998251 10253.187749979934 3887.4942000025767
26651.0 19531.0 7120.0
0


HOST: 140
0.5062499999985828 0.5062499999985448 0.5062499999986039
8199.731249977045 2929.1624999915803 5270.568749985465
16197.0 5786.0 10411.0
0


HOST: 141
0.506249999998869 0.5062499999985448 0.5062499999990633
9769.612499978173 3661.7062499894746 6107.906249988699
19298.0 7233.0 12065.0
0


HOST: 142
0.5505633283684102 0.5505633283684102 0.0
11091.098249981624 11091.098249981624 0.0
20145.0 20145.0 0.0
0


HOST: 143
0.533439391619495 0.532934264557153 0.5342077813681608
14984.845949983235 9032.702849979187 5952.143100004048
28091.0 16949.0 11142.0
0


HOST: 144
0.5191853578673948 0.5191853578673948 0.0
9197.887799978767 9197.887799978767 0.0
17716.0 17716.0 0.0
0


HOST: 145
0.5118925648744643 0.5118925648744643 0.0
9507.892499978301 9507.892499978301 0.0
18574.0 18574.0 0.0
0


HOST: 146
0.5193742987488701 0.5105124215794803 0.5243403146419998
13831.45694998116 4882.540799986149 8948.916149995011
26631.0 9564.0 17067.0
0


HOST: 147
0.5244787734557098 0.5244787734557098 0.0
11571.050699979869 11571.050699979869 0.0
22062.0 22062.0 0.0
0


HOST: 148
0.5280117250664182 0.5264130958784295 0.5306761070463993
10969.971599979905 6835.474049981407 4134.497549998498
20776.0 12985.0 7791.0
0


HOST: 149
0.51572662038216 0.51572662038216 0.0
9174.260849978244 9174.260849978244 0.0
17789.0 17789.0 0.0
0


HOST: 150
0.5440916721516319 0.5440916721516319 0.0
9917.702999979947 9917.702999979947 0.0
18228.0 18228.0 0.0
0


HOST: 151
0.5260216753973724 0.5260216753973724 0.0
9437.880899979657 9437.880899979657 0.0
17942.0 17942.0 0.0
0


HOST: 152
0.5751812020321633 0.5751812020321633 0.0
11316.690149982813 11316.690149982813 0.0
19675.0 19675.0 0.0
0


HOST: 153
0.5062499999985448 0.5062499999985448 0.0
7585.143749978197 7585.143749978197 0.0
14983.0 14983.0 0.0
0


HOST: 154
0.5365425559167948 0.5523986894196644 0.5109146754030132
9211.362599979533 5858.7404999849605 3352.6220999945726
17168.0 10606.0 6562.0
0


HOST: 155
0.5378029300553453 0.5378029300553453 0.0
8534.93249997833 8534.93249997833 0.0
15870.0 15870.0 0.0
0


HOST: 156
0.5145785815880468 0.5145785815880468 0.0
10128.964799979114 10128.964799979114 0.0
19684.0 19684.0 0.0
0


HOST: 157
0.5748818728514584 0.56239700460689 0.5773617048048417
12044.924999983756 1952.642399995122 10092.282599988634
20952.0 3472.0 17480.0
0


HOST: 158
0.5062499999989877 0.5062499999985448 0.5062499999993314
10612.012499978779 4638.2624999866675 5973.749999992111
20962.0 9162.0 11800.0
0


HOST: 159
0.53258608971675 0.53258608971675 0.0
11825.008949981002 11825.008949981002 0.0
22203.0 22203.0 0.0
0


HOST: 160
0.5062499999987089 0.5062499999985448 0.5062499999987717
8824.949999977494 2441.137499992983 6383.812499984511
17432.0 4822.0 12610.0
0


HOST: 161
0.5062499999988334 0.5062499999985448 0.5062499999988573
9542.30624997801 732.0374999978958 8810.268749980114
18849.0 1446.0 17403.0
0


HOST: 162
0.5350169527163213 0.5350169527163213 0.0
9538.817249979293 9538.817249979293 0.0
17829.0 17829.0 0.0
0


HOST: 163
0.5985368123800417 0.6213030387850912 0.5774949755361577
12240.676349984235 6103.0597499859505 6137.616599998284
20451.0 9823.0 10628.0
0


HOST: 164
0.526061694358617 0.526061694358617 0.0
9149.791049979427 9149.791049979427 0.0
17393.0 17393.0 0.0
0


HOST: 165
0.5141141705532281 0.5141141705532281 0.0
8705.49524997781 8705.49524997781 0.0
16933.0 16933.0 0.0
0


HOST: 166
0.5212824673913422 0.5212824673913422 0.0
9671.874899978964 9671.874899978964 0.0
18554.0 18554.0 0.0
0


HOST: 167
0.521939114259053 0.5214573023873724 0.5220946339009339
11013.437249980278 2684.9836499925805 8328.453599987697
21101.0 5149.0 15952.0
0


HOST: 168
0.5442641794179763 0.5548152950844173 0.5286286759582643
11630.381249982736 7078.88834998208 4551.492900000656
21369.0 12759.0 8610.0
0


HOST: 169
0.562451680671154 0.7520896711188263 0.5375723218488544
9437.376749981293 1463.566499997236 7973.810249984057
16779.0 1946.0 14833.0
0


HOST: 170
0.5640566299893569 0.5716804965662224 0.5062500000003638
11995.792349983654 10741.304849982753 1254.4875000009015
21267.0 18789.0 2478.0
0


HOST: 171
0.530235316845547 0.530235316845547 0.0
4116.746999988827 4116.746999988827 0.0
7764.0 7764.0 0.0
0


HOST: 172
0.5302442724588106 0.5352147259425909 0.5241855636938144
11887.016099981614 6591.169349983007 5295.846749998607
22418.0 12315.0 10103.0
0


HOST: 173
0.5428691323425097 0.550957934267637 0.5062500000001152
9397.607549981185 7812.032549980824 1585.575000000361
17311.0 14179.0 3132.0
0


HOST: 174
0.5616503844912062 0.6709549471444886 0.524710503000064
10517.465099982328 3173.6168999934307 7343.848199988897
18726.0 4730.0 13996.0
0


HOST: 175
0.538736517149034 0.538736517149034 0.0
8167.2455999793565 8167.2455999793565 0.0
15160.0 15160.0 0.0
0


HOST: 176
0.5971180449681399 0.5971180449681399 0.0
6267.350999985596 6267.350999985596 0.0
10496.0 10496.0 0.0
0


HOST: 177
0.5597159757879283 0.5860677998785184 0.529421118777721
12206.28599998314 6835.30874998316 5370.97724999998
21808.0 11663.0 10145.0
0


HOST: 178
0.5519914816862203 0.5519914816862203 0.0
11936.263799982826 11936.263799982826 0.0
21624.0 21624.0 0.0
0


HOST: 179
0.5344843810693256 0.5344843810693256 0.0
12107.140199982365 12107.140199982365 0.0
22652.0 22652.0 0.0
0


HOST: 180
0.5538530389539642 0.5538530389539642 0.0
11445.37304998367 11445.37304998367 0.0
20665.0 20665.0 0.0
0


HOST: 181
0.5654759688725373 0.5654759688725373 0.0
7412.258999981219 7412.258999981219 0.0
13108.0 13108.0 0.0
0


HOST: 182
0.5966608670288057 0.6067629673645966 0.5062500000003638
12276.893999984706 11229.968999983954 1046.9250000007523
20576.0 18508.0 2068.0
0


HOST: 183
0.558151481714069 0.558151481714069 0.0
10622.73899998216 10622.73899998216 0.0
19032.0 19032.0 0.0
0


HOST: 184
0.5233532551779743 0.5145285019440777 0.5249844421466549
20691.81764997157 3173.611799991071 17518.205849991726
39537.0 6168.0 33369.0
0


HOST: 185
0.5537366743092348 0.5465988005107132 0.5625113146343462
18836.46044997724 10253.100299979958 8583.360150005488
34017.0 18758.0 15259.0
0


HOST: 186
0.5316082477146921 0.5317206821887103 0.506249999999909
20593.440299971742 20506.87154997199 86.56874999998445
38738.0 38567.0 171.0
0


HOST: 187
0.5355873670617501 0.5343554431312889 0.5376409128462925
20748.6545999722 12938.88269998103 7809.771900005244
38740.0 24214.0 14526.0
0


HOST: 188
0.5062499999992813 0.5062499999985448 0.506249999999312
20634.749999970707 244.0124999992986 20390.73749997229
40760.0 482.0 40278.0
0


HOST: 189
0.5345343842587966 0.5345343842587966 0.0
20565.675899972943 20565.675899972943 0.0
38474.0 38474.0 0.0
0


HOST: 190
0.5396640644891089 0.5333250819234026 0.5485239297713592
21188.290499971394 12206.211149980914 8982.079350006008
39262.0 22887.0 16375.0
0


HOST: 191
0.5302838354170918 0.5314061329988838 0.5198284030419164
21580.961249969383 19530.238199974978 2050.72305000036
40697.0 36752.0 3945.0
0


HOST: 192
0.5062499999992777 0.5062499999985448 0.5062499999993392
20737.012499970413 488.0249999985972 20248.98749997357
40962.0 964.0 39998.0
0


HOST: 193
0.534981220070693 0.5229540835438831 0.5410625715062762
23796.4996499645 7811.888099978525 15984.611550009919
44481.0 14938.0 29543.0
0


HOST: 194
0.5270884951285321 0.5223047775969683 0.5359317810669488
23537.1367499646 15135.870149982544 8401.26660000549
44655.0 28979.0 15676.0
0


HOST: 195
0.5382605475874513 0.5413216684835449 0.5116954258678724
16513.83359998301 14891.75909998232 1622.0745000011557
30680.0 27510.0 3170.0
0


HOST: 196
0.5062499999993234 0.5062499999985448 0.5062499999995727
19518.974999973914 1708.5937499950887 17810.381249984966
38556.0 3375.0 35181.0
0


HOST: 197
0.5349728914434799 0.5338837483591993 0.5421740023137395
21121.799699971474 18309.543149978737 2812.2565500013666
39482.0 34295.0 5187.0
0


HOST: 198
0.551978653344314 0.551978653344314 0.0
15883.185749982635 15883.185749982635 0.0
28775.0 28775.0 0.0
0


HOST: 199
0.5302692217574358 0.5347883862387446 0.5248271989899813
20822.61179997099 11472.815249979787 9349.796550006517
39268.0 21453.0 17815.0
0


HOST: 200
0.533858868767718 0.5174523016339189 0.5354825121376289
19575.536999974684 1708.6274999952002 17866.909499984125
36668.0 3302.0 33366.0
0


HOST: 201
0.5334652005722965 0.5356725979651079 0.506249999999909
22341.52259996778 20750.88509997235 1590.6374999997142
41880.0 38738.0 3142.0
0


HOST: 202
0.520636851362484 0.5166893226702302 0.5216720611815984
21310.707599969195 4393.925999987638 16916.781599996873
40932.0 8504.0 32428.0
0


HOST: 203
0.5189477221829026 0.5189477221829026 0.0
20162.675849972315 20162.675849972315 0.0
38853.0 38853.0 0.0
0


HOST: 204
0.5474347959891575 0.552200130876764 0.5279239084416615
21077.881949970528 17087.833049981462 3990.0489000020775
38503.0 30945.0 7558.0
0


HOST: 205
0.5416920923659352 0.5416920923659352 0.0
20338.371299971404 20338.371299971404 0.0
37546.0 37546.0 0.0
0


HOST: 206
0.5248050262529598 0.5286681713175526 0.5204990586282627
20689.388549970434 10985.724599978743 9703.663950006701
39423.0 20780.0 18643.0
0


HOST: 207
0.5361189399582816 0.5362083355450405 0.506249999999909
22278.422549966395 22215.647549966576 62.77499999998872
41555.0 41431.0 124.0
0


HOST: 208
0.5236099278554597 0.5264027062494409 0.5062500000003638
19451.061599974615 16844.886599982106 2606.175000001873
37148.0 32000.0 5148.0
0


HOST: 209
0.5355693977988774 0.5383827702693791 0.5328269290585887
23123.20874996653 11474.013599981006 11649.195150007927
43175.0 21312.0 21863.0
0


HOST: 210
0.5271811389841454 0.5242038539776862 0.9572712244901539
18787.15424997799 18552.62279997827 234.53145000008772
35637.0 35392.0 245.0
0


HOST: 211
0.5062499999992985 0.5062499999985448 0.5062499999998237
20163.93749997206 3417.693749990176 16746.243749994166
39830.0 6751.0 33079.0
0


HOST: 212
0.528434475392071 0.519652771853592 0.5286378991423667
21893.568749968894 487.4342999986693 21406.134449971854
41431.0 938.0 40493.0
0


HOST: 213
0.5317593068895716 0.5312251189027091 0.5341933427765276
20860.385849971004 17088.98084998125 3771.4050000022853
39229.0 32169.0 7060.0
0


HOST: 214
0.5146994192896434 0.5119013631216364 0.5151572561695926
22690.00919996464 3173.276549991024 19516.732649985017
44084.0 6199.0 37885.0
0


HOST: 215
0.5271409286887081 0.5188100607196315 0.5309824233517434
22006.552349967496 6835.322549981145 15171.229800006011
41747.0 13175.0 28572.0
0


HOST: 216
0.5300592409062398 0.5302673505697792 0.5062500000000547
20431.663499971917 20262.575999972403 169.08750000001828
38546.0 38212.0 334.0
0


HOST: 217
0.5062499999993234 0.5062499999985448 0.5062499999995727
19518.974999973914 1708.5937499950887 17810.381249984966
38556.0 3375.0 35181.0
0


HOST: 218
0.5380772980938292 0.5226067572584421 0.5442597600893198
20247.3106499727 5614.886999984701 14632.423650001361
37629.0 10744.0 26885.0
0


HOST: 219
0.5359493980808168 0.5359493980808168 0.0
17095.713899981893 17095.713899981893 0.0
31898.0 31898.0 0.0
0


HOST: 220
0.5349332371799631 0.5349332371799631 0.0
16597.373549982716 16597.373549982716 0.0
31027.0 31027.0 0.0
0


HOST: 221
0.5221357398407246 0.5221357398407246 0.0
12258.702899980532 12258.702899980532 0.0
23478.0 23478.0 0.0
0


HOST: 222
0.5407212170205927 0.5407212170205927 0.0
19060.422899975893 19060.422899975893 0.0
35250.0 35250.0 0.0
0


HOST: 223
0.538148949447992 0.53887342428523 0.506249999999966
20695.055999971977 20262.71849997322 432.337499999971
38456.0 37602.0 854.0
0


HOST: 224
0.5085319311274997 0.515453590283664 0.5078675023647508
16495.25024998271 1464.4036499958893 15030.846599987164
32437.0 2841.0 29596.0
0


HOST: 225
0.5366255023785512 0.5471001992025682 0.5184789147720386
23793.43814996258 15380.080799982597 8413.35735000587
44339.0 28112.0 16227.0
0


HOST: 226
0.5288204905563283 0.5189572051901304 0.5361005636074452
22260.69854996864 9276.878999978771 12983.819550008715
42095.0 17876.0 24219.0
0


HOST: 227
0.5392039131003016 0.5437540747688276 0.5251948971363053
16356.211499984549 12450.337049981847 3905.8744500027024
30334.0 22897.0 7437.0
0


HOST: 228
0.5400545684701801 0.5388066932147286 0.5445241020797552
14398.39484998347 11229.809099981374 3168.5857500020957
26661.0 20842.0 5819.0
0


HOST: 229
0.513722507090752 0.5062499999985448 0.514601107497895
14126.341499981498 1464.5812499957901 12661.760249985708
27498.0 2893.0 24605.0
0


HOST: 230
0.5224416209034637 0.5224416209034637 0.0
14365.57724998254 14365.57724998254 0.0
27497.0 27497.0 0.0
0


HOST: 231
0.5146088306744178 0.5146088306744178 0.0
13132.302749980467 13132.302749980467 0.0
25519.0 25519.0 0.0
0


HOST: 232
0.5062499999993479 0.5062499999985448 0.5062499999994563
14376.487499981484 1708.5937499950887 12667.893749986395
28398.0 3375.0 25023.0
0


HOST: 233
0.5514118416456475 0.5514118416456475 0.0
18970.772999976856 18970.772999976856 0.0
34404.0 34404.0 0.0
0


HOST: 234
0.5690586860771021 0.5690586860771021 0.0
13954.457099982697 13954.457099982697 0.0
24522.0 24522.0 0.0
0


HOST: 235
0.5582894358922534 0.5711649137591954 0.5097880200864475
12984.69569998203 10497.439949980253 2487.2557500017774
23258.0 18379.0 4879.0
0


HOST: 236
0.5421265054542111 0.5402587511842946 0.5436723780619087
18932.683949977414 8544.192149979619 10388.491800006952
34923.0 15815.0 19108.0
0


HOST: 237
0.5548296306812729 0.568021990885738 0.5186929690615792
15624.002399984643 11717.72564998189 3906.276750002753
28160.0 20629.0 7531.0
0


HOST: 238
0.9040791071157005 2.8075308729246387 0.5062499999993264
55477.00624994073 29782.287499984566 25694.71874996581
61363.0 10608.0 50755.0
2


HOST: 239
0.5443970728013241 0.578779411763261 0.538243921385095
15120.084299983977 2440.133999993908 12679.950299990069
27774.0 4216.0 23558.0
0


HOST: 240
0.5379808517109054 0.5394485731416576 0.5303500492371948
20320.074749972606 17088.65189998143 3231.4228500022277
37771.0 31678.0 6093.0
0


HOST: 241
0.529556113723136 0.5325504186061445 0.5270742486442537
19818.107999974643 9032.587649978817 10785.520350007362
37424.0 16961.0 20463.0
0


HOST: 242
0.5476657410354074 0.5493076960302806 0.5228212589072757
22315.73594996975 20995.089449973355 1320.6464999997784
40747.0 38221.0 2526.0
0


HOST: 243
0.5229565918846876 0.5238814499911926 0.5162621903264789
21911.88119996841 19286.171699975763 2625.709500000472
41900.0 36814.0 5086.0
0


HOST: 244
0.5405500129852877 0.5480502394657548 0.5365633174227061
20812.79714997253 7323.595349980882 13489.201800006831
38503.0 13363.0 25140.0
0


HOST: 245
0.5333714154336784 0.5333714154336784 0.0
21750.352949969973 21750.352949969973 0.0
40779.0 40779.0 0.0
0


HOST: 246
0.5436652956862192 0.548634238337595 0.5220055996824496
22008.658499969526 18065.428199980328 3943.230300001225
40482.0 32928.0 7554.0
0


HOST: 247
0.5292763250163001 0.5292763250163001 0.0
15698.33579998346 15698.33579998346 0.0
29660.0 29660.0 0.0
0


HOST: 248
0.5338481583508538 0.5411916574283793 0.5292341786156841
21218.862749971384 8300.256449979053 12918.606300008849
39747.0 15337.0 24410.0
0


HOST: 249
0.5306976283234168 0.5328837378846746 0.5230229028304509
23428.17749996556 18309.352349979534 5118.825150001623
44146.0 34359.0 9787.0
0


HOST: 250
0.5394976560583448 0.5396144857049338 0.5394012584610282
24294.118949963326 10985.47169998104 13308.647250008948
45031.0 20358.0 24673.0
0


HOST: 251
0.5319780668623527 0.5196745423142053 0.5436446978875911
23104.871399965705 10985.400149979985 12119.471250008068
43432.0 21139.0 22293.0
0


HOST: 252
0.5330806051185225 0.5330806051185225 0.0
19389.74084997602 19389.74084997602 0.0
36373.0 36373.0 0.0
0


HOST: 253
0.5356704908773567 0.5356704908773567 0.0
20406.367349972905 20406.367349972905 0.0
38095.0 38095.0 0.0
0


HOST: 254
0.5493106367197722 0.5287344491495097 0.5807037523869123
18893.539349976563 10985.515649979365 7908.023700004971
34395.0 20777.0 13618.0
0


HOST: 255
0.5250594128119795 0.5256359456804377 0.5244696916611871
21219.22604997053 10741.370549979743 10477.855500007196
40413.0 20435.0 19978.0
0


HOST: 256
0.5254308291317726 0.5082465301859149 0.5301887453165104
20950.50344997117 4394.299499987421 16556.20394999867
39873.0 8646.0 31227.0
0


HOST: 257
0.5332763987966864 0.5298693922741126 0.5372544996124617
22350.147149967925 11962.331399980365 10387.815750006948
41911.0 22576.0 19335.0
0


HOST: 258
0.5376928435470175 0.5372064227748633 0.5387854494906309
22600.30559996824 15624.111599984126 6976.194000004689
42032.0 29084.0 12948.0
0


HOST: 259
0.5471011459363117 0.5615884871676489 0.5278221615205528
24157.798199963778 14158.207349983595 9999.590850006874
44156.0 25211.0 18945.0
0


HOST: 260
0.5392579173210031 0.5400273226537965 0.5376544034658987
20923.74644997224 14159.516399982545 6764.230050004471
38801.0 26220.0 12581.0
0


HOST: 261
0.5350844723134799 0.5151289237653733 0.5370510293997683
22612.66979996766 1952.8537499945305 20659.816049979687
42260.0 3791.0 38469.0
0


HOST: 262
0.5224244105734392 0.5204157215931078 0.5233776166714451
22845.097049965923 7323.810449979806 15521.286600008376
43729.0 14073.0 29656.0
0


HOST: 263
0.5401331395914036 0.539485072309054 0.5449050772400642
21931.565999969353 19286.05184997637 2645.5141500005116
40604.0 35749.0 4855.0
0


HOST: 264
0.5511065822272466 0.555513116693387 0.5307946153847601
22103.78279997041 18308.601299980648 3795.181500001035
40108.0 32958.0 7150.0
0


HOST: 265
0.5335692303759444 0.5261074655158323 0.5367066985647021
20909.51099997251 6102.846599983655 14806.664400003003
39188.0 11600.0 27588.0
0


HOST: 266
0.5333020540910994 0.5329141781264393 0.5339941573620854
22873.325099967253 14647.67909998331 8225.646000005565
42890.0 27486.0 15404.0
0


HOST: 267
0.5497598606357514 0.5508295110117553 0.5062500000003638
16725.8939999821 16356.33149998306 369.5625000002656
30424.0 29694.0 730.0
0


HOST: 268
0.530086700607248 0.5263326980812697 0.5318300042911369
21708.640649968627 6835.482749981449 14873.157900005936
40953.0 12987.0 27966.0
0


HOST: 269
0.5305968000262307 0.5112425998309945 0.5343201012647995
23553.722549964405 3661.519499989583 19892.20304998722
44391.0 7162.0 37229.0
0


HOST: 270
0.5400477779989696 0.5400477779989696 0.0
21631.07369997073 21631.07369997073 0.0
40054.0 40054.0 0.0
0


HOST: 271
0.5317324973017278 0.5317324973017278 0.0
21190.071749971154 21190.071749971154 0.0
39851.0 39851.0 0.0
0


HOST: 272
0.5062499999991432 0.5062499999985448 0.5062499999991964
11964.71249997975 976.0499999971944 10988.662499982556
23634.0 1928.0 21706.0
0


HOST: 273
0.506249999999437 0.5062499999985448 0.5062499999995649
17033.793749981058 976.0499999971944 16057.743749986199
33647.0 1928.0 31719.0
0


HOST: 274
0.5348593352014352 0.537083900308165 0.5062500000003638
17555.153099981508 16356.353099984855 1198.8000000008615
32822.0 30454.0 2368.0
0


HOST: 275
0.5376924997043458 0.5376924997043458 0.0
18223.47419997969 18223.47419997969 0.0
33892.0 33892.0 0.0
0


HOST: 276
0.5718324334994951 0.5993354365108818 0.5158757742261327
17369.981999980664 12206.06549998062 5163.916500003588
30376.0 20366.0 10010.0
0


HOST: 277
0.5553248825018622 0.5582708183593109 0.5062500000003638
14415.12329998334 13670.935799982804 744.1875000005348
25958.0 24488.0 1470.0
0


HOST: 278
0.528523430536641 0.5330922651238512 0.5168735383450819
14825.610749983316 10741.276049980479 4084.334700002837
28051.0 20149.0 7902.0
0


HOST: 279
0.5466041702063925 0.5466041702063925 0.0
9004.75709998011 9004.75709998011 0.0
16474.0 16474.0 0.0
0


HOST: 280
0.5579667446532185 0.5579667446532185 0.0
9420.152549980288 9420.152549980288 0.0
16883.0 16883.0 0.0
0


HOST: 281
0.5530630936319902 0.5530630936319902 0.0
11075.088449980605 11075.088449980605 0.0
20025.0 20025.0 0.0
0


HOST: 282
0.5572874256106094 0.5572874256106094 0.0
10113.65219998134 10113.65219998134 0.0
18148.0 18148.0 0.0
0


HOST: 283
0.5388325779983923 0.5481978344548523 0.5363492513820771
16027.03619998418 3417.465299991549 12609.570899992632
29744.0 6234.0 23510.0
0


HOST: 284
0.5359263641306664 0.5359263641306664 0.0
15754.09139998507 15754.09139998507 0.0
29396.0 29396.0 0.0
0


HOST: 285
0.5424837647923304 0.5424837647923304 0.0
14668.760999984615 14668.760999984615 0.0
27040.0 27040.0 0.0
0


HOST: 286
0.5382126608587434 0.5515837487147809 0.5257749347178972
16311.072899985078 8055.880649979375 8255.192250005703
30306.0 14605.0 15701.0
0


HOST: 287
0.5275802533412673 0.5496302909580411 0.5104435796486565
13931.811749982846 6347.1305999834585 7584.681149999387
26407.0 11548.0 14859.0
0


HOST: 288
0.5336575224056609 0.5549888472840363 0.5158930981684126
17565.33734998233 8300.413199980047 9264.924150006522
32915.0 14956.0 17959.0
0


HOST: 289
0.5266862336370597 0.5266862336370597 0.0
14364.31364998353 14364.31364998353 0.0
27273.0 27273.0 0.0
0


HOST: 290
0.5494474021281991 0.5494474021281991 0.0
15227.934749983036 15227.934749983036 0.0
27715.0 27715.0 0.0
0


HOST: 291
0.5296401925321348 0.559676518913381 0.5180533608488033
14937.442349983798 4394.020349988954 10543.421999994844
28203.0 7851.0 20352.0
0


HOST: 292
0.5254221993865571 0.5294319635829466 0.5062500000003638
14061.348899983042 11717.917649981358 2343.431250001684
26762.0 22133.0 4629.0
0


HOST: 293
0.5255217244436612 0.5345587122615169 0.5062500000003638
16569.174449984195 11473.768199981198 5095.406250003662
31529.0 21464.0 10065.0
0


HOST: 294
0.506249999998789 0.5062499999985448 0.5062499999987955
9272.981249977816 244.0124999992986 9028.968749978518
18317.0 482.0 17835.0
0


HOST: 295
0.6172715849634208 0.6172715849634208 0.0
19114.431899977288 19114.431899977288 0.0
30966.0 30966.0 0.0
0


HOST: 296
0.5613577665118533 0.5673275896400192 0.5598870997420717
17108.500649981754 3417.5813999914753 13690.91924999288
30477.0 6024.0 24453.0
0


HOST: 297
0.5434730106682595 0.5434730106682595 0.0
15333.004049983605 15333.004049983605 0.0
28213.0 28213.0 0.0
0


HOST: 298
0.5328857173465851 0.5368692299366924 0.5176639688665937
18649.40144997844 14891.678699983975 3757.722750002604
34997.0 27738.0 7259.0
0


HOST: 299
0.532366778359226 0.5359033230876555 0.5222981250003642
13107.402449982503 9764.694449980172 3342.7080000023307
24621.0 18221.0 6400.0
0


HOST: 300
0.6058196969691311 0.6183391469525841 0.5648805672764998
16553.417399984537 12938.746649982822 3614.670750002322
27324.0 20925.0 6399.0
0


HOST: 301
0.5626275441861331 0.5626275441861331 0.0
13274.07164998344 13274.07164998344 0.0
23593.0 23593.0 0.0
0


HOST: 302
0.5540474306390463 0.5616637835079169 0.5267160138252363
13240.07144998129 10496.934449979459 2743.1370000018305
23897.0 18689.0 5208.0
0


HOST: 303
0.6079668169338368 0.6079668169338368 0.0
15509.233499982178 15509.233499982178 0.0
25510.0 25510.0 0.0
0


HOST: 304
0.5459209446727705 0.5464120492408452 0.5062500000003638
20000.905649976296 19774.105649976947 226.80000000016298
36637.0 36189.0 448.0
0


HOST: 305
0.5610223787411102 0.5610223787411102 0.0
14018.82719998286 14018.82719998286 0.0
24988.0 24988.0 0.0
0


HOST: 306
0.5413746113544136 0.5425080952367035 0.5406214526785845
12815.419799981677 5126.701499986848 7688.718299994829
23672.0 9450.0 14222.0
0


HOST: 307
0.545455274268842 0.5543200817430816 0.5062500000003638
14726.746949984466 12206.128199982655 2520.6187500018113
26999.0 22020.0 4979.0
0


HOST: 308
0.5336124177376553 0.534903371500706 0.5062500000003638
15811.469549984464 15135.625799983978 675.8437500004857
29631.0 28296.0 1335.0
0


HOST: 309
0.5062499999993807 0.5062499999985448 0.5062499999994394
14854.893749981828 976.0499999971944 13878.843749984633
29343.0 1928.0 27415.0
0


HOST: 310
0.5448905612239222 0.5244420928219251 0.5516104575622144
15378.99119998398 3661.1302499898593 11717.860949994121
28224.0 6981.0 21243.0
0


HOST: 311
0.5573337721269036 0.5492982131819755 0.5790060685391608
17316.360299982895 12450.393299982656 4865.967000003107
31070.0 22666.0 8404.0
0


HOST: 312
0.5492190732332184 0.5492190732332184 0.0
12711.67544998284 12711.67544998284 0.0
23145.0 23145.0 0.0
0


HOST: 313
0.5370623488823402 0.5715219611007442 0.5297152870030277
16970.096099984185 3173.6614499924326 13796.434649993857
31598.0 5553.0 26045.0
0


HOST: 314
0.5062499999994224 0.5062499999985448 0.5062499999997429
15513.0187499823 4149.731249988072 11363.287499994229
30643.0 8197.0 22446.0
0


HOST: 315
0.567382855614463 0.5687557384198283 0.5671913982203524
15915.089099985686 1952.5384499952706 13962.550649990415
28050.0 3433.0 24617.0
0


HOST: 316
0.5420546025907507 0.5420546025907507 0.0
14014.821749983857 14014.821749983857 0.0
25855.0 25855.0 0.0
0


HOST: 317
0.5440670215032141 0.5233007579223096 0.5551960960901251
20367.14894997282 6835.3544999812075 13531.79445000462
37435.0 13062.0 24373.0
0


HOST: 318
0.5420412250458921 0.542939932503342 0.5308633161787467
22645.39829996728 20994.944249971733 1650.4540499997236
41778.0 38669.0 3109.0
0


HOST: 319
0.5413160042440841 0.5413160042440841 0.0
16833.84509998253 16833.84509998253 0.0
31098.0 31098.0 0.0
0


HOST: 320
0.526069869597604 0.526078296724624 0.5260650071736699
17347.153949980995 6347.134649982589 11000.019300001437
32975.0 12065.0 20910.0
0


HOST: 321
0.5390362662247619 0.5410673522886164 0.506250000000026
21178.734899970892 20018.409899974227 1160.3250000000594
39290.0 36998.0 2292.0
0


HOST: 322
0.5297359909424826 0.5324660634278205 0.5175290985768674
21992.519399968107 18065.508599979097 3927.010800001269
41516.0 33928.0 7588.0
0


HOST: 323
0.5355363187915705 0.5339146652078888 0.5388869560467223
22527.335249967415 15134.345099982816 7392.990150004984
42065.0 28346.0 13719.0
0


HOST: 324
0.5278179535990564 0.5335625089636628 0.5115994986505766
20930.62094997058 15624.310949982935 5306.310000003781
39655.0 29283.0 10372.0
0


HOST: 325
0.5315799037169756 0.5320177328632377 0.5313610814422274
22691.55134996654 7567.952249979557 15123.599100008676
42687.0 14225.0 28462.0
0


HOST: 326
0.5152180118523275 0.5086585167324948 0.5167851316033877
20516.496449971535 3905.988749988828 16610.507699996087
39821.0 7679.0 32142.0
0


HOST: 327
0.5261500826545987 0.5261500826545987 0.0
16550.57699998306 16550.57699998306 0.0
31456.0 31456.0 0.0
0


HOST: 328
0.5295858656401361 0.5295858656401361 0.0
10121.974649979922 10121.974649979922 0.0
19113.0 19113.0 0.0
0


HOST: 329
0.5239709112785406 0.5240159511458665 0.5237444547814902
8486.756849978521 7079.455499980657 1407.3013499978642
16197.0 13510.0 2687.0
0


HOST: 330
0.5222176505303753 0.5222176505303753 0.0
11057.958749980697 11057.958749980697 0.0
21175.0 21175.0 0.0
0


HOST: 331
0.5419604414251248 0.5419604414251248 0.0
10214.870399980751 10214.870399980751 0.0
18848.0 18848.0 0.0
0


HOST: 332
0.5447595952945433 0.5447595952945433 0.0
14079.856499982767 14079.856499982767 0.0
25846.0 25846.0 0.0
0


HOST: 333
0.5201262147141734 0.5201262147141734 0.0
8991.94199997863 8991.94199997863 0.0
17288.0 17288.0 0.0
0


HOST: 334
0.5455806876251418 0.5123200419712671 0.5720098665924647
14091.257999982163 5858.891999983411 8232.365999998752
25828.0 11436.0 14392.0
0


HOST: 335
0.5242929792884424 0.5242929792884424 0.0
11037.41579998029 11037.41579998029 0.0
21052.0 21052.0 0.0
0


HOST: 336
0.5062499999989875 0.5062499999985448 0.5062499999990725
10610.999999978778 1708.5937499950887 8902.40624998369
20960.0 3375.0 17585.0
0


HOST: 337
0.531962641614156 0.531962641614156 0.0
9484.893899980401 9484.893899980401 0.0
17830.0 17830.0 0.0
0


HOST: 338
0.53716623912197 0.5540073186684469 0.5062499999993959
9506.768099980625 6347.261849984396 3159.5062499962296
17698.0 11457.0 6241.0
0


HOST: 339
0.5714445510139836 0.5705761253096588 0.5728290840247371
12332.916299983794 7567.551149982006 4765.365150001788
21582.0 13263.0 8319.0
0


HOST: 340
0.5545105458341046 0.5545105458341046 0.0
11662.465799982889 11662.465799982889 0.0
21032.0 21032.0 0.0
0


HOST: 341
0.5491780939296643 0.5491780939296643 0.0
11599.73969998237 11599.73969998237 0.0
21122.0 21122.0 0.0
0


HOST: 342
0.5522900988651362 0.5522900988651362 0.0
11395.953899983222 11395.953899983222 0.0
20634.0 20634.0 0.0
0


HOST: 343
0.5686997513409653 0.5686997513409653 0.0
11549.723249983665 11549.723249983665 0.0
20309.0 20309.0 0.0
0


HOST: 344
0.5062499999985448 0.5062499999985448 0.5062499999985448
7900.031249977292 244.0124999992986 7656.018749977993
15605.0 482.0 15123.0
0


HOST: 345
0.5424049131905576 0.5424049131905576 0.0
12121.664999982582 12121.664999982582 0.0
22348.0 22348.0 0.0
0


HOST: 346
0.556687261579332 0.556687261579332 0.0
9806.602799981512 9806.602799981512 0.0
17616.0 17616.0 0.0
0


HOST: 347
0.5719855809535597 0.7788142553178085 0.5320118394891514
9958.840949982428 2196.25619999622 7762.584749986208
17411.0 2820.0 14591.0
0


HOST: 348
0.5347073216959292 0.534866408907424 0.5224856435642692
21014.53244997171 20750.677199972422 263.85524999995596
39301.0 38796.0 505.0
0


HOST: 349
0.5193350528635587 0.5097146532424022 0.5236349415060709
22545.892649965674 6835.2734999806125 15710.619150006647
43413.0 13410.0 30003.0
0


HOST: 350
0.5252985774717238 0.5252985774717238 0.0
22100.887049967838 22100.887049967838 0.0
42073.0 42073.0 0.0
0


HOST: 351
0.5354522581747493 0.5127479723711218 0.544461629696215
23332.3321499647 6347.307149982116 16985.025000003123
43575.0 12379.0 31196.0
0


HOST: 352
0.5262475716815083 0.5263044634294586 0.5260460978371998
16903.598249981726 13182.874199981077 3720.7240500025146
32121.0 25048.0 7073.0
0


HOST: 353
0.5311627686528109 0.5339901662390363 0.5201885567013014
21377.707949969677 17088.75329998164 4288.95465000223
40247.0 32002.0 8245.0
0


HOST: 354
0.5370425373128198 0.5370425373128198 0.0
17846.99759997963 17846.99759997963 0.0
33232.0 33232.0 0.0
0


HOST: 355
0.5274813197375829 0.5311902727583242 0.5214576355149722
21934.78319996765 13671.24404998099 8263.539150005763
41584.0 25737.0 15847.0
0


HOST: 356
0.5262575278541318 0.5302755741901845 0.5107555639514533
18609.51869997781 14891.728949982951 3717.7897500026284
35362.0 28083.0 7279.0
0


HOST: 357
0.525435715007111 0.523465399609585 0.5323383223313445
20789.389499971352 16112.264999983028 4677.124500003192
39566.0 30780.0 8786.0
0


HOST: 358
0.5111915374517257 0.5116458754235769 0.5100716757933181
17143.319399981076 12206.335649980274 4936.983750003526
33536.0 23857.0 9679.0
0


HOST: 359
0.5260990054934116 0.5242149157570021 0.5282545228350095
17906.83184997925 9520.791299978671 8386.040550005777
34037.0 18162.0 15875.0
0


HOST: 360
0.5247134590746625 0.5280240940247026 0.5199066925405053
21713.167649968607 12938.702399981314 8774.465250006107
41381.0 24504.0 16877.0
0


HOST: 361
0.5103814454819141 0.5095252575222863 0.5110298399023844
17590.806899979652 7567.978649978519 10022.828250005465
34466.0 14853.0 19613.0
0


HOST: 362
0.5363874751310297 0.5363874751310297 0.0
9436.664849980205 9436.664849980205 0.0
17593.0 17593.0 0.0
0


HOST: 363
0.5117271361368437 0.5203770983198898 0.5096166623315537
9791.898749978505 1952.9752499945462 7838.923499983959
19135.0 3753.0 15382.0
0


HOST: 364
0.5366820834934837 0.5366820834934837 0.0
11107.172399981138 11107.172399981138 0.0
20696.0 20696.0 0.0
0


HOST: 365
0.5062499999986662 0.5062499999986662 0.0
8602.706249977335 8602.706249977335 0.0
16993.0 16993.0 0.0
0


HOST: 366
0.5084457959631558 0.5084457959631558 0.0
10884.807599979238 10884.807599979238 0.0
21408.0 21408.0 0.0
0


HOST: 367
0.561846145970204 0.561846145970204 0.0
9330.017099981207 9330.017099981207 0.0
16606.0 16606.0 0.0
0


HOST: 368
0.5303877807880659 0.5497038937873253 0.5062499999994498
10176.55034998062 5858.744099985313 4317.806249995307
19187.0 10658.0 8529.0
0


HOST: 369
0.5236956326029701 0.5236956326029701 0.0
9598.81724997984 9598.81724997984 0.0
18329.0 18329.0 0.0
0


HOST: 370
0.5062499999986382 0.5062499999985448 0.5062499999986618
8462.981249977234 1708.5937499950887 6754.3874999821455
16717.0 3375.0 13342.0
0


HOST: 371
0.508218455820418 0.508218455820418 0.0
9231.788249977893 9231.788249977893 0.0
18165.0 18165.0 0.0
0


HOST: 372
0.5062499999990072 0.5062499999985448 0.506249999999041
10765.406249978889 732.0374999978958 10033.368749980993
21265.0 1446.0 19819.0
0


HOST: 373
0.5062499999991494 0.5062499999985448 0.5062499999992667
12025.968749979795 1952.6062499943873 10073.362499985407
23755.0 3857.0 19898.0
0


HOST: 374
0.5378805890906022 0.5378805890906022 0.0
8865.885749980396 8865.885749980396 0.0
16483.0 16483.0 0.0
0


HOST: 375
0.5062499999985448 0.5062499999985448 0.0
7864.087499977395 7864.087499977395 0.0
15534.0 15534.0 0.0
0


HOST: 376
0.5236665043307148 0.5236665043307148 0.0
10699.030349980834 10699.030349980834 0.0
20431.0 20431.0 0.0
0


HOST: 377
0.556878273927357 0.556878273927357 0.0
6952.625249983052 6952.625249983052 0.0
12485.0 12485.0 0.0
0


HOST: 378
0.5845582862612639 0.5845582862612639 0.0
11280.22124998361 11280.22124998361 0.0
19297.0 19297.0 0.0
0


HOST: 379
0.5514860839791264 0.5514860839791264 0.0
12083.060099982658 12083.060099982658 0.0
21910.0 21910.0 0.0
0


HOST: 380
0.568294859900343 0.6027843703689714 0.5221696477711372
12067.741349983784 7323.830099983003 4743.911250000781
21235.0 12150.0 9085.0
0


HOST: 381
0.5448685546864899 0.56610117730865 0.5118962326865371
10043.017199981381 6347.126399984583 3695.890799996798
18432.0 11212.0 7220.0
0


HOST: 382
0.5619854902190461 0.564448304430379 0.5062500000003638
9136.760099981251 8788.460099981 348.3000000002503
16258.0 15570.0 688.0
0


HOST: 383
0.5506728946802513 0.5506728946802513 0.0
7879.5784499797155 7879.5784499797155 0.0
14309.0 14309.0 0.0
0


HOST: 384
0.5524571271303121 0.5524571271303121 0.0
10790.040149982127 10790.040149982127 0.0
19531.0 19531.0 0.0
0


HOST: 385
0.6010889991446051 0.6010889991446051 0.0
12660.136499983673 12660.136499983673 0.0
21062.0 21062.0 0.0
0


HOST: 386
0.5226235737223859 0.5246521893882524 0.5168018357910533
20986.99484996985 15624.142199982158 5362.852650003761
40157.0 29780.0 10377.0
0


HOST: 387
0.5188475816709128 0.5190357469648861 0.5062500000003638
19566.779999973463 19285.81124997427 280.9687500002019
37712.0 37157.0 555.0
0


HOST: 388
0.5278364721272016 0.5329936332107866 0.5062500000003576
20367.62594997233 16600.61969998316 3767.006250002661
38587.0 31146.0 7441.0
0


HOST: 389
0.5382935902843303 0.5441233081178104 0.5250174536648965
22939.381349966738 16112.579399984603 6826.801950004649
42615.0 29612.0 13003.0
0


HOST: 390
0.5216215999392875 0.5132803870400647 0.5255633625291555
20872.16669997065 6591.033449981471 14281.133250004741
40014.0 12841.0 27173.0
0


HOST: 391
0.5332847008819603 0.5537586652739368 0.524500352318387
19575.814799975 6102.974249984058 13472.840550002407
36708.0 11021.0 25687.0
0


HOST: 392
0.506249999999327 0.5062499999985448 0.506249999999394
19430.887499974167 488.0249999985972 18942.862499977324
38382.0 964.0 37418.0
0


HOST: 393
0.5472560915955269 0.5507049810991972 0.511678301887157
19692.46319997344 18065.326199978066 1627.1370000011593
35984.0 32804.0 3180.0
0


HOST: 394
0.5323294019184628 0.5398760204648754 0.5175794945058565
21468.312449969686 14403.352349982411 7064.960100004941
40329.0 26679.0 13650.0
0


HOST: 395
0.5384266284322144 0.5384266284322144 0.0
17978.60354998007 17978.60354998007 0.0
33391.0 33391.0 0.0
0


HOST: 396
0.5448151560535436 0.5314632207400989 0.5542023840448945
20004.522899974014 8055.9194999784195 11948.603400007925
36718.0 15158.0 21560.0
0


HOST: 397
0.5289944358979002 0.5310611322116933 0.5242610557536267
22009.342499968036 15380.061449982848 6629.281050004609
41606.0 28961.0 12645.0
0


HOST: 398
0.5425053724534563 0.5425053724534563 0.0
17020.021049982286 17020.021049982286 0.0
31373.0 31373.0 0.0
0


HOST: 399
0.5382445230836638 0.5332238690135872 0.552255338012927
22092.24644996898 16112.425649983565 5979.820800003974
41045.0 30217.0 10828.0
0


HOST: 400
0.5266058499299237 0.5062499999985448 0.5289740330916199
17054.130449980577 1708.5937499950887 15345.536699987893
32385.0 3375.0 29010.0
0


HOST: 401
0.5294966816281775 0.5280233302740733 0.5960023668642151
16515.001499982856 16112.103899983073 402.8976000002094
31190.0 30514.0 676.0
0


HOST: 402
0.5288794107922885 0.5226686672004816 0.5322631374625151
22413.380549966394 7811.805899978397 14601.574650009177
42379.0 14946.0 27433.0
0


HOST: 403
0.5359752954799192 0.5368627001566288 0.5353146679630779
18275.149649978805 7811.889149979106 10463.260500006321
34097.0 14551.0 19546.0
0


HOST: 404
0.5301780663322098 0.5225320633547336 0.5345816814598288
20333.38919997291 7323.809399979946 13009.579800006393
38352.0 14016.0 24336.0
0


HOST: 405
0.5344599924748028 0.5397023913308514 0.5127466984784568
21308.919899970388 17333.081999981623 3975.8379000019536
39870.0 32116.0 7754.0
0


HOST: 406
0.5459669919862187 0.5468810945169065 0.5432699443417344
18600.549449978484 13915.389449982686 4685.160000003118
34069.0 25445.0 8624.0
0


HOST: 407
0.5422588415561275 0.5422588415561275 0.0
21232.687199971726 21232.687199971726 0.0
39156.0 39156.0 0.0
0


HOST: 408
0.5426873743759031 0.5426873743759031 0.0
21437.7793499713 21437.7793499713 0.0
39503.0 39503.0 0.0
0


HOST: 409
0.5062499999993222 0.5062499999985448 0.5062499999998844
19548.84374997383 3905.718749988773 15643.124999996428
38615.0 7715.0 30900.0
0


HOST: 410
0.5307687573263686 0.5327276961059596 0.5152980272111388
20826.30449997205 18553.84019997836 2272.4643000011224
39238.0 34828.0 4410.0
0


HOST: 411
0.5352662351038171 0.5199004969228527 0.5615495709547739
17922.31934998111 10985.497499979876 6936.821850004322
33483.0 21130.0 12353.0
0


HOST: 412
0.5395657909058211 0.541486809217862 0.5295730899113045
23781.901799964973 20018.22584997514 3763.6759499996406
44076.0 36969.0 7107.0
0


HOST: 413
0.5332805068950311 0.537898773898622 0.5306369069902861
20609.69174997227 7567.6978499797115 13041.993900007252
38647.0 14069.0 24578.0
0


HOST: 414
0.5062499999993286 0.5062499999985448 0.5062499999995415
19388.86874997429 1464.5812499957901 17924.287499983766
38299.0 2893.0 35406.0
0


HOST: 415
0.5279815023552704 0.525625576744202 0.5287832240055829
20281.353449973 5126.426249986202 15154.927200000006
38413.0 9753.0 28660.0
0


HOST: 416
0.5533525441121852 0.5564487352926876 0.5512478707455192
18596.518949978206 7567.7027999805505 11028.816150005603
33607.0 13600.0 20007.0
0


HOST: 417
0.506249999999292 0.5062499999985448 0.5062499999993497
13626.224999980945 976.0499999971944 12650.17499998375
26916.0 1928.0 24988.0
0


HOST: 418
0.5348071307783313 0.6056387686047925 0.5223119057088056
15813.712049984477 2685.4022999936496 13128.309749990827
29569.0 4434.0 25135.0
0


HOST: 419
0.5778669112748069 0.5778669112748069 0.0
16497.522449984463 16497.522449984463 0.0
28549.0 28549.0 0.0
0


HOST: 420
0.5358571399231089 0.5379250325091481 0.5269205900721653
18267.36989997878 14891.916599983257 3375.453300002291
34090.0 27684.0 6406.0
0


HOST: 421
0.5497112076245343 0.5497112076245343 0.0
17561.623949980996 17561.623949980996 0.0
31947.0 31947.0 0.0
0


HOST: 422
0.5626457075857062 0.7250080645147048 0.5358544403966936
9359.048699980636 1708.1189999966446 7650.929699983992
16634.0 2356.0 14278.0
0


HOST: 423
0.5496942331501045 0.5496942331501045 0.0
13759.396349980265 13759.396349980265 0.0
25031.0 25031.0 0.0
0


HOST: 424
0.5567245980882786 0.5660741959869449 0.5062500000003638
19635.119849975497 16844.66984998352 2790.4500000020053
35269.0 29757.0 5512.0
0


HOST: 425
0.5385508294551048 0.5723688106135342 0.5178546308372113
13310.283749982915 5370.536549986791 7939.7471999961235
24715.0 9383.0 15332.0
0


HOST: 426
0.5183057169557448 0.5221362642571147 0.5124336065571419
10811.33894997988 6591.448199981816 4219.890749998063
20859.0 12624.0 8235.0
0


HOST: 427
0.5400176590769251 0.5400176590769251 0.0
13875.753749981592 13875.753749981592 0.0
25695.0 25695.0 0.0
0


HOST: 428
0.5129248525571759 0.5129248525571759 0.0
9653.758649978608 9653.758649978608 0.0
18821.0 18821.0 0.0
0


HOST: 429
0.533915984833036 0.533915984833036 0.0
13729.649549981521 13729.649549981521 0.0
25715.0 25715.0 0.0
0


HOST: 430
0.5146107810139918 0.5146107810139918 0.0
8565.696449977893 8565.696449977893 0.0
16645.0 16645.0 0.0
0


HOST: 431
0.5071436587631367 0.5071436587631367 0.0
8685.34229997748 8685.34229997748 0.0
17126.0 17126.0 0.0
0


HOST: 432
0.5084772660051615 0.5084772660051615 0.0
10316.495249978723 10316.495249978723 0.0
20289.0 20289.0 0.0
0


HOST: 433
0.5114522703289357 0.5114522703289357 0.0
10182.503249978781 10182.503249978781 0.0
19909.0 19909.0 0.0
0


HOST: 434
0.5206844733677697 0.5206844733677697 0.0
9560.808299978988 9560.808299978988 0.0
18362.0 18362.0 0.0
0


HOST: 435
0.5824868325783297 0.5824868325783297 0.0
11585.663099982978 11585.663099982978 0.0
19890.0 19890.0 0.0
0


HOST: 436
0.5222486762358902 0.5222486762358902 0.0
12151.159949980458 12151.159949980458 0.0
23267.0 23267.0 0.0
0


HOST: 437
0.526790763606286 0.5262324675591066 0.5286469645872042
16211.985749983449 12450.133949980904 3761.851800002545
30775.0 23659.0 7116.0
0


HOST: 438
0.5428352380941913 0.5459856195005776 0.5351321363469683
10259.585999980216 7323.851099980748 2935.7348999994683
18900.0 13414.0 5486.0
0


HOST: 439
0.5608606933070228 0.6347428210299656 0.5215035087713248
11171.784149982588 4394.3245499904515 6777.459599992137
19919.0 6923.0 12996.0
0


HOST: 440
0.5541436508967678 0.5541436508967678 0.0
8422.429349979973 8422.429349979973 0.0
15199.0 15199.0 0.0
0


HOST: 441
0.5548677872496722 0.6159554723215666 0.5277855659645655
11454.690599982234 3905.7736499910534 7548.91694999118
20644.0 6341.0 14303.0
0


HOST: 442
0.6354191934292394 0.6354191934292394 0.0
11257.721849985834 11257.721849985834 0.0
17717.0 17717.0 0.0
0


HOST: 443
0.5764589206853941 0.5764589206853941 0.0
10313.426549982385 10313.426549982385 0.0
17891.0 17891.0 0.0
0


HOST: 444
0.5062499999985448 0.5062499999985448 0.5062499999985448
6243.074999982055 1220.5687499964915 5022.506249985563
12332.0 2411.0 9921.0
0


HOST: 445
0.5429850894954057 0.5429850894954057 0.0
4823.336549987689 4823.336549987689 0.0
8883.0 8883.0 0.0
0


HOST: 446
0.5589355545297077 0.5589355545297077 0.0
9696.413999981369 9696.413999981369 0.0
17348.0 17348.0 0.0
0


HOST: 447
0.5417843912282362 0.5417843912282362 0.0
11266.9481999824 11266.9481999824 0.0
20796.0 20796.0 0.0
0


HOST: 448
0.5480140816905603 0.5590355690751787 0.5366492914068934
7540.12574998042 3904.8634499901236 3635.262299990296
13759.0 6985.0 6774.0
0


HOST: 449
0.5062499999990391 0.5062499999985448 0.5062499999991983
11024.606249979075 2685.1499999922817 8339.456249986793
21777.0 5304.0 16473.0
0


HOST: 450
0.520726788898454 0.520726788898454 0.0
7881.199949978101 7881.199949978101 0.0
15135.0 15135.0 0.0
0


HOST: 451
0.5346663142202521 0.5400299014017914 0.5278015127005696
15069.035399983586 8544.353099979144 6524.682300004442
28184.0 15822.0 12362.0
0


HOST: 452
0.5130409855697259 0.513034374998559 0.5130493309487605
10062.272849979034 5614.648199984229 4447.624649994805
19613.0 10944.0 8669.0
0


HOST: 453
0.5200477396639158 0.5200477396639158 0.0
10491.443099979837 10491.443099979837 0.0
20174.0 20174.0 0.0
0


HOST: 454
0.5148844537803546 0.5174523016339189 0.51432888874219
9558.314999978504 1708.6274999952002 7849.6874999833035
18564.0 3302.0 15262.0
0


HOST: 455
0.5201931167059491 0.5201931167059491 0.0
14544.079349981632 14544.079349981632 0.0
27959.0 27959.0 0.0
0


HOST: 456
0.5062499999986487 0.5062499999985448 0.5062499999986585
8515.124999977272 732.0374999978958 7783.087499979376
16820.0 1446.0 15374.0
0


HOST: 457
0.5148442375822396 0.5160227590975809 0.5062499999999888
8863.043549978254 7812.068549978278 1050.9749999999767
17215.0 15139.0 2076.0
0


HOST: 458
0.7780439332868889 1.0025698369443403 0.5062499999999936
69882.34999996179 49312.39999994432 20569.949999999742
89818.0 49186.0 40632.0
2


HOST: 459
0.5184014063017324 0.5184014063017324 0.0
9178.815299978472 9178.815299978472 0.0
17706.0 17706.0 0.0
0


HOST: 460
0.5205629936297546 0.5205629936297546 0.0
12259.258499980719 12259.258499980719 0.0
23550.0 23550.0 0.0
0


HOST: 461
0.5062499999985784 0.5062499999985784 0.0
8179.987499977031 8179.987499977031 0.0
16158.0 16158.0 0.0
0


HOST: 462
0.51387717650027 0.51387717650027 0.0
7767.767399978082 7767.767399978082 0.0
15116.0 15116.0 0.0
0


HOST: 463
0.5612154199789061 0.5612154199789061 0.0
9033.323399980472 9033.323399980472 0.0
16096.0 16096.0 0.0
0


HOST: 464
0.5167702575365816 0.5167702575365816 0.0
9872.378999978853 9872.378999978853 0.0
19104.0 19104.0 0.0
0


HOST: 465
0.5343060585945723 0.5377490085571661 0.5285347159086959
10066.860449980337 6345.976049983117 3720.8843999972196
18841.0 11801.0 7040.0
0


HOST: 466
0.5157876777910275 0.5180245731633965 0.5126022527463368
9102.105149978262 5370.360749984931 3731.744399993331
17647.0 10367.0 7280.0
0


HOST: 467
0.5225450087226677 0.5251619257822967 0.5081380829019171
13777.421699981856 11717.938049980386 2059.48365000147
26366.0 22313.0 4053.0
0


HOST: 468
0.5187892586074104 0.5187892586074104 0.0
8271.057149977945 8271.057149977945 0.0
15943.0 15943.0 0.0
0


HOST: 469
0.5277220363629853 0.5229159050324667 0.5327097999260765
14512.355999982097 7323.4372499796955 7188.918750002402
27500.0 14005.0 13495.0
0


HOST: 470
0.5293556882909738 0.5293556882909738 0.0
12451.504499980285 12451.504499980285 0.0
23522.0 23522.0 0.0
0


HOST: 471
0.5062499999987978 0.5062499999985448 0.5062499999989442
9325.631249977854 3417.693749990176 5907.937499987678
18421.0 6751.0 11670.0
0


HOST: 472
0.5285907766205342 0.5285907766205342 0.0
13204.197599980944 13204.197599980944 0.0
24980.0 24980.0 0.0
0


HOST: 473
0.5062499999990342 0.5062499999985448 0.5062499999991741
10983.599999979046 2441.137499992983 8542.462499986063
21696.0 4822.0 16874.0
0


HOST: 474
0.5062499999985448 0.5062499999985448 0.0
4384.631249987397 4384.631249987397 0.0
8661.0 8661.0 0.0
0


HOST: 475
0.5062499999988481 0.5062499999985448 0.5062499999989807
9635.456249978077 2929.1624999915803 6706.293749986497
19033.0 5786.0 13247.0
0


HOST: 476
0.5201380856090299 0.5284187131036425 0.5118165216526088
10547.360099979907 5370.847799985422 5176.512299994485
20278.0 10164.0 10114.0
0


HOST: 477
0.5210088872671044 0.5185131690724656 0.5234117177906953
10001.286599979336 4882.3199999863355 5118.966599993
19196.0 9416.0 9780.0
0


HOST: 478
0.50624999999871 0.5062499999985448 0.5062499999987429
8830.518749977498 1464.5812499957901 7365.937499981708
17443.0 2893.0 14550.0
0


HOST: 479
0.509439877445933 0.5112869439543263 0.5062499999993629
9602.43224997839 6103.232249982793 3499.199999995597
18849.0 11937.0 6912.0
0


HOST: 480
0.5174381445771882 0.5222129154237333 0.506249999999596
9663.157349978988 6835.244849981245 2827.912499997743
18675.0 13089.0 5586.0
0


HOST: 481
0.5120931250719595 0.5264066037721383 0.5081159676440339
8737.332899977773 1952.968499994633 6784.36439998314
17062.0 3710.0 13352.0
0


HOST: 482
0.5205836801031136 0.5205836801031136 0.0
11209.207799980242 11209.207799980242 0.0
21532.0 21532.0 0.0
0


HOST: 483
0.5106885814073003 0.5092480443271008 0.5111495869317769
16156.65464998276 3905.932499988863 12250.722149993897
31637.0 7670.0 23967.0
0


HOST: 484
0.5379967069479106 0.5379967069479106 0.0
21369.229199971007 21369.229199971007 0.0
39720.0 39720.0 0.0
0


HOST: 485
0.5342378840990779 0.535660174449403 0.5062500000001686
20724.15599997143 19774.43099997416 949.7250000003164
38792.0 36916.0 1876.0
0


HOST: 486
0.5399737020652273 0.539358960591103 0.5962782352940474
21248.50514996876 20995.086899969276 253.41824999997016
39351.0 38926.0 425.0
0


HOST: 487
0.530609854796773 0.527851192717532 0.5408975224350133
19294.566149975057 15135.605099982513 4158.9610500028175
36363.0 28674.0 7689.0
0


HOST: 488
0.5261007961817041 0.5260780637291671 0.5261616978992827
20451.116249971383 14891.691749981534 5559.424500003821
38873.0 28307.0 10566.0
0


HOST: 489
0.52691221234982 0.5330790846329417 0.5099554038353412
20401.51394997268 15135.714449983114 5265.799500003734
38719.0 28393.0 10326.0
0


HOST: 490
0.5404982289714437 0.5404982289714437 0.0
9857.60669998119 9857.60669998119 0.0
18238.0 18238.0 0.0
0


HOST: 491
0.6895160218513687 0.6895160218513687 0.0
11548.703849988575 11548.703849988575 0.0
16749.0 16749.0 0.0
0


HOST: 492
0.5450469688295507 0.5450469688295507 0.0
11436.175499981633 11436.175499981633 0.0
20982.0 20982.0 0.0
0


HOST: 493
0.5527391536113299 0.5527391536113299 0.0
9279.937649980617 9279.937649980617 0.0
16789.0 16789.0 0.0
0


HOST: 494
0.5437085152362169 0.5444256975785079 0.5062500000003638
10187.466449980995 10009.266449980867 178.20000000012806
18737.0 18385.0 352.0
0


HOST: 495
0.5575841936776407 0.5575841936776407 0.0
11060.797649983358 11060.797649983358 0.0
19837.0 19837.0 0.0
0


HOST: 496
0.5205633751471491 0.5205633751471491 0.0
9212.410049979098 9212.410049979098 0.0
17697.0 17697.0 0.0
0


HOST: 497
0.5062499999989889 0.5062499999985448 0.5062499999990218
10622.137499978786 732.0374999978958 9890.09999998089
20982.0 1446.0 19536.0
0


HOST: 498
0.5436041695092441 0.5554106993162959 0.5062500000003638
11948.963249982695 9276.469499980774 2672.4937500019205
21981.0 16702.0 5279.0
0


HOST: 499
0.527313056462297 0.527313056462297 0.0
9357.697499979922 9357.697499979922 0.0
17746.0 17746.0 0.0
0


HOST: 500
0.5590872861091101 0.5590872861091101 0.0
10292.237849982606 10292.237849982606 0.0
18409.0 18409.0 0.0
0


HOST: 501
0.5668001382809906 0.5668001382809906 0.0
12706.525499983249 12706.525499983249 0.0
22418.0 22418.0 0.0
0


HOST: 502
0.5199045670353052 0.5199045670353052 0.0
8759.872049977857 8759.872049977857 0.0
16849.0 16849.0 0.0
0


HOST: 503
0.5656213217170987 0.5895172972414874 0.5458116616602606
6200.906549984553 2929.3114499929507 3271.595099991602
10963.0 4969.0 5994.0
0


HOST: 504
0.5367930036690334 0.5419503044513273 0.5219770408166926
11408.998499981635 8544.388499979626 2864.6100000020087
21254.0 15766.0 5488.0
0


HOST: 505
0.5402209513425931 0.5402209513425931 0.0
11158.263749981259 11158.263749981259 0.0
20655.0 20655.0 0.0
0


HOST: 506
0.5062499999985448 0.5062499999985448 0.0
7807.893749977557 7807.893749977557 0.0
15423.0 15423.0 0.0
0


HOST: 507
0.5323160533569429 0.5323160533569429 0.0
10993.92344998094 10993.92344998094 0.0
20653.0 20653.0 0.0
0


HOST: 508
0.510125222670782 0.510125222670782 0.0
8820.06509997782 8820.06509997782 0.0
17290.0 17290.0 0.0
0


HOST: 509
0.5123925129601822 0.5123925129601822 0.0
10080.810299978624 10080.810299978624 0.0
19674.0 19674.0 0.0
0


HOST: 510
0.5549453023824689 0.5549453023824689 0.0
12085.043849983025 12085.043849983025 0.0
21777.0 21777.0 0.0
0


HOST: 511
0.5062499999991195 0.5062499999985448 0.5062499999991317
11736.393749979587 244.0124999992986 11492.381249980288
23183.0 482.0 22701.0
0


HOST: 512
0.5135563943927817 0.5258742221144432 0.5099033645644809
9380.62109997855 2197.1024999941437 7183.518599984407
18266.0 4178.0 14088.0
0


HOST: 513
0.5951063431011875 0.5951063431011875 0.0
12224.674499984594 12224.674499984594 0.0
20542.0 20542.0 0.0
0


HOST: 514
0.5679006601293455 0.6065211180110069 0.5229032384507964
10194.38474998188 5858.993999986327 4335.390749995553
17951.0 9660.0 8291.0
0


HOST: 515
0.5660253417473605 0.5660253417473605 0.0
10807.121849982354 10807.121849982354 0.0
19093.0 19093.0 0.0
0


HOST: 516
0.5442336636401327 0.6385011445374779 0.5344071720739996
8814.95264997923 976.2682499978037 7838.684399981426
16197.0 1529.0 14668.0
0


HOST: 517
0.5377184289766376 0.5595563381074685 0.5170215185740198
9641.829149980089 4882.129049987663 4759.700099992426
17931.0 8725.0 9206.0
0


HOST: 518
0.5396971613257714 0.5554832620823331 0.5062500000003638
11521.454999982567 8056.1737499800765 3465.28125000249
21348.0 14503.0 6845.0
0


HOST: 519
0.5804819999986149 0.5804819999986149 0.0
5369.458499987188 5369.458499987188 0.0
9250.0 9250.0 0.0
0


HOST: 520
0.584723279191021 0.5275184824888751 0.5921230160498131
11807.901899983477 1220.1502499967683 10587.751649986709
20194.0 2313.0 17881.0
0


HOST: 521
0.5620318121682859 0.5620318121682859 0.0
10197.505199981379 10197.505199981379 0.0
18144.0 18144.0 0.0
0


HOST: 522
0.620044938009814 0.620044938009814 0.0
10852.646549985773 10852.646549985773 0.0
17503.0 17503.0 0.0
0


HOST: 523
0.5471655625980386 0.5471655625980386 0.0
10357.84409998087 10357.84409998087 0.0
18930.0 18930.0 0.0
0


HOST: 524
0.5281519281414085 0.5281519281414085 0.0
10025.379899980217 10025.379899980217 0.0
18982.0 18982.0 0.0
0


HOST: 525
0.5224962961733808 0.5224962961733808 0.0
7963.366049978496 7963.366049978496 0.0
15241.0 15241.0 0.0
0


HOST: 526
0.5486507924515469 0.5486507924515469 0.0
8723.547599979596 8723.547599979596 0.0
15900.0 15900.0 0.0
0


HOST: 527
0.5557913437119344 0.5097608200441034 0.5752542860573983
9852.513149981462 2685.4199999923367 7167.093149989125
17727.0 5268.0 12459.0
0


HOST: 528
0.5083979416153172 0.5083979416153172 0.0
5433.7571999845095 5433.7571999845095 0.0
10688.0 10688.0 0.0
0


HOST: 529
0.5131330916213398 0.5131330916213398 0.0
9022.419149978017 9022.419149978017 0.0
17583.0 17583.0 0.0
0


HOST: 530
0.5199845581789695 0.6692437842765014 0.509811385582203
8915.135249978432 732.1526999984926 8182.982549979939
17145.0 1094.0 16051.0
0


HOST: 531
0.5348540767511468 0.5348540767511468 0.0
9393.642149980391 9393.642149980391 0.0
17563.0 17563.0 0.0
0


HOST: 532
0.5631669589371557 0.6323821243509016 0.5317178647092982
10437.173249982307 3661.4924999917203 6775.680749990586
18533.0 5790.0 12743.0
0


HOST: 533
0.5062499999985659 0.5062499999985448 0.5062499999985763
8122.78124997699 2685.1499999922817 5437.631249984708
16045.0 5304.0 10741.0
0


HOST: 534
0.5508202698992017 0.556843841367645 0.5062500000003638
12061.31144998282 10741.517699981872 1319.7937500009484
21897.0 19290.0 2607.0
0


HOST: 535
0.5355835860969513 0.5355835860969513 0.0
10170.732299981106 10170.732299981106 0.0
18990.0 18990.0 0.0
0


HOST: 536
0.5431250339535907 0.5481629745267232 0.5062499999999639
8797.539299980263 7811.870549980333 985.6687499999298
16198.0 14251.0 1947.0
0


HOST: 537
0.5654513208907519 0.5654513208907519 0.0
9332.20859998097 9332.20859998097 0.0
16504.0 16504.0 0.0
0


HOST: 538
0.5458038505465476 0.5458038505465476 0.0
11467.338899982964 11467.338899982964 0.0
21010.0 21010.0 0.0
0


HOST: 539
0.549830948056503 0.5750876318740089 0.5062499999988306
8478.943049979332 5614.580549985949 2864.3624999933836
15421.0 9763.0 5658.0
0


HOST: 540
0.5695240459929978 0.5695240459929978 0.0
6760.819949982877 6760.819949982877 0.0
11871.0 11871.0 0.0
0


HOST: 541
0.6065973579136456 0.6065973579136456 0.0
10331.566199985211 10331.566199985211 0.0
17032.0 17032.0 0.0
0


HOST: 542
0.5342530713795179 0.5342530713795179 0.0
11863.089449982197 11863.089449982197 0.0
22205.0 22205.0 0.0
0


HOST: 543
0.5062499999990485 0.5062499999985448 0.5062499999992092
11103.074999979131 2685.1499999922817 8417.92499998685
21932.0 5304.0 16628.0
0


HOST: 544
0.516191301962864 0.516191301962864 0.0
10355.829899978979 10355.829899978979 0.0
20062.0 20062.0 0.0
0


HOST: 545
0.515777566658561 0.5210982869021736 0.5106293865529732
9826.594199978905 4882.169849986465 4944.42434999244
19052.0 9369.0 9683.0
0


HOST: 546
0.5199465058011121 0.5199465058011121 0.0
8199.036449977737 8199.036449977737 0.0
15769.0 15769.0 0.0
0


HOST: 547
0.5227192681435271 0.5227192681435271 0.0
10327.887299979808 10327.887299979808 0.0
19758.0 19758.0 0.0
0


HOST: 548
0.5587360553795253 0.5587360553795253 0.0
10109.21144998175 10109.21144998175 0.0
18093.0 18093.0 0.0
0


HOST: 549
0.5062499999990926 0.5062499999985448 0.5062499999991578
11488.331249979408 1220.5687499964915 10267.762499982917
22693.0 2411.0 20282.0
0


HOST: 550
0.5526810328898741 0.5526810328898741 0.0
9577.962299981518 9577.962299981518 0.0
17330.0 17330.0 0.0
0


HOST: 551
0.5787201634867941 0.5787201634867941 0.0
10194.734399983365 10194.734399983365 0.0
17616.0 17616.0 0.0
0


HOST: 552
0.5508545969501802 0.5508545969501802 0.0
11815.280249984417 11815.280249984417 0.0
21449.0 21449.0 0.0
0


HOST: 553
0.5621151063819225 0.5691665339020092 0.5062500000003638
9775.181699981633 8788.500449980924 986.681250000709
17390.0 15441.0 1949.0
0


HOST: 554
0.6343659789940489 0.6522614139138678 0.5062500000003638
13529.757599985074 12206.420099984123 1323.337500000951
21328.0 18714.0 2614.0
0


HOST: 555
0.5350541495973058 0.5481726945398241 0.5062499999997839
10057.412849980557 7079.650349981828 2977.7624999987293
18797.0 12915.0 5882.0
0


HOST: 556
0.5510473740785062 0.5510473740785062 0.0
12045.344549982068 12045.344549982068 0.0
21859.0 21859.0 0.0
0


HOST: 557
0.5062499999989111 0.5062499999985448 0.5062499999989399
10053.112499978377 732.0374999978958 9321.074999980481
19858.0 1446.0 18412.0
0


HOST: 558
0.6501738847254646 0.6501738847254646 0.0
11280.51689998681 11280.51689998681 0.0
17350.0 17350.0 0.0
0


HOST: 559
0.5261623315214029 0.5262548908635666 0.5062499999985448
7846.658849978681 7811.727599978782 34.93124999989959
14913.0 14844.0 69.0
0


HOST: 560
0.5423253399805048 0.5423253399805048 0.0
8374.587899978955 8374.587899978955 0.0
15442.0 15442.0 0.0
0


HOST: 561
0.536991464198495 0.5501338873225542 0.5194846716692604
10012.20584998094 5858.925899985203 4153.279949995736
18645.0 10650.0 7995.0
0


HOST: 562
0.5683888565961398 0.5683888565961398 0.0
6551.818349983703 6551.818349983703 0.0
11527.0 11527.0 0.0
0


HOST: 563
0.5391051149416839 0.5391051149416839 0.0
11256.51479998236 11256.51479998236 0.0
20880.0 20880.0 0.0
0


HOST: 564
0.6115121257714096 0.6115121257714096 0.0
11581.428149984726 11581.428149984726 0.0
18939.0 18939.0 0.0
0


HOST: 565
0.5269565164652621 0.5269565164652621 0.0
9776.624249980008 9776.624249980008 0.0
18553.0 18553.0 0.0
0


HOST: 566
0.5326403231140492 0.5326403231140492 0.0
9643.45304997986 9643.45304997986 0.0
18105.0 18105.0 0.0
0


HOST: 567
0.5062499999986734 0.5062499999985448 0.5062499999987393
8639.15624997736 2929.1624999915803 5709.993749985781
17065.0 5786.0 11279.0
0


HOST: 568
0.5289118093051828 0.5289118093051828 0.0
10184.7257999806 10184.7257999806 0.0
19256.0 19256.0 0.0
0


HOST: 569
0.5694796147463016 0.5694796147463016 0.0
11337.769649984119 11337.769649984119 0.0
19909.0 19909.0 0.0
0


HOST: 570
0.5500019688317918 0.5500019688317918 0.0
11858.592449982261 11858.592449982261 0.0
21561.0 21561.0 0.0
0


HOST: 571
0.5205827771141978 0.5205827771141978 0.0
6551.534249982178 6551.534249982178 0.0
12585.0 12585.0 0.0
0


HOST: 572
0.5555497952367338 0.5555497952367338 0.0
9496.01264998149 9496.01264998149 0.0
17093.0 17093.0 0.0
0


HOST: 573
0.5070705932586985 0.5062499999985448 0.5071615762827699
9795.08264997828 976.0499999971944 8819.032649981085
19317.0 1928.0 17389.0
0


HOST: 574
0.5258238256589893 0.5784226841865409 0.5062499999988247
9000.000599979261 2685.0380999939225 6314.962499985339
17116.0 4642.0 12474.0
0


HOST: 575
0.5578898487421385 0.5578898487421385 0.0
10474.939799982392 10474.939799982392 0.0
18776.0 18776.0 0.0
0


HOST: 576
0.5062499999990279 0.5062499999990279 0.0
10931.456249979008 10931.456249979008 0.0
21593.0 21593.0 0.0
0


HOST: 577
0.5062499999985448 0.5062499999985448 0.5062499999985448
7658.043749977987 2929.1624999915803 4728.881249986407
15127.0 5786.0 9341.0
0


HOST: 578
0.5253772596355702 0.5269576268125288 0.5062500000003638
9486.211799979856 8788.599299979354 697.6125000005013
18056.0 16678.0 1378.0
0


HOST: 579
0.5504413471082112 0.5504413471082112 0.0
11081.485199982508 11081.485199982508 0.0
20132.0 20132.0 0.0
0


HOST: 580
0.586217897193249 0.586217897193249 0.0
12179.849249984136 12179.849249984136 0.0
20777.0 20777.0 0.0
0


HOST: 581
0.5608394621280806 0.5608394621280806 0.0
4598.322749988132 4598.322749988132 0.0
8199.0 8199.0 0.0
0


HOST: 582
0.6101528731595509 0.6101528731595509 0.0
10448.25779998415 10448.25779998415 0.0
17124.0 17124.0 0.0
0


HOST: 583
0.6439552364760168 0.6439552364760168 0.0
11178.418949987175 11178.418949987175 0.0
17359.0 17359.0 0.0
0


HOST: 584
0.5234800938041559 0.5234800938041559 0.0
10993.60544998108 10993.60544998108 0.0
21001.0 21001.0 0.0
0


HOST: 585
0.648134493721771 0.648134493721771 0.0
11925.026549986866 11925.026549986866 0.0
18399.0 18399.0 0.0
0


HOST: 586
0.6181836092217946 0.6181836092217946 0.0
12547.890899983986 12547.890899983986 0.0
20298.0 20298.0 0.0
0


HOST: 587
0.5189722487454401 0.5189722487454401 0.0
8695.898999978595 8695.898999978595 0.0
16756.0 16756.0 0.0
0


HOST: 588
0.5488026097237158 0.5557714392792772 0.520201504102452
12291.532049982063 10008.887849980503 2282.6442000015595
22397.0 18009.0 4388.0
0


HOST: 589
0.5695809581585759 0.594071883188389 0.5431985178461617
11734.50689998298 6347.063999984748 5387.442899998232
20602.0 10684.0 9918.0
0


HOST: 590
0.5335289304807287 0.5335289304807287 0.0
16462.035149982883 16462.035149982883 0.0
30855.0 30855.0 0.0
0


HOST: 591
0.5272438665056989 0.5226339294695878 0.5286003835747124
18412.937549978524 4149.713399988526 14263.224149996466
34923.0 7940.0 26983.0
0


HOST: 592
0.5430728144414523 0.5192520631702155 0.56294298735898
22456.603949968492 9765.054299979074 12691.549650008204
41351.0 18806.0 22545.0
0


HOST: 593
0.5290968110345764 0.5326730154912106 0.5244239065978378
21403.024199970685 12206.20214998109 9196.822050006282
40452.0 22915.0 17537.0
0


HOST: 594
0.5265306312072479 0.5277065755067064 0.5251985193625459
19719.625199973845 10497.139199979403 9222.486000006305
37452.0 19892.0 17560.0
0


HOST: 595
0.5262609966224734 0.5270605793438093 0.5255192038060661
18233.364749978835 8788.208099978678 9445.156650006425
34647.0 16674.0 17973.0
0


HOST: 596
0.5481633456611563 0.5427899470613431 0.5625284036233474
21342.19169997146 15379.953149983156 5962.23855000386
38934.0 28335.0 10599.0
0


HOST: 597
0.5386043090631439 0.5390933537526615 0.5383436906843764
21748.84199996975 7567.792499979863 14181.049500007843
40380.0 14038.0 26342.0
0


HOST: 598
0.5717213504546959 0.5717213504546959 0.0
10351.015049982268 10351.015049982268 0.0
18105.0 18105.0 0.0
0


HOST: 599
0.514780004972508 0.514780004972508 0.0
8279.721599977818 8279.721599977818 0.0
16084.0 16084.0 0.0
0


HOST: 600
0.5145837190248642 0.5157374114562449 0.5062499999985448
4714.1014499867815 4150.138949988403 563.9624999983789
9161.0 8047.0 1114.0
0


HOST: 601
0.5062499999986213 0.506249999998551 0.5062500000003638
8380.968749977175 8055.956249976942 325.01250000023356
16555.0 15913.0 642.0
0


HOST: 602
0.5211428594019344 0.5211428594019344 0.0
9881.910899979479 9881.910899979479 0.0
18962.0 18962.0 0.0
0


HOST: 603
0.5259279744422337 0.5121266013971528 0.5481932761733546
12182.5955999799 7323.410399979286 4859.185200000615
23164.0 14300.0 8864.0
0


HOST: 604
0.5357997742414864 0.520322863380106 0.5701381660903343
14952.028499982918 10008.93059997972 4943.097900003198
27906.0 19236.0 8670.0
0


HOST: 605
0.5142071515878839 0.5142071515878839 0.0
8412.428999977781 8412.428999977781 0.0
16360.0 16360.0 0.0
0


HOST: 606
0.5638470117100984 0.5786997460199402 0.5062500000003638
12566.458349982964 10253.402099981302 2313.056250001662
22287.0 17718.0 4569.0
0


HOST: 607
0.5919630420158921 0.5919630420158921 0.0
10566.540299983675 10566.540299983675 0.0
17850.0 17850.0 0.0
0


HOST: 608
0.5253448536172645 0.5253448536172645 0.0
11412.591599981453 11412.591599981453 0.0
21724.0 21724.0 0.0
0


HOST: 609
0.6896351734037329 0.6896351734037329 0.0
13442.368799985563 13442.368799985563 0.0
19492.0 19492.0 0.0
0


HOST: 610
0.535054997047619 0.535054997047619 0.0
8159.053649979143 8159.053649979143 0.0
15249.0 15249.0 0.0
0


HOST: 611
0.5229879163487955 0.5229879163487955 0.0
10315.93664997999 10315.93664997999 0.0
19725.0 19725.0 0.0
0


HOST: 612
0.5144409244395857 0.5213183750713872 0.5062499999992596
9749.684399979027 5370.621899985432 4379.062499993595
18952.0 10302.0 8650.0
0


HOST: 613
0.5279644312543958 0.5296956251882625 0.5062500000003638
11297.382899981561 10497.507899980987 799.8750000005748
21398.0 19818.0 1580.0
0


HOST: 614
0.5140009433951659 0.5140009433951659 0.0
10134.04259997909 10134.04259997909 0.0
19716.0 19716.0 0.0
0


HOST: 615
0.5316364756664721 0.5201990715362582 0.5707060138651749
13546.097399981709 10253.12369997965 3292.9737000020596
25480.0 19710.0 5770.0
0


HOST: 616
0.5062499999990502 0.5062499999985448 0.5062499999991269
11117.249999979142 1464.5812499957901 9652.668749983352
21960.0 2893.0 19067.0
0


HOST: 617
0.523108396537529 0.5249926825115472 0.5062500000003638
10276.464449979758 9276.62069997904 999.8437500007185
19645.0 17670.0 1975.0
0


HOST: 618
0.528771814862008 0.5124062146362608 0.5404654929575828
13903.526099981636 5614.9472999841455 8288.578799997491
26294.0 10958.0 15336.0
0


HOST: 619
0.5209499364963458 0.5116599841205063 0.5395215845610478
12305.358449980184 8056.086449977371 4249.272000002813
23621.0 15745.0 7876.0
0


HOST: 620
0.5888546100056898 0.5888546100056898 0.0
10780.75019998417 10780.75019998417 0.0
18308.0 18308.0 0.0
0


HOST: 621
0.5770604401825542 0.5770604401825542 0.0
11706.825149983477 11706.825149983477 0.0
20287.0 20287.0 0.0
0


HOST: 622
0.663206209078269 0.663206209078269 0.0
12155.243399986513 12155.243399986513 0.0
18328.0 18328.0 0.0
0


HOST: 623
0.5764125626930121 0.5764125626930121 0.0
9653.757599982568 9653.757599982568 0.0
16748.0 16748.0 0.0
0


HOST: 624
0.5066767454816933 0.5066767454816933 0.0
9085.727399977724 9085.727399977724 0.0
17932.0 17932.0 0.0
0


