0 3350
1 1983
2 4466
3 3280
4 2958
5 2677
6 762
7 1055
8 1526
9 2865
10 545
11 435
12 4370
13 4083
14 2319
15 4023
16 3450
17 976
18 676
19 1392
20 1350
21 2371
22 2488
23 3023
24 3228
25 3092
26 2433
27 2931
28 1995
29 2815
30 3279
31 4083
32 2386
33 2637
34 2410
35 2738
36 2826
37 3206
38 2583
39 3486
40 2590
41 2130
42 4114
43 3604
44 2965
45 2627
46 3218
47 3967
48 3118
49 3943
50 4117
51 3640
52 4257
53 3048
54 1892
55 3721
56 3355
57 3778
58 2783
59 5384
60 3593
61 2390
62 1495
63 3542
64 2375
65 5048
66 3276
67 1991
68 1388
69 3976
70 3167
71 4675
72 3603
73 4763
74 4497
75 4971
76 5463
77 5266
78 5057
79 3919
80 4183
81 5285
82 1441
83 5448
84 2749
85 4152
86 4106
87 5654
88 5246
89 5119
90 4185
91 2013
92 5284
93 1845
94 4161
95 2371
96 657
97 3954
