records: 20
      Record Time
Host  UsedBuffer

  49376.0 98752.0 148128.0 197504.0 246880.0 296256.0 345632.0 395008.0 444384.0 493760.0 543136.0 592512.0 641888.0 691264.0 740640.0 790016.0 839392.0 888768.0 938144.0 987520.0
0 0.0 1.0E9 1.0E9 1.25E9 1.75E9 1.75E9 -2.044967296E9 -1.794967296E9 -1.544967296E9 -1.544967296E9 -1.544967296E9 -1.544967296E9 -1.294967296E9 -7.94967296E8 -2.94967296E8 -2.94967296E8 -2.94967296E8 -2.94967296E8 -4.4967296E7 2.05032704E8
1 0.0 0.0 2.5E8 2.5E8 2.5E8 2.5E8 5.0E8 7.5E8 1.0E9 1.0E9 1.0E9 1.25E9 1.5E9 1.75E9 1.75E9 1.75E9 -2.044967296E9 -2.044967296E9 -1.044967296E9 -7.94967296E8
2 2.0E9 -2.044967296E9 -1.589934592E9 1.15098112E8 -1.79869184E8 -1.09738368E8 -1.154705664E9 -1.994640256E9 -2.084574848E9 -3.79542144E8 9.85555968E8 1.735555968E9 1.645621376E9 1.645621376E9 2.10065408E9 5.5686784E7 -9.89280512E8 -1.829215104E9 -1.829215104E9 -1.6241824E9
3 2.5E8 2.5E8 -1.839934592E9 -1.589934592E9 -1.089934592E9 -1.609738368E9 2.140261632E9 3.45294336E8 -1.334574848E9 1.20457856E8 5.7549056E8 1.07549056E9 1.645621376E9 1.895621376E9 2.145621376E9 -1.89934592E9 -1.64934592E9 -1.64934592E9 -1.64934592E9 -1.64934592E9
4 5.0E8 5.0E8 1.910065408E9 -2.134901888E9 -1.384901888E9 -6.09738368E8 3.90261632E8 6.40261632E8 -1.334574848E9 1.915425152E9 -1.4444032E7 2.35555968E8 -1.64934592E9 -1.39934592E9 -8.9934592E8 -6.4934592E8 -6.4934592E8 6.70784896E8 1.170784896E9 1.670784896E9
5 2.5E8 7.5E8 1.0E9 1.25E9 1.5E9 1.75E9 1.75E9 1.75E9 2.0E9 2.0E9 2.0E9 2.0E9 -1.794967296E9 -1.294967296E9 -1.044967296E9 -1.044967296E9 -7.94967296E8 -4.4967296E7 -4.4967296E7 2.05032704E8
6 2.5E8 7.5E8 1.0E9 1.25E9 1.25E9 1.5E9 1.75E9 2.0E9 2.0E9 -1.794967296E9 -1.044967296E9 -5.44967296E8 -2.94967296E8 -2.94967296E8 -2.94967296E8 2.05032704E8 2.05032704E8 4.55032704E8 4.55032704E8 4.55032704E8
7 2.5E8 7.5E8 1.0E9 1.0E9 1.25E9 1.5E9 2.0E9 -2.044967296E9 -2.044967296E9 -1.294967296E9 -1.294967296E9 -1.294967296E9 -1.044967296E9 -7.94967296E8 -7.94967296E8 -5.44967296E8 -2.94967296E8 -2.94967296E8 2.05032704E8 2.05032704E8
8 0.0 2.5E8 5.0E8 5.0E8 5.0E8 7.5E8 1.0E9 1.5E9 1.5E9 1.75E9 1.75E9 2.0E9 -2.044967296E9 -2.044967296E9 -2.044967296E9 -1.794967296E9 -1.044967296E9 -7.94967296E8 -7.94967296E8 -5.44967296E8
9 0.0 2.5E8 2.5E8 5.0E8 5.0E8 7.5E8 7.5E8 7.5E8 1.0E9 1.0E9 1.25E9 1.25E9 1.75E9 1.75E9 1.75E9 1.75E9 1.75E9 2.0E9 2.0E9 -2.044967296E9
10 0.0 2.5E8 2.5E8 2.5E8 2.5E8 5.0E8 7.5E8 7.5E8 1.25E9 1.25E9 1.25E9 1.25E9 1.5E9 1.75E9 2.0E9 2.0E9 2.0E9 -2.044967296E9 -1.794967296E9 -1.544967296E9
11 0.0 5.0E8 5.0E8 5.0E8 5.0E8 5.0E8 7.5E8 1.5E9 -2.044967296E9 -1.294967296E9 -1.044967296E9 -5.44967296E8 -5.44967296E8 -5.44967296E8 -2.94967296E8 -4.4967296E7 2.05032704E8 2.05032704E8 2.05032704E8 2.05032704E8
12 7.5E8 1.0E9 -5.44967296E8 -5.44967296E8 -9.29869184E8 -5.64771072E8 -8.59738368E8 2.05032704E9 -8.34574848E8 -8.34574848E8 -8.34574848E8 -3.34574848E8 1.870457856E9 2.120457856E9 1.985555968E9 -1.559411328E9 1.90588672E8 -1.239280512E9 -7.84247808E8 4.65752192E8
13 2.5E8 2.5E8 5.0E8 7.5E8 7.5E8 7.5E8 7.5E8 1.0E9 1.0E9 1.0E9 1.0E9 1.0E9 1.0E9 1.0E9 1.0E9 1.25E9 1.5E9 1.75E9 -1.294967296E9 -7.94967296E8
14 2.5E8 5.0E8 1.705032704E9 1.955032704E9 -1.589934592E9 -6.09738368E8 -1.154705664E9 -6.9967296E8 1.665425152E9 -1.29542144E8 3.0523264E7 3.0523264E7 -1.64934592E9 -1.39934592E9 -1.14934592E9 -6.4934592E8 6.0065408E8 1.70784896E8 1.70784896E8 4.20784896E8
15 5.0E8 5.0E8 5.0E8 5.0E8 5.0E8 1.0E9 1.5E9 1.75E9 -2.044967296E9 -2.044967296E9 -2.044967296E9 -1.794967296E9 -1.544967296E9 -1.544967296E9 -1.544967296E9 -1.544967296E9 -1.544967296E9 -1.544967296E9 -1.544967296E9 -1.544967296E9
16 2.5E8 2.5E8 2.5E8 2.5E8 2.5E8 2.5E8 7.5E8 1.25E9 1.5E9 1.5E9 1.75E9 2.0E9 -1.794967296E9 -1.544967296E9 -7.94967296E8 -2.94967296E8 2.05032704E8 7.05032704E8 1.455032704E9 1.705032704E9
17 5.0E8 2.0E9 -1.839934592E9 -1.589934592E9 -5.89934592E8 -6.09738368E8 1.890261632E9 -1.904705664E9 -3.34574848E8 -3.34574848E8 1.07549056E9 1.07549056E9 -3.9934592E8 1.0065408E8 -9.44313216E8 -4.44313216E8 -4.44313216E8 1.920784896E9 -1.669149696E9 8.30850304E8
18 0.0 2.5E8 2.5E8 5.0E8 7.5E8 1.25E9 1.25E9 1.25E9 1.25E9 2.0E9 2.0E9 2.0E9 2.0E9 2.0E9 -2.044967296E9 -1.794967296E9 -1.544967296E9 -1.044967296E9 -1.044967296E9 -1.044967296E9
19 2.5E8 2.5E8 7.5E8 1.0E9 1.25E9 1.25E9 1.25E9 1.5E9 1.5E9 2.0E9 -2.044967296E9 -1.544967296E9 -1.044967296E9 -1.044967296E9 -1.044967296E9 -1.044967296E9 -1.044967296E9 -1.044967296E9 -1.044967296E9 -7.94967296E8
20 0.0 2.5E8 5.0E8 7.5E8 7.5E8 7.5E8 1.0E9 1.0E9 1.0E9 1.0E9 1.25E9 1.25E9 1.25E9 1.25E9 1.25E9 1.25E9 1.5E9 2.0E9 2.0E9 2.0E9
21 7.5E8 1.25E9 9.55032704E8 -1.384901888E9 -1.679869184E9 -8.59738368E8 -1.154705664E9 -1.244640256E9 -5.84574848E8 1.915425152E9 -5.14444032E8 -5.14444032E8 -1.104378624E9 -1.104378624E9 1.85065408E9 -1.94313216E8 -4.89280512E8 7.15752192E8 1.465752192E9 -1.1241824E9
22 2.5E8 2.5E8 5.0E8 5.0E8 1.25E9 1.5E9 1.5E9 1.75E9 1.75E9 2.0E9 -2.044967296E9 -2.044967296E9 -1.794967296E9 -1.794967296E9 -1.794967296E9 -1.794967296E9 -1.794967296E9 -1.794967296E9 -1.544967296E9 -1.544967296E9
23 0.0 2.5E8 1.0E9 1.5E9 2.0E9 2.0E9 2.0E9 2.0E9 2.0E9 2.0E9 2.0E9 -2.044967296E9 -2.044967296E9 -2.044967296E9 -1.794967296E9 -1.794967296E9 -1.544967296E9 -1.294967296E9 -1.044967296E9 -5.44967296E8
24 0.0 0.0 0.0 0.0 2.5E8 2.5E8 1.0E9 1.0E9 1.25E9 1.75E9 2.0E9 2.0E9 -2.044967296E9 -1.794967296E9 -1.294967296E9 -1.294967296E9 -1.294967296E9 -1.294967296E9 -7.94967296E8 -2.94967296E8
25 2.5E8 5.0E8 5.0E8 7.5E8 1.25E9 1.25E9 1.75E9 2.0E9 -1.794967296E9 -1.794967296E9 -1.544967296E9 -1.544967296E9 -1.544967296E9 -1.294967296E9 -1.294967296E9 -1.294967296E9 -1.294967296E9 -1.044967296E9 -7.94967296E8 -7.94967296E8
26 0.0 5.0E8 5.0E8 1.0E9 1.5E9 1.75E9 2.0E9 -2.044967296E9 -1.544967296E9 -1.544967296E9 -7.94967296E8 -7.94967296E8 -5.44967296E8 -5.44967296E8 -2.94967296E8 2.05032704E8 4.55032704E8 4.55032704E8 4.55032704E8 7.05032704E8
27 1.75E9 1.75E9 1.205032704E9 8.65098112E8 -1.679869184E9 9.80196224E8 -6.54705664E8 -9.94640256E8 -4.94640256E8 6.20457856E8 5.30523264E8 1.030523264E9 1.645621376E9 -1.89934592E9 -1.944313216E9 3.05686784E8 -9.89280512E8 1.965752192E9 -1.579215104E9 -3.741824E8
28 2.5E8 2.5E8 5.0E8 1.0E9 1.0E9 1.5E9 1.5E9 1.75E9 2.0E9 -1.794967296E9 -1.544967296E9 -1.294967296E9 -1.294967296E9 -1.044967296E9 -7.94967296E8 -4.4967296E7 -4.4967296E7 -4.4967296E7 4.55032704E8 9.55032704E8
29 0.0 5.0E8 1.25E9 1.25E9 1.5E9 1.75E9 1.75E9 1.75E9 2.0E9 2.0E9 -2.044967296E9 -2.044967296E9 -1.794967296E9 -1.794967296E9 -1.294967296E9 -1.294967296E9 -1.044967296E9 -7.94967296E8 -5.44967296E8 -5.44967296E8
30 2.5E8 2.5E8 2.5E8 5.0E8 1.0E9 1.5E9 2.0E9 2.0E9 -1.544967296E9 -1.294967296E9 -5.44967296E8 -4.4967296E7 -4.4967296E7 -4.4967296E7 2.05032704E8 4.55032704E8 4.55032704E8 7.05032704E8 7.05032704E8 7.05032704E8
31 -2.044967296E9 -2.044967296E9 1.455032704E9 -3.84901888E8 -1.179869184E9 -6.09738368E8 -9.04705664E8 -1.244640256E9 -2.084574848E9 -6.29542144E8 -1.4444032E7 2.35555968E8 3.95621376E8 6.45621376E8 1.10065408E9 -1.194313216E9 -7.39280512E8 1.465752192E9 1.465752192E9 -1.3741824E9
32 5.0E8 5.0E8 5.0E8 1.0E9 1.5E9 1.75E9 1.75E9 2.0E9 -2.044967296E9 -1.794967296E9 -1.294967296E9 -1.044967296E9 -1.044967296E9 -4.4967296E7 -4.4967296E7 2.05032704E8 4.55032704E8 9.55032704E8 1.205032704E9 1.455032704E9
33 1.5E9 1.75E9 -2.134901888E9 1.365098112E9 -4.29869184E8 8.90261632E8 -4.04705664E8 -7.44640256E8 -8.34574848E8 1.120457856E9 5.30523264E8 7.80523264E8 1.895621376E9 1.895621376E9 -1.94313216E8 8.05686784E8 1.260719488E9 -2.079215104E9 -2.079215104E9 1.258176E8
34 1.25E9 1.25E9 -2.089934592E9 -1.589934592E9 -1.589934592E9 -1.589934592E9 -1.589934592E9 -1.589934592E9 -1.589934592E9 -1.589934592E9 -1.589934592E9 -1.339934592E9 -1.339934592E9 -1.339934592E9 -1.339934592E9 -1.089934592E9 -1.089934592E9 -5.89934592E8 -3.39934592E8 -3.39934592E8
35 7.5E8 7.5E8 7.5E8 1.0E9 1.25E9 1.25E9 1.5E9 2.0E9 -2.044967296E9 -1.544967296E9 -1.544967296E9 -1.294967296E9 -1.294967296E9 -7.94967296E8 -5.44967296E8 -5.44967296E8 -2.94967296E8 -2.94967296E8 -4.4967296E7 2.05032704E8
36 2.5E8 2.5E8 7.5E8 7.5E8 1.0E9 1.25E9 1.75E9 2.0E9 2.0E9 -2.044967296E9 -2.044967296E9 -1.544967296E9 -1.544967296E9 -1.294967296E9 -1.044967296E9 -1.044967296E9 -7.94967296E8 -7.94967296E8 -7.94967296E8 -7.94967296E8
37 5.0E8 5.0E8 5.0E8 5.0E8 7.5E8 1.0E9 1.0E9 1.5E9 2.0E9 -1.544967296E9 -1.044967296E9 -5.44967296E8 -2.94967296E8 -4.4967296E7 2.05032704E8 7.05032704E8 1.205032704E9 1.205032704E9 1.205032704E9 1.205032704E9
38 0.0 7.5E8 7.5E8 1.0E9 2.0E9 -2.044967296E9 -2.044967296E9 -1.794967296E9 -1.544967296E9 -1.294967296E9 -1.044967296E9 -7.94967296E8 -5.44967296E8 -4.4967296E7 4.55032704E8 7.05032704E8 7.05032704E8 7.05032704E8 9.55032704E8 9.55032704E8
39 7.5E8 7.5E8 7.5E8 7.5E8 1.5E9 2.0E9 -2.044967296E9 -2.044967296E9 -2.044967296E9 -1.794967296E9 -1.544967296E9 -1.544967296E9 -1.294967296E9 -1.044967296E9 -1.044967296E9 -1.044967296E9 -1.044967296E9 -7.94967296E8 -7.94967296E8 -2.94967296E8
40 5.0E8 7.5E8 1.5E9 1.75E9 2.0E9 2.0E9 2.0E9 2.0E9 2.0E9 2.0E9 2.0E9 -2.044967296E9 -1.794967296E9 -1.794967296E9 -1.544967296E9 -1.544967296E9 -1.294967296E9 -7.94967296E8 -5.44967296E8 -2.94967296E8
41 5.0E8 7.5E8 1.0E9 1.5E9 1.5E9 1.75E9 -2.044967296E9 -1.544967296E9 -1.544967296E9 -1.294967296E9 -1.294967296E9 -1.294967296E9 -7.94967296E8 -7.94967296E8 -5.44967296E8 -4.4967296E7 -4.4967296E7 2.05032704E8 2.05032704E8 2.05032704E8
42 0.0 2.5E8 2.5E8 1.0E9 1.0E9 1.0E9 1.0E9 1.25E9 1.5E9 1.5E9 2.0E9 -2.044967296E9 -2.044967296E9 -1.794967296E9 -1.544967296E9 -1.544967296E9 -1.294967296E9 -7.94967296E8 -5.44967296E8 -2.94967296E8
43 2.5E8 2.5E8 5.0E8 5.0E8 5.0E8 5.0E8 7.5E8 1.25E9 1.75E9 1.75E9 2.0E9 2.0E9 2.0E9 -2.044967296E9 -1.794967296E9 -1.544967296E9 -7.94967296E8 -5.44967296E8 -5.44967296E8 -4.4967296E7
44 0.0 0.0 0.0 0.0 0.0 2.5E8 5.0E8 5.0E8 7.5E8 7.5E8 1.0E9 1.25E9 1.25E9 1.5E9 2.0E9 -2.044967296E9 -1.794967296E9 -1.794967296E9 -1.794967296E9 -1.544967296E9
45 2.5E8 2.5E8 5.0E8 7.5E8 7.5E8 1.5E9 1.5E9 1.5E9 1.5E9 1.5E9 1.5E9 1.5E9 1.75E9 2.0E9 2.0E9 -2.044967296E9 -2.044967296E9 -1.794967296E9 -1.544967296E9 -1.044967296E9
46 5.0E8 5.0E8 1.0E9 1.0E9 1.0E9 1.25E9 1.25E9 1.25E9 1.5E9 1.75E9 1.75E9 1.75E9 1.75E9 -2.044967296E9 -1.544967296E9 -1.544967296E9 -1.294967296E9 -1.044967296E9 -1.044967296E9 -1.044967296E9
47 0.0 0.0 5.0E8 5.0E8 5.0E8 5.0E8 1.0E9 1.25E9 1.25E9 1.25E9 1.25E9 1.5E9 1.5E9 1.75E9 1.75E9 2.0E9 -2.044967296E9 -2.044967296E9 -1.794967296E9 -1.794967296E9
48 0.0 0.0 2.5E8 5.0E8 5.0E8 7.5E8 1.0E9 1.0E9 1.0E9 1.25E9 1.25E9 1.25E9 1.25E9 1.5E9 1.5E9 1.5E9 1.75E9 2.0E9 2.0E9 -2.044967296E9
49 0.0 2.5E8 5.0E8 5.0E8 5.0E8 5.0E8 7.5E8 7.5E8 7.5E8 1.0E9 1.0E9 1.25E9 2.0E9 -1.794967296E9 -1.544967296E9 -1.044967296E9 -7.94967296E8 -5.44967296E8 -5.44967296E8 -2.94967296E8
50 0.0 7.5E8 1.0E9 1.75E9 1.75E9 2.0E9 -1.544967296E9 -1.544967296E9 -1.294967296E9 -1.044967296E9 -7.94967296E8 -5.44967296E8 -2.94967296E8 -2.94967296E8 -4.4967296E7 -4.4967296E7 -4.4967296E7 2.05032704E8 4.55032704E8 7.05032704E8
51 2.5E8 2.5E8 2.5E8 2.5E8 5.0E8 5.0E8 5.0E8 5.0E8 5.0E8 7.5E8 1.0E9 1.25E9 1.25E9 1.25E9 1.5E9 1.5E9 1.75E9 2.0E9 -2.044967296E9 -2.044967296E9
