0 3350
1 1982
2 4464
3 3282
4 2960
5 2677
6 762
7 1053
8 1527
9 2867
10 545
11 435
12 4369
13 4083
14 2319
15 4024
16 3450
17 975
18 676
19 1394
20 1350
21 2371
22 2486
23 3022
24 3229
25 3093
26 2433
27 2931
28 1996
29 2815
30 3281
31 4085
32 2386
33 2635
34 2411
35 2738
36 2826
37 3204
38 2585
39 3486
40 2589
41 2130
42 4115
43 3605
44 2965
45 2628
46 3218
47 3969
48 3118
49 3943
50 4116
51 3638
52 4258
53 3048
54 1891
55 3723
56 3354
57 3779
58 2781
59 5381
60 3591
61 2391
62 1495
63 3542
64 2375
65 5046
66 3276
67 1991
68 1388
69 3979
70 3167
71 4674
72 3604
73 4762
74 4495
75 4970
76 5465
77 5265
78 5060
79 3919
80 4184
81 5286
82 1441
83 5446
84 2749
85 4151
86 4107
87 5654
88 5245
89 5122
90 4186
91 2014
92 5284
93 1844
94 4157
95 2371
96 656
97 3954
