0 3349
1 1980
2 4464
3 3282
4 2960
5 2676
6 762
7 1051
8 1527
9 2870
10 546
11 435
12 4373
13 4086
14 2319
15 4026
16 3455
17 976
18 676
19 1394
20 1351
21 2371
22 2489
23 3023
24 3229
25 3092
26 2436
27 2930
28 1996
29 2815
30 3279
31 4083
32 2387
33 2637
34 2413
35 2739
36 2825
37 3207
38 2587
39 3485
40 2593
41 2130
42 4118
43 3605
44 2965
45 2627
46 3217
47 3971
48 3119
49 3943
50 4119
51 3646
52 4261
53 3049
54 1895
55 3721
56 3360
57 3778
58 2784
59 5380
60 3591
61 2392
62 1495
63 3542
64 2375
65 5048
66 3276
67 1991
68 1388
69 3976
70 3167
71 4674
72 3607
73 4764
74 4498
75 4971
76 5459
77 5267
78 5062
79 3920
80 4184
81 5287
82 1441
83 5448
84 2749
85 4154
86 4107
87 5655
88 5245
89 5117
90 4187
91 2014
92 5284
93 1843
94 4157
95 2370
96 657
97 3952
