records: 20
      Record Time
Host  UsedBuffer

  16870.0 33740.0 50610.0 67480.0 84350.0 101220.0 118090.0 134960.0 151830.0 168700.0 185570.0 202440.0 219310.0 236180.0 253050.0 269920.0 286790.0 303660.0 320530.0 337400.0
0 1.5E9 -2.044967296E9 -7.94967296E8 1.410065408E9 -1.429869184E9 -4.29869184E8 -1.79869184E8 3.20130816E8 -1.064771072E9 -3.59738368E8 8.90261632E8 -1.654705664E9 -1.404705664E9 -1.994640256E9 5359744.0 -2.039607552E9 -2.039607552E9 -5.39607552E8 -1.834574848E9 -6.29542144E8
1 0.0 2.5E8 2.5E8 5.0E8 5.0E8 7.5E8 7.5E8 7.5E8 7.5E8 7.5E8 1.0E9 1.0E9 1.0E9 1.0E9 1.0E9 1.0E9 1.0E9 1.0E9 1.0E9 1.0E9
2 0.0 0.0 0.0 0.0 0.0 5.0E8 5.0E8 7.5E8 7.5E8 7.5E8 7.5E8 1.0E9 1.0E9 1.0E9 1.0E9 1.25E9 1.5E9 1.5E9 1.5E9 1.5E9
3 0.0 0.0 0.0 0.0 0.0 0.0 2.5E8 2.5E8 2.5E8 2.5E8 2.5E8 2.5E8 2.5E8 2.5E8 2.5E8 5.0E8 5.0E8 5.0E8 5.0E8 5.0E8
4 2.5E8 2.5E8 2.5E8 2.5E8 2.5E8 5.0E8 5.0E8 5.0E8 5.0E8 5.0E8 7.5E8 7.5E8 7.5E8 7.5E8 1.0E9 1.0E9 1.0E9 1.25E9 1.5E9 1.5E9
5 0.0 0.0 0.0 -1.634901888E9 -1.179869184E9 -6.79869184E8 3.20130816E8 8.20130816E8 -9.7483648E8 -3.59738368E8 1.140261632E9 -1.904705664E9 -1.904705664E9 1.80032704E9 2.55359744E8 1.005359744E9 1.505359744E9 2.005359744E9 6.65425152E8 -1.379542144E9
6 0.0 0.0 0.0 0.0 0.0 0.0 0.0 0.0 2.5E8 5.0E8 5.0E8 5.0E8 5.0E8 5.0E8 5.0E8 5.0E8 5.0E8 5.0E8 5.0E8 5.0E8
7 0.0 -1.794967296E9 -1.544967296E9 9.10065408E8 -1.34901888E8 -1.679869184E9 -1.679869184E9 -1.429869184E9 2.516352E7 9.35228928E8 9.35228928E8 9.35228928E8 9.35228928E8 -1.859738368E9 -1.494640256E9 -2.44640256E8 5359744.0 5359744.0 2.005359744E9 1.165425152E9
8 0.0 0.0 1.25E9 1.410065408E9 2.115098112E9 -9.29869184E8 7.0130816E7 5.70130816E8 -1.22483648E9 -8.59738368E8 6.40261632E8 1.890261632E9 1.890261632E9 -6.9967296E8 -2.44640256E8 5.05359744E8 1.005359744E9 1.505359744E9 -8.34574848E8 1.915425152E9
9 0.0 2.5E8 2.5E8 2.5E8 2.5E8 2.5E8 5.0E8 5.0E8 5.0E8 5.0E8 5.0E8 5.0E8 5.0E8 7.5E8 7.5E8 1.0E9 1.0E9 1.0E9 1.0E9 1.25E9
10 0.0 0.0 -2.089934592E9 -2.089934592E9 -2.089934592E9 -2.089934592E9 -1.589934592E9 -1.339934592E9 -1.769803776E9 -1.09738368E8 1.40261632E8 1.40261632E8 6.40261632E8 -1.69967296E9 -6.9967296E8 -6.9967296E8 -6.9967296E8 -4.4967296E8 -7.44640256E8 -1.129542144E9
11 0.0 0.0 0.0 1.410065408E9 1.615098112E9 -1.179869184E9 7.0130816E7 5.70130816E8 1.230196224E9 -1.109738368E9 -1.109738368E9 -1.109738368E9 3.90261632E8 3.0032704E8 -2.44640256E8 -2.44640256E8 -2.44640256E8 -5.39607552E8 -8.34574848E8 -5.84574848E8
12 1.75E9 -1.544967296E9 -1.544967296E9 -1.634901888E9 -1.429869184E9 -9.29869184E8 7.0130816E7 5.70130816E8 1.52516352E9 -6.09738368E8 8.90261632E8 -1.904705664E9 -1.904705664E9 1.80032704E9 2.55359744E8 1.005359744E9 1.755359744E9 1.755359744E9 -1.539607552E9 -7.89607552E8
13 1.5E9 -2.044967296E9 -5.44967296E8 -1.884901888E9 -1.929869184E9 -9.29869184E8 -9.29869184E8 7.0130816E7 -1.564771072E9 -8.59738368E8 3.90261632E8 2.140261632E9 2.140261632E9 1.30032704E9 1.30032704E9 1.30032704E9 1.30032704E9 1.55032704E9 1.55032704E9 1.55032704E9
14 1.25E9 2.0E9 -1.589934592E9 1.410065408E9 -1.929869184E9 -9.29869184E8 -6.79869184E8 -4.29869184E8 -1.314771072E9 -1.109738368E9 3.90261632E8 2.140261632E9 -1.904705664E9 1.55032704E9 -1.994640256E9 -1.994640256E9 -1.994640256E9 -1.744640256E9 -1.744640256E9 -1.744640256E9
15 0.0 0.0 0.0 0.0 0.0 0.0 0.0 0.0 0.0 0.0 0.0 0.0 0.0 0.0 0.0 0.0 0.0 0.0 0.0 0.0
16 1.75E9 -1.544967296E9 -1.544967296E9 -1.634901888E9 -1.179869184E9 -6.79869184E8 3.20130816E8 8.20130816E8 -1.769803776E9 -3.59738368E8 1.140261632E9 -1.654705664E9 -1.654705664E9 1.80032704E9 2.55359744E8 1.005359744E9 1.505359744E9 2.005359744E9 1.460392448E9 -8.79542144E8
17 2.5E8 2.5E8 2.5E8 5.0E8 5.0E8 5.0E8 5.0E8 5.0E8 5.0E8 5.0E8 5.0E8 7.5E8 7.5E8 7.5E8 7.5E8 7.5E8 7.5E8 7.5E8 1.0E9 1.0E9
18 0.0 0.0 0.0 2.5E8 2.5E8 2.5E8 2.5E8 2.5E8 2.5E8 5.0E8 5.0E8 5.0E8 5.0E8 5.0E8 7.5E8 7.5E8 7.5E8 7.5E8 7.5E8 7.5E8
19 1.5E9 -2.044967296E9 -1.794967296E9 -1.044967296E9 -4.4967296E7 -5.89934592E8 -2.134901888E9 -1.79869184E8 1.570130816E9 -1.97483648E9 1.52516352E9 -1.769803776E9 -2.064771072E9 -1.314771072E9 1.40261632E8 -1.404705664E9 3.45294336E8 -6.9967296E8 -6.9967296E8 -6.9967296E8
20 1.5E9 1.5E9 1.5E9 1.5E9 1.5E9 1.5E9 1.5E9 1.5E9 1.705032704E9 -1.089934592E9 -1.089934592E9 -8.9934592E7 -8.9934592E7 6.60065408E8 5.05359744E8 5.05359744E8 5.05359744E8 5.05359744E8 -1.039607552E9 -1.879542144E9
21 0.0 0.0 0.0 0.0 0.0 0.0 0.0 5.0E8 5.0E8 5.0E8 5.0E8 5.0E8 5.0E8 5.0E8 5.0E8 5.0E8 5.0E8 5.0E8 5.0E8 5.0E8
22 0.0 0.0 0.0 0.0 0.0 0.0 0.0 0.0 0.0 0.0 0.0 0.0 0.0 0.0 2.5E8 2.5E8 5.0E8 5.0E8 5.0E8 5.0E8
23 2.5E8 -1.794967296E9 -1.839934592E9 -1.884901888E9 -1.429869184E9 -1.179869184E9 7.0130816E7 8.20130816E8 -1.064771072E9 6.85228928E8 3.90261632E8 6.40261632E8 6.40261632E8 1.55032704E9 -1.494640256E9 5.05359744E8 5.05359744E8 5.05359744E8 1.915425152E9 -1.379542144E9
24 0.0 0.0 2.5E8 5.0E8 5.0E8 5.0E8 5.0E8 5.0E8 5.0E8 5.0E8 5.0E8 5.0E8 5.0E8 5.0E8 5.0E8 5.0E8 5.0E8 7.5E8 7.5E8 7.5E8
25 0.0 0.0 0.0 0.0 2.5E8 2.5E8 2.5E8 2.5E8 2.5E8 5.0E8 5.0E8 5.0E8 5.0E8 7.5E8 7.5E8 1.0E9 1.0E9 1.0E9 1.0E9 1.0E9
26 0.0 0.0 0.0 5.0E8 7.5E8 1.0E9 1.0E9 1.0E9 1.0E9 1.0E9 1.0E9 1.0E9 1.0E9 1.0E9 1.0E9 1.0E9 1.0E9 1.0E9 1.0E9 1.0E9
27 1.75E9 -1.794967296E9 -1.794967296E9 -2.94967296E8 -1.179869184E9 -9.29869184E8 -4.29869184E8 3.20130816E8 5.70130816E8 -1.609738368E9 8.90261632E8 8.90261632E8 1.140261632E9 1.640261632E9 -1.244640256E9 -1.244640256E9 -1.244640256E9 -1.244640256E9 -1.244640256E9 -1.244640256E9
28 1.75E9 1.75E9 -1.839934592E9 1.160065408E9 -1.929869184E9 -1.179869184E9 -1.179869184E9 -1.179869184E9 1.980196224E9 -8.59738368E8 -1.09738368E8 -1.09738368E8 -1.09738368E8 -1.09738368E8 1.40261632E8 1.40261632E8 1.40261632E8 1.40261632E8 3.0032704E8 -8.79542144E8
29 0.0 0.0 0.0 0.0 0.0 0.0 0.0 0.0 0.0 0.0 0.0 0.0 0.0 0.0 0.0 0.0 0.0 0.0 2.5E8 5.0E8
30 0.0 0.0 0.0 0.0 0.0 0.0 2.5E8 5.0E8 1.0E9 1.0E9 1.0E9 1.0E9 1.0E9 1.0E9 1.0E9 1.25E9 1.25E9 1.25E9 1.25E9 1.25E9
31 1.75E9 -1.794967296E9 -1.589934592E9 -1.884901888E9 1.365098112E9 1.365098112E9 1.615098112E9 1.865098112E9 1.230196224E9 -1.359738368E9 -3.59738368E8 -1.09738368E8 -1.09738368E8 -4.4967296E8 -9.94640256E8 -9.94640256E8 -9.94640256E8 -7.44640256E8 9.15425152E8 -1.879542144E9
32 5.0E8 7.5E8 -1.839934592E9 4.10065408E8 4.10065408E8 -2.134901888E9 -1.884901888E9 -1.634901888E9 -1.064771072E9 -3.59738368E8 8.90261632E8 1.390261632E9 1.640261632E9 5.95294336E8 -9.94640256E8 5.05359744E8 5.05359744E8 5.05359744E8 1.165425152E9 3.70457856E8
33 2.5E8 2.5E8 -1.589934592E9 -1.634901888E9 -1.134901888E9 -8.84901888E8 -8.84901888E8 -1.34901888E8 -1.79869184E8 -3.59738368E8 8.90261632E8 8.90261632E8 1.140261632E9 1.140261632E9 1.390261632E9 1.390261632E9 1.640261632E9 1.640261632E9 1.640261632E9 1.640261632E9
34 1.75E9 -1.794967296E9 -1.589934592E9 1.160065408E9 2.115098112E9 2.115098112E9 -1.679869184E9 -1.429869184E9 -1.314771072E9 -1.359738368E9 3.90261632E8 3.90261632E8 6.40261632E8 1.55032704E9 -1.994640256E9 -1.994640256E9 -1.994640256E9 -1.994640256E9 1.960392448E9 1.915425152E9
35 0.0 0.0 2.5E8 2.5E8 5.0E8 5.0E8 5.0E8 5.0E8 7.5E8 7.5E8 1.0E9 1.0E9 1.25E9 1.25E9 1.25E9 1.25E9 1.25E9 1.25E9 1.25E9 1.25E9
36 0.0 2.5E8 2.5E8 2.5E8 2.5E8 5.0E8 5.0E8 5.0E8 5.0E8 7.5E8 7.5E8 7.5E8 7.5E8 7.5E8 1.0E9 1.0E9 1.25E9 1.25E9 1.5E9 1.5E9
37 0.0 0.0 2.5E8 2.5E8 2.5E8 2.5E8 2.5E8 2.5E8 2.5E8 5.0E8 5.0E8 5.0E8 5.0E8 5.0E8 5.0E8 5.0E8 5.0E8 5.0E8 5.0E8 5.0E8
38 2.5E8 5.0E8 5.0E8 7.5E8 -1.429869184E9 -9.29869184E8 -9.29869184E8 3.20130816E8 -1.814771072E9 1.685228928E9 -1.09738368E8 -1.09738368E8 8.90261632E8 -9.4967296E8 -1.744640256E9 -2.44640256E8 5359744.0 5359744.0 -1.789607552E9 -1.789607552E9
39 0.0 0.0 0.0 2.5E8 2.5E8 2.5E8 2.5E8 5.0E8 5.0E8 5.0E8 5.0E8 5.0E8 5.0E8 5.0E8 5.0E8 5.0E8 5.0E8 5.0E8 5.0E8 5.0E8
40 2.5E8 2.5E8 -1.589934592E9 4.10065408E8 6.60065408E8 6.60065408E8 1.160065408E9 1.660065408E9 -5.64771072E8 -1.09738368E8 1.140261632E9 1.140261632E9 1.140261632E9 1.30032704E9 5.05359744E8 1.255359744E9 1.505359744E9 -1.289607552E9 -8.4574848E7 3.70457856E8
41 0.0 2.5E8 2.5E8 2.5E8 2.5E8 2.5E8 2.5E8 2.5E8 2.5E8 2.5E8 2.5E8 2.5E8 2.5E8 2.5E8 7.5E8 7.5E8 7.5E8 1.0E9 1.0E9 1.0E9
42 0.0 0.0 0.0 0.0 0.0 0.0 0.0 0.0 0.0 0.0 2.5E8 2.5E8 2.5E8 2.5E8 2.5E8 2.5E8 7.5E8 7.5E8 7.5E8 7.5E8
43 2.5E8 2.5E8 2.5E8 5.0E8 5.0E8 5.0E8 5.0E8 5.0E8 5.0E8 7.5E8 7.5E8 7.5E8 7.5E8 7.5E8 7.5E8 1.25E9 1.25E9 1.25E9 1.5E9 1.5E9
44 0.0 0.0 2.5E8 2.5E8 2.5E8 2.5E8 2.5E8 2.5E8 2.5E8 2.5E8 2.5E8 2.5E8 2.5E8 2.5E8 2.5E8 2.5E8 2.5E8 2.5E8 2.5E8 2.5E8
45 0.0 2.5E8 2.5E8 2.5E8 2.5E8 2.5E8 2.5E8 2.5E8 2.5E8 5.0E8 7.5E8 7.5E8 1.0E9 1.25E9 1.25E9 1.25E9 1.25E9 1.25E9 1.25E9 1.25E9
46 0.0 0.0 2.5E8 2.5E8 2.5E8 2.5E8 2.5E8 2.5E8 2.5E8 2.5E8 5.0E8 5.0E8 5.0E8 5.0E8 5.0E8 5.0E8 5.0E8 5.0E8 5.0E8 5.0E8
47 2.0E9 -1.794967296E9 -1.589934592E9 1.410065408E9 1.865098112E9 -1.679869184E9 3.20130816E8 8.20130816E8 -8.14771072E8 -3.59738368E8 8.90261632E8 1.140261632E9 1.140261632E9 3.0032704E8 5.05359744E8 7.55359744E8 7.55359744E8 7.55359744E8 1.915425152E9 6.20457856E8
48 7.5E8 7.5E8 -2.94967296E8 1.410065408E9 2.115098112E9 -6.79869184E8 -4.29869184E8 3.20130816E8 -5.64771072E8 -8.59738368E8 1.140261632E9 1.140261632E9 1.140261632E9 -1.744640256E9 7.55359744E8 -1.789607552E9 -1.789607552E9 -1.039607552E9 -1.334574848E9 -2.129542144E9
49 2.5E8 2.5E8 -1.589934592E9 -1.634901888E9 -1.179869184E9 -9.29869184E8 -9.29869184E8 -4.29869184E8 -8.14771072E8 -3.59738368E8 -3.59738368E8 -1.09738368E8 -1.09738368E8 1.80032704E9 5.05359744E8 -2.039607552E9 -2.039607552E9 -2.039607552E9 1.460392448E9 -6.29542144E8
50 0.0 2.5E8 2.5E8 2.5E8 5.0E8 5.0E8 7.5E8 7.5E8 7.5E8 7.5E8 7.5E8 7.5E8 1.0E9 1.0E9 1.0E9 1.0E9 1.0E9 1.0E9 1.0E9 1.0E9
51 1.75E9 -1.794967296E9 -1.589934592E9 -1.884901888E9 -1.679869184E9 -1.179869184E9 -6.79869184E8 -1.79869184E8 -1.064771072E9 -6.09738368E8 -6.09738368E8 -6.09738368E8 1.140261632E9 1.80032704E9 5359744.0 1.755359744E9 -2.039607552E9 -1.289607552E9 -1.334574848E9 -1.334574848E9
52 0.0 0.0 2.5E8 2.5E8 5.0E8 5.0E8 5.0E8 5.0E8 5.0E8 7.5E8 7.5E8 7.5E8 7.5E8 7.5E8 1.0E9 1.0E9 1.0E9 1.25E9 1.25E9 1.5E9
53 2.5E8 2.5E8 2.5E8 2.5E8 7.5E8 7.5E8 7.5E8 7.5E8 7.5E8 7.5E8 7.5E8 1.25E9 1.25E9 1.25E9 1.5E9 1.5E9 1.5E9 1.5E9 1.5E9 1.5E9
54 0.0 0.0 0.0 0.0 0.0 0.0 0.0 0.0 0.0 0.0 0.0 2.5E8 2.5E8 2.5E8 2.5E8 5.0E8 5.0E8 5.0E8 5.0E8 7.5E8
55 0.0 0.0 0.0 0.0 0.0 0.0 0.0 0.0 0.0 0.0 0.0 0.0 0.0 0.0 0.0 2.5E8 2.5E8 2.5E8 5.0E8 5.0E8
56 2.0E9 -1.794967296E9 -1.339934592E9 -1.634901888E9 -1.679869184E9 -9.29869184E8 -6.79869184E8 -6.79869184E8 1.570130816E9 1.570130816E9 2.070130816E9 2.070130816E9 2.070130816E9 2.140261632E9 -1.69967296E9 1.005359744E9 1.005359744E9 1.005359744E9 -1.084574848E9 -1.084574848E9
57 0.0 0.0 0.0 0.0 0.0 0.0 0.0 0.0 0.0 0.0 0.0 0.0 0.0 0.0 0.0 0.0 0.0 0.0 0.0 0.0
58 0.0 0.0 0.0 0.0 0.0 0.0 0.0 0.0 0.0 0.0 2.5E8 2.5E8 2.5E8 2.5E8 2.5E8 2.5E8 5.0E8 5.0E8 7.5E8 7.5E8
59 0.0 0.0 2.5E8 2.5E8 5.0E8 5.0E8 5.0E8 5.0E8 5.0E8 5.0E8 5.0E8 5.0E8 7.5E8 7.5E8 7.5E8 7.5E8 1.0E9 1.0E9 1.0E9 1.0E9
60 0.0 0.0 0.0 2.5E8 2.5E8 5.0E8 5.0E8 5.0E8 5.0E8 5.0E8 5.0E8 5.0E8 5.0E8 7.5E8 7.5E8 7.5E8 7.5E8 7.5E8 7.5E8 7.5E8
61 1.0E9 1.0E9 1.455032704E9 -1.634901888E9 2.115098112E9 -6.79869184E8 5.70130816E8 1.070130816E9 -8.14771072E8 -3.59738368E8 1.40261632E8 1.40261632E8 1.40261632E8 5.032704E7 5.032704E7 5.032704E7 5.032704E7 5.032704E7 5.032704E7 5.032704E7
62 0.0 0.0 0.0 0.0 0.0 0.0 0.0 0.0 0.0 0.0 0.0 0.0 0.0 0.0 0.0 0.0 0.0 0.0 0.0 2.5E8
63 0.0 0.0 0.0 0.0 0.0 0.0 0.0 0.0 0.0 0.0 0.0 0.0 0.0 0.0 0.0 0.0 0.0 0.0 0.0 2.5E8
64 0.0 0.0 0.0 0.0 0.0 0.0 0.0 0.0 0.0 0.0 0.0 0.0 0.0 0.0 0.0 0.0 2.5E8 5.0E8 5.0E8 7.5E8
65 0.0 0.0 0.0 0.0 2.5E8 2.5E8 2.5E8 2.5E8 2.5E8 2.5E8 2.5E8 2.5E8 2.5E8 2.5E8 2.5E8 2.5E8 2.5E8 2.5E8 5.0E8 5.0E8
66 0.0 0.0 0.0 0.0 0.0 0.0 0.0 0.0 0.0 0.0 0.0 2.5E8 5.0E8 5.0E8 5.0E8 5.0E8 5.0E8 5.0E8 5.0E8 5.0E8
67 1.0E9 1.25E9 1.25E9 1.25E9 -1.929869184E9 -1.929869184E9 -1.929869184E9 -1.179869184E9 -9.29869184E8 -1.09738368E8 3.90261632E8 3.90261632E8 -9.04705664E8 1.80032704E9 -7.44640256E8 -7.44640256E8 -4.94640256E8 -4.94640256E8 -2.44640256E8 -2.44640256E8
68 0.0 0.0 0.0 0.0 0.0 0.0 0.0 0.0 0.0 2.5E8 2.5E8 2.5E8 2.5E8 2.5E8 2.5E8 5.0E8 5.0E8 5.0E8 5.0E8 7.5E8
69 0.0 0.0 0.0 0.0 0.0 0.0 2.5E8 2.5E8 2.5E8 2.5E8 2.5E8 2.5E8 2.5E8 2.5E8 5.0E8 5.0E8 5.0E8 5.0E8 5.0E8 5.0E8
70 0.0 0.0 0.0 0.0 0.0 0.0 0.0 0.0 0.0 0.0 2.5E8 7.5E8 7.5E8 7.5E8 7.5E8 7.5E8 7.5E8 7.5E8 1.0E9 1.0E9
71 0.0 0.0 0.0 0.0 0.0 0.0 0.0 0.0 0.0 0.0 0.0 0.0 2.5E8 2.5E8 2.5E8 2.5E8 2.5E8 2.5E8 5.0E8 5.0E8
72 0.0 0.0 0.0 0.0 0.0 0.0 0.0 5.0E8 5.0E8 1.0E9 1.0E9 1.0E9 1.0E9 1.0E9 1.0E9 1.0E9 1.0E9 1.0E9 1.0E9 1.0E9
73 0.0 0.0 0.0 0.0 0.0 0.0 2.5E8 2.5E8 2.5E8 2.5E8 2.5E8 2.5E8 2.5E8 2.5E8 2.5E8 2.5E8 2.5E8 5.0E8 5.0E8 5.0E8
74 1.0E9 1.0E9 2.0E9 -1.634901888E9 -1.429869184E9 -9.29869184E8 -6.79869184E8 -6.79869184E8 -5.64771072E8 -6.09738368E8 -1.09738368E8 -1.09738368E8 -1.09738368E8 1.845294336E9 -2.44640256E8 -2.44640256E8 -2.44640256E8 5359744.0 5359744.0 5359744.0
75 2.5E8 5.0E8 -1.589934592E9 -1.634901888E9 -1.179869184E9 -6.79869184E8 -1.79869184E8 -1.79869184E8 -8.14771072E8 -3.59738368E8 8.90261632E8 1.140261632E9 1.140261632E9 -1.994640256E9 -1.244640256E9 -1.244640256E9 -1.244640256E9 -1.244640256E9 -1.879542144E9 -1.879542144E9
76 1.75E9 -1.794967296E9 -1.339934592E9 -1.634901888E9 -1.179869184E9 -6.79869184E8 -6.79869184E8 -1.79869184E8 -5.64771072E8 -1.09738368E8 1.140261632E9 1.140261632E9 1.140261632E9 1.80032704E9 -4.94640256E8 -1.789607552E9 -1.789607552E9 -1.789607552E9 -1.334574848E9 -3.79542144E8
77 2.5E8 2.5E8 -1.339934592E9 -2.134901888E9 -1.679869184E9 -1.179869184E9 -6.79869184E8 -6.79869184E8 -1.314771072E9 -6.09738368E8 3.90261632E8 6.40261632E8 2.140261632E9 1.80032704E9 -7.44640256E8 -7.44640256E8 -2.44640256E8 -2.44640256E8 5.05359744E8 -1.084574848E9
78 2.0E9 -1.794967296E9 -1.589934592E9 -1.634901888E9 -1.179869184E9 -6.79869184E8 -6.79869184E8 7.0130816E7 -1.064771072E9 -1.09738368E8 1.140261632E9 1.140261632E9 1.390261632E9 8.0032704E8 -7.44640256E8 -7.44640256E8 -7.44640256E8 -7.44640256E8 5.05359744E8 5.05359744E8
79 -2.044967296E9 -1.794967296E9 -1.794967296E9 -1.544967296E9 -1.544967296E9 -1.544967296E9 1.660065408E9 -2.134901888E9 -5.64771072E8 -6.09738368E8 -6.09738368E8 -3.59738368E8 -3.59738368E8 2.05032704E9 5.05359744E8 -2.039607552E9 -1.789607552E9 2.10392448E8 -1.834574848E9 3.70457856E8
80 0.0 0.0 0.0 0.0 0.0 0.0 0.0 0.0 0.0 0.0 0.0 0.0 2.5E8 2.5E8 2.5E8 2.5E8 2.5E8 2.5E8 2.5E8 2.5E8
81 0.0 0.0 0.0 0.0 0.0 0.0 0.0 0.0 0.0 0.0 0.0 0.0 0.0 0.0 0.0 0.0 0.0 0.0 0.0 0.0
82 1.75E9 -1.544967296E9 -1.339934592E9 1.660065408E9 3.65098112E8 3.65098112E8 3.65098112E8 1.115098112E9 1.115098112E9 -6.09738368E8 -3.59738368E8 -3.59738368E8 -3.59738368E8 -3.59738368E8 -3.59738368E8 -3.59738368E8 -3.59738368E8 -3.59738368E8 -8.34574848E8 -5.84574848E8
83 0.0 2.5E8 2.5E8 2.5E8 5.0E8 7.5E8 7.5E8 1.0E9 1.0E9 1.0E9 1.25E9 1.25E9 1.25E9 1.25E9 1.25E9 1.25E9 1.25E9 1.25E9 1.25E9 1.25E9
84 0.0 0.0 0.0 0.0 0.0 0.0 0.0 0.0 0.0 0.0 0.0 2.5E8 2.5E8 2.5E8 2.5E8 2.5E8 2.5E8 5.0E8 5.0E8 7.5E8
85 1.75E9 -2.044967296E9 -1.589934592E9 1.160065408E9 -1.179869184E9 -6.79869184E8 7.0130816E7 7.0130816E7 -8.14771072E8 -1.09738368E8 1.390261632E9 1.390261632E9 1.390261632E9 1.390261632E9 1.640261632E9 1.095294336E9 1.345294336E9 1.345294336E9 -1.244640256E9 1.165425152E9
86 1.75E9 1.75E9 2.0E9 -1.884901888E9 -1.679869184E9 -1.179869184E9 -9.29869184E8 -1.79869184E8 -1.064771072E9 -8.59738368E8 -1.09738368E8 -1.09738368E8 -1.09738368E8 1.40261632E8 3.90261632E8 3.90261632E8 3.90261632E8 3.90261632E8 3.90261632E8 3.90261632E8
87 0.0 0.0 0.0 0.0 0.0 0.0 0.0 2.5E8 2.5E8 2.5E8 2.5E8 2.5E8 2.5E8 2.5E8 2.5E8 2.5E8 2.5E8 2.5E8 2.5E8 2.5E8
88 2.0E9 -2.044967296E9 -1.339934592E9 -1.634901888E9 -1.429869184E9 -9.29869184E8 -6.79869184E8 5.70130816E8 -8.14771072E8 -3.59738368E8 8.90261632E8 8.90261632E8 1.140261632E9 1.80032704E9 2.55359744E8 7.55359744E8 2.005359744E9 2.005359744E9 1.460392448E9 -3.79542144E8
89 5.0E8 5.0E8 5.0E8 5.0E8 5.0E8 5.0E8 5.0E8 5.0E8 5.0E8 5.0E8 5.0E8 7.5E8 1.0E9 1.25E9 1.25E9 1.25E9 1.25E9 1.5E9 1.5E9 1.5E9
90 0.0 0.0 0.0 0.0 0.0 0.0 0.0 0.0 0.0 2.5E8 2.5E8 2.5E8 2.5E8 2.5E8 2.5E8 2.5E8 2.5E8 2.5E8 2.5E8 2.5E8
91 2.5E8 2.5E8 2.5E8 2.5E8 2.5E8 5.0E8 5.0E8 5.0E8 5.0E8 7.5E8 7.5E8 1.0E9 1.0E9 1.0E9 1.0E9 1.0E9 1.0E9 1.0E9 1.0E9 1.0E9
92 1.75E9 -1.794967296E9 -1.794967296E9 -1.634901888E9 -1.179869184E9 -9.29869184E8 -4.29869184E8 3.20130816E8 -1.314771072E9 -1.859738368E9 6.40261632E8 6.40261632E8 8.90261632E8 1.30032704E9 -9.94640256E8 -9.94640256E8 1.755359744E9 -1.789607552E9 1.415425152E9 -6.29542144E8
93 2.5E8 2.5E8 5.0E8 5.0E8 5.0E8 7.5E8 7.5E8 7.5E8 7.5E8 7.5E8 7.5E8 7.5E8 1.0E9 1.0E9 1.0E9 1.0E9 1.0E9 1.0E9 1.0E9 1.0E9
94 0.0 0.0 0.0 2.5E8 2.5E8 2.5E8 2.5E8 2.5E8 2.5E8 2.5E8 2.5E8 2.5E8 2.5E8 2.5E8 2.5E8 2.5E8 5.0E8 5.0E8 5.0E8 5.0E8
95 0.0 0.0 0.0 0.0 0.0 0.0 0.0 0.0 0.0 0.0 0.0 2.5E8 2.5E8 2.5E8 2.5E8 2.5E8 2.5E8 2.5E8 2.5E8 2.5E8
96 2.5E8 2.5E8 2.5E8 2.5E8 2.5E8 2.5E8 5.0E8 5.0E8 5.0E8 5.0E8 5.0E8 5.0E8 5.0E8 5.0E8 5.0E8 5.0E8 5.0E8 5.0E8 5.0E8 5.0E8
97 2.0E9 -1.794967296E9 -1.589934592E9 -1.634901888E9 -1.179869184E9 -9.29869184E8 -9.29869184E8 -9.29869184E8 -9.29869184E8 -9.29869184E8 -9.29869184E8 -9.29869184E8 -6.79869184E8 -1.79869184E8 -1.79869184E8 7.0130816E7 7.0130816E7 7.0130816E7 7.0130816E7 7.0130816E7
