0 3353
1 1982
2 4469
3 3281
4 2962
5 2677
6 763
7 1052
8 1527
9 2870
10 545
11 435
12 4371
13 4084
14 2319
15 4022
16 3453
17 978
18 676
19 1396
20 1350
21 2373
22 2487
23 3023
24 3233
25 3094
26 2434
27 2931
28 1997
29 2816
30 3283
31 4086
32 2388
33 2637
34 2413
35 2740
36 2827
37 3207
38 2587
39 3489
40 2593
41 2134
42 4119
43 3612
44 2967
45 2627
46 3221
47 3974
48 3122
49 3942
50 4118
51 3644
52 4262
53 3050
54 1894
55 3725
56 3357
57 3779
58 2783
59 5387
60 3587
61 2392
62 1497
63 3547
64 2378
65 5048
66 3277
67 1992
68 1390
69 3982
70 3168
71 4676
72 3607
73 4763
74 4493
75 4975
76 5464
77 5272
78 5063
79 3920
80 4184
81 5287
82 1442
83 5446
84 2749
85 4156
86 4105
87 5655
88 5249
89 5121
90 4189
91 2013
92 5286
93 1845
94 4155
95 2372
96 657
97 3950
