0 3350
1 1981
2 4464
3 3280
4 2961
5 2676
6 762
7 1057
8 1527
9 2866
10 545
11 435
12 4369
13 4083
14 2319
15 4023
16 3452
17 976
18 676
19 1394
20 1350
21 2371
22 2488
23 3022
24 3230
25 3091
26 2433
27 2931
28 1997
29 2815
30 3280
31 4085
32 2386
33 2635
34 2410
35 2738
36 2826
37 3206
38 2585
39 3486
40 2590
41 2130
42 4114
43 3605
44 2965
45 2623
46 3217
47 3968
48 3119
49 3943
50 4117
51 3640
52 4256
53 3048
54 1892
55 3720
56 3354
57 3779
58 2783
59 5382
60 3592
61 2391
62 1495
63 3542
64 2374
65 5047
66 3276
67 1991
68 1388
69 3979
70 3167
71 4673
72 3604
73 4763
74 4499
75 4970
76 5463
77 5268
78 5058
79 3919
80 4184
81 5287
82 1441
83 5445
84 2749
85 4152
86 4108
87 5653
88 5245
89 5119
90 4186
91 2014
92 5284
93 1844
94 4159
95 2371
96 657
97 3953
