0 3351
1 1980
2 4462
3 3284
4 2963
5 2676
6 763
7 1055
8 1525
9 2870
10 545
11 435
12 4370
13 4083
14 2319
15 4021
16 3452
17 976
18 676
19 1394
20 1351
21 2372
22 2487
23 3020
24 3229
25 3092
26 2435
27 2931
28 1994
29 2815
30 3279
31 4083
32 2388
33 2637
34 2412
35 2737
36 2824
37 3206
38 2586
39 3487
40 2591
41 2132
42 4116
43 3606
44 2967
45 2627
46 3218
47 3969
48 3119
49 3943
50 4117
51 3641
52 4258
53 3049
54 1892
55 3721
56 3358
57 3782
58 2783
59 5381
60 3587
61 2390
62 1494
63 3544
64 2375
65 5047
66 3277
67 1992
68 1389
69 3976
70 3166
71 4673
72 3602
73 4763
74 4496
75 4969
76 5462
77 5265
78 5057
79 3919
80 4182
81 5282
82 1441
83 5445
84 2749
85 4153
86 4106
87 5653
88 5244
89 5116
90 4184
91 2012
92 5282
93 1844
94 4159
95 2371
96 657
97 3950
