0 3352
1 1982
2 4465
3 3280
4 2962
5 2675
6 762
7 1051
8 1526
9 2867
10 545
11 435
12 4371
13 4084
14 2319
15 4023
16 3452
17 976
18 676
19 1394
20 1350
21 2371
22 2489
23 3022
24 3229
25 3092
26 2435
27 2930
28 1995
29 2814
30 3279
31 4083
32 2386
33 2635
34 2411
35 2737
36 2827
37 3205
38 2585
39 3484
40 2590
41 2131
42 4115
43 3607
44 2965
45 2625
46 3218
47 3970
48 3118
49 3944
50 4116
51 3640
52 4257
53 3048
54 1892
55 3722
56 3356
57 3784
58 2784
59 5381
60 3593
61 2390
62 1495
63 3541
64 2377
65 5047
66 3276
67 1992
68 1388
69 3979
70 3167
71 4674
72 3605
73 4765
74 4497
75 4970
76 5464
77 5265
78 5057
79 3919
80 4184
81 5285
82 1441
83 5442
84 2748
85 4156
86 4108
87 5653
88 5244
89 5118
90 4185
91 2013
92 5283
93 1846
94 4160
95 2371
96 657
97 3952
