0 3350
1 1982
2 4466
3 3280
4 2960
5 2676
6 762
7 1051
8 1525
9 2866
10 545
11 435
12 4371
13 4081
14 2319
15 4023
16 3450
17 976
18 676
19 1394
20 1350
21 2374
22 2489
23 3023
24 3230
25 3093
26 2435
27 2931
28 1998
29 2818
30 3280
31 4084
32 2387
33 2635
34 2413
35 2738
36 2826
37 3207
38 2584
39 3485
40 2592
41 2130
42 4114
43 3609
44 2965
45 2626
46 3216
47 3968
48 3119
49 3943
50 4118
51 3642
52 4259
53 3049
54 1894
55 3720
56 3356
57 3779
58 2785
59 5381
60 3592
61 2390
62 1495
63 3543
64 2375
65 5046
66 3276
67 1991
68 1388
69 3977
70 3167
71 4674
72 3603
73 4765
74 4497
75 4972
76 5464
77 5267
78 5056
79 3917
80 4184
81 5285
82 1441
83 5449
84 2749
85 4153
86 4107
87 5652
88 5244
89 5119
90 4185
91 2013
92 5284
93 1846
94 4158
95 2371
96 657
97 3951
