records: 20
      Record Time
Host  UsedBuffer

  49376.0 98752.0 148128.0 197504.0 246880.0 296256.0 345632.0 395008.0 444384.0 493760.0 543136.0 592512.0 641888.0 691264.0 740640.0 790016.0 839392.0 888768.0 938144.0 987520.0
0 0.0 2.0E9 2.0E9 -1.794967296E9 -7.94967296E8 -7.94967296E8 2.05032704E8 7.05032704E8 1.205032704E9 1.205032704E9 1.205032704E9 1.205032704E9 1.705032704E9 -1.589934592E9 -5.89934592E8 -5.89934592E8 -5.89934592E8 -5.89934592E8 -8.9934592E7 4.10065408E8
1 0.0 0.0 5.0E8 5.0E8 5.0E8 5.0E8 1.0E9 1.5E9 2.0E9 2.0E9 2.0E9 -1.794967296E9 -1.294967296E9 -7.94967296E8 -7.94967296E8 -7.94967296E8 2.05032704E8 2.05032704E8 -2.089934592E9 -1.589934592E9
2 -2.94967296E8 2.05032704E8 4.10065408E8 -8.84901888E8 8.20130816E8 -8.34574848E8 8.70457856E8 9.85555968E8 2.15752192E8 1.920784896E9 -1.643986176E9 -1.43986176E8 1.471111936E9 1.471111936E9 8.6210048E7 8.6210048E7 1.791242752E9 2.1438976E7 2.1438976E7 8.41569792E8
3 0.0 0.0 5.0E8 1.0E9 1.0E9 1.0E9 1.0E9 1.0E9 1.0E9 1.5E9 1.5E9 -1.794967296E9 -1.294967296E9 -7.94967296E8 -2.94967296E8 2.05032704E8 7.05032704E8 7.05032704E8 7.05032704E8 7.05032704E8
4 0.0 0.0 5.0E8 1.0E9 1.5E9 -7.94967296E8 -7.94967296E8 -2.94967296E8 -2.94967296E8 -2.94967296E8 7.05032704E8 1.205032704E9 -1.589934592E9 -1.089934592E9 -8.9934592E7 4.10065408E8 4.10065408E8 4.10065408E8 1.410065408E9 -1.884901888E9
5 5.0E8 1.5E9 2.0E9 -1.794967296E9 -1.294967296E9 -7.94967296E8 -7.94967296E8 -7.94967296E8 -2.94967296E8 -2.94967296E8 -2.94967296E8 -2.94967296E8 7.05032704E8 1.705032704E9 -2.089934592E9 -2.089934592E9 -1.589934592E9 -8.9934592E7 -8.9934592E7 4.10065408E8
6 -7.94967296E8 2.05032704E8 1.115098112E9 1.615098112E9 -1.79869184E8 -8.34574848E8 -1.42450944E9 -2.104378624E9 8.05686784E8 1.1258176E9 -1.554051584E9 -5.54051584E8 -1.32385536E9 -1.32385536E9 2.086210048E9 -1.208757248E9 1.791242752E9 -7.7352832E8 -7.7352832E8 -7.7352832E8
7 5.0E8 1.5E9 2.0E9 2.0E9 -1.794967296E9 -1.294967296E9 -2.94967296E8 2.05032704E8 2.05032704E8 1.705032704E9 1.705032704E9 1.705032704E9 -2.089934592E9 -1.589934592E9 -1.589934592E9 -1.089934592E9 -5.89934592E8 -5.89934592E8 4.10065408E8 4.10065408E8
8 0.0 5.0E8 1.0E9 1.0E9 1.0E9 1.5E9 2.0E9 -1.294967296E9 -1.294967296E9 -7.94967296E8 -7.94967296E8 -2.94967296E8 2.05032704E8 2.05032704E8 2.05032704E8 7.05032704E8 -2.089934592E9 -1.589934592E9 -1.589934592E9 -1.089934592E9
9 0.0 5.0E8 5.0E8 1.0E9 1.0E9 1.5E9 1.5E9 1.5E9 2.0E9 2.0E9 -1.794967296E9 -1.794967296E9 -7.94967296E8 -7.94967296E8 -7.94967296E8 -7.94967296E8 -7.94967296E8 -2.94967296E8 -2.94967296E8 2.05032704E8
10 0.0 5.0E8 5.0E8 5.0E8 5.0E8 1.0E9 1.5E9 1.5E9 -1.794967296E9 -1.794967296E9 -1.794967296E9 -1.794967296E9 -1.294967296E9 -7.94967296E8 -2.94967296E8 -2.94967296E8 -2.94967296E8 2.05032704E8 7.05032704E8 1.205032704E9
11 0.0 1.0E9 1.0E9 1.0E9 1.0E9 1.0E9 1.5E9 -1.294967296E9 2.05032704E8 1.705032704E9 -2.089934592E9 -1.089934592E9 -1.089934592E9 -1.089934592E9 -5.89934592E8 -8.9934592E7 4.10065408E8 4.10065408E8 4.10065408E8 4.10065408E8
12 1.5E9 2.0E9 2.0E9 2.0E9 1.52516352E9 1.140261632E9 1.345294336E9 1.280523264E9 -8.09411328E8 -8.09411328E8 -8.09411328E8 1.90588672E8 1.190588672E9 1.690588672E9 -1.39934592E9 1.0065408E8 -6.94313216E8 -1.464116992E9 -9.64116992E8 3.56013824E8
13 5.0E8 5.0E8 1.0E9 1.5E9 1.5E9 1.5E9 1.5E9 2.0E9 2.0E9 2.0E9 2.0E9 2.0E9 2.0E9 2.0E9 2.0E9 -1.794967296E9 -1.294967296E9 -7.94967296E8 1.705032704E9 -1.589934592E9
14 1.0E9 1.5E9 1.410065408E9 1.910065408E9 -3.84901888E8 -1.94967296E9 1.65425152E8 1.280523264E9 -2.079215104E9 1.1258176E9 -1.554051584E9 -1.554051584E9 -5.28888064E8 -2.8888064E7 4.71111936E8 1.471111936E9 -3.2385536E8 1.406340864E9 1.406340864E9 1.906340864E9
15 1.0E9 1.0E9 1.0E9 1.0E9 1.0E9 2.0E9 -1.294967296E9 -7.94967296E8 2.05032704E8 2.05032704E8 2.05032704E8 7.05032704E8 1.205032704E9 1.205032704E9 1.205032704E9 1.205032704E9 1.205032704E9 1.205032704E9 1.205032704E9 1.205032704E9
16 5.0E8 5.0E8 5.0E8 5.0E8 5.0E8 5.0E8 1.5E9 -1.794967296E9 -1.294967296E9 -1.294967296E9 -7.94967296E8 -2.94967296E8 7.05032704E8 1.205032704E9 -1.589934592E9 -5.89934592E8 4.10065408E8 1.410065408E9 -1.384901888E9 -8.84901888E8
17 1.5E9 -1.294967296E9 -1.384901888E9 -8.84901888E8 1.615098112E9 -1.42450944E9 -1.42450944E9 -4.2450944E8 -1.784247808E9 -1.784247808E9 -8.741824E8 -8.741824E8 -2.118822656E9 -1.118822656E9 5.86210048E8 1.586210048E9 1.586210048E9 -5.68495616E8 -8.63462912E8 -4.53397504E8
18 1.0E9 1.5E9 -8.9934592E7 4.10065408E8 -1.884901888E9 2.05032704E9 -2.039607552E9 -3.34574848E8 1.510719488E9 -1.284247808E9 2.1258176E9 2.1258176E9 5.61046528E8 5.61046528E8 -2.8888064E7 4.71111936E8 -8.2385536E8 6.11373568E8 6.11373568E8 1.046602496E9
19 1.5E9 1.5E9 1.205032704E9 -1.089934592E9 -1.79869184E8 -5.39607552E8 -1.334574848E9 -9.2450944E8 1.305686784E9 -1.989280512E9 -2.59084288E8 7.40915712E8 1.471111936E9 1.471111936E9 -2.118822656E9 -2.118822656E9 3.81177344E8 -1.978561024E9 -7.7352832E8 3.41569792E8
20 2.0E9 -1.794967296E9 -1.679869184E9 -1.179869184E9 1.435228928E9 1.65425152E8 -4.2450944E8 -6.04378624E8 1.010719488E9 -1.3741824E9 -1.554051584E9 -1.554051584E9 -1.82385536E9 -1.82385536E9 -1.208757248E9 -1.208757248E9 9.06340864E8 5.21438976E8 -5.68495616E8 3.66733312E8
21 2.0E9 -1.294967296E9 -1.589934592E9 -8.84901888E8 -6.4771072E7 1.960392448E9 -1.129542144E9 -2.104378624E9 3.05686784E8 -9.89280512E8 7.40915712E8 7.40915712E8 2.66079232E8 2.66079232E8 -9.13789952E8 -4.13789952E8 1.70130816E9 8.16406272E8 -1.978561024E9 1.161700608E9
22 1.5E9 1.5E9 2.0E9 2.0E9 -7.94967296E8 1.02516352E9 1.02516352E9 1.52516352E9 -2.014444032E9 4.85555968E8 -7.9215104E7 -7.9215104E7 -6.18822656E8 -6.18822656E8 -1.503724544E9 -1.503724544E9 -1.503724544E9 1.841569792E9 -4.53397504E8 -8.38299392E8
23 2.0E9 -7.94967296E8 7.05032704E8 1.705032704E9 -1.589934592E9 -8.9934592E7 9.10065408E8 9.10065408E8 9.10065408E8 9.10065408E8 9.10065408E8 1.410065408E9 1.410065408E9 1.410065408E9 1.910065408E9 1.910065408E9 -1.884901888E9 1.115098112E9 1.615098112E9 -1.679869184E9
24 0.0 0.0 0.0 0.0 5.0E8 5.0E8 2.0E9 2.0E9 -1.794967296E9 -7.94967296E8 -2.94967296E8 -2.94967296E8 2.05032704E8 7.05032704E8 1.705032704E9 1.705032704E9 1.705032704E9 1.705032704E9 -1.589934592E9 -5.89934592E8
25 5.0E8 1.0E9 1.0E9 1.5E9 -1.794967296E9 -1.794967296E9 -7.94967296E8 -2.94967296E8 7.05032704E8 7.05032704E8 1.205032704E9 1.205032704E9 1.205032704E9 1.705032704E9 1.705032704E9 1.705032704E9 1.705032704E9 -2.089934592E9 -1.589934592E9 -1.589934592E9
26 0.0 1.0E9 1.0E9 2.0E9 -1.294967296E9 -7.94967296E8 -2.94967296E8 2.05032704E8 1.205032704E9 1.205032704E9 -1.589934592E9 -1.589934592E9 -1.089934592E9 -1.089934592E9 -5.89934592E8 4.10065408E8 9.10065408E8 9.10065408E8 9.10065408E8 1.410065408E9
27 -7.94967296E8 -7.94967296E8 -2.089934592E9 2.516352E7 1.730196224E9 7.55359744E8 3.70457856E8 6.90588672E8 1.690588672E9 9.20784896E8 1.740915712E9 -1.554051584E9 9.71111936E8 -1.82385536E9 1.381177344E9 -2.003724544E9 -9.3659136E7 -1.478561024E9 2.1438976E7 5.46602496E8
28 5.0E8 5.0E8 1.0E9 2.0E9 2.0E9 -1.294967296E9 -1.294967296E9 -7.94967296E8 -2.94967296E8 7.05032704E8 1.205032704E9 1.705032704E9 1.705032704E9 -2.089934592E9 -1.589934592E9 -8.9934592E7 -8.9934592E7 -8.9934592E7 9.10065408E8 1.910065408E9
29 -1.794967296E9 -7.94967296E8 -3.84901888E8 -3.84901888E8 2.115098112E9 -1.769803776E9 1.05032704E9 1.05032704E9 1.485555968E9 1.485555968E9 -3.9934592E8 -3.9934592E8 -1.34901888E9 -1.34901888E9 2.66079232E8 2.66079232E8 8.6210048E7 9.06340864E8 -6.83593728E8 1.341569792E9
30 1.5E9 -1.794967296E9 -1.794967296E9 -1.294967296E9 -2.94967296E8 7.05032704E8 1.705032704E9 1.705032704E9 6.15098112E8 1.115098112E9 -9.7483648E8 2.516352E7 2.516352E7 2.516352E7 5.2516352E8 1.02516352E9 1.02516352E9 -1.064771072E9 -1.064771072E9 -1.064771072E9
31 1.5E9 1.5E9 -1.794967296E9 -1.294967296E9 -2.94967296E8 -2.94967296E8 -2.94967296E8 2.05032704E8 7.05032704E8 1.205032704E9 -1.589934592E9 -1.089934592E9 -1.089934592E9 -5.89934592E8 -5.89934592E8 -5.89934592E8 -8.9934592E7 4.10065408E8 4.10065408E8 4.10065408E8
32 1.0E9 1.0E9 1.0E9 2.0E9 -1.294967296E9 -7.94967296E8 -7.94967296E8 -2.94967296E8 2.05032704E8 7.05032704E8 1.705032704E9 -2.089934592E9 -2.089934592E9 -8.9934592E7 -8.9934592E7 4.10065408E8 9.10065408E8 1.910065408E9 -1.884901888E9 -1.384901888E9
33 -1.294967296E9 -7.94967296E8 -1.179869184E9 -1.769803776E9 -1.859738368E9 6.65425152E8 -1.42450944E9 -1.604378624E9 1.805686784E9 1.258176E8 1.740915712E9 -2.054051584E9 1.971111936E9 1.971111936E9 1.496275456E9 1.496275456E9 9.06340864E8 -1.77352832E9 -1.77352832E9 -1.33266688E8
34 -1.794967296E9 -1.794967296E9 -8.9934592E7 9.10065408E8 9.10065408E8 9.10065408E8 9.10065408E8 9.10065408E8 9.10065408E8 9.10065408E8 9.10065408E8 1.410065408E9 1.410065408E9 1.410065408E9 1.410065408E9 1.910065408E9 1.910065408E9 -1.384901888E9 -8.84901888E8 -8.84901888E8
35 1.5E9 1.5E9 1.5E9 2.0E9 -1.794967296E9 -1.794967296E9 -1.294967296E9 -2.94967296E8 2.05032704E8 1.205032704E9 1.205032704E9 1.705032704E9 1.705032704E9 -1.589934592E9 -1.089934592E9 -1.089934592E9 -5.89934592E8 -5.89934592E8 -8.9934592E7 4.10065408E8
36 5.0E8 5.0E8 1.5E9 1.5E9 2.0E9 -1.794967296E9 -7.94967296E8 -2.94967296E8 -2.94967296E8 2.05032704E8 2.05032704E8 1.205032704E9 1.205032704E9 1.705032704E9 -2.089934592E9 -2.089934592E9 -1.589934592E9 -1.589934592E9 -1.589934592E9 -1.589934592E9
37 1.0E9 1.0E9 1.0E9 1.0E9 1.5E9 2.0E9 2.0E9 -1.294967296E9 -2.94967296E8 1.205032704E9 -2.089934592E9 -1.089934592E9 -5.89934592E8 -8.9934592E7 4.10065408E8 1.410065408E9 -1.884901888E9 -1.884901888E9 -1.884901888E9 -1.884901888E9
38 0.0 1.5E9 1.5E9 2.0E9 -2.94967296E8 2.05032704E8 2.05032704E8 7.05032704E8 1.205032704E9 1.705032704E9 -2.089934592E9 -1.589934592E9 -1.089934592E9 -8.9934592E7 9.10065408E8 1.410065408E9 1.410065408E9 1.410065408E9 1.910065408E9 1.910065408E9
39 1.5E9 1.5E9 1.5E9 1.5E9 -1.294967296E9 -2.94967296E8 2.05032704E8 2.05032704E8 2.05032704E8 7.05032704E8 1.205032704E9 1.205032704E9 1.705032704E9 -2.089934592E9 -2.089934592E9 -2.089934592E9 -2.089934592E9 -1.589934592E9 -1.589934592E9 -5.89934592E8
40 1.0E9 1.5E9 -1.294967296E9 -7.94967296E8 -2.94967296E8 -2.94967296E8 -2.94967296E8 -2.94967296E8 -2.94967296E8 -2.94967296E8 -2.94967296E8 2.05032704E8 7.05032704E8 7.05032704E8 1.205032704E9 1.205032704E9 1.705032704E9 -1.589934592E9 -1.089934592E9 -5.89934592E8
41 1.0E9 1.5E9 2.0E9 -1.294967296E9 -1.294967296E9 -7.94967296E8 2.05032704E8 1.205032704E9 1.205032704E9 1.705032704E9 1.705032704E9 1.705032704E9 -1.589934592E9 -1.589934592E9 -1.089934592E9 -8.9934592E7 -8.9934592E7 4.10065408E8 4.10065408E8 4.10065408E8
42 0.0 5.0E8 5.0E8 2.0E9 2.0E9 2.0E9 2.0E9 -1.794967296E9 -1.294967296E9 -1.294967296E9 -2.94967296E8 2.05032704E8 2.05032704E8 7.05032704E8 1.205032704E9 1.205032704E9 1.705032704E9 -1.589934592E9 -1.089934592E9 -5.89934592E8
43 5.0E8 5.0E8 1.0E9 1.0E9 1.0E9 1.0E9 1.5E9 -1.794967296E9 -7.94967296E8 -7.94967296E8 -2.94967296E8 -2.94967296E8 -2.94967296E8 2.05032704E8 7.05032704E8 1.205032704E9 -1.589934592E9 -1.089934592E9 -1.089934592E9 -8.9934592E7
44 0.0 0.0 0.0 0.0 0.0 5.0E8 1.0E9 1.0E9 1.5E9 1.5E9 2.0E9 -1.794967296E9 -1.794967296E9 -1.294967296E9 -2.94967296E8 2.05032704E8 7.05032704E8 7.05032704E8 7.05032704E8 1.205032704E9
45 5.0E8 5.0E8 1.0E9 1.5E9 1.5E9 -1.294967296E9 -1.294967296E9 -1.294967296E9 -1.294967296E9 -1.294967296E9 -1.294967296E9 -1.294967296E9 -7.94967296E8 -2.94967296E8 -2.94967296E8 2.05032704E8 2.05032704E8 7.05032704E8 1.205032704E9 -2.089934592E9
46 1.0E9 1.0E9 2.0E9 2.0E9 2.0E9 -1.794967296E9 -1.794967296E9 -1.794967296E9 -1.294967296E9 -7.94967296E8 -7.94967296E8 -7.94967296E8 -7.94967296E8 2.05032704E8 1.205032704E9 1.205032704E9 1.705032704E9 -2.089934592E9 -2.089934592E9 -2.089934592E9
47 0.0 0.0 1.0E9 1.0E9 1.0E9 1.0E9 2.0E9 -1.794967296E9 -1.794967296E9 -2.089934592E9 -2.089934592E9 -1.589934592E9 -1.589934592E9 -1.089934592E9 -1.089934592E9 -5.89934592E8 -8.9934592E7 -8.9934592E7 4.10065408E8 4.10065408E8
48 0.0 0.0 5.0E8 1.0E9 1.0E9 1.5E9 2.0E9 2.0E9 2.0E9 -1.794967296E9 -1.794967296E9 -1.794967296E9 -1.794967296E9 -1.294967296E9 -1.294967296E9 -1.294967296E9 -7.94967296E8 -2.94967296E8 -2.94967296E8 2.05032704E8
49 0.0 5.0E8 1.0E9 1.0E9 1.0E9 1.0E9 1.5E9 1.5E9 1.5E9 2.0E9 2.0E9 -1.794967296E9 -2.94967296E8 7.05032704E8 1.205032704E9 -2.089934592E9 -1.589934592E9 -1.089934592E9 -1.089934592E9 -5.89934592E8
50 0.0 1.5E9 2.0E9 -7.94967296E8 -7.94967296E8 -2.94967296E8 1.205032704E9 1.205032704E9 1.705032704E9 -2.089934592E9 -1.589934592E9 -1.089934592E9 -5.89934592E8 -5.89934592E8 -8.9934592E7 -8.9934592E7 -8.9934592E7 4.10065408E8 9.10065408E8 1.410065408E9
51 5.0E8 5.0E8 5.0E8 5.0E8 1.0E9 1.0E9 1.0E9 1.0E9 1.0E9 1.5E9 2.0E9 -1.794967296E9 -1.794967296E9 -1.794967296E9 -1.294967296E9 -1.294967296E9 -7.94967296E8 -2.94967296E8 2.05032704E8 2.05032704E8
