records: 20
      Record Time
Host  UsedBuffer

  49376.0 98752.0 148128.0 197504.0 246880.0 296256.0 345632.0 395008.0 444384.0 493760.0 543136.0 592512.0 641888.0 691264.0 740640.0 790016.0 839392.0 888768.0 938144.0 987520.0
0 5.0E8 -1.794967296E9 2.05032704E8 7.05032704E8 -2.089934592E9 -1.179869184E9 -1.94967296E9 -1.129542144E9 -1.94313216E8 -1.784247808E9 -2.59084288E8 1.240915712E9 -1.618822656E9 -6.18822656E8 3.81177344E8 3.81177344E8 3.81177344E8 3.81177344E8 8.81177344E8 1.381177344E9
1 -1.794967296E9 -1.794967296E9 -1.384901888E9 -1.384901888E9 1.615098112E9 -8.34574848E8 3.70457856E8 -1.719476736E9 3.05686784E8 3.05686784E8 2.035883008E9 -1.759084288E9 -2.028888064E9 -1.528888064E9 -1.528888064E9 -1.528888064E9 -5.28888064E8 -5.28888064E8 1.471111936E9 1.971111936E9
2 5.0E8 1.0E9 1.5E9 2.0E9 -1.794967296E9 -1.294967296E9 -7.94967296E8 -2.94967296E8 7.05032704E8 7.05032704E8 1.205032704E9 -1.589934592E9 -1.089934592E9 -1.089934592E9 -5.89934592E8 -5.89934592E8 9.10065408E8 9.10065408E8 9.10065408E8 -1.884901888E9
3 5.0E8 5.0E8 2.05032704E8 7.05032704E8 1.705032704E9 1.05032704E9 -2.039607552E9 6.65425152E8 1.90588672E8 5.10719488E8 1.535883008E9 -2.59084288E8 1.17614464E9 1.67614464E9 -2.118822656E9 -1.618822656E9 -1.118822656E9 -1.118822656E9 -1.118822656E9 -1.118822656E9
4 0.0 0.0 5.0E8 1.0E9 1.5E9 -7.94967296E8 -7.94967296E8 -2.94967296E8 -2.94967296E8 -2.94967296E8 7.05032704E8 1.205032704E9 -1.589934592E9 -1.089934592E9 -8.9934592E7 4.10065408E8 4.10065408E8 4.10065408E8 1.410065408E9 -1.884901888E9
5 5.0E8 1.5E9 2.0E9 -1.794967296E9 -1.294967296E9 -7.94967296E8 -7.94967296E8 -7.94967296E8 -2.94967296E8 -2.94967296E8 -2.94967296E8 -2.94967296E8 7.05032704E8 1.705032704E9 -2.089934592E9 -2.089934592E9 -1.589934592E9 -8.9934592E7 -8.9934592E7 4.10065408E8
6 5.0E8 1.5E9 2.0E9 -1.794967296E9 -1.794967296E9 -1.294967296E9 -7.94967296E8 -2.94967296E8 -2.94967296E8 7.05032704E8 -2.089934592E9 -1.089934592E9 -5.89934592E8 -5.89934592E8 -5.89934592E8 4.10065408E8 4.10065408E8 9.10065408E8 9.10065408E8 9.10065408E8
7 5.0E8 1.5E9 -7.94967296E8 -7.94967296E8 9.10065408E8 1.320130816E9 -1.97483648E9 -1.129542144E9 -1.129542144E9 3.70457856E8 -1.42450944E9 -1.42450944E9 -9.2450944E8 -4.2450944E8 -4.2450944E8 7.549056E7 5.7549056E8 -5.14444032E8 4.85555968E8 4.85555968E8
8 1.5E9 2.0E9 -1.794967296E9 -1.794967296E9 1.205032704E9 -1.244640256E9 -7.44640256E8 -2.129542144E9 -1.309411328E9 -8.09411328E8 -1.464116992E9 -9.64116992E8 1.5098112E8 1.5098112E8 1.5098112E8 6.5098112E8 -2.143986176E9 -1.643986176E9 -1.643986176E9 -1.143986176E9
9 0.0 5.0E8 5.0E8 1.0E9 1.0E9 1.5E9 1.5E9 1.5E9 2.0E9 2.0E9 -1.794967296E9 -1.794967296E9 -7.94967296E8 -7.94967296E8 -7.94967296E8 -7.94967296E8 -7.94967296E8 -2.94967296E8 -2.94967296E8 2.05032704E8
10 -1.794967296E9 -7.94967296E8 1.205032704E9 1.205032704E9 7.30196224E8 -2.039607552E9 -1.039607552E9 -6.29542144E8 -2.014444032E9 -1.4444032E7 1.830850304E9 1.830850304E9 -6.43986176E8 -1.43986176E8 -9.38953472E8 -9.38953472E8 9.96275456E8 -7.7352832E8 -2.7352832E8 2.2647168E8
11 0.0 1.0E9 1.0E9 1.0E9 1.0E9 1.0E9 1.5E9 -1.294967296E9 2.05032704E8 1.705032704E9 -2.089934592E9 -1.089934592E9 -1.089934592E9 -1.089934592E9 -5.89934592E8 -8.9934592E7 4.10065408E8 4.10065408E8 4.10065408E8 4.10065408E8
12 1.5E9 2.0E9 -7.94967296E8 -7.94967296E8 1.910065408E9 1.435228928E9 1.40261632E8 -1.219476736E9 1.10065408E9 1.10065408E9 1.10065408E9 2.10065408E9 -1.194313216E9 -6.94313216E8 1.305686784E9 -1.489280512E9 2.010719488E9 -1.464116992E9 -9.64116992E8 3.56013824E8
13 1.0E9 1.0E9 -1.294967296E9 -7.94967296E8 -7.94967296E8 1.05032704E9 2.55359744E8 1.255359744E9 2.010719488E9 2.010719488E9 -2.59084288E8 -2.59084288E8 1.766079232E9 1.766079232E9 -5.28888064E8 -2.8888064E7 -8.2385536E8 -1.478561024E9 1.22647168E9 1.161700608E9
14 5.0E8 1.0E9 -1.794967296E9 -1.294967296E9 -2.089934592E9 -7.44640256E8 -3.9607552E7 7.80523264E8 8.05686784E8 1.010719488E9 -1.69149696E8 -1.69149696E8 -2.118822656E9 -1.618822656E9 -1.118822656E9 -1.18822656E8 -1.913789952E9 2.2647168E8 2.2647168E8 7.2647168E8
15 1.0E9 1.0E9 1.0E9 1.0E9 1.0E9 2.0E9 -1.294967296E9 -7.94967296E8 2.05032704E8 2.05032704E8 2.05032704E8 7.05032704E8 1.205032704E9 1.205032704E9 1.205032704E9 1.205032704E9 1.205032704E9 1.205032704E9 1.205032704E9 1.205032704E9
16 -7.94967296E8 -7.94967296E8 -7.94967296E8 -7.94967296E8 -7.94967296E8 -1.089934592E9 -8.9934592E7 9.10065408E8 8.70457856E8 5.7549056E8 1.0065408E8 6.0065408E8 -1.964116992E9 -1.464116992E9 2.035883008E9 -1.259084288E9 -2.59084288E8 -6.18822656E8 8.81177344E8 7.91242752E8
17 5.0E8 1.5E9 2.0E9 -1.794967296E9 -7.94967296E8 -2.94967296E8 -2.94967296E8 7.05032704E8 1.205032704E9 1.205032704E9 1.205032704E9 1.205032704E9 1.705032704E9 -1.589934592E9 -5.89934592E8 4.10065408E8 4.10065408E8 9.10065408E8 1.910065408E9 -8.84901888E8
18 5.0E8 -1.794967296E9 -1.794967296E9 -1.294967296E9 -2.089934592E9 -1.654705664E9 1.55032704E9 -1.834574848E9 6.0065408E8 2.10065408E9 1.1258176E9 1.1258176E9 4.71111936E8 4.71111936E8 -1.32385536E9 -8.2385536E8 -1.618822656E9 1.611373568E9 1.611373568E9 1.571766016E9
19 1.0E9 1.0E9 -7.94967296E8 1.705032704E9 4.10065408E8 1.230196224E9 -1.359738368E9 4.60392448E8 1.10065408E9 2.10065408E9 1.830850304E9 -1.464116992E9 -1.233920768E9 -1.233920768E9 7.66079232E8 7.66079232E8 -1.028888064E9 1.791242752E9 -1.888626432E9 -9.78561024E8
20 -1.794967296E9 -1.294967296E9 -1.384901888E9 1.15098112E8 -1.064771072E9 5.032704E7 -1.539607552E9 -1.89934592E9 -1.079215104E9 -1.69149696E8 6.5098112E8 6.5098112E8 1.586210048E9 1.586210048E9 -1.79869184E9 1.70130816E9 -1.683593728E9 1.22647168E9 1.22647168E9 -6.33266688E8
21 5.0E8 1.5E9 1.5E9 1.5E9 1.5E9 1.5E9 -1.794967296E9 -7.94967296E8 -2.94967296E8 -2.94967296E8 7.05032704E8 7.05032704E8 1.205032704E9 1.205032704E9 1.205032704E9 1.705032704E9 -2.089934592E9 -1.589934592E9 -1.089934592E9 -1.089934592E9
22 1.0E9 1.0E9 1.5E9 1.5E9 -1.294967296E9 -8.84901888E8 -8.84901888E8 -3.84901888E8 8.45294336E8 -9.4967296E8 1.57549056E9 1.57549056E9 -1.554051584E9 -1.554051584E9 1.766079232E9 1.766079232E9 1.766079232E9 -2.068495616E9 -1.568495616E9 -5.68495616E8
23 0.0 5.0E8 2.0E9 -1.294967296E9 -2.94967296E8 -2.94967296E8 -2.94967296E8 -2.94967296E8 -2.94967296E8 -2.94967296E8 -2.94967296E8 2.05032704E8 2.05032704E8 2.05032704E8 7.05032704E8 7.05032704E8 1.205032704E9 1.705032704E9 -2.089934592E9 -1.089934592E9
24 0.0 0.0 0.0 0.0 5.0E8 5.0E8 2.0E9 2.0E9 -1.794967296E9 -7.94967296E8 -2.94967296E8 -2.94967296E8 2.05032704E8 7.05032704E8 1.705032704E9 1.705032704E9 1.705032704E9 1.705032704E9 -1.589934592E9 -5.89934592E8
25 1.0E9 2.0E9 -1.294967296E9 -7.94967296E8 -1.384901888E9 6.15098112E8 2.115098112E9 7.30196224E8 -6.4771072E7 -6.4771072E7 4.35228928E8 4.35228928E8 4.35228928E8 9.35228928E8 9.35228928E8 9.35228928E8 9.35228928E8 -8.59738368E8 1.40261632E8 1.40261632E8
26 0.0 1.0E9 1.0E9 2.0E9 -1.294967296E9 -7.94967296E8 -2.94967296E8 2.05032704E8 1.205032704E9 1.205032704E9 -1.589934592E9 -1.589934592E9 -1.089934592E9 -1.089934592E9 -5.89934592E8 4.10065408E8 9.10065408E8 9.10065408E8 9.10065408E8 1.410065408E9
27 5.0E8 5.0E8 5.0E8 1.0E9 1.0E9 1.5E9 1.5E9 1.5E9 -1.794967296E9 -1.794967296E9 -1.794967296E9 -7.94967296E8 -7.94967296E8 7.05032704E8 1.205032704E9 -1.589934592E9 -1.089934592E9 -5.89934592E8 -8.9934592E7 -8.9934592E7
28 5.0E8 5.0E8 1.0E9 2.0E9 2.0E9 -1.294967296E9 -1.294967296E9 -7.94967296E8 -2.94967296E8 7.05032704E8 1.205032704E9 1.705032704E9 1.705032704E9 -2.089934592E9 -1.589934592E9 -8.9934592E7 -8.9934592E7 -8.9934592E7 9.10065408E8 1.910065408E9
29 -1.294967296E9 -2.94967296E8 -1.089934592E9 -1.089934592E9 -1.384901888E9 -1.47483648E9 -1.47483648E9 -1.47483648E9 -2.44640256E8 -2.44640256E8 -1.014444032E9 -1.014444032E9 -5.79215104E8 -5.79215104E8 -1.8741824E9 -1.8741824E9 -2.054051584E9 -5.28888064E8 1.67614464E9 -4.78561024E8
30 5.0E8 5.0E8 5.0E8 1.0E9 2.0E9 -1.294967296E9 -2.94967296E8 -2.94967296E8 1.205032704E9 1.705032704E9 -1.089934592E9 -8.9934592E7 -8.9934592E7 -8.9934592E7 4.10065408E8 9.10065408E8 9.10065408E8 1.410065408E9 1.410065408E9 1.410065408E9
31 1.5E9 1.5E9 -1.794967296E9 -1.294967296E9 -2.94967296E8 -2.94967296E8 -2.94967296E8 2.05032704E8 7.05032704E8 1.205032704E9 -1.589934592E9 -1.089934592E9 -1.089934592E9 -5.89934592E8 -5.89934592E8 -5.89934592E8 -8.9934592E7 4.10065408E8 4.10065408E8 4.10065408E8
32 2.0E9 2.0E9 4.10065408E8 1.410065408E9 1.115098112E9 7.55359744E8 7.55359744E8 1.960392448E9 -6.94313216E8 4.20784896E8 -1.054051584E9 -5.54051584E8 9.71111936E8 -1.32385536E9 1.7614464E8 6.7614464E8 -2.08757248E8 1.931504384E9 -1.863462912E9 -9.28233984E8
33 -7.94967296E8 -2.94967296E8 -1.179869184E9 2.02516352E9 4.35228928E8 -1.629542144E9 1.870457856E9 1.895621376E9 -1.489280512E9 -1.464116992E9 1.5098112E8 6.5098112E8 1.381177344E9 1.381177344E9 7.0130816E8 -1.593659136E9 -1.683593728E9 2.2647168E8 2.2647168E8 -6.33266688E8
34 5.0E8 5.0E8 1.5E9 -1.794967296E9 -1.794967296E9 -1.794967296E9 -1.794967296E9 -1.794967296E9 -1.794967296E9 -1.794967296E9 -1.794967296E9 -1.294967296E9 -1.294967296E9 -1.294967296E9 -1.294967296E9 -7.94967296E8 -7.94967296E8 2.05032704E8 7.05032704E8 7.05032704E8
35 -1.294967296E9 -1.294967296E9 -1.884901888E9 1.52516352E9 -1.064771072E9 1.755359744E9 3.70457856E8 1.395621376E9 1.305686784E9 -1.964116992E9 -8.4901888E8 -3.4901888E8 5.86210048E8 1.586210048E9 1.996275456E9 7.0130816E8 1.611373568E9 8.41569792E8 1.341569792E9 -1.133266688E9
36 5.0E8 5.0E8 1.5E9 1.5E9 2.0E9 -1.794967296E9 -7.94967296E8 -2.94967296E8 -2.94967296E8 2.05032704E8 2.05032704E8 1.205032704E9 1.205032704E9 1.705032704E9 -2.089934592E9 -2.089934592E9 -1.589934592E9 -1.589934592E9 -1.589934592E9 -1.589934592E9
37 1.0E9 1.5E9 1.5E9 -7.94967296E8 -2.94967296E8 2.05032704E8 2.05032704E8 1.705032704E9 -1.589934592E9 9.10065408E8 1.910065408E9 -1.384901888E9 -8.84901888E8 -3.84901888E8 1.15098112E8 1.115098112E9 2.115098112E9 -6.79869184E8 -6.79869184E8 -6.79869184E8
38 0.0 1.5E9 1.5E9 2.0E9 -2.94967296E8 2.05032704E8 2.05032704E8 7.05032704E8 1.205032704E9 1.705032704E9 -2.089934592E9 -1.589934592E9 -1.089934592E9 -8.9934592E7 9.10065408E8 1.410065408E9 1.410065408E9 1.410065408E9 1.910065408E9 1.910065408E9
39 1.5E9 1.5E9 1.5E9 1.5E9 -1.294967296E9 -2.94967296E8 2.05032704E8 2.05032704E8 2.05032704E8 7.05032704E8 1.205032704E9 1.205032704E9 1.705032704E9 -2.089934592E9 -2.089934592E9 -2.089934592E9 -2.089934592E9 -1.589934592E9 -1.589934592E9 -5.89934592E8
40 1.0E9 1.5E9 -1.294967296E9 -7.94967296E8 -2.94967296E8 -2.94967296E8 -2.94967296E8 -2.94967296E8 -2.94967296E8 -2.94967296E8 -2.94967296E8 2.05032704E8 7.05032704E8 7.05032704E8 1.205032704E9 1.205032704E9 1.705032704E9 -1.589934592E9 -1.089934592E9 -5.89934592E8
41 1.0E9 1.5E9 2.0E9 -1.294967296E9 -1.294967296E9 -7.94967296E8 2.05032704E8 1.205032704E9 1.205032704E9 1.705032704E9 1.705032704E9 1.705032704E9 -1.589934592E9 -1.589934592E9 -1.089934592E9 -8.9934592E7 -8.9934592E7 4.10065408E8 4.10065408E8 4.10065408E8
42 0.0 5.0E8 5.0E8 2.0E9 2.0E9 2.0E9 2.0E9 -1.794967296E9 -1.294967296E9 -1.294967296E9 -2.94967296E8 2.05032704E8 2.05032704E8 7.05032704E8 1.205032704E9 1.205032704E9 1.705032704E9 -1.589934592E9 -1.089934592E9 -5.89934592E8
43 5.0E8 5.0E8 1.0E9 1.0E9 1.0E9 1.0E9 1.5E9 -1.794967296E9 -7.94967296E8 -7.94967296E8 -2.94967296E8 -2.94967296E8 -2.94967296E8 2.05032704E8 7.05032704E8 1.205032704E9 -1.589934592E9 -1.089934592E9 -1.089934592E9 -8.9934592E7
44 0.0 0.0 0.0 0.0 0.0 5.0E8 1.0E9 1.0E9 1.5E9 1.5E9 2.0E9 -1.794967296E9 -1.794967296E9 -1.294967296E9 -2.94967296E8 2.05032704E8 7.05032704E8 7.05032704E8 7.05032704E8 1.205032704E9
45 5.0E8 5.0E8 1.0E9 1.5E9 1.5E9 -1.294967296E9 -1.294967296E9 -1.294967296E9 -1.294967296E9 -1.294967296E9 -1.294967296E9 -1.294967296E9 -7.94967296E8 -2.94967296E8 -2.94967296E8 2.05032704E8 2.05032704E8 7.05032704E8 1.205032704E9 -2.089934592E9
46 1.0E9 1.0E9 2.0E9 2.0E9 2.0E9 -1.794967296E9 -1.794967296E9 -1.794967296E9 -1.294967296E9 -7.94967296E8 -7.94967296E8 -7.94967296E8 -7.94967296E8 2.05032704E8 1.205032704E9 1.205032704E9 1.705032704E9 -2.089934592E9 -2.089934592E9 -2.089934592E9
47 0.0 0.0 1.0E9 1.0E9 1.0E9 1.0E9 2.0E9 -1.794967296E9 -1.794967296E9 -2.089934592E9 -2.089934592E9 -1.589934592E9 -1.589934592E9 -1.089934592E9 -1.089934592E9 -5.89934592E8 -8.9934592E7 -8.9934592E7 4.10065408E8 4.10065408E8
48 0.0 0.0 5.0E8 1.0E9 1.0E9 1.5E9 2.0E9 2.0E9 2.0E9 -1.794967296E9 -1.794967296E9 -1.794967296E9 -1.794967296E9 -1.294967296E9 -1.294967296E9 -1.294967296E9 -7.94967296E8 -2.94967296E8 -2.94967296E8 2.05032704E8
49 0.0 5.0E8 1.0E9 1.0E9 1.0E9 1.0E9 1.5E9 1.5E9 1.5E9 2.0E9 2.0E9 -1.794967296E9 -2.94967296E8 7.05032704E8 1.205032704E9 -2.089934592E9 -1.589934592E9 -1.089934592E9 -1.089934592E9 -5.89934592E8
50 0.0 1.5E9 2.0E9 -7.94967296E8 -7.94967296E8 -2.94967296E8 1.205032704E9 1.205032704E9 1.705032704E9 -2.089934592E9 -1.589934592E9 -1.089934592E9 -5.89934592E8 -5.89934592E8 -8.9934592E7 -8.9934592E7 -8.9934592E7 4.10065408E8 9.10065408E8 1.410065408E9
51 -1.294967296E9 -1.294967296E9 -1.294967296E9 -1.294967296E9 -7.94967296E8 -1.589934592E9 -1.589934592E9 -1.589934592E9 -1.589934592E9 9.10065408E8 1.410065408E9 1.910065408E9 -8.84901888E8 -8.84901888E8 -3.84901888E8 -3.84901888E8 1.15098112E8 -1.679869184E9 -1.179869184E9 -1.179869184E9
