records: 20
      Record Time
Host  UsedBuffer

  16870.0 33740.0 50610.0 67480.0 84350.0 101220.0 118090.0 134960.0 151830.0 168700.0 185570.0 202440.0 219310.0 236180.0 253050.0 269920.0 286790.0 303660.0 320530.0 337400.0
0 6000000.0 1.4E7 3.0E7 4.8E7 6.6E7 7.2E7 7.3E7 9.1E7 1.22E8 1.37E8 1.48E8 1.55E8 1.57E8 1.83E8 1.92E8 1.93E8 1.93E8 2.05E8 2.31E8 2.43E8
1 1000000.0 1.4E7 1.4E7 4.7E7 6.5E7 7.4E7 8.3E7 9.7E7 1.22E8 1.37E8 1.48E8 1.55E8 1.56E8 1.82E8 1.93E8 1.97E8 1.98E8 2.02E8 2.29E8 2.4E8
2 0.0 0.0 0.0 0.0 0.0 2000000.0 2000000.0 3000000.0 3000000.0 3000000.0 3000000.0 4000000.0 4000000.0 4000000.0 4000000.0 5000000.0 6000000.0 6000000.0 6000000.0 6000000.0
3 0.0 0.0 0.0 0.0 0.0 0.0 1000000.0 1000000.0 1000000.0 1000000.0 1000000.0 1000000.0 1000000.0 1000000.0 1000000.0 2000000.0 2000000.0 2000000.0 2000000.0 2000000.0
4 1000000.0 1000000.0 1000000.0 1000000.0 1000000.0 2000000.0 2000000.0 2000000.0 2000000.0 2000000.0 3000000.0 3000000.0 3000000.0 3000000.0 4000000.0 4000000.0 4000000.0 5000000.0 6000000.0 6000000.0
5 0.0 0.0 0.0 4.8E7 6.6E7 7.5E7 8.4E7 9.7E7 1.22E8 1.37E8 1.49E8 1.55E8 1.56E8 1.82E8 1.92E8 1.96E8 1.97E8 2.01E8 2.28E8 2.37E8
6 0.0 0.0 0.0 0.0 0.0 0.0 0.0 0.0 1000000.0 2000000.0 2000000.0 2000000.0 2000000.0 2000000.0 2000000.0 2000000.0 2000000.0 2000000.0 2000000.0 2000000.0
7 5000000.0 5000000.0 6000000.0 4.7E7 5.3E7 7.3E7 7.3E7 8.8E7 1.21E8 1.26E8 1.26E8 1.26E8 1.26E8 1.82E8 1.85E8 1.86E8 1.87E8 1.87E8 1.94E8 2.38E8
8 0.0 0.0 0.0 0.0 0.0 0.0 0.0 0.0 0.0 0.0 0.0 0.0 0.0 0.0 0.0 0.0 0.0 1000000.0 1000000.0 1000000.0
9 0.0 1000000.0 1000000.0 1000000.0 1000000.0 1000000.0 2000000.0 2000000.0 2000000.0 2000000.0 2000000.0 2000000.0 2000000.0 3000000.0 3000000.0 4000000.0 4000000.0 4000000.0 4000000.0 5000000.0
10 0.0 0.0 1000000.0 1000000.0 1000000.0 1000000.0 8.0E7 9.6E7 1.17E8 1.37E8 1.38E8 1.38E8 1.4E8 1.81E8 1.92E8 1.92E8 1.92E8 2.05E8 2.32E8 2.41E8
11 0.0 0.0 0.0 0.0 0.0 3000000.0 3000000.0 3000000.0 3000000.0 3000000.0 3000000.0 3000000.0 3000000.0 3000000.0 3000000.0 3000000.0 3000000.0 3000000.0 3000000.0 3000000.0
12 0.0 0.0 0.0 0.0 0.0 0.0 0.0 0.0 0.0 0.0 0.0 0.0 0.0 0.0 0.0 0.0 1000000.0 1000000.0 1000000.0 2000000.0
13 9000000.0 1.4E7 3.0E7 4.7E7 6.3E7 7.2E7 8.1E7 9.5E7 1.2E8 1.35E8 1.47E8 1.53E8 1.55E8 1.8E8 1.8E8 1.8E8 1.8E8 1.81E8 1.81E8 1.81E8
14 0.0 0.0 0.0 0.0 1000000.0 1000000.0 1000000.0 1000000.0 2000000.0 2000000.0 2000000.0 2000000.0 2000000.0 2000000.0 3000000.0 3000000.0 3000000.0 4000000.0 4000000.0 4000000.0
15 9000000.0 1.4E7 3.0E7 4.8E7 6.6E7 7.5E7 8.4E7 9.8E7 1.23E8 1.38E8 1.5E8 1.56E8 1.58E8 1.83E8 1.94E8 1.97E8 1.99E8 2.08E8 2.35E8 2.36E8
16 9000000.0 1.4E7 3.0E7 4.8E7 6.6E7 7.4E7 8.3E7 9.7E7 1.22E8 1.37E8 1.49E8 1.55E8 1.57E8 1.82E8 1.92E8 1.96E8 1.97E8 2.01E8 2.28E8 2.39E8
17 1000000.0 1000000.0 1000000.0 2000000.0 2000000.0 2000000.0 2000000.0 2000000.0 2000000.0 2000000.0 2000000.0 3000000.0 3000000.0 3000000.0 3000000.0 3000000.0 3000000.0 3000000.0 4000000.0 4000000.0
18 0.0 0.0 0.0 1000000.0 1000000.0 1000000.0 1000000.0 1000000.0 1000000.0 2000000.0 2000000.0 2000000.0 2000000.0 2000000.0 3000000.0 3000000.0 3000000.0 3000000.0 3000000.0 3000000.0
19 0.0 1.3E7 1.3E7 3.7E7 5.1E7 7.2E7 7.5E7 7.7E7 1.2E8 1.29E8 1.3E8 1.38E8 1.56E8 1.7E8 1.91E8 1.91E8 1.94E8 1.94E8 1.94E8 1.94E8
20 0.0 0.0 0.0 0.0 0.0 0.0 0.0 0.0 0.0 0.0 0.0 0.0 0.0 1000000.0 1000000.0 1000000.0 1000000.0 1000000.0 1000000.0 2000000.0
21 0.0 0.0 0.0 0.0 0.0 0.0 0.0 2000000.0 2000000.0 2000000.0 2000000.0 2000000.0 2000000.0 2000000.0 2000000.0 2000000.0 2000000.0 2000000.0 2000000.0 2000000.0
22 0.0 0.0 0.0 0.0 0.0 0.0 0.0 0.0 0.0 0.0 0.0 0.0 0.0 0.0 1000000.0 1000000.0 2000000.0 2000000.0 2000000.0 2000000.0
23 0.0 2000000.0 3000000.0 3000000.0 3000000.0 3000000.0 3000000.0 3000000.0 3000000.0 3000000.0 3000000.0 4000000.0 4000000.0 4000000.0 4000000.0 4000000.0 4000000.0 4000000.0 4000000.0 4000000.0
24 0.0 0.0 1000000.0 2000000.0 2000000.0 2000000.0 2000000.0 2000000.0 2000000.0 2000000.0 2000000.0 2000000.0 2000000.0 2000000.0 2000000.0 2000000.0 2000000.0 3000000.0 3000000.0 3000000.0
25 8000000.0 1.4E7 1.4E7 1.4E7 6.4E7 7.3E7 7.8E7 7.8E7 1.21E8 1.36E8 1.43E8 1.43E8 1.43E8 1.8E8 1.9E8 1.93E8 1.93E8 1.93E8 2.32E8 2.38E8
26 9000000.0 1.3E7 3.1E7 4.8E7 6.2E7 7.4E7 7.7E7 7.7E7 1.21E8 1.37E8 1.37E8 1.37E8 1.56E8 1.81E8 1.87E8 1.87E8 1.87E8 1.87E8 1.87E8 1.87E8
27 0.0 1000000.0 1000000.0 1000000.0 1000000.0 1000000.0 1000000.0 1000000.0 2000000.0 2000000.0 2000000.0 2000000.0 2000000.0 3000000.0 3000000.0 3000000.0 3000000.0 3000000.0 3000000.0 3000000.0
28 0.0 0.0 2.9E7 4.7E7 6.2E7 7.2E7 7.5E7 8.8E7 1.21E8 1.35E8 1.39E8 1.39E8 1.39E8 1.39E8 1.4E8 1.4E8 1.4E8 1.45E8 2.31E8 2.42E8
29 0.0 0.0 0.0 0.0 0.0 0.0 0.0 0.0 0.0 0.0 0.0 0.0 0.0 0.0 0.0 0.0 0.0 0.0 1000000.0 2000000.0
30 6000000.0 6000000.0 6000000.0 4.6E7 4.6E7 4.6E7 8.4E7 8.9E7 1.21E8 1.36E8 1.45E8 1.54E8 1.55E8 1.82E8 1.91E8 1.94E8 1.95E8 1.95E8 1.95E8 2.43E8
31 9000000.0 1.3E7 3.0E7 4.7E7 5.7E7 6.2E7 8.2E7 8.3E7 1.19E8 1.33E8 1.41E8 1.5E8 1.5E8 1.78E8 1.86E8 1.9E8 1.9E8 1.91E8 2.29E8 2.35E8
32 0.0 0.0 0.0 0.0 0.0 0.0 0.0 1000000.0 1000000.0 1000000.0 1000000.0 1000000.0 2000000.0 2000000.0 3000000.0 3000000.0 3000000.0 3000000.0 4000000.0 4000000.0
33 1000000.0 1000000.0 3.1E7 4.8E7 5.2E7 5.3E7 5.3E7 9.0E7 1.22E8 1.37E8 1.46E8 1.46E8 1.47E8 1.47E8 1.48E8 1.48E8 1.49E8 1.49E8 1.49E8 1.49E8
34 0.0 0.0 0.0 0.0 0.0 0.0 1000000.0 1000000.0 3000000.0 3000000.0 3000000.0 3000000.0 3000000.0 3000000.0 3000000.0 3000000.0 3000000.0 3000000.0 3000000.0 3000000.0
35 0.0 0.0 1000000.0 1000000.0 2000000.0 2000000.0 2000000.0 2000000.0 3000000.0 3000000.0 4000000.0 4000000.0 5000000.0 5000000.0 5000000.0 5000000.0 5000000.0 5000000.0 5000000.0 5000000.0
36 0.0 1000000.0 1000000.0 1000000.0 1000000.0 2000000.0 2000000.0 2000000.0 2000000.0 3000000.0 3000000.0 3000000.0 3000000.0 3000000.0 4000000.0 4000000.0 5000000.0 5000000.0 6000000.0 6000000.0
37 0.0 0.0 1000000.0 1000000.0 1000000.0 1000000.0 1000000.0 1000000.0 1000000.0 2000000.0 2000000.0 2000000.0 2000000.0 2000000.0 2000000.0 2000000.0 2000000.0 2000000.0 2000000.0 2000000.0
38 1000000.0 2000000.0 2000000.0 2.2E7 6.5E7 7.3E7 7.3E7 9.0E7 1.19E8 1.27E8 1.41E8 1.47E8 1.54E8 1.71E8 1.86E8 1.9E8 1.91E8 1.91E8 1.91E8 1.91E8
39 3000000.0 1.3E7 3.0E7 4.8E7 6.5E7 7.1E7 7.2E7 9.3E7 1.22E8 1.35E8 1.46E8 1.46E8 1.46E8 1.47E8 1.86E8 1.87E8 1.87E8 2.03E8 2.23E8 2.38E8
40 1000000.0 1000000.0 3.1E7 3.7E7 5.9E7 5.9E7 8.5E7 9.8E7 1.23E8 1.37E8 1.49E8 1.5E8 1.5E8 1.83E8 1.92E8 1.96E8 1.97E8 1.97E8 2.35E8 2.44E8
41 0.0 1000000.0 1000000.0 1000000.0 1000000.0 1000000.0 1000000.0 1000000.0 1000000.0 1000000.0 1000000.0 1000000.0 1000000.0 1000000.0 3000000.0 3000000.0 3000000.0 4000000.0 4000000.0 4000000.0
42 0.0 0.0 0.0 0.0 0.0 0.0 0.0 0.0 0.0 0.0 1000000.0 1000000.0 1000000.0 1000000.0 1000000.0 1000000.0 3000000.0 3000000.0 3000000.0 3000000.0
43 1000000.0 1000000.0 1000000.0 2000000.0 2000000.0 2000000.0 2000000.0 2000000.0 2000000.0 3000000.0 3000000.0 3000000.0 3000000.0 3000000.0 3000000.0 5000000.0 5000000.0 5000000.0 6000000.0 6000000.0
44 0.0 0.0 1000000.0 1000000.0 1000000.0 1000000.0 1000000.0 1000000.0 1000000.0 1000000.0 1000000.0 1000000.0 1000000.0 1000000.0 1000000.0 1000000.0 1000000.0 1000000.0 1000000.0 1000000.0
45 0.0 1000000.0 1000000.0 1000000.0 1000000.0 1000000.0 1000000.0 1000000.0 1000000.0 2000000.0 3000000.0 3000000.0 4000000.0 5000000.0 5000000.0 5000000.0 5000000.0 5000000.0 5000000.0 5000000.0
46 0.0 0.0 1000000.0 1000000.0 1000000.0 1000000.0 1000000.0 1000000.0 1000000.0 1000000.0 2000000.0 2000000.0 2000000.0 2000000.0 2000000.0 2000000.0 2000000.0 2000000.0 2000000.0 2000000.0
47 9000000.0 1.3E7 3.0E7 4.6E7 6.2E7 7.3E7 8.4E7 9.6E7 1.22E8 1.37E8 1.46E8 1.55E8 1.55E8 1.83E8 1.93E8 1.94E8 1.94E8 1.94E8 2.34E8 2.43E8
48 0.0 0.0 0.0 0.0 1000000.0 1000000.0 1000000.0 1000000.0 1000000.0 1000000.0 1000000.0 1000000.0 1000000.0 2000000.0 2000000.0 2000000.0 2000000.0 2000000.0 2000000.0 2000000.0
49 0.0 0.0 0.0 0.0 0.0 0.0 0.0 0.0 0.0 0.0 0.0 0.0 0.0 0.0 0.0 0.0 0.0 0.0 0.0 0.0
50 9000000.0 1.4E7 3.0E7 4.1E7 4.2E7 7.2E7 7.3E7 7.4E7 1.21E8 1.37E8 1.46E8 1.46E8 1.62E8 1.83E8 1.93E8 1.94E8 1.94E8 2.04E8 2.35E8 2.41E8
51 0.0 0.0 0.0 0.0 1000000.0 1000000.0 2000000.0 2000000.0 2000000.0 2000000.0 2000000.0 2000000.0 3000000.0 3000000.0 3000000.0 4000000.0 4000000.0 4000000.0 4000000.0 4000000.0
52 0.0 0.0 1000000.0 1000000.0 2000000.0 2000000.0 2000000.0 2000000.0 2000000.0 3000000.0 3000000.0 3000000.0 3000000.0 3000000.0 4000000.0 4000000.0 4000000.0 5000000.0 5000000.0 6000000.0
53 7000000.0 1.3E7 1.4E7 1.4E7 1.6E7 7.0E7 8.6E7 9.4E7 1.23E8 1.37E8 1.47E8 1.49E8 1.49E8 1.84E8 1.93E8 1.93E8 1.93E8 1.93E8 2.36E8 2.41E8
54 0.0 0.0 0.0 0.0 0.0 0.0 0.0 0.0 0.0 0.0 0.0 1000000.0 1000000.0 1000000.0 1000000.0 2000000.0 2000000.0 2000000.0 2000000.0 3000000.0
55 0.0 0.0 0.0 0.0 0.0 0.0 0.0 0.0 0.0 0.0 0.0 0.0 0.0 0.0 0.0 1000000.0 1000000.0 1000000.0 2000000.0 2000000.0
56 1.0E7 1.3E7 3.1E7 4.8E7 6.5E7 7.1E7 7.2E7 7.2E7 1.08E8 1.08E8 1.44E8 1.44E8 1.44E8 1.78E8 1.9E8 1.93E8 1.93E8 1.93E8 2.23E8 2.23E8
57 6000000.0 1.4E7 3.1E7 4.1E7 4.1E7 7.5E7 8.4E7 9.2E7 1.22E8 1.37E8 1.46E8 1.55E8 1.59E8 1.83E8 1.92E8 1.96E8 1.96E8 2.12E8 2.32E8 2.38E8
58 0.0 0.0 0.0 0.0 0.0 0.0 0.0 0.0 0.0 0.0 1000000.0 1000000.0 1000000.0 1000000.0 1000000.0 1000000.0 2000000.0 2000000.0 3000000.0 3000000.0
59 0.0 0.0 1000000.0 1000000.0 2000000.0 2000000.0 2000000.0 2000000.0 2000000.0 2000000.0 2000000.0 2000000.0 3000000.0 3000000.0 3000000.0 3000000.0 4000000.0 4000000.0 4000000.0 4000000.0
60 0.0 0.0 0.0 1000000.0 1000000.0 2000000.0 2000000.0 2000000.0 2000000.0 2000000.0 2000000.0 2000000.0 2000000.0 3000000.0 3000000.0 3000000.0 3000000.0 3000000.0 3000000.0 3000000.0
61 6000000.0 6000000.0 7000000.0 4.8E7 6.3E7 7.1E7 8.5E7 9.4E7 1.22E8 1.37E8 1.42E8 1.42E8 1.42E8 1.78E8 1.78E8 1.78E8 1.78E8 1.78E8 1.78E8 1.78E8
62 9000000.0 1.3E7 3.1E7 4.2E7 5.9E7 5.9E7 6.0E7 6.1E7 1.21E8 1.35E8 1.46E8 1.47E8 1.57E8 1.81E8 1.91E8 1.91E8 1.91E8 1.91E8 2.22E8 2.36E8
63 9000000.0 1.2E7 1.3E7 1.3E7 6.6E7 7.5E7 8.5E7 9.1E7 1.22E8 1.37E8 1.46E8 1.52E8 1.52E8 1.83E8 1.93E8 1.94E8 1.94E8 1.94E8 2.35E8 2.42E8
64 6000000.0 6000000.0 6000000.0 6000000.0 4.6E7 7.4E7 7.4E7 9.4E7 1.23E8 1.38E8 1.4E8 1.54E8 1.54E8 1.84E8 1.93E8 1.95E8 1.96E8 2.1E8 2.35E8 2.4E8
65 0.0 0.0 0.0 0.0 1000000.0 1000000.0 1000000.0 1000000.0 1000000.0 1000000.0 1000000.0 1000000.0 1000000.0 1000000.0 1000000.0 1000000.0 1000000.0 1000000.0 2000000.0 2000000.0
66 8000000.0 1.2E7 1.2E7 1.2E7 6.6E7 7.0E7 8.1E7 9.3E7 1.22E8 1.37E8 1.46E8 1.5E8 1.54E8 1.8E8 1.9E8 1.92E8 1.93E8 1.93E8 2.28E8 2.42E8
67 0.0 1000000.0 1000000.0 1000000.0 1000000.0 1000000.0 1000000.0 1000000.0 2000000.0 2000000.0 2000000.0 2000000.0 2000000.0 2000000.0 2000000.0 2000000.0 3000000.0 3000000.0 4000000.0 4000000.0
68 6000000.0 7000000.0 7000000.0 7000000.0 7000000.0 7000000.0 7000000.0 7000000.0 7000000.0 1.8E7 1.46E8 1.46E8 1.47E8 1.83E8 1.9E8 1.91E8 1.91E8 1.91E8 1.91E8 1.92E8
69 0.0 0.0 0.0 0.0 0.0 0.0 1000000.0 1000000.0 1000000.0 1000000.0 1000000.0 1000000.0 1000000.0 1000000.0 2000000.0 2000000.0 2000000.0 2000000.0 2000000.0 2000000.0
70 0.0 0.0 0.0 0.0 0.0 0.0 0.0 0.0 0.0 0.0 1000000.0 3000000.0 3000000.0 3000000.0 3000000.0 3000000.0 3000000.0 3000000.0 4000000.0 4000000.0
71 9000000.0 9000000.0 1.0E7 4.8E7 6.6E7 7.1E7 8.1E7 9.4E7 1.22E8 1.35E8 1.46E8 1.46E8 1.56E8 1.8E8 1.88E8 1.89E8 1.89E8 2.08E8 2.24E8 2.24E8
72 9000000.0 1.3E7 1.4E7 4.8E7 6.5E7 7.3E7 8.1E7 9.7E7 1.2E8 1.35E8 1.44E8 1.44E8 1.6E8 1.81E8 1.82E8 1.82E8 1.82E8 2.04E8 2.18E8 2.18E8
73 0.0 0.0 0.0 0.0 0.0 0.0 1000000.0 1000000.0 1000000.0 1000000.0 1000000.0 1000000.0 1000000.0 1000000.0 1000000.0 1000000.0 1000000.0 2000000.0 2000000.0 2000000.0
74 8000000.0 8000000.0 3.0E7 4.8E7 6.5E7 6.9E7 7.8E7 8.8E7 1.21E8 1.36E8 1.41E8 1.52E8 1.52E8 1.52E8 1.9E8 1.93E8 1.93E8 1.94E8 1.94E8 1.94E8
75 0.0 1000000.0 2000000.0 2000000.0 2000000.0 2000000.0 2000000.0 2000000.0 2000000.0 2000000.0 2000000.0 2000000.0 2000000.0 3000000.0 3000000.0 3000000.0 3000000.0 3000000.0 3000000.0 3000000.0
76 0.0 0.0 0.0 0.0 0.0 0.0 0.0 0.0 0.0 0.0 0.0 0.0 0.0 0.0 0.0 0.0 0.0 0.0 0.0 0.0
77 1000000.0 1000000.0 1000000.0 1000000.0 1000000.0 1000000.0 1000000.0 1000000.0 2000000.0 2000000.0 2000000.0 2000000.0 2000000.0 2000000.0 2000000.0 2000000.0 2000000.0 2000000.0 2000000.0 2000000.0
78 0.0 0.0 0.0 0.0 0.0 0.0 0.0 0.0 0.0 0.0 0.0 0.0 0.0 0.0 0.0 0.0 0.0 0.0 0.0 0.0
79 1.0E7 1.3E7 1.3E7 1.4E7 2.3E7 7.1E7 8.4E7 9.6E7 1.22E8 1.37E8 1.37E8 1.55E8 1.56E8 1.83E8 1.91E8 1.95E8 1.96E8 2.04E8 2.23E8 2.44E8
80 8000000.0 1.2E7 1.3E7 4.7E7 6.5E7 6.9E7 8.0E7 9.3E7 1.21E8 1.37E8 1.46E8 1.5E8 1.54E8 1.82E8 1.91E8 1.95E8 1.95E8 2.05E8 2.34E8 2.44E8
81 0.0 0.0 0.0 0.0 0.0 0.0 0.0 0.0 0.0 0.0 0.0 0.0 0.0 0.0 0.0 0.0 0.0 0.0 0.0 0.0
82 0.0 1000000.0 1000000.0 1000000.0 1000000.0 1000000.0 1000000.0 2000000.0 2000000.0 2000000.0 3000000.0 3000000.0 3000000.0 3000000.0 3000000.0 3000000.0 3000000.0 3000000.0 3000000.0 3000000.0
83 9000000.0 1.4E7 3.1E7 4.8E7 6.6E7 7.3E7 8.6E7 9.8E7 1.23E8 1.38E8 1.48E8 1.56E8 1.57E8 1.57E8 1.93E8 1.93E8 1.93E8 1.93E8 1.93E8 1.93E8
84 0.0 0.0 0.0 0.0 0.0 0.0 0.0 0.0 0.0 0.0 0.0 1000000.0 1000000.0 1000000.0 1000000.0 1000000.0 1000000.0 2000000.0 2000000.0 3000000.0
85 0.0 0.0 0.0 0.0 0.0 0.0 0.0 0.0 0.0 0.0 1000000.0 1000000.0 1000000.0 1000000.0 2000000.0 2000000.0 2000000.0 2000000.0 2000000.0 2000000.0
86 0.0 0.0 1000000.0 1000000.0 1000000.0 1000000.0 2000000.0 2000000.0 2000000.0 2000000.0 2000000.0 2000000.0 2000000.0 3000000.0 4000000.0 4000000.0 4000000.0 4000000.0 4000000.0 4000000.0
87 0.0 0.0 0.0 0.0 0.0 0.0 0.0 1000000.0 1000000.0 1000000.0 1000000.0 1000000.0 1000000.0 1000000.0 1000000.0 1000000.0 1000000.0 1000000.0 1000000.0 1000000.0
88 9000000.0 1.3E7 3.1E7 4.8E7 6.5E7 7.3E7 8.1E7 9.0E7 1.22E8 1.37E8 1.46E8 1.46E8 1.6E8 1.82E8 1.92E8 1.95E8 1.96E8 1.96E8 2.24E8 2.4E8
89 2000000.0 2000000.0 2000000.0 2000000.0 2000000.0 2000000.0 2000000.0 2000000.0 2000000.0 2000000.0 2000000.0 3000000.0 4000000.0 5000000.0 5000000.0 5000000.0 5000000.0 6000000.0 6000000.0 6000000.0
90 0.0 0.0 0.0 0.0 0.0 0.0 0.0 0.0 0.0 1000000.0 1000000.0 1000000.0 1000000.0 1000000.0 1000000.0 1000000.0 1000000.0 1000000.0 1000000.0 1000000.0
91 1000000.0 1000000.0 1000000.0 1000000.0 1000000.0 2000000.0 2000000.0 2000000.0 2000000.0 3000000.0 3000000.0 4000000.0 4000000.0 4000000.0 4000000.0 4000000.0 4000000.0 4000000.0 4000000.0 4000000.0
92 0.0 0.0 0.0 0.0 0.0 0.0 0.0 0.0 0.0 0.0 0.0 0.0 0.0 1000000.0 1000000.0 1000000.0 1000000.0 1000000.0 1000000.0 1000000.0
93 4000000.0 4000000.0 3.0E7 4.7E7 5.2E7 5.8E7 8.3E7 8.3E7 1.21E8 1.23E8 1.23E8 1.23E8 1.24E8 1.24E8 1.24E8 1.24E8 1.24E8 1.24E8 1.24E8 1.24E8
94 9000000.0 9000000.0 9000000.0 4.8E7 6.6E7 7.3E7 8.0E7 9.4E7 1.23E8 1.36E8 1.36E8 1.36E8 1.36E8 1.36E8 1.36E8 1.36E8 1.37E8 1.37E8 1.37E8 1.37E8
95 0.0 0.0 0.0 0.0 0.0 0.0 0.0 0.0 0.0 0.0 0.0 1000000.0 1000000.0 1000000.0 1000000.0 1000000.0 1000000.0 1000000.0 1000000.0 1000000.0
96 1.0E7 1.4E7 1.4E7 1.4E7 1.5E7 7.5E7 7.6E7 7.6E7 7.6E7 7.6E7 1.39E8 1.46E8 1.46E8 1.81E8 1.91E8 1.94E8 1.94E8 1.94E8 2.2E8 2.22E8
97 9000000.0 1.3E7 3.1E7 4.8E7 6.6E7 7.2E7 7.2E7 7.2E7 7.2E7 7.2E7 7.2E7 7.2E7 7.3E7 7.5E7 7.5E7 7.6E7 7.6E7 7.6E7 7.6E7 7.6E7
