records: 20
      Record Time
Host  UsedBuffer

  17959.0 35918.0 53877.0 71836.0 89795.0 107754.0 125713.0 143672.0 161631.0 179590.0 197549.0 215508.0 233467.0 251426.0 269385.0 287344.0 305303.0 323262.0 341221.0 359180.0
0 5.0E8 1.0E9 -1.794967296E9 -7.94967296E8 -2.94967296E8 -2.94967296E8 7.05032704E8 -2.089934592E9 -1.089934592E9 9.10065408E8 9.10065408E8 9.10065408E8 -1.884901888E9 -1.384901888E9 -1.384901888E9 -3.84901888E8 1.15098112E8 6.15098112E8 2.115098112E9 -1.179869184E9
1 -1.294967296E9 7.05032704E8 7.05032704E8 7.05032704E8 1.410065408E9 -3.59738368E8 3.45294336E8 8.45294336E8 1.345294336E9 1.345294336E9 -1.94967296E9 -1.334574848E9 6.65425152E8 -1.129542144E9 -1.719476736E9 2.80523264E8 1.280523264E9 1.780523264E9 -5.14444032E8 -8.9934592E8
2 5.0E8 1.5E9 -1.794967296E9 -1.294967296E9 2.05032704E8 -2.089934592E9 -1.589934592E9 -1.089934592E9 -5.89934592E8 -8.9934592E7 9.10065408E8 -1.384901888E9 -8.84901888E8 -8.84901888E8 -3.84901888E8 6.15098112E8 1.115098112E9 1.115098112E9 1.115098112E9 2.115098112E9
3 7.05032704E8 -2.089934592E9 -1.589934592E9 -1.089934592E9 -1.97483648E9 -1.359738368E9 -1.654705664E9 -1.154705664E9 -6.54705664E8 -6.54705664E8 -5.39607552E8 1.65425152E8 1.165425152E9 -1.629542144E9 -6.29542144E8 -1.29542144E8 -1.29542144E8 1.870457856E9 -9.2450944E8 -5.14444032E8
4 1.0E9 1.5E9 2.0E9 -1.294967296E9 -7.94967296E8 7.05032704E8 -2.089934592E9 -1.089934592E9 -8.9934592E7 1.410065408E9 -1.884901888E9 -3.84901888E8 1.15098112E8 1.615098112E9 2.115098112E9 -1.179869184E9 -1.79869184E8 3.20130816E8 8.20130816E8 1.320130816E9
5 7.05032704E8 1.705032704E9 -2.089934592E9 -5.89934592E8 1.910065408E9 -3.59738368E8 6.40261632E8 6.40261632E8 -1.654705664E9 -1.154705664E9 -1.54705664E8 3.45294336E8 3.45294336E8 1.845294336E9 -1.44967296E9 5.032704E7 -1.744640256E9 -1.244640256E9 2.55359744E8 1.665425152E9
6 2.05032704E8 2.05032704E8 7.05032704E8 -2.089934592E9 1.615098112E9 -1.859738368E9 -1.359738368E9 -3.59738368E8 1.40261632E8 6.40261632E8 1.140261632E9 1.640261632E9 -1.654705664E9 3.45294336E8 -8.34574848E8 7.549056E7 1.57549056E9 -1.219476736E9 2.80523264E8 -1.309411328E9
7 1.5E9 -1.794967296E9 -1.794967296E9 -1.294967296E9 -7.94967296E8 -7.94967296E8 -2.94967296E8 7.05032704E8 1.705032704E9 -1.089934592E9 -1.089934592E9 -8.9934592E7 9.10065408E8 1.410065408E9 -1.884901888E9 -1.384901888E9 -8.84901888E8 -3.84901888E8 -3.84901888E8 -3.84901888E8
8 -1.294967296E9 1.205032704E9 9.10065408E8 -1.884901888E9 -1.79869184E8 -1.359738368E9 -1.154705664E9 3.45294336E8 1.345294336E9 -1.94967296E9 -3.9607552E7 6.65425152E8 6.65425152E8 8.70457856E8 -2.19476736E8 1.780523264E9 1.780523264E9 -1.014444032E9 -8.09411328E8 8.95621376E8
