records: 20
      Record Time
Host  UsedBuffer

  16870.0 33740.0 50610.0 67480.0 84350.0 101220.0 118090.0 134960.0 151830.0 168700.0 185570.0 202440.0 219310.0 236180.0 253050.0 269920.0 286790.0 303660.0 320530.0 337400.0
0 1.0E8 1.0E8 1.0E8 3.0E8 3.0E8 3.0E8 3.0E8 3.0E8 4.0E8 4.0E8 4.0E8 4.0E8 4.0E8 4.0E8 4.0E8 4.0E8 4.0E8 4.0E8 4.0E8 4.0E8
1 5.0E8 1.0E9 1.0E9 -6.94967296E8 1.505032704E9 2.005032704E9 -1.989934592E9 -1.989934592E9 -1.189934592E9 3.15098112E8 7.15098112E8 9.15098112E8 9.15098112E8 3.20130816E8 1.220130816E9 1.420130816E9 1.420130816E9 1.720130816E9 3.2516352E8 2.02516352E9
2 0.0 0.0 0.0 0.0 0.0 2.0E8 2.0E8 3.0E8 3.0E8 3.0E8 3.0E8 4.0E8 4.0E8 4.0E8 4.0E8 5.0E8 6.0E8 6.0E8 6.0E8 6.0E8
3 0.0 0.0 0.0 0.0 0.0 0.0 1.0E8 1.0E8 1.0E8 1.0E8 1.0E8 1.0E8 1.0E8 1.0E8 1.0E8 2.0E8 2.0E8 2.0E8 2.0E8 2.0E8
4 1.0E8 1.0E8 1.0E8 1.0E8 1.0E8 2.0E8 2.0E8 2.0E8 2.0E8 2.0E8 3.0E8 3.0E8 3.0E8 3.0E8 4.0E8 4.0E8 4.0E8 5.0E8 6.0E8 6.0E8
5 0.0 0.0 0.0 -6.94967296E8 1.905032704E9 2.105032704E9 -1.889934592E9 -1.889934592E9 -1.089934592E9 3.15098112E8 7.15098112E8 9.15098112E8 9.15098112E8 3.20130816E8 1.220130816E9 1.420130816E9 1.420130816E9 1.720130816E9 1.22516352E9 1.82516352E9
6 0.0 0.0 0.0 0.0 0.0 0.0 0.0 0.0 1.0E8 2.0E8 2.0E8 2.0E8 2.0E8 2.0E8 2.0E8 2.0E8 2.0E8 2.0E8 2.0E8 2.0E8
7 0.0 0.0 1.0E8 1.0E8 1.0E8 1.0E8 1.0E8 1.0E8 1.0E8 1.0E8 1.0E8 1.0E8 1.0E8 1.0E8 1.0E8 1.0E8 2.0E8 2.0E8 2.0E8 3.0E8
8 0.0 0.0 0.0 0.0 0.0 0.0 0.0 0.0 0.0 0.0 0.0 0.0 0.0 0.0 0.0 0.0 0.0 1.0E8 1.0E8 1.0E8
9 0.0 1.0E8 1.0E8 1.0E8 1.0E8 1.0E8 2.0E8 2.0E8 2.0E8 2.0E8 2.0E8 2.0E8 2.0E8 3.0E8 3.0E8 4.0E8 4.0E8 4.0E8 4.0E8 5.0E8
10 0.0 0.0 0.0 0.0 0.0 0.0 0.0 0.0 1.0E8 2.0E8 3.0E8 3.0E8 3.0E8 3.0E8 3.0E8 3.0E8 3.0E8 3.0E8 3.0E8 4.0E8
11 0.0 0.0 0.0 -5.94967296E8 5.05032704E8 8.05032704E8 1.905032704E9 1.905032704E9 1.905032704E9 1.15098112E8 2.15098112E8 2.15098112E8 1.015098112E9 3.20130816E8 3.20130816E8 1.120130816E9 1.120130816E9 -2.07483648E9 -2.7483648E8 -2.7483648E8
12 0.0 0.0 0.0 0.0 0.0 0.0 0.0 0.0 0.0 0.0 0.0 0.0 0.0 0.0 0.0 0.0 1.0E8 1.0E8 1.0E8 2.0E8
13 0.0 1.0E8 2.0E8 2.0E8 2.0E8 2.0E8 2.0E8 2.0E8 2.0E8 2.0E8 3.0E8 3.0E8 3.0E8 3.0E8 3.0E8 3.0E8 3.0E8 4.0E8 4.0E8 4.0E8
14 1.0E8 1.0E8 -1.294967296E9 -2.94967296E8 1.605032704E9 1.705032704E9 1.705032704E9 1.905032704E9 -1.584901888E9 1.15098112E8 4.15098112E8 5.15098112E8 6.15098112E8 1.20130816E8 3.20130816E8 3.20130816E8 3.20130816E8 4.20130816E8 4.20130816E8 4.20130816E8
15 0.0 0.0 0.0 0.0 0.0 0.0 0.0 0.0 0.0 0.0 0.0 0.0 0.0 0.0 0.0 0.0 0.0 0.0 0.0 0.0
16 0.0 0.0 0.0 0.0 0.0 0.0 0.0 0.0 0.0 0.0 0.0 0.0 0.0 0.0 0.0 0.0 0.0 0.0 0.0 0.0
17 1.0E8 1.0E8 1.0E8 2.0E8 3.0E8 3.0E8 4.0E8 6.0E8 -8.94967296E8 -7.94967296E8 -7.94967296E8 -6.94967296E8 -6.94967296E8 -6.94967296E8 -6.94967296E8 -6.94967296E8 2.105032704E9 2.105032704E9 -2.089934592E9 -2.089934592E9
18 0.0 0.0 0.0 1.0E8 1.0E8 1.0E8 1.0E8 1.0E8 1.0E8 2.0E8 2.0E8 2.0E8 2.0E8 2.0E8 3.0E8 3.0E8 3.0E8 3.0E8 3.0E8 3.0E8
19 0.0 0.0 0.0 0.0 0.0 0.0 1.0E8 3.0E8 3.0E8 3.0E8 3.0E8 3.0E8 3.0E8 3.0E8 3.0E8 3.0E8 3.0E8 3.0E8 3.0E8 3.0E8
20 5.0E8 5.0E8 5.0E8 5.0E8 5.0E8 5.0E8 5.0E8 5.0E8 -2.094967296E9 -1.794967296E9 -1.794967296E9 7.15098112E8 7.15098112E8 8.15098112E8 1.420130816E9 1.420130816E9 1.420130816E9 1.420130816E9 1.620130816E9 1.2516352E8
21 4.0E8 1.1E9 1.2E9 1.3E9 1.3E9 2.005032704E9 2.005032704E9 -2.089934592E9 -1.384901888E9 -2.84901888E8 -2.84901888E8 -2.84901888E8 -2.84901888E8 4.20130816E8 1.420130816E9 1.420130816E9 1.420130816E9 1.520130816E9 -4.7483648E8 2.02516352E9
22 0.0 0.0 0.0 0.0 0.0 0.0 0.0 0.0 0.0 0.0 0.0 0.0 0.0 0.0 1.0E8 1.0E8 2.0E8 2.0E8 2.0E8 2.0E8
23 1.0E8 1.3E9 -1.394967296E9 -5.94967296E8 1.705032704E9 1.705032704E9 2.005032704E9 2.105032704E9 -1.584901888E9 -9.84901888E8 7.15098112E8 8.15098112E8 8.15098112E8 1.20130816E8 5.20130816E8 6.20130816E8 6.20130816E8 6.20130816E8 1.52516352E9 1.92516352E9
24 0.0 0.0 1.0E8 2.0E8 2.0E8 2.0E8 2.0E8 2.0E8 2.0E8 2.0E8 2.0E8 2.0E8 2.0E8 2.0E8 2.0E8 2.0E8 2.0E8 3.0E8 3.0E8 3.0E8
25 0.0 0.0 0.0 0.0 1.0E8 1.0E8 1.0E8 1.0E8 1.0E8 2.0E8 2.0E8 2.0E8 2.0E8 3.0E8 3.0E8 4.0E8 4.0E8 4.0E8 4.0E8 4.0E8
26 0.0 0.0 0.0 2.0E8 3.0E8 4.0E8 4.0E8 4.0E8 4.0E8 4.0E8 4.0E8 4.0E8 4.0E8 4.0E8 4.0E8 4.0E8 4.0E8 4.0E8 4.0E8 4.0E8
27 0.0 1.0E8 1.0E8 1.0E8 1.0E8 1.0E8 1.0E8 1.0E8 2.0E8 2.0E8 2.0E8 2.0E8 2.0E8 3.0E8 3.0E8 3.0E8 3.0E8 3.0E8 3.0E8 3.0E8
28 7.0E8 9.0E8 -1.394967296E9 -3.94967296E8 1.405032704E9 1.805032704E9 1.805032704E9 1.805032704E9 -1.884901888E9 2.15098112E8 5.15098112E8 5.15098112E8 5.15098112E8 5.15098112E8 6.15098112E8 6.15098112E8 6.15098112E8 6.15098112E8 3.2516352E8 2.12516352E9
29 0.0 0.0 0.0 0.0 0.0 0.0 0.0 0.0 0.0 0.0 0.0 0.0 0.0 0.0 0.0 0.0 0.0 0.0 1.0E8 2.0E8
30 0.0 0.0 0.0 0.0 0.0 0.0 1.0E8 2.0E8 4.0E8 4.0E8 4.0E8 4.0E8 4.0E8 4.0E8 4.0E8 5.0E8 5.0E8 5.0E8 5.0E8 5.0E8
31 6.0E8 1.3E9 -1.294967296E9 -1.94967296E8 1.205032704E9 1.205032704E9 1.305032704E9 1.405032704E9 1.910065408E9 1.5098112E7 4.15098112E8 5.15098112E8 5.15098112E8 -3.79869184E8 7.20130816E8 7.20130816E8 7.20130816E8 8.20130816E8 1.32516352E9 1.52516352E9
32 3.0E8 1.0E9 -1.294967296E9 -4.94967296E8 -4.94967296E8 -3.94967296E8 -2.94967296E8 -1.94967296E8 -1.384901888E9 4.15098112E8 9.15098112E8 9.15098112E8 1.215098112E9 2.20130816E8 1.120130816E9 1.120130816E9 1.120130816E9 1.120130816E9 1.22516352E9 -2.069803776E9
33 1.0E8 1.0E8 -1.194967296E9 -9.4967296E7 4.05032704E8 5.05032704E8 5.05032704E8 7.05032704E8 4.10065408E8 4.15098112E8 9.15098112E8 9.15098112E8 1.015098112E9 1.015098112E9 1.115098112E9 1.115098112E9 1.215098112E9 1.215098112E9 1.215098112E9 1.215098112E9
34 0.0 0.0 0.0 0.0 0.0 0.0 1.0E8 1.0E8 3.0E8 3.0E8 3.0E8 3.0E8 3.0E8 3.0E8 3.0E8 3.0E8 3.0E8 3.0E8 3.0E8 3.0E8
35 0.0 0.0 1.0E8 1.0E8 2.0E8 2.0E8 2.0E8 2.0E8 3.0E8 3.0E8 4.0E8 4.0E8 5.0E8 5.0E8 5.0E8 5.0E8 5.0E8 5.0E8 5.0E8 5.0E8
36 4.0E8 5.0E8 -1.194967296E9 -9.4967296E7 4.05032704E8 5.05032704E8 5.05032704E8 6.05032704E8 2.105032704E9 4.15098112E8 9.15098112E8 9.15098112E8 1.015098112E9 1.015098112E9 1.115098112E9 1.115098112E9 1.215098112E9 1.215098112E9 1.315098112E9 1.315098112E9
37 0.0 0.0 1.0E8 1.0E8 1.0E8 1.0E8 1.0E8 1.0E8 1.0E8 2.0E8 2.0E8 2.0E8 2.0E8 2.0E8 2.0E8 2.0E8 2.0E8 2.0E8 2.0E8 2.0E8
38 0.0 0.0 0.0 1.0E8 1.0E8 1.0E8 1.0E8 1.0E8 1.0E8 1.0E8 1.0E8 1.0E8 2.0E8 2.0E8 2.0E8 2.0E8 3.0E8 3.0E8 3.0E8 3.0E8
39 0.0 0.0 0.0 1.0E8 1.0E8 1.0E8 1.0E8 2.0E8 2.0E8 2.0E8 2.0E8 2.0E8 2.0E8 2.0E8 2.0E8 2.0E8 2.0E8 2.0E8 2.0E8 2.0E8
40 0.0 0.0 0.0 0.0 0.0 0.0 0.0 0.0 0.0 0.0 0.0 0.0 0.0 0.0 0.0 1.0E8 1.0E8 1.0E8 1.0E8 1.0E8
41 5.0E8 9.0E8 -1.394967296E9 -1.394967296E9 -1.394967296E9 -1.394967296E9 -1.394967296E9 -1.194967296E9 -1.384901888E9 3.15098112E8 4.15098112E8 4.15098112E8 7.15098112E8 3.20130816E8 7.20130816E8 7.20130816E8 7.20130816E8 1.020130816E9 1.62516352E9 -1.969803776E9
42 0.0 0.0 0.0 0.0 0.0 0.0 0.0 0.0 0.0 0.0 1.0E8 1.0E8 1.0E8 1.0E8 1.0E8 1.0E8 3.0E8 3.0E8 3.0E8 3.0E8
43 5.0E8 1.2E9 -1.294967296E9 -9.94967296E8 -8.94967296E8 -8.94967296E8 -6.94967296E8 -4.94967296E8 -1.384901888E9 4.15098112E8 9.15098112E8 9.15098112E8 1.315098112E9 6.20130816E8 1.420130816E9 1.920130816E9 2.020130816E9 2.020130816E9 1.52516352E9 1.82516352E9
44 0.0 0.0 1.0E8 1.0E8 1.0E8 1.0E8 1.0E8 1.0E8 1.0E8 1.0E8 1.0E8 1.0E8 1.0E8 1.0E8 1.0E8 1.0E8 1.0E8 1.0E8 1.0E8 1.0E8
45 0.0 1.0E8 1.0E8 1.0E8 1.0E8 1.0E8 1.0E8 1.0E8 1.0E8 2.0E8 3.0E8 3.0E8 4.0E8 5.0E8 5.0E8 5.0E8 5.0E8 5.0E8 5.0E8 5.0E8
46 0.0 0.0 1.0E8 1.0E8 1.0E8 1.0E8 1.0E8 1.0E8 1.0E8 1.0E8 2.0E8 2.0E8 2.0E8 2.0E8 2.0E8 2.0E8 2.0E8 2.0E8 2.0E8 2.0E8
47 0.0 0.0 0.0 0.0 0.0 0.0 0.0 0.0 0.0 0.0 0.0 0.0 0.0 0.0 0.0 0.0 0.0 0.0 0.0 0.0
48 0.0 0.0 0.0 0.0 1.0E8 1.0E8 1.0E8 1.0E8 1.0E8 1.0E8 1.0E8 1.0E8 1.0E8 2.0E8 2.0E8 2.0E8 2.0E8 2.0E8 2.0E8 2.0E8
49 0.0 0.0 0.0 0.0 0.0 0.0 0.0 0.0 0.0 0.0 0.0 0.0 0.0 0.0 0.0 0.0 0.0 0.0 0.0 0.0
50 7.0E8 1.1E9 -1.194967296E9 -3.94967296E8 -2.94967296E8 -2.94967296E8 -1.94967296E8 -9.4967296E7 -1.384901888E9 4.15098112E8 9.15098112E8 9.15098112E8 1.415098112E9 4.20130816E8 1.520130816E9 1.620130816E9 1.620130816E9 1.620130816E9 1.92516352E9 -1.869803776E9
51 0.0 0.0 0.0 0.0 1.0E8 1.0E8 2.0E8 2.0E8 2.0E8 2.0E8 2.0E8 2.0E8 3.0E8 3.0E8 3.0E8 4.0E8 4.0E8 4.0E8 4.0E8 4.0E8
52 0.0 0.0 1.0E8 1.0E8 2.0E8 2.0E8 2.0E8 2.0E8 2.0E8 3.0E8 3.0E8 3.0E8 3.0E8 3.0E8 4.0E8 4.0E8 4.0E8 5.0E8 5.0E8 6.0E8
53 1.0E8 1.0E8 1.0E8 1.0E8 3.0E8 3.0E8 3.0E8 3.0E8 3.0E8 3.0E8 3.0E8 5.0E8 5.0E8 5.0E8 6.0E8 6.0E8 6.0E8 6.0E8 6.0E8 6.0E8
54 0.0 0.0 0.0 0.0 0.0 0.0 0.0 0.0 0.0 0.0 0.0 1.0E8 1.0E8 1.0E8 1.0E8 2.0E8 2.0E8 2.0E8 2.0E8 3.0E8
55 0.0 0.0 0.0 0.0 0.0 0.0 0.0 0.0 0.0 0.0 0.0 0.0 0.0 0.0 0.0 1.0E8 1.0E8 1.0E8 2.0E8 2.0E8
56 7.0E8 1.3E9 -1.194967296E9 -9.4967296E7 1.705032704E9 2.005032704E9 2.105032704E9 2.105032704E9 2.105032704E9 2.105032704E9 -1.989934592E9 -1.989934592E9 -1.989934592E9 -5.79869184E8 1.020130816E9 1.420130816E9 1.420130816E9 1.420130816E9 -1.7483648E8 -1.7483648E8
57 0.0 0.0 0.0 0.0 0.0 0.0 0.0 0.0 0.0 0.0 0.0 0.0 0.0 0.0 0.0 0.0 0.0 0.0 0.0 0.0
58 0.0 0.0 0.0 0.0 0.0 0.0 0.0 0.0 0.0 0.0 1.0E8 1.0E8 1.0E8 1.0E8 1.0E8 1.0E8 2.0E8 2.0E8 3.0E8 3.0E8
59 0.0 0.0 1.0E8 1.0E8 2.0E8 2.0E8 2.0E8 2.0E8 2.0E8 2.0E8 2.0E8 2.0E8 3.0E8 3.0E8 3.0E8 3.0E8 4.0E8 4.0E8 4.0E8 4.0E8
60 0.0 0.0 0.0 1.0E8 1.0E8 2.0E8 2.0E8 2.0E8 2.0E8 2.0E8 2.0E8 2.0E8 2.0E8 3.0E8 3.0E8 3.0E8 3.0E8 3.0E8 3.0E8 3.0E8
61 1.0E8 1.0E8 1.0E8 1.0E8 1.0E8 1.0E8 1.0E8 1.0E8 1.0E8 1.0E8 1.0E8 1.0E8 1.0E8 1.0E8 1.0E8 1.0E8 1.0E8 1.0E8 1.0E8 1.0E8
62 0.0 0.0 0.0 0.0 0.0 0.0 0.0 0.0 0.0 0.0 0.0 0.0 0.0 0.0 0.0 0.0 0.0 0.0 0.0 1.0E8
63 8.0E8 8.0E8 9.0E8 9.0E8 9.0E8 9.0E8 1.3E9 1.6E9 -1.384901888E9 4.15098112E8 9.15098112E8 9.15098112E8 9.15098112E8 6.20130816E8 1.220130816E9 1.520130816E9 1.520130816E9 1.520130816E9 1.32516352E9 -1.969803776E9
64 4.0E8 4.0E8 4.0E8 4.0E8 4.0E8 4.0E8 4.0E8 1.0E9 -1.284901888E9 3.15098112E8 6.15098112E8 6.15098112E8 6.15098112E8 4.20130816E8 1.620130816E9 1.720130816E9 1.820130816E9 1.920130816E9 7.2516352E8 2.12516352E9
65 9.0E8 1.3E9 -1.194967296E9 -9.4967296E7 1.705032704E9 2.105032704E9 -2.089934592E9 -1.889934592E9 -1.284901888E9 3.15098112E8 9.15098112E8 1.015098112E9 1.015098112E9 5.20130816E8 1.120130816E9 1.120130816E9 1.120130816E9 1.120130816E9 1.220130816E9 1.220130816E9
66 0.0 0.0 0.0 0.0 0.0 0.0 0.0 0.0 0.0 0.0 0.0 1.0E8 2.0E8 2.0E8 2.0E8 2.0E8 2.0E8 2.0E8 2.0E8 2.0E8
67 0.0 1.0E8 1.0E8 1.0E8 1.0E8 1.0E8 1.0E8 1.0E8 2.0E8 2.0E8 2.0E8 2.0E8 2.0E8 2.0E8 2.0E8 2.0E8 3.0E8 3.0E8 4.0E8 4.0E8
68 0.0 0.0 0.0 0.0 0.0 0.0 0.0 0.0 0.0 1.0E8 1.0E8 1.0E8 1.0E8 1.0E8 1.0E8 2.0E8 2.0E8 2.0E8 2.0E8 3.0E8
69 0.0 0.0 0.0 0.0 0.0 0.0 1.0E8 1.0E8 1.0E8 1.0E8 1.0E8 1.0E8 1.0E8 1.0E8 2.0E8 2.0E8 2.0E8 2.0E8 2.0E8 2.0E8
70 7.0E8 1.3E9 1.3E9 5032704.0 5032704.0 5032704.0 1.05032704E8 3.05032704E8 -1.384901888E9 4.15098112E8 9.15098112E8 1.115098112E9 1.115098112E9 6.20130816E8 1.120130816E9 1.120130816E9 1.120130816E9 2.120130816E9 -2.07483648E9 -2.07483648E9
71 0.0 0.0 0.0 0.0 0.0 0.0 0.0 0.0 0.0 0.0 0.0 0.0 1.0E8 1.0E8 1.0E8 1.0E8 1.0E8 1.0E8 2.0E8 2.0E8
72 7.0E8 9.0E8 -1.294967296E9 -2.94967296E8 1.705032704E9 1.905032704E9 1.905032704E9 -1.889934592E9 -1.584901888E9 2.15098112E8 7.15098112E8 7.15098112E8 1.215098112E9 2.20130816E8 4.20130816E8 4.20130816E8 4.20130816E8 4.20130816E8 -1.27483648E9 -1.27483648E9
73 0.0 0.0 0.0 0.0 0.0 0.0 1.0E8 1.0E8 1.0E8 1.0E8 1.0E8 1.0E8 1.0E8 1.0E8 1.0E8 1.0E8 1.0E8 2.0E8 2.0E8 2.0E8
74 4.0E8 1.1E9 1.3E9 -9.4967296E7 1.805032704E9 2.005032704E9 2.105032704E9 2.105032704E9 -1.484901888E9 2.15098112E8 5.15098112E8 5.15098112E8 5.15098112E8 5.15098112E8 1.320130816E9 1.520130816E9 1.520130816E9 1.620130816E9 1.620130816E9 1.620130816E9
75 1.0E8 2.0E8 -1.194967296E9 -9.4967296E7 1.905032704E9 2.105032704E9 -2.089934592E9 -1.889934592E9 -1.384901888E9 4.15098112E8 9.15098112E8 1.015098112E9 1.015098112E9 4.20130816E8 4.20130816E8 4.20130816E8 4.20130816E8 4.20130816E8 1.72516352E9 1.92516352E9
76 0.0 0.0 0.0 0.0 0.0 0.0 0.0 0.0 0.0 0.0 0.0 0.0 0.0 0.0 0.0 0.0 0.0 0.0 0.0 0.0
77 1.0E8 1.0E8 1.0E8 1.0E8 1.0E8 1.0E8 1.0E8 1.0E8 2.0E8 2.0E8 2.0E8 2.0E8 2.0E8 2.0E8 2.0E8 2.0E8 2.0E8 2.0E8 2.0E8 2.0E8
78 0.0 0.0 0.0 0.0 0.0 0.0 0.0 0.0 0.0 0.0 0.0 0.0 0.0 0.0 0.0 0.0 0.0 0.0 0.0 0.0
79 2.0E8 2.0E8 2.0E8 3.0E8 3.0E8 3.0E8 3.0E8 3.0E8 3.0E8 3.0E8 3.0E8 3.0E8 3.0E8 3.0E8 3.0E8 3.0E8 4.0E8 5.0E8 5.0E8 5.0E8
80 6.0E8 6.0E8 6.0E8 -1.94967296E8 1.805032704E9 1.905032704E9 2.005032704E9 2.005032704E9 -1.384901888E9 3.15098112E8 9.15098112E8 1.015098112E9 1.215098112E9 2.20130816E8 1.320130816E9 1.320130816E9 1.320130816E9 1.320130816E9 1.72516352E9 1.72516352E9
81 5.0E8 1.2E9 -1.194967296E9 -1.94967296E8 1.805032704E9 1.905032704E9 2.005032704E9 2.005032704E9 -1.784901888E9 2.15098112E8 7.15098112E8 7.15098112E8 9.15098112E8 2.20130816E8 9.20130816E8 1.120130816E9 1.120130816E9 1.120130816E9 1.12516352E9 1.92516352E9
82 7.0E8 1.4E9 -1.194967296E9 -1.94967296E8 6.05032704E8 6.05032704E8 6.05032704E8 9.05032704E8 9.05032704E8 -7.84901888E8 -5.84901888E8 -5.84901888E8 -5.84901888E8 -5.84901888E8 -5.84901888E8 -5.84901888E8 -5.84901888E8 -5.84901888E8 -5.7483648E8 -5.7483648E8
83 0.0 1.0E8 1.0E8 1.0E8 2.0E8 3.0E8 3.0E8 4.0E8 4.0E8 4.0E8 5.0E8 5.0E8 5.0E8 5.0E8 5.0E8 5.0E8 5.0E8 5.0E8 5.0E8 5.0E8
84 0.0 0.0 0.0 0.0 0.0 0.0 0.0 0.0 0.0 0.0 0.0 1.0E8 1.0E8 1.0E8 1.0E8 1.0E8 1.0E8 2.0E8 2.0E8 3.0E8
85 0.0 0.0 0.0 0.0 0.0 0.0 0.0 0.0 0.0 0.0 1.0E8 1.0E8 1.0E8 1.0E8 2.0E8 2.0E8 2.0E8 2.0E8 2.0E8 2.0E8
86 5.0E8 5.0E8 6.0E8 -1.94967296E8 1.705032704E9 1.905032704E9 2.005032704E9 -1.889934592E9 -1.484901888E9 1.15098112E8 7.15098112E8 7.15098112E8 7.15098112E8 8.15098112E8 9.15098112E8 9.15098112E8 9.15098112E8 9.15098112E8 9.15098112E8 9.15098112E8
87 0.0 0.0 0.0 0.0 0.0 0.0 0.0 1.0E8 1.0E8 1.0E8 1.0E8 1.0E8 1.0E8 1.0E8 1.0E8 1.0E8 1.0E8 1.0E8 1.0E8 1.0E8
88 7.0E8 1.3E9 -1.194967296E9 -9.4967296E7 1.805032704E9 1.905032704E9 2.005032704E9 2.105032704E9 -1.384901888E9 3.15098112E8 9.15098112E8 9.15098112E8 1.315098112E9 5.20130816E8 1.420130816E9 1.620130816E9 1.720130816E9 1.720130816E9 1.42516352E9 -1.969803776E9
89 2.0E8 2.0E8 2.0E8 2.0E8 2.0E8 2.0E8 2.0E8 2.0E8 2.0E8 2.0E8 2.0E8 3.0E8 4.0E8 5.0E8 5.0E8 5.0E8 5.0E8 6.0E8 6.0E8 6.0E8
90 0.0 0.0 0.0 0.0 0.0 0.0 0.0 0.0 0.0 1.0E8 1.0E8 1.0E8 1.0E8 1.0E8 1.0E8 1.0E8 1.0E8 1.0E8 1.0E8 1.0E8
91 1.0E8 1.0E8 1.0E8 1.0E8 1.0E8 2.0E8 2.0E8 2.0E8 2.0E8 3.0E8 3.0E8 4.0E8 4.0E8 4.0E8 4.0E8 4.0E8 4.0E8 4.0E8 4.0E8 4.0E8
92 0.0 0.0 0.0 0.0 0.0 0.0 0.0 0.0 0.0 0.0 0.0 0.0 0.0 1.0E8 1.0E8 1.0E8 1.0E8 1.0E8 1.0E8 1.0E8
93 1.0E8 1.0E8 2.0E8 2.0E8 2.0E8 3.0E8 3.0E8 3.0E8 3.0E8 3.0E8 3.0E8 3.0E8 4.0E8 4.0E8 4.0E8 4.0E8 4.0E8 4.0E8 4.0E8 4.0E8
94 0.0 0.0 0.0 1.0E8 1.0E8 1.0E8 1.0E8 1.0E8 1.0E8 1.0E8 1.0E8 1.0E8 1.0E8 1.0E8 1.0E8 1.0E8 2.0E8 2.0E8 2.0E8 2.0E8
95 0.0 0.0 0.0 0.0 0.0 0.0 0.0 0.0 0.0 0.0 0.0 1.0E8 1.0E8 1.0E8 1.0E8 1.0E8 1.0E8 1.0E8 1.0E8 1.0E8
96 9.0E8 1.3E9 1.3E9 1.3E9 1.4E9 1.8E9 2.1E9 2.1E9 2.1E9 2.1E9 2.1E9 2.1E9 2.1E9 -1.294967296E9 1.020130816E9 1.220130816E9 1.220130816E9 1.220130816E9 1.520130816E9 1.720130816E9
97 0.0 0.0 1.0E8 1.0E8 1.0E8 1.0E8 1.0E8 1.0E8 1.0E8 1.0E8 1.0E8 1.0E8 2.0E8 4.0E8 4.0E8 5.0E8 5.0E8 5.0E8 5.0E8 5.0E8
