0 3350
1 1981
2 4463
3 3281
4 2961
5 2677
6 762
7 1057
8 1525
9 2866
10 545
11 435
12 4371
13 4086
14 2319
15 4023
16 3450
17 976
18 676
19 1394
20 1350
21 2371
22 2488
23 3022
24 3229
25 3092
26 2433
27 2932
28 1995
29 2815
30 3280
31 4083
32 2386
33 2637
34 2410
35 2737
36 2827
37 3205
38 2586
39 3486
40 2590
41 2130
42 4114
43 3605
44 2966
45 2627
46 3218
47 3965
48 3118
49 3943
50 4116
51 3639
52 4257
53 3048
54 1893
55 3720
56 3355
57 3780
58 2783
59 5386
60 3593
61 2390
62 1495
63 3542
64 2375
65 5046
66 3275
67 1991
68 1388
69 3976
70 3167
71 4676
72 3607
73 4766
74 4498
75 4974
76 5461
77 5269
78 5057
79 3919
80 4183
81 5286
82 1441
83 5447
84 2748
85 4153
86 4107
87 5655
88 5248
89 5119
90 4185
91 2014
92 5283
93 1844
94 4161
95 2372
96 657
97 3951
