records: 20
      Record Time
Host  UsedBuffer

  16870.0 33740.0 50610.0 67480.0 84350.0 101220.0 118090.0 134960.0 151830.0 168700.0 185570.0 202440.0 219310.0 236180.0 253050.0 269920.0 286790.0 303660.0 320530.0 337400.0
0 7.0E8 1.4E9 -1.094967296E9 6.05032704E8 -1.989934592E9 -1.389934592E9 -3.89934592E8 9.10065408E8 -7.84901888E8 7.15098112E8 1.815098112E9 -1.779869184E9 -1.579869184E9 9.20130816E8 1.820130816E9 2.120130816E9 2.120130816E9 -1.47483648E9 1.92516352E9 -1.469803776E9
1 7.0E8 9.0E8 9.0E8 4.05032704E8 -2.089934592E9 -1.289934592E9 -3.89934592E8 4.10065408E8 -7.84901888E8 7.15098112E8 1.815098112E9 -1.779869184E9 -1.579869184E9 9.20130816E8 1.820130816E9 -2.07483648E9 -1.97483648E9 -1.37483648E9 1.82516352E9 -1.769803776E9
2 8.0E8 1.5E9 -9.94967296E8 3.05032704E8 2.105032704E9 -1.489934592E9 -4.89934592E8 8.10065408E8 -9.84901888E8 4.15098112E8 1.615098112E9 -1.979869184E9 -1.879869184E9 6.20130816E8 1.520130816E9 1.820130816E9 -2.07483648E9 -1.67483648E9 1.82516352E9 2.12516352E9
3 7.0E8 1.4E9 -1.294967296E9 5.05032704E8 -2.089934592E9 -1.889934592E9 -1.89934592E8 6.10065408E8 -7.84901888E8 7.15098112E8 1.415098112E9 -1.779869184E9 -1.079869184E9 9.20130816E8 1.620130816E9 1.820130816E9 2.120130816E9 2.120130816E9 1.82516352E9 -1.569803776E9
4 1.0E8 1.0E8 1.0E8 1.0E8 1.0E8 2.0E8 2.0E8 2.0E8 2.0E8 2.0E8 3.0E8 3.0E8 3.0E8 3.0E8 4.0E8 4.0E8 4.0E8 5.0E8 6.0E8 6.0E8
5 0.0 0.0 0.0 5.05032704E8 -1.989934592E9 -1.189934592E9 -2.89934592E8 5.10065408E8 -7.84901888E8 7.15098112E8 1.915098112E9 -1.779869184E9 -1.579869184E9 9.20130816E8 1.820130816E9 -2.07483648E9 -1.97483648E9 -1.27483648E9 1.92516352E9 -1.969803776E9
6 0.0 0.0 0.0 4.05032704E8 1.805032704E9 1.805032704E9 1.805032704E9 -1.189934592E9 -8.84901888E8 5.15098112E8 8.15098112E8 1.815098112E9 -1.679869184E9 8.20130816E8 1.320130816E9 1.920130816E9 -1.87483648E9 -1.87483648E9 1.72516352E9 1.72516352E9
7 4.0E8 1.5E9 2.0E9 4.05032704E8 1.105032704E9 -1.589934592E9 -1.589934592E9 1.10065408E8 -8.84901888E8 -8.4901888E7 -8.4901888E7 -8.4901888E7 -8.4901888E7 -8.79869184E8 1.020130816E9 1.120130816E9 1.220130816E9 1.220130816E9 1.92516352E9 -1.969803776E9
8 0.0 0.0 6.0E8 3.05032704E8 -2.089934592E9 -1.389934592E9 -4.89934592E8 2.10065408E8 -1.084901888E9 5.15098112E8 1.615098112E9 -1.979869184E9 -1.779869184E9 4.20130816E8 1.520130816E9 1.920130816E9 2.020130816E9 -2.07483648E9 1.52516352E9 2.12516352E9
9 0.0 1.0E8 1.0E8 1.0E8 1.0E8 1.0E8 2.0E8 2.0E8 2.0E8 2.0E8 2.0E8 2.0E8 2.0E8 3.0E8 3.0E8 4.0E8 4.0E8 4.0E8 4.0E8 5.0E8
10 0.0 0.0 1.0E8 5.05032704E8 1.205032704E9 1.205032704E9 -1.689934592E9 -5.89934592E8 -1.384901888E9 8.15098112E8 9.15098112E8 -1.779869184E9 -1.479869184E9 9.20130816E8 1.220130816E9 1.220130816E9 -1.87483648E9 -1.77483648E9 1.82516352E9 -1.769803776E9
11 0.0 0.0 0.0 3.05032704E8 2.005032704E9 -1.589934592E9 -2.89934592E8 5.10065408E8 -1.484901888E9 4.15098112E8 7.15098112E8 7.15098112E8 -1.579869184E9 2.20130816E8 1.320130816E9 1.620130816E9 1.620130816E9 -1.27483648E9 1.72516352E9 1.92516352E9
12 0.0 0.0 0.0 0.0 0.0 0.0 0.0 0.0 0.0 0.0 0.0 0.0 0.0 0.0 0.0 0.0 1.0E8 1.0E8 1.0E8 2.0E8
13 8.0E8 1.5E9 -9.94967296E8 5.05032704E8 2.005032704E9 -1.589934592E9 -5.89934592E8 7.10065408E8 -9.84901888E8 5.15098112E8 1.715098112E9 -1.879869184E9 -1.779869184E9 6.20130816E8 6.20130816E8 6.20130816E8 6.20130816E8 7.20130816E8 7.20130816E8 7.20130816E8
14 6.0E8 1.3E9 -1.094967296E9 4.05032704E8 2.005032704E9 -1.589934592E9 -5.89934592E8 4.10065408E8 -8.84901888E8 5.15098112E8 1.615098112E9 -1.979869184E9 -1.779869184E9 6.20130816E8 7.20130816E8 7.20130816E8 7.20130816E8 8.20130816E8 8.20130816E8 8.20130816E8
15 8.0E8 1.5E9 -9.94967296E8 5.05032704E8 -2.089934592E9 -1.289934592E9 -2.89934592E8 1.010065408E9 -6.84901888E8 8.15098112E8 2.015098112E9 -1.579869184E9 -1.479869184E9 1.020130816E9 1.920130816E9 -2.07483648E9 -1.77483648E9 -1.77483648E9 2.12516352E9 -1.869803776E9
16 8.0E8 1.5E9 -9.94967296E8 5.05032704E8 -1.989934592E9 -1.289934592E9 -3.89934592E8 9.10065408E8 -7.84901888E8 7.15098112E8 1.915098112E9 -1.779869184E9 -1.579869184E9 8.20130816E8 1.720130816E9 2.120130816E9 -2.07483648E9 -1.67483648E9 1.92516352E9 -1.969803776E9
17 1.0E8 1.0E8 1.0E8 2.0E8 2.0E8 2.0E8 2.0E8 2.0E8 2.0E8 2.0E8 2.0E8 3.0E8 3.0E8 3.0E8 3.0E8 3.0E8 3.0E8 3.0E8 4.0E8 4.0E8
18 0.0 1.2E9 1.2E9 -1.594967296E9 6.05032704E8 6.05032704E8 1.405032704E9 1.405032704E9 2.105032704E9 -1.389934592E9 -3.89934592E8 -3.89934592E8 -3.89934592E8 -3.89934592E8 1.010065408E9 1.210065408E9 1.610065408E9 -1.484901888E9 -1.484901888E9 -1.484901888E9
19 0.0 1.2E9 1.3E9 1.4E9 -1.394967296E9 -7.94967296E8 5.05032704E8 1.305032704E9 2.105032704E9 -9.89934592E8 -6.89934592E8 -5.89934592E8 1.0065408E7 1.0065408E7 1.210065408E9 1.910065408E9 2.010065408E9 2.110065408E9 -1.484901888E9 -1.484901888E9
20 7.0E8 7.0E8 7.0E8 7.0E8 1.8E9 1.8E9 1.8E9 1.8E9 1.805032704E9 -7.89934592E8 -7.89934592E8 1.615098112E9 -1.979869184E9 -4.79869184E8 1.720130816E9 1.820130816E9 1.820130816E9 1.820130816E9 1.42516352E9 -2.069803776E9
21 8.0E8 1.1E9 -1.094967296E9 -6.94967296E8 -1.94967296E8 -1.489934592E9 -5.89934592E8 6.10065408E8 -7.84901888E8 4.15098112E8 1.915098112E9 -2.079869184E9 -2.079869184E9 9.20130816E8 1.820130816E9 2.120130816E9 2.120130816E9 -2.07483648E9 1.82516352E9 -1.869803776E9
22 7.0E8 1.3E9 -9.94967296E8 5.05032704E8 1.205032704E9 -1.489934592E9 -1.489934592E9 3.10065408E8 -7.84901888E8 5.15098112E8 5.15098112E8 5.15098112E8 5.15098112E8 5.15098112E8 6.15098112E8 6.15098112E8 7.15098112E8 7.15098112E8 7.15098112E8 7.15098112E8
23 3.0E8 5.0E8 -1.194967296E9 3.05032704E8 2.105032704E9 -1.889934592E9 -3.89934592E8 5.10065408E8 -9.84901888E8 -2.84901888E8 1.415098112E9 1.515098112E9 1.515098112E9 7.20130816E8 1.520130816E9 1.620130816E9 1.620130816E9 1.620130816E9 1.92516352E9 -2.069803776E9
24 8.0E8 1.1E9 -1.094967296E9 -7.94967296E8 -2.089934592E9 -1.589934592E9 -6.89934592E8 5.10065408E8 -7.84901888E8 4.15098112E8 1.915098112E9 2.115098112E9 2.115098112E9 7.20130816E8 1.620130816E9 1.920130816E9 1.920130816E9 2.020130816E9 1.82516352E9 2.12516352E9
25 8.0E8 1.3E9 1.3E9 1.3E9 2.105032704E9 -1.389934592E9 -1.089934592E9 5.10065408E8 -7.84901888E8 6.15098112E8 1.415098112E9 1.615098112E9 1.615098112E9 6.20130816E8 1.520130816E9 1.720130816E9 1.720130816E9 1.720130816E9 3.2516352E8 -1.669803776E9
26 8.0E8 1.2E9 -9.94967296E8 5.05032704E8 -1.989934592E9 -1.389934592E9 -8.9934592E7 2.10065408E8 -7.84901888E8 7.15098112E8 7.15098112E8 7.15098112E8 -1.679869184E9 9.20130816E8 1.420130816E9 1.420130816E9 1.420130816E9 1.420130816E9 1.420130816E9 1.420130816E9
27 0.0 1.0E8 1.0E8 1.0E8 1.0E8 1.0E8 1.0E8 1.0E8 2.0E8 2.0E8 2.0E8 2.0E8 2.0E8 3.0E8 3.0E8 3.0E8 3.0E8 3.0E8 3.0E8 3.0E8
28 1.0E8 1.0E9 -1.194967296E9 4.05032704E8 2.105032704E9 -1.689934592E9 -1.689934592E9 -1.589934592E9 -8.84901888E8 6.15098112E8 9.15098112E8 9.15098112E8 9.15098112E8 9.15098112E8 1.015098112E9 1.015098112E9 1.015098112E9 1.015098112E9 1.72516352E9 -1.569803776E9
29 7.0E8 1.2E9 -9.94967296E8 5.05032704E8 -2.089934592E9 -1.689934592E9 -1.689934592E9 -1.689934592E9 -1.689934592E9 -1.689934592E9 -1.684901888E9 -1.684901888E9 -9.84901888E8 7.20130816E8 1.520130816E9 1.720130816E9 1.820130816E9 -1.77483648E9 1.82516352E9 -1.669803776E9
30 5.0E8 1.1E9 -1.394967296E9 3.05032704E8 3.05032704E8 9.05032704E8 -2.89934592E8 4.10065408E8 -8.84901888E8 6.15098112E8 1.715098112E9 -1.779869184E9 -1.779869184E9 8.20130816E8 1.720130816E9 1.920130816E9 2.020130816E9 2.020130816E9 2.020130816E9 -1.669803776E9
31 7.0E8 1.5E9 -1.094967296E9 4.05032704E8 1.505032704E9 1.505032704E9 -1.589934592E9 -4.89934592E8 -1.084901888E9 3.15098112E8 1.115098112E9 2.015098112E9 2.115098112E9 4.20130816E8 1.120130816E9 1.120130816E9 1.120130816E9 1.220130816E9 1.52516352E9 1.92516352E9
32 0.0 0.0 0.0 0.0 0.0 0.0 0.0 1.0E8 1.0E8 1.0E8 1.0E8 1.0E8 2.0E8 2.0E8 3.0E8 3.0E8 3.0E8 3.0E8 4.0E8 4.0E8
33 0.0 0.0 0.0 0.0 0.0 0.0 0.0 1.0E8 1.0E8 1.0E8 1.0E8 1.0E8 2.0E8 2.0E8 2.0E8 2.0E8 2.0E8 2.0E8 2.0E8 2.0E8
34 0.0 0.0 0.0 0.0 0.0 0.0 1.0E8 1.0E8 3.0E8 3.0E8 3.0E8 3.0E8 3.0E8 3.0E8 3.0E8 3.0E8 3.0E8 3.0E8 3.0E8 3.0E8
35 0.0 0.0 1.0E8 1.0E8 2.0E8 2.0E8 2.0E8 2.0E8 3.0E8 3.0E8 4.0E8 4.0E8 5.0E8 5.0E8 5.0E8 5.0E8 5.0E8 5.0E8 5.0E8 5.0E8
36 3.0E8 1.0E9 -9.94967296E8 5.05032704E8 8.05032704E8 9.05032704E8 9.05032704E8 3.10065408E8 -7.84901888E8 7.15098112E8 1.415098112E9 1.415098112E9 1.515098112E9 1.515098112E9 1.615098112E9 1.615098112E9 1.715098112E9 1.715098112E9 1.815098112E9 1.815098112E9
37 5.0E8 1.5E9 -9.94967296E8 5.05032704E8 -1.989934592E9 -1.489934592E9 -2.89934592E8 7.10065408E8 -6.84901888E8 8.15098112E8 1.615098112E9 1.715098112E9 -1.479869184E9 8.20130816E8 1.720130816E9 2.120130816E9 -1.87483648E9 -1.47483648E9 1.72516352E9 -1.969803776E9
38 7.0E8 8.0E8 8.0E8 9.0E8 -2.089934592E9 -1.589934592E9 -9.89934592E8 4.10065408E8 -9.84901888E8 2.15098112E8 1.315098112E9 1.715098112E9 -1.579869184E9 -7.9869184E7 1.120130816E9 1.620130816E9 1.720130816E9 1.820130816E9 -6.7483648E8 -6.7483648E8
39 2.0E8 1.2E9 -1.094967296E9 5.05032704E8 -2.089934592E9 -1.589934592E9 -1.589934592E9 -1.489934592E9 -7.84901888E8 7.15098112E8 1.815098112E9 1.815098112E9 1.815098112E9 1.915098112E9 1.220130816E9 1.320130816E9 1.820130816E9 -1.57483648E9 2.02516352E9 -1.969803776E9
40 1.0E8 1.0E8 -9.94967296E8 -3.94967296E8 9.05032704E8 9.05032704E8 -1.789934592E9 -1.389934592E9 -6.84901888E8 8.15098112E8 1.915098112E9 -1.779869184E9 -1.779869184E9 9.20130816E8 1.820130816E9 2.120130816E9 -2.07483648E9 -1.97483648E9 2.02516352E9 -1.569803776E9
41 7.0E8 1.2E9 -1.194967296E9 -1.094967296E9 -1.094967296E9 -1.094967296E9 -1.094967296E9 3.05032704E8 -7.84901888E8 7.15098112E8 9.15098112E8 1.715098112E9 -1.579869184E9 9.20130816E8 1.220130816E9 1.220130816E9 1.220130816E9 -1.37483648E9 2.12516352E9 -1.369803776E9
42 8.0E8 1.3E9 -9.94967296E8 5032704.0 -2.089934592E9 -1.389934592E9 -6.89934592E8 6.10065408E8 -8.84901888E8 6.15098112E8 1.615098112E9 1.615098112E9 1.615098112E9 8.20130816E8 1.720130816E9 1.820130816E9 2.020130816E9 -1.07483648E9 2.02516352E9 -1.469803776E9
43 1.0E8 1.0E8 1.0E8 2.0E8 2.0E8 2.0E8 2.0E8 2.0E8 2.0E8 3.0E8 3.0E8 3.0E8 3.0E8 3.0E8 3.0E8 5.0E8 5.0E8 5.0E8 6.0E8 6.0E8
44 8.0E8 1.2E9 1.3E9 -4.94967296E8 -4.94967296E8 -1.589934592E9 -1.589934592E9 6.10065408E8 -8.84901888E8 6.15098112E8 1.715098112E9 2.015098112E9 2.015098112E9 6.20130816E8 1.520130816E9 1.820130816E9 1.820130816E9 1.920130816E9 1.82516352E9 -1.769803776E9
45 7.0E8 8.0E8 8.0E8 9.0E8 -1.989934592E9 -1.489934592E9 -8.89934592E8 6.10065408E8 -7.84901888E8 7.15098112E8 1.815098112E9 -1.779869184E9 -1.079869184E9 9.20130816E8 1.520130816E9 2.020130816E9 2.120130816E9 -1.37483648E9 1.92516352E9 2.12516352E9
46 9.0E8 1.2E9 2.1E9 5.05032704E8 -1.989934592E9 -1.589934592E9 -1.589934592E9 1.10065408E8 -6.84901888E8 8.15098112E8 1.715098112E9 1.715098112E9 -1.479869184E9 1.020130816E9 1.520130816E9 1.620130816E9 1.620130816E9 1.620130816E9 -2.069803776E9 -1.869803776E9
47 8.0E8 1.2E9 -1.094967296E9 3.05032704E8 2.105032704E9 -1.589934592E9 -2.89934592E8 6.10065408E8 -7.84901888E8 7.15098112E8 1.615098112E9 -1.779869184E9 -1.679869184E9 9.20130816E8 1.820130816E9 1.920130816E9 1.920130816E9 1.920130816E9 2.12516352E9 -1.469803776E9
48 0.0 0.0 0.0 0.0 1.0E8 1.0E8 1.0E8 1.0E8 1.0E8 1.0E8 1.0E8 1.0E8 1.0E8 2.0E8 2.0E8 2.0E8 2.0E8 2.0E8 2.0E8 2.0E8
49 8.0E8 1.5E9 -9.94967296E8 4.05032704E8 -2.089934592E9 -1.589934592E9 -1.189934592E9 3.10065408E8 -7.84901888E8 7.15098112E8 1.615098112E9 -1.779869184E9 -1.779869184E9 9.20130816E8 1.820130816E9 2.020130816E9 2.020130816E9 2.020130816E9 2.02516352E9 -1.469803776E9
50 7.0E8 1.3E9 -9.94967296E8 5032704.0 1.05032704E8 7.05032704E8 8.05032704E8 8.05032704E8 -7.84901888E8 7.15098112E8 1.615098112E9 -1.879869184E9 -1.079869184E9 9.20130816E8 1.820130816E9 1.920130816E9 -2.07483648E9 -1.47483648E9 2.12516352E9 -1.369803776E9
51 0.0 0.0 0.0 0.0 1.0E8 1.0E8 2.0E8 2.0E8 2.0E8 2.0E8 2.0E8 2.0E8 3.0E8 3.0E8 3.0E8 4.0E8 4.0E8 4.0E8 4.0E8 4.0E8
52 7.0E8 1.2E9 -1.094967296E9 4.05032704E8 -2.089934592E9 -1.589934592E9 -2.89934592E8 -2.89934592E8 -7.84901888E8 7.15098112E8 1.615098112E9 -1.679869184E9 -1.679869184E9 8.20130816E8 1.820130816E9 -2.07483648E9 -2.07483648E9 -1.97483648E9 2.02516352E9 -1.969803776E9
53 1.0E8 1.0E8 1.0E8 1.0E8 3.0E8 3.0E8 3.0E8 3.0E8 3.0E8 3.0E8 3.0E8 5.0E8 5.0E8 5.0E8 6.0E8 6.0E8 6.0E8 6.0E8 6.0E8 6.0E8
54 1.0E8 3.0E8 -9.94967296E8 5.05032704E8 -1.989934592E9 -1.689934592E9 -2.89934592E8 7.10065408E8 -7.84901888E8 -8.4901888E7 -8.4901888E7 1.715098112E9 -1.479869184E9 8.20130816E8 9.20130816E8 1.020130816E9 -2.07483648E9 -1.57483648E9 1.72516352E9 2.12516352E9
55 0.0 0.0 0.0 0.0 0.0 0.0 0.0 0.0 0.0 0.0 0.0 0.0 0.0 0.0 0.0 1.0E8 1.0E8 1.0E8 2.0E8 2.0E8
56 9.0E8 1.6E9 -9.94967296E8 5.05032704E8 -2.089934592E9 -1.589934592E9 -1.489934592E9 -1.489934592E9 -1.984901888E9 -1.984901888E9 1.515098112E9 1.815098112E9 1.815098112E9 4.20130816E8 1.620130816E9 2.020130816E9 2.020130816E9 2.020130816E9 1.62516352E9 1.62516352E9
57 0.0 0.0 0.0 0.0 0.0 0.0 0.0 0.0 0.0 0.0 0.0 0.0 0.0 0.0 0.0 0.0 0.0 0.0 0.0 0.0
58 0.0 0.0 0.0 0.0 0.0 0.0 0.0 0.0 0.0 0.0 1.0E8 1.0E8 1.0E8 1.0E8 1.0E8 1.0E8 2.0E8 2.0E8 3.0E8 3.0E8
59 7.0E8 1.5E9 -9.94967296E8 5.05032704E8 -1.989934592E9 -1.689934592E9 -5.89934592E8 6.10065408E8 -6.84901888E8 7.15098112E8 1.715098112E9 2.015098112E9 -1.579869184E9 1.020130816E9 1.820130816E9 2.120130816E9 -2.07483648E9 -1.37483648E9 -2.069803776E9 -1.469803776E9
60 7.0E8 8.0E8 -9.94967296E8 5.05032704E8 -1.989934592E9 -1.689934592E9 -3.89934592E8 6.10065408E8 -7.84901888E8 6.15098112E8 8.15098112E8 -1.779869184E9 -1.179869184E9 8.20130816E8 1.520130816E9 1.520130816E9 -1.87483648E9 -1.87483648E9 1.72516352E9 1.72516352E9
61 5.0E8 5.0E8 6.0E8 5.05032704E8 -2.089934592E9 -1.489934592E9 -8.9934592E7 7.10065408E8 -7.84901888E8 7.15098112E8 1.215098112E9 1.215098112E9 1.215098112E9 5.20130816E8 5.20130816E8 5.20130816E8 5.20130816E8 5.20130816E8 5.20130816E8 5.20130816E8
62 8.0E8 1.2E9 -9.94967296E8 5.05032704E8 1.705032704E9 1.705032704E9 -1.189934592E9 7.10065408E8 -7.84901888E8 7.15098112E8 1.615098112E9 1.715098112E9 -1.479869184E9 9.20130816E8 1.820130816E9 1.920130816E9 1.920130816E9 1.920130816E9 1.62516352E9 -1.969803776E9
63 0.0 0.0 0.0 0.0 0.0 0.0 0.0 0.0 0.0 0.0 0.0 0.0 0.0 0.0 0.0 0.0 0.0 0.0 0.0 1.0E8
64 5.0E8 5.0E8 5.0E8 5.0E8 1.8E9 9.05032704E8 9.05032704E8 -1.89934592E8 -5.84901888E8 8.15098112E8 1.015098112E9 1.815098112E9 1.815098112E9 1.020130816E9 1.920130816E9 -2.07483648E9 -1.97483648E9 -1.87483648E9 2.02516352E9 -1.869803776E9
65 9.0E8 1.4E9 -9.94967296E8 5.05032704E8 -1.989934592E9 -1.589934592E9 -2.89934592E8 7.10065408E8 -6.84901888E8 7.15098112E8 1.615098112E9 -1.779869184E9 -1.579869184E9 9.20130816E8 1.820130816E9 1.820130816E9 1.820130816E9 1.820130816E9 1.920130816E9 1.920130816E9
66 8.0E8 1.2E9 1.2E9 -9.4967296E7 -1.989934592E9 -1.689934592E9 -3.89934592E8 -3.89934592E8 -7.84901888E8 7.15098112E8 1.615098112E9 2.015098112E9 -2.079869184E9 7.20130816E8 1.620130816E9 1.820130816E9 1.820130816E9 1.820130816E9 1.92516352E9 -1.769803776E9
67 5.0E8 6.0E8 6.0E8 -9.4967296E7 2.105032704E9 2.105032704E9 2.105032704E9 7.10065408E8 1.010065408E9 8.15098112E8 1.715098112E9 -2.079869184E9 -8.79869184E8 9.20130816E8 1.620130816E9 1.620130816E9 1.720130816E9 1.720130816E9 1.820130816E9 1.820130816E9
68 5.0E8 6.0E8 6.0E8 -1.94967296E8 2.005032704E9 2.005032704E9 2.005032704E9 2.005032704E9 2.005032704E9 1.610065408E9 1.615098112E9 2.115098112E9 -1.079869184E9 9.20130816E8 1.620130816E9 1.720130816E9 1.720130816E9 1.720130816E9 1.720130816E9 1.820130816E9
69 8.0E8 1.4E9 -1.194967296E9 3.05032704E8 2.105032704E9 -1.689934592E9 -1.589934592E9 -1.589934592E9 -8.84901888E8 1.15098112E8 1.615098112E9 1.715098112E9 -1.879869184E9 4.20130816E8 1.220130816E9 1.320130816E9 1.320130816E9 1.320130816E9 1.22516352E9 1.62516352E9
70 0.0 0.0 0.0 0.0 0.0 0.0 0.0 0.0 0.0 0.0 1.0E8 3.0E8 3.0E8 3.0E8 3.0E8 3.0E8 3.0E8 3.0E8 4.0E8 4.0E8
71 0.0 0.0 0.0 0.0 0.0 0.0 0.0 0.0 0.0 0.0 0.0 0.0 1.0E8 1.0E8 1.0E8 1.0E8 1.0E8 1.0E8 2.0E8 2.0E8
72 8.0E8 1.3E9 -1.194967296E9 5.05032704E8 -2.089934592E9 -1.589934592E9 -5.89934592E8 9.10065408E8 -8.84901888E8 5.15098112E8 1.615098112E9 -1.979869184E9 -1.379869184E9 7.20130816E8 8.20130816E8 8.20130816E8 2.120130816E9 -1.77483648E9 1.12516352E9 1.12516352E9
73 0.0 0.0 0.0 0.0 0.0 0.0 1.0E8 1.0E8 1.0E8 1.0E8 1.0E8 1.0E8 1.0E8 1.0E8 1.0E8 1.0E8 1.0E8 2.0E8 2.0E8 2.0E8
74 0.0 0.0 0.0 0.0 0.0 1.0E8 1.0E8 1.0E8 2.0E8 2.0E8 2.0E8 2.0E8 2.0E8 2.0E8 2.0E8 2.0E8 2.0E8 3.0E8 3.0E8 3.0E8
75 7.0E8 1.3E9 -9.94967296E8 5.05032704E8 -1.989934592E9 -1.589934592E9 -2.89934592E8 7.10065408E8 -7.84901888E8 7.15098112E8 1.615098112E9 -1.779869184E9 -1.579869184E9 9.20130816E8 1.020130816E9 1.020130816E9 1.020130816E9 1.020130816E9 2.12516352E9 -2.069803776E9
76 7.0E8 1.6E9 -9.94967296E8 5.05032704E8 -1.989934592E9 -1.589934592E9 -8.9934592E7 7.10065408E8 -6.84901888E8 8.15098112E8 1.715098112E9 -1.979869184E9 -1.579869184E9 9.20130816E8 1.920130816E9 2.120130816E9 2.120130816E9 2.120130816E9 2.12516352E9 -1.769803776E9
77 2.0E8 1.5E9 -9.94967296E8 3.05032704E8 2.105032704E9 -1.789934592E9 -4.89934592E8 5.10065408E8 -8.84901888E8 6.15098112E8 1.415098112E9 -1.979869184E9 -1.779869184E9 7.20130816E8 1.620130816E9 1.720130816E9 1.820130816E9 1.820130816E9 7.2516352E8 -1.569803776E9
78 8.0E8 1.5E9 -9.94967296E8 5.05032704E8 -1.989934592E9 -1.589934592E9 -1.089934592E9 7.10065408E8 -6.84901888E8 8.15098112E8 1.615098112E9 -1.779869184E9 -1.279869184E9 7.20130816E8 1.320130816E9 1.320130816E9 1.320130816E9 1.320130816E9 -8.7483648E8 -8.7483648E8
79 9.0E8 1.2E9 1.2E9 1.3E9 -1.994967296E9 -1.889934592E9 -2.89934592E8 6.10065408E8 -6.84901888E8 7.15098112E8 9.15098112E8 -1.679869184E9 -1.679869184E9 9.20130816E8 1.820130816E9 2.020130816E9 -1.87483648E9 -9.7483648E8 2.02516352E9 -1.569803776E9
80 0.0 0.0 0.0 0.0 0.0 0.0 0.0 0.0 0.0 0.0 0.0 0.0 1.0E8 1.0E8 1.0E8 1.0E8 1.0E8 1.0E8 1.0E8 1.0E8
81 7.0E8 1.5E9 -9.94967296E8 4.05032704E8 -2.089934592E9 -1.789934592E9 -2.89934592E8 4.10065408E8 -9.84901888E8 5.15098112E8 1.415098112E9 2.015098112E9 -1.879869184E9 7.20130816E8 1.520130816E9 1.920130816E9 1.920130816E9 1.920130816E9 1.92516352E9 -1.769803776E9
82 0.0 1.0E8 1.0E8 1.0E8 1.0E8 1.0E8 1.0E8 2.0E8 2.0E8 2.0E8 3.0E8 3.0E8 3.0E8 3.0E8 3.0E8 3.0E8 3.0E8 3.0E8 3.0E8 3.0E8
83 7.0E8 1.6E9 -9.94967296E8 5.05032704E8 -1.989934592E9 -1.589934592E9 -8.9934592E7 1.010065408E9 -6.84901888E8 8.15098112E8 1.815098112E9 -1.579869184E9 -1.579869184E9 -1.079869184E9 1.920130816E9 1.920130816E9 1.920130816E9 1.920130816E9 -1.67483648E9 -1.67483648E9
84 8.0E8 1.6E9 -1.094967296E9 5.05032704E8 1.205032704E9 1.205032704E9 -8.9934592E7 8.10065408E8 -7.84901888E8 7.15098112E8 1.115098112E9 -2.079869184E9 -2.079869184E9 -2.079869184E9 1.720130816E9 1.920130816E9 1.920130816E9 -1.37483648E9 1.82516352E9 -1.469803776E9
85 0.0 0.0 0.0 0.0 0.0 0.0 0.0 0.0 0.0 0.0 1.0E8 1.0E8 1.0E8 1.0E8 2.0E8 2.0E8 2.0E8 2.0E8 2.0E8 2.0E8
86 7.0E8 1.5E9 1.6E9 4.05032704E8 2.105032704E9 -1.689934592E9 -9.89934592E8 4.10065408E8 -8.84901888E8 6.15098112E8 1.315098112E9 1.315098112E9 1.315098112E9 1.415098112E9 1.515098112E9 1.515098112E9 1.515098112E9 1.515098112E9 1.515098112E9 1.515098112E9
87 7.0E8 1.5E9 -9.94967296E8 5.05032704E8 -2.089934592E9 -1.389934592E9 -3.89934592E8 -1.89934592E8 -7.84901888E8 7.15098112E8 1.615098112E9 -1.879869184E9 -1.279869184E9 4.20130816E8 4.20130816E8 4.20130816E8 4.20130816E8 4.20130816E8 4.20130816E8 4.20130816E8
88 8.0E8 1.5E9 -1.094967296E9 4.05032704E8 -2.089934592E9 -1.589934592E9 -3.89934592E8 4.10065408E8 -6.84901888E8 7.15098112E8 1.815098112E9 -1.879869184E9 -1.279869184E9 8.20130816E8 1.720130816E9 2.020130816E9 2.120130816E9 2.120130816E9 2.02516352E9 -1.769803776E9
89 2.0E8 2.0E8 2.0E8 2.0E8 2.0E8 2.0E8 2.0E8 2.0E8 2.0E8 2.0E8 2.0E8 3.0E8 4.0E8 5.0E8 5.0E8 5.0E8 5.0E8 6.0E8 6.0E8 6.0E8
90 0.0 0.0 0.0 0.0 0.0 0.0 0.0 0.0 0.0 1.0E8 1.0E8 1.0E8 1.0E8 1.0E8 1.0E8 1.0E8 1.0E8 1.0E8 1.0E8 1.0E8
91 8.0E8 1.3E9 1.3E9 -1.94967296E8 1.505032704E9 -1.589934592E9 -1.589934592E9 -1.589934592E9 -1.084901888E9 1.5098112E7 1.5098112E7 1.15098112E8 1.15098112E8 1.15098112E8 1.15098112E8 1.15098112E8 1.15098112E8 1.15098112E8 1.15098112E8 1.15098112E8
92 8.0E8 1.3E9 2.0E9 5.05032704E8 -1.989934592E9 -1.689934592E9 -7.89934592E8 5.10065408E8 -8.84901888E8 2.15098112E8 1.415098112E9 1.715098112E9 1.815098112E9 6.20130816E8 1.420130816E9 1.720130816E9 1.720130816E9 -1.87483648E9 1.72516352E9 -1.969803776E9
93 3.0E8 3.0E8 -1.094967296E9 4.05032704E8 5.05032704E8 6.05032704E8 6.05032704E8 6.05032704E8 -8.84901888E8 -6.84901888E8 -6.84901888E8 -6.84901888E8 -5.84901888E8 -5.84901888E8 -5.84901888E8 -5.84901888E8 -5.84901888E8 -5.84901888E8 -5.84901888E8 -5.84901888E8
94 0.0 0.0 0.0 1.0E8 1.0E8 1.0E8 1.0E8 1.0E8 1.0E8 1.0E8 1.0E8 1.0E8 1.0E8 1.0E8 1.0E8 1.0E8 2.0E8 2.0E8 2.0E8 2.0E8
95 0.0 0.0 0.0 0.0 0.0 0.0 0.0 0.0 0.0 0.0 0.0 1.0E8 1.0E8 1.0E8 1.0E8 1.0E8 1.0E8 1.0E8 1.0E8 1.0E8
96 9.0E8 1.3E9 -1.094967296E9 5.05032704E8 1.205032704E9 -1.289934592E9 -1.089934592E9 7.10065408E8 1.310065408E9 1.15098112E8 8.15098112E8 1.815098112E9 1.815098112E9 8.20130816E8 1.620130816E9 1.820130816E9 1.820130816E9 1.820130816E9 -1.67483648E9 -9.7483648E8
97 0.0 0.0 1.0E8 1.0E8 1.0E8 1.0E8 1.0E8 1.0E8 1.0E8 1.0E8 1.0E8 1.0E8 2.0E8 4.0E8 4.0E8 5.0E8 5.0E8 5.0E8 5.0E8 5.0E8
