0 3350
1 1984
2 4465
3 3282
4 2960
5 2681
6 763
7 1050
8 1528
9 2869
10 545
11 435
12 4371
13 4082
14 2319
15 4025
16 3458
17 976
18 676
19 1393
20 1351
21 2373
22 2486
23 3020
24 3230
25 3096
26 2435
27 2932
28 1994
29 2813
30 3280
31 4086
32 2389
33 2637
34 2410
35 2737
36 2825
37 3204
38 2587
39 3483
40 2591
41 2132
42 4118
43 3606
44 2966
45 2627
46 3217
47 3967
48 3119
49 3946
50 4120
51 3639
52 4261
53 3051
54 1894
55 3723
56 3354
57 3785
58 2783
59 5381
60 3587
61 2390
62 1494
63 3545
64 2375
65 5046
66 3277
67 1993
68 1387
69 3978
70 3167
71 4677
72 3606
73 4763
74 4496
75 4971
76 5465
77 5268
78 5063
79 3919
80 4183
81 5284
82 1440
83 5447
84 2749
85 4152
86 4104
87 5652
88 5245
89 5118
90 4187
91 2013
92 5282
93 1845
94 4156
95 2371
96 657
97 3952
