0 3349
1 1982
2 4464
3 3281
4 2959
5 2676
6 762
7 1053
8 1526
9 2866
10 545
11 435
12 4369
13 4082
14 2319
15 4023
16 3451
17 976
18 676
19 1394
20 1350
21 2371
22 2489
23 3022
24 3230
25 3093
26 2433
27 2931
28 1996
29 2815
30 3280
31 4084
32 2386
33 2635
34 2410
35 2737
36 2828
37 3206
38 2585
39 3487
40 2589
41 2130
42 4115
43 3606
44 2966
45 2627
46 3217
47 3968
48 3118
49 3944
50 4116
51 3639
52 4258
53 3048
54 1892
55 3723
56 3355
57 3780
58 2783
59 5382
60 3592
61 2390
62 1495
63 3542
64 2375
65 5047
66 3276
67 1991
68 1388
69 3980
70 3167
71 4673
72 3604
73 4763
74 4496
75 4969
76 5467
77 5266
78 5061
79 3919
80 4184
81 5286
82 1441
83 5447
84 2749
85 4152
86 4107
87 5652
88 5245
89 5118
90 4187
91 2014
92 5285
93 1845
94 4157
95 2371
96 657
97 3952
