0 3350
1 1984
2 4463
3 3280
4 2961
5 2676
6 762
7 1051
8 1526
9 2868
10 545
11 435
12 4372
13 4083
14 2319
15 4023
16 3451
17 976
18 675
19 1394
20 1349
21 2371
22 2488
23 3024
24 3229
25 3092
26 2435
27 2932
28 1994
29 2815
30 3280
31 4082
32 2385
33 2638
34 2412
35 2739
36 2828
37 3206
38 2584
39 3484
40 2590
41 2130
42 4115
43 3609
44 2965
45 2626
46 3218
47 3968
48 3118
49 3944
50 4116
51 3639
52 4258
53 3048
54 1893
55 3724
56 3356
57 3779
58 2783
59 5380
60 3592
61 2390
62 1494
63 3542
64 2376
65 5047
66 3276
67 1991
68 1388
69 3978
70 3167
71 4674
72 3605
73 4762
74 4496
75 4971
76 5465
77 5268
78 5057
79 3920
80 4184
81 5288
82 1441
83 5447
84 2749
85 4153
86 4108
87 5655
88 5248
89 5120
90 4185
91 2013
92 5285
93 1844
94 4159
95 2371
96 657
97 3950
