records: 20
      Record Time
Host  UsedBuffer

  49376.0 98752.0 148128.0 197504.0 246880.0 296256.0 345632.0 395008.0 444384.0 493760.0 543136.0 592512.0 641888.0 691264.0 740640.0 790016.0 839392.0 888768.0 938144.0 987520.0
0 5.0E8 1.5E9 1.75E9 2.0E9 -1.544967296E9 1.15098112E8 1.140261632E9 1.595294336E9 1.915425152E9 -2.129542144E9 1.280523264E9 1.530523264E9 1.45621376E8 6.45621376E8 1.145621376E9 1.145621376E9 1.145621376E9 1.145621376E9 1.395621376E9 1.645621376E9
1 1.25E9 1.25E9 1.410065408E9 1.410065408E9 2.070130816E9 1.685228928E9 1.40261632E8 1.095294336E9 1.665425152E9 1.665425152E9 2.030523264E9 -1.764444032E9 -8.54378624E8 -6.04378624E8 -6.04378624E8 -6.04378624E8 -1.04378624E8 -1.04378624E8 8.95621376E8 1.145621376E9
2 -2.044967296E9 -1.794967296E9 1.455032704E9 -1.884901888E9 -9.29869184E8 -1.609738368E9 2.140261632E9 -1.44967296E9 1.165425152E9 -3.79542144E8 -1.014444032E9 -2.64444032E8 -1.04378624E8 -1.04378624E8 -1.194313216E9 -1.194313216E9 1.010719488E9 -1.69149696E8 -1.69149696E8 -5.09084288E8
3 0.0 0.0 2.5E8 5.0E8 5.0E8 5.0E8 5.0E8 5.0E8 5.0E8 7.5E8 7.5E8 1.25E9 1.5E9 1.75E9 2.0E9 -2.044967296E9 -1.794967296E9 -1.794967296E9 -1.794967296E9 -1.794967296E9
4 0.0 0.0 2.5E8 5.0E8 7.5E8 1.75E9 1.75E9 2.0E9 2.0E9 2.0E9 -1.794967296E9 -1.544967296E9 -7.94967296E8 -5.44967296E8 -4.4967296E7 2.05032704E8 2.05032704E8 2.05032704E8 7.05032704E8 1.205032704E9
5 1.0E9 1.5E9 1.955032704E9 -1.884901888E9 -2.2483648E8 4.35228928E8 -1.09738368E8 -4.4967296E8 1.415425152E9 1.415425152E9 1.415425152E9 -5.14444032E8 -1.104378624E9 -6.04378624E8 -1.89934592E9 -1.89934592E9 1.465752192E9 -9.19149696E8 -9.19149696E8 -6.69149696E8
6 2.0E9 -1.794967296E9 1.60065408E8 4.10065408E8 1.615098112E9 -1.359738368E9 -1.654705664E9 -6.9967296E8 1.665425152E9 1.120457856E9 -2.014444032E9 -1.514444032E9 1.45621376E8 1.45621376E8 8.05686784E8 1.305686784E9 2.60719488E8 -4.19149696E8 -4.19149696E8 -4.19149696E8
7 2.5E8 7.5E8 1.0E9 1.0E9 1.25E9 1.5E9 2.0E9 -2.044967296E9 -2.044967296E9 -1.294967296E9 -1.294967296E9 -1.294967296E9 -1.044967296E9 -7.94967296E8 -7.94967296E8 -5.44967296E8 -2.94967296E8 -2.94967296E8 2.05032704E8 2.05032704E8
8 1.0E9 1.25E9 1.5E9 1.5E9 -5.44967296E8 9.35228928E8 -1.359738368E9 1.845294336E9 -1.334574848E9 -1.084574848E9 -1.764444032E9 -1.514444032E9 3.95621376E8 3.95621376E8 3.95621376E8 6.45621376E8 1.395621376E9 1.645621376E9 1.645621376E9 1.895621376E9
9 0.0 2.5E8 2.5E8 5.0E8 5.0E8 7.5E8 7.5E8 7.5E8 1.0E9 1.0E9 1.25E9 1.25E9 1.75E9 1.75E9 1.75E9 1.75E9 1.75E9 2.0E9 2.0E9 -2.044967296E9
10 1.25E9 1.75E9 1.205032704E9 1.205032704E9 1.955032704E9 -1.359738368E9 -6.09738368E8 1.095294336E9 1.665425152E9 -8.79542144E8 -2.014444032E9 -2.014444032E9 6.45621376E8 8.95621376E8 1.0065408E8 1.0065408E8 1.0065408E8 -6.69149696E8 -4.19149696E8 -1.69149696E8
11 1.75E9 -2.044967296E9 -2.044967296E9 -2.044967296E9 -2.044967296E9 -2.044967296E9 -1.794967296E9 1.820130816E9 -1.72483648E9 -9.7483648E8 2.030523264E9 -1.764444032E9 -1.64934592E9 -1.64934592E9 1.85065408E9 2.10065408E9 -1.944313216E9 -4.19149696E8 -4.19149696E8 -4.19149696E8
12 0.0 2.5E8 2.5E8 2.5E8 2.5E8 2.5E8 5.0E8 7.5E8 1.0E9 1.0E9 1.0E9 1.5E9 2.0E9 -2.044967296E9 -2.044967296E9 -1.294967296E9 -1.044967296E9 -1.044967296E9 -7.94967296E8 -5.44967296E8
13 7.5E8 7.5E8 1.955032704E9 -2.089934592E9 -2.089934592E9 1.935228928E9 6.40261632E8 1.345294336E9 1.665425152E9 1.665425152E9 7.80523264E8 7.80523264E8 -8.9934592E8 -8.9934592E8 -1.444313216E9 -1.194313216E9 1.260719488E9 -1.669149696E9 8.0850304E7 -1.009084288E9
14 2.5E8 5.0E8 5.0E8 7.5E8 1.0E9 1.0E9 1.25E9 1.5E9 1.5E9 2.0E9 -2.044967296E9 -2.044967296E9 -1.794967296E9 -1.544967296E9 -1.294967296E9 -7.94967296E8 -7.94967296E8 -2.94967296E8 -2.94967296E8 -4.4967296E7
15 1.5E9 1.5E9 2.05032704E8 2.05032704E8 -1.179869184E9 -2.109738368E9 1.890261632E9 -1.19967296E9 1.165425152E9 -1.29542144E8 2.030523264E9 -2.014444032E9 -1.04378624E8 -1.04378624E8 8.5065408E8 8.5065408E8 8.5065408E8 1.6258176E9 1.6258176E9 1.6258176E9
16 1.75E9 1.75E9 1.75E9 1.75E9 1.75E9 -5.44967296E8 1.455032704E9 1.955032704E9 -2.129542144E9 6.20457856E8 2.030523264E9 -2.014444032E9 -1.39934592E9 -1.14934592E9 -6.94313216E8 -1.94313216E8 3.05686784E8 -1.69149696E8 8.30850304E8 -9084288.0
17 7.5E8 2.0E9 -2.089934592E9 -1.839934592E9 -1.634901888E9 -2.109738368E9 -1.859738368E9 -9.4967296E8 1.915425152E9 1.915425152E9 1.280523264E9 1.280523264E9 -8.9934592E8 -3.9934592E8 5.5686784E7 5.55686784E8 5.55686784E8 -1.69149696E8 -1.964116992E9 4.90915712E8
18 1.25E9 2.0E9 4.55032704E8 7.05032704E8 -3.39934592E8 1.185228928E9 2.140261632E9 -4.4967296E8 1.65425152E8 9.15425152E8 -1.764444032E9 -1.764444032E9 2.145621376E9 2.145621376E9 5.5686784E7 3.05686784E8 -2.84247808E8 8.0850304E7 3.30850304E8 7.40915712E8
19 7.5E8 7.5E8 -2.94967296E8 -1.384901888E9 1.820130816E9 6.85228928E8 -1.654705664E9 -4.4967296E8 1.165425152E9 1.665425152E9 -2.014444032E9 -1.4444032E7 2.145621376E9 2.145621376E9 1.85065408E9 1.85065408E9 2.60719488E8 -9.19149696E8 -1.69149696E8 -2.59084288E8
20 1.25E9 1.5E9 9.10065408E8 1.160065408E9 -9.29869184E8 -1.109738368E9 -1.404705664E9 5.032704E7 -1.879542144E9 6.20457856E8 -1.514444032E9 -1.514444032E9 1.895621376E9 1.895621376E9 1.60065408E9 -1.944313216E9 -7.84247808E8 -4.19149696E8 -1.69149696E8 -9084288.0
21 1.25E9 1.75E9 -2.94967296E8 -1.884901888E9 -1.679869184E9 -2.109738368E9 1.890261632E9 -9.4967296E8 1.665425152E9 -1.629542144E9 1.780523264E9 1.780523264E9 -1.354378624E9 -1.354378624E9 -1.94313216E8 1.055686784E9 2.010719488E9 -1.919149696E9 -1.169149696E9 -1.509084288E9
22 7.5E8 7.5E8 1.0E9 1.0E9 1.75E9 1.02516352E9 -1.519803776E9 -1.269803776E9 1.915425152E9 3.70457856E8 2.030523264E9 -1.4444032E7 -1.64934592E9 -1.64934592E9 8.05686784E8 8.05686784E8 8.05686784E8 -1.169149696E9 8.30850304E8 -1.759084288E9
23 0.0 2.5E8 1.0E9 1.5E9 2.0E9 2.0E9 2.0E9 2.0E9 2.0E9 2.0E9 2.0E9 -2.044967296E9 -2.044967296E9 -2.044967296E9 -1.794967296E9 -1.794967296E9 -1.544967296E9 -1.294967296E9 -1.044967296E9 -5.44967296E8
24 1.25E9 1.25E9 -8.39934592E8 -1.634901888E9 -1.179869184E9 -1.859738368E9 1.890261632E9 -1.94967296E9 1.165425152E9 1.20457856E8 -2.19476736E8 -2.19476736E8 -3.54378624E8 -1.04378624E8 1.85065408E9 1.85065408E9 -1.784247808E9 -1.919149696E9 -1.419149696E9 -1.009084288E9
25 7.5E8 1.25E9 1.75E9 2.0E9 -5.44967296E8 4.55032704E8 -2.69803776E8 9.5294336E7 -6.9967296E8 -6.9967296E8 -4.4967296E8 -4.4967296E8 -4.4967296E8 -1.9967296E8 -1.9967296E8 -1.9967296E8 -1.9967296E8 1.05032704E9 1.55032704E9 1.55032704E9
26 0.0 5.0E8 5.0E8 1.0E9 1.5E9 1.75E9 2.0E9 -2.044967296E9 -1.544967296E9 -1.544967296E9 -7.94967296E8 -7.94967296E8 -5.44967296E8 -5.44967296E8 -2.94967296E8 2.05032704E8 4.55032704E8 4.55032704E8 4.55032704E8 7.05032704E8
27 2.0E9 2.0E9 2.05032704E8 8.65098112E8 -1.429869184E9 -6.4771072E7 -1.904705664E9 -6.9967296E8 -1.9967296E8 6.20457856E8 2.030523264E9 -1.764444032E9 -1.04378624E8 6.45621376E8 2.10065408E9 2.055686784E9 2.010719488E9 -1.169149696E9 -4.19149696E8 -7.59084288E8
28 1.5E9 1.75E9 1.455032704E9 -1.589934592E9 -1.589934592E9 2.30196224E8 -1.109738368E9 -1.19967296E9 -4.4967296E8 5.032704E7 -2.014444032E9 -1.764444032E9 3.95621376E8 8.95621376E8 -1.944313216E9 -1.194313216E9 -1.194313216E9 -1.419149696E9 -9.19149696E8 -4.19149696E8
29 0.0 5.0E8 1.25E9 1.25E9 1.5E9 1.75E9 1.75E9 1.75E9 2.0E9 2.0E9 -2.044967296E9 -2.044967296E9 -1.794967296E9 -1.794967296E9 -1.294967296E9 -1.294967296E9 -1.044967296E9 -7.94967296E8 -5.44967296E8 -5.44967296E8
30 7.5E8 1.25E9 1.25E9 1.5E9 2.0E9 -1.794967296E9 -1.294967296E9 -1.294967296E9 4.55032704E8 7.05032704E8 -3.84901888E8 1.15098112E8 1.15098112E8 1.15098112E8 3.65098112E8 6.15098112E8 6.15098112E8 -1.179869184E9 -1.179869184E9 -1.179869184E9
31 -1.794967296E9 -1.794967296E9 7.05032704E8 -1.384901888E9 -1.179869184E9 -1.859738368E9 2.140261632E9 -9.4967296E8 1.165425152E9 -6.29542144E8 -2.014444032E9 -1.764444032E9 -1.354378624E9 -1.104378624E9 1.10065408E9 5.55686784E8 2.010719488E9 -1.169149696E9 -1.169149696E9 -1.759084288E9
32 1.25E9 1.25E9 1.660065408E9 -2.134901888E9 2.516352E7 1.185228928E9 1.185228928E9 -9.4967296E8 -2.129542144E9 -8.79542144E8 -1.764444032E9 4.85555968E8 -8.9934592E8 1.0065408E8 -6.94313216E8 -4.44313216E8 -1.739280512E9 -4.19149696E8 -1.69149696E8 2.40915712E8
33 1.75E9 2.0E9 -1.134901888E9 1.115098112E9 2.7516352E8 -8.59738368E8 -1.654705664E9 -4.4967296E8 -2.129542144E9 1.120457856E9 -1.764444032E9 -1.514444032E9 3.95621376E8 3.95621376E8 -1.989280512E9 -1.989280512E9 -3.4247808E7 8.0850304E7 8.0850304E7 2.40915712E8
34 2.5E8 2.5E8 7.5E8 1.25E9 1.25E9 1.25E9 1.25E9 1.25E9 1.25E9 1.25E9 1.25E9 1.5E9 1.5E9 1.5E9 1.5E9 1.75E9 1.75E9 -2.044967296E9 -1.794967296E9 -1.794967296E9
35 7.5E8 7.5E8 7.5E8 1.0E9 1.25E9 1.25E9 1.5E9 2.0E9 -2.044967296E9 -1.544967296E9 -1.544967296E9 -1.294967296E9 -1.294967296E9 -7.94967296E8 -5.44967296E8 -5.44967296E8 -2.94967296E8 -2.94967296E8 -4.4967296E7 2.05032704E8
36 2.5E8 2.5E8 1.25E9 1.25E9 1.5E9 1.75E9 -2.044967296E9 -1.794967296E9 -1.794967296E9 -1.544967296E9 -1.544967296E9 -1.044967296E9 -1.044967296E9 -7.94967296E8 -5.44967296E8 -5.44967296E8 -2.94967296E8 -2.94967296E8 -2.94967296E8 -2.94967296E8
37 5.0E8 1.25E9 1.25E9 -1.044967296E9 -7.94967296E8 -4.4967296E7 -4.4967296E7 9.55032704E8 1.455032704E9 -8.39934592E8 -3.39934592E8 1.60065408E8 1.160065408E9 1.410065408E9 1.910065408E9 -1.884901888E9 -1.384901888E9 -1.384901888E9 -1.384901888E9 -1.384901888E9
38 0.0 7.5E8 7.5E8 1.0E9 2.0E9 -2.044967296E9 -2.044967296E9 -1.794967296E9 -1.544967296E9 -1.294967296E9 -1.044967296E9 -7.94967296E8 -5.44967296E8 -4.4967296E7 4.55032704E8 7.05032704E8 7.05032704E8 7.05032704E8 9.55032704E8 9.55032704E8
39 7.5E8 7.5E8 7.5E8 7.5E8 1.5E9 2.0E9 -2.044967296E9 -2.044967296E9 -2.044967296E9 -1.794967296E9 -1.544967296E9 -1.544967296E9 -1.294967296E9 -1.044967296E9 -1.044967296E9 -1.044967296E9 -1.044967296E9 -7.94967296E8 -7.94967296E8 -2.94967296E8
40 5.0E8 7.5E8 1.5E9 1.75E9 2.0E9 2.0E9 2.0E9 2.0E9 2.0E9 2.0E9 2.0E9 -2.044967296E9 -1.794967296E9 -1.794967296E9 -1.544967296E9 -1.544967296E9 -1.294967296E9 -7.94967296E8 -5.44967296E8 -2.94967296E8
41 5.0E8 7.5E8 1.0E9 1.5E9 1.5E9 1.75E9 -2.044967296E9 -1.544967296E9 -1.544967296E9 -1.294967296E9 -1.294967296E9 -1.294967296E9 -7.94967296E8 -7.94967296E8 -5.44967296E8 -4.4967296E7 -4.4967296E7 2.05032704E8 2.05032704E8 2.05032704E8
42 0.0 2.5E8 2.5E8 1.0E9 1.0E9 1.0E9 1.0E9 1.25E9 1.5E9 1.5E9 2.0E9 -2.044967296E9 -2.044967296E9 -1.794967296E9 -1.544967296E9 -1.544967296E9 -1.294967296E9 -7.94967296E8 -5.44967296E8 -2.94967296E8
43 2.5E8 2.5E8 5.0E8 5.0E8 5.0E8 5.0E8 7.5E8 1.25E9 1.75E9 1.75E9 2.0E9 2.0E9 2.0E9 -2.044967296E9 -1.794967296E9 -1.544967296E9 -7.94967296E8 -5.44967296E8 -5.44967296E8 -4.4967296E7
44 0.0 0.0 0.0 0.0 0.0 2.5E8 5.0E8 5.0E8 7.5E8 7.5E8 1.0E9 1.25E9 -3.39934592E8 -8.9934592E7 4.10065408E8 6.60065408E8 9.10065408E8 9.10065408E8 9.10065408E8 1.160065408E9
45 2.5E8 2.5E8 5.0E8 7.5E8 7.5E8 1.5E9 1.5E9 1.5E9 1.5E9 1.5E9 1.5E9 1.5E9 1.75E9 2.0E9 2.0E9 -2.044967296E9 -2.044967296E9 -1.794967296E9 -1.544967296E9 -1.044967296E9
46 5.0E8 5.0E8 1.0E9 1.0E9 1.0E9 1.25E9 1.25E9 1.25E9 1.5E9 1.75E9 1.75E9 1.75E9 1.75E9 -2.044967296E9 -1.544967296E9 -1.544967296E9 -1.294967296E9 -1.044967296E9 -1.044967296E9 -1.044967296E9
47 0.0 0.0 5.0E8 5.0E8 5.0E8 5.0E8 1.0E9 1.25E9 1.25E9 -1.839934592E9 -1.839934592E9 -1.589934592E9 -1.589934592E9 -1.339934592E9 -1.339934592E9 -1.089934592E9 -8.39934592E8 -8.39934592E8 -5.89934592E8 -5.89934592E8
48 0.0 0.0 2.5E8 5.0E8 5.0E8 7.5E8 1.0E9 1.0E9 1.0E9 1.25E9 1.25E9 1.25E9 1.25E9 1.5E9 1.5E9 1.5E9 1.75E9 2.0E9 2.0E9 -2.044967296E9
49 0.0 2.5E8 5.0E8 5.0E8 5.0E8 5.0E8 7.5E8 7.5E8 7.5E8 1.0E9 1.0E9 1.25E9 2.0E9 -1.794967296E9 -1.544967296E9 -1.044967296E9 -7.94967296E8 -5.44967296E8 -5.44967296E8 -2.94967296E8
50 0.0 7.5E8 1.0E9 1.75E9 1.75E9 2.0E9 -1.544967296E9 -1.544967296E9 -1.294967296E9 -1.044967296E9 -7.94967296E8 -5.44967296E8 -2.94967296E8 -2.94967296E8 -4.4967296E7 -4.4967296E7 -4.4967296E7 2.05032704E8 4.55032704E8 7.05032704E8
51 1.5E9 1.5E9 1.5E9 1.5E9 1.75E9 7.05032704E8 7.05032704E8 7.05032704E8 7.05032704E8 -1.339934592E9 -1.089934592E9 -8.39934592E8 -1.884901888E9 -1.884901888E9 -1.634901888E9 -1.634901888E9 -1.384901888E9 1.865098112E9 2.115098112E9 2.115098112E9
