0 3350
1 1982
2 4464
3 3280
4 2960
5 2675
6 762
7 1050
8 1526
9 2865
10 545
11 435
12 4370
13 4081
14 2318
15 4024
16 3450
17 976
18 676
19 1394
20 1350
21 2371
22 2490
23 3022
24 3230
25 3092
26 2433
27 2930
28 1997
29 2814
30 3281
31 4085
32 2386
33 2635
34 2411
35 2738
36 2826
37 3207
38 2585
39 3486
40 2590
41 2130
42 4115
43 3607
44 2967
45 2627
46 3217
47 3968
48 3119
49 3944
50 4116
51 3639
52 4258
53 3048
54 1892
55 3721
56 3354
57 3780
58 2782
59 5382
60 3591
61 2391
62 1495
63 3542
64 2375
65 5047
66 3276
67 1991
68 1388
69 3977
70 3167
71 4673
72 3604
73 4764
74 4496
75 4971
76 5465
77 5264
78 5060
79 3919
80 4184
81 5285
82 1441
83 5445
84 2749
85 4152
86 4108
87 5652
88 5245
89 5118
90 4187
91 2014
92 5284
93 1844
94 4154
95 2371
96 657
97 3952
