0 3350
1 1981
2 4465
3 3279
4 2962
5 2676
6 761
7 1050
8 1526
9 2867
10 545
11 435
12 4369
13 4082
14 2318
15 4024
16 3452
17 976
18 676
19 1394
20 1349
21 2371
22 2489
23 3022
24 3229
25 3092
26 2433
27 2930
28 1996
29 2814
30 3280
31 4085
32 2386
33 2635
34 2410
35 2738
36 2826
37 3206
38 2585
39 3486
40 2590
41 2129
42 4114
43 3607
44 2965
45 2628
46 3218
47 3968
48 3119
49 3944
50 4117
51 3639
52 4256
53 3048
54 1892
55 3720
56 3354
57 3779
58 2782
59 5381
60 3587
61 2391
62 1495
63 3542
64 2375
65 5047
66 3276
67 1991
68 1388
69 3979
70 3167
71 4673
72 3604
73 4762
74 4498
75 4971
76 5465
77 5267
78 5060
79 3920
80 4185
81 5285
82 1441
83 5446
84 2749
85 4152
86 4109
87 5653
88 5244
89 5121
90 4187
91 2014
92 5284
93 1844
94 4158
95 2371
96 657
97 3954
