0 3350
1 1982
2 4464
3 3280
4 2961
5 2676
6 762
7 1051
8 1527
9 2867
10 545
11 435
12 4370
13 4082
14 2319
15 4024
16 3451
17 976
18 676
19 1394
20 1350
21 2371
22 2488
23 3022
24 3230
25 3092
26 2433
27 2930
28 1998
29 2814
30 3280
31 4084
32 2386
33 2636
34 2410
35 2737
36 2826
37 3206
38 2585
39 3487
40 2590
41 2130
42 4114
43 3605
44 2965
45 2626
46 3218
47 3968
48 3119
49 3943
50 4116
51 3639
52 4256
53 3048
54 1893
55 3722
56 3353
57 3779
58 2782
59 5381
60 3591
61 2390
62 1496
63 3542
64 2375
65 5047
66 3276
67 1991
68 1388
69 3978
70 3166
71 4673
72 3604
73 4763
74 4497
75 4970
76 5467
77 5267
78 5062
79 3919
80 4185
81 5285
82 1441
83 5446
84 2749
85 4152
86 4108
87 5652
88 5244
89 5120
90 4187
91 2014
92 5284
93 1845
94 4157
95 2371
96 657
97 3953
