records: 20
      Record Time
Host  UsedBuffer

  49376.0 98752.0 148128.0 197504.0 246880.0 296256.0 345632.0 395008.0 444384.0 493760.0 543136.0 592512.0 641888.0 691264.0 740640.0 790016.0 839392.0 888768.0 938144.0 987520.0
0 7.5E8 1.75E9 -1.589934592E9 -1.339934592E9 -5.89934592E8 2.02516352E9 -1.404705664E9 1.345294336E9 1.915425152E9 1.370457856E9 7.80523264E8 1.030523264E9 1.395621376E9 1.895621376E9 -1.89934592E9 -1.89934592E9 -1.89934592E9 -1.89934592E9 -1.64934592E9 -1.39934592E9
1 1.25E9 1.25E9 9.10065408E8 9.10065408E8 1.070130816E9 1.40261632E8 -1.904705664E9 -1.44967296E9 9.15425152E8 9.15425152E8 -1.764444032E9 -1.514444032E9 -3.54378624E8 -1.04378624E8 -1.04378624E8 -1.04378624E8 3.95621376E8 3.95621376E8 1.395621376E9 1.645621376E9
2 -2.044967296E9 -1.794967296E9 1.705032704E9 -6.34901888E8 -1.179869184E9 8.90261632E8 1.095294336E9 1.80032704E9 4.15425152E8 -1.29542144E8 -2.64444032E8 4.85555968E8 6.45621376E8 6.45621376E8 -1.94313216E8 1.805686784E9 1.010719488E9 -4.19149696E8 -4.19149696E8 -7.59084288E8
3 7.5E8 7.5E8 -1.589934592E9 -1.339934592E9 -8.39934592E8 -1.109738368E9 -1.904705664E9 3.45294336E8 4.15425152E8 6.20457856E8 3.0523264E7 1.280523264E9 6.45621376E8 8.95621376E8 1.145621376E9 1.395621376E9 1.645621376E9 1.645621376E9 1.645621376E9 1.645621376E9
4 1.25E9 1.25E9 -2.134901888E9 -1.884901888E9 -1.97483648E9 -1.09738368E8 1.640261632E9 1.890261632E9 1.65425152E8 -1.629542144E9 -1.264444032E9 2.35555968E8 1.895621376E9 2.145621376E9 -1.64934592E9 -1.39934592E9 -1.39934592E9 -6.69149696E8 -1.69149696E8 3.30850304E8
5 1.25E9 1.75E9 6.60065408E8 -8.84901888E8 2.516352E7 -1.109738368E9 2.140261632E9 -1.9967296E8 6.65425152E8 6.65425152E8 6.65425152E8 2.35555968E8 -3.54378624E8 1.45621376E8 -6.4934592E8 -6.4934592E8 4.65752192E8 -1.69149696E8 -1.69149696E8 8.0850304E7
6 2.0E9 -1.794967296E9 -1.339934592E9 -1.089934592E9 -1.384901888E9 1.390261632E9 2.095294336E9 -1.494640256E9 1.165425152E9 1.620457856E9 -1.014444032E9 -5.14444032E8 1.145621376E9 1.145621376E9 1.805686784E9 -1.989280512E9 5.10719488E8 5.80850304E8 5.80850304E8 5.80850304E8
7 2.5E8 7.5E8 -7.94967296E8 -7.94967296E8 -1.839934592E9 9.80196224E8 1.480196224E9 -1.744640256E9 -1.744640256E9 -9.94640256E8 -1.539607552E9 -1.539607552E9 -5.39607552E8 -2.89607552E8 -2.89607552E8 -3.9607552E7 2.10392448E8 -6.29542144E8 -1.29542144E8 -1.29542144E8
8 1.25E9 1.5E9 1.75E9 1.75E9 1.75E9 -3.59738368E8 1.390261632E9 5.5032704E8 -1.334574848E9 -1.084574848E9 -1.014444032E9 -7.64444032E8 1.145621376E9 1.145621376E9 1.145621376E9 1.395621376E9 2.145621376E9 -1.89934592E9 -1.89934592E9 -1.64934592E9
9 7.5E8 1.0E9 1.455032704E9 1.705032704E9 3.65098112E8 6.85228928E8 2.140261632E9 -1.404705664E9 1.595294336E9 1.595294336E9 2.030523264E9 4.85555968E8 6.45621376E8 6.45621376E8 6.45621376E8 6.45621376E8 6.45621376E8 8.95621376E8 8.95621376E8 1.145621376E9
10 1.25E9 1.75E9 1.455032704E9 1.455032704E9 -6.79869184E8 -1.109738368E9 -6.09738368E8 -1.9967296E8 1.415425152E9 -1.379542144E9 -1.014444032E9 -1.014444032E9 1.145621376E9 1.395621376E9 6.0065408E8 6.0065408E8 2.010719488E9 3.30850304E8 5.80850304E8 8.30850304E8
11 1.75E9 -2.044967296E9 -2.044967296E9 -2.044967296E9 -2.044967296E9 -2.044967296E9 -1.794967296E9 1.27516352E9 2.02516352E9 -1.519803776E9 -1.264444032E9 -7.64444032E8 -1.64934592E9 -1.64934592E9 2.10065408E9 -1.944313216E9 -1.694313216E9 5.80850304E8 5.80850304E8 5.80850304E8
12 1.25E9 1.5E9 1.5E9 1.5E9 -1.179869184E9 -1.859738368E9 -1.904705664E9 1.30032704E9 -3.34574848E8 -3.34574848E8 -3.34574848E8 1.65425152E8 -1.629542144E9 -1.379542144E9 -1.379542144E9 -6.29542144E8 -5.9411328E7 -1.169149696E9 1.830850304E9 1.285883008E9
13 1.0E9 1.0E9 1.955032704E9 -2.089934592E9 -2.089934592E9 3.90261632E8 -1.654705664E9 3.45294336E8 9.15425152E8 9.15425152E8 3.0523264E7 3.0523264E7 -1.89934592E9 -1.89934592E9 -1.89934592E9 -1.64934592E9 -4.44313216E8 -1.169149696E9 8.0850304E7 -1.259084288E9
14 7.5E8 1.0E9 1.455032704E9 1.705032704E9 -1.97483648E9 6.40261632E8 -4.04705664E8 8.0032704E8 1.165425152E9 -6.29542144E8 -1.514444032E9 2.35555968E8 1.145621376E9 1.395621376E9 1.645621376E9 2.145621376E9 1.35065408E9 -1.419149696E9 -1.419149696E9 -1.169149696E9
15 1.5E9 1.5E9 -7.94967296E8 1.410065408E9 -4.29869184E8 6.40261632E8 1.595294336E9 -1.994640256E9 4.15425152E8 -1.129542144E9 -1.514444032E9 -1.264444032E9 6.45621376E8 6.45621376E8 1.10065408E9 1.10065408E9 1.10065408E9 3.758176E8 3.758176E8 3.758176E8
16 1.75E9 1.75E9 1.75E9 1.75E9 1.75E9 -1.294967296E9 -7.94967296E8 -2.94967296E8 1.915425152E9 3.70457856E8 -1.014444032E9 -7.64444032E8 -1.14934592E9 -8.9934592E8 -1.194313216E9 -6.94313216E8 -1.94313216E8 1.080850304E9 -1.214116992E9 4.90915712E8
17 7.5E8 -1.544967296E9 1.955032704E9 -2.089934592E9 -4.29869184E8 6.40261632E8 2.140261632E9 1.595294336E9 1.165425152E9 1.165425152E9 1.030523264E9 1.030523264E9 -1.14934592E9 -6.4934592E8 -9.44313216E8 -4.44313216E8 -4.44313216E8 5.80850304E8 -7.14116992E8 2.40915712E8
18 1.25E9 1.5E9 2.05032704E8 4.55032704E8 -8.39934592E8 4.35228928E8 -9.04705664E8 1.05032704E9 -8.4574848E7 6.65425152E8 1.530523264E9 1.530523264E9 -1.89934592E9 -1.89934592E9 -9.44313216E8 -6.94313216E8 -2.84247808E8 8.30850304E8 1.330850304E9 4.90915712E8
19 1.0E9 1.0E9 1.5E9 -8.84901888E8 2.070130816E9 -8.59738368E8 -1.404705664E9 -1.44967296E9 4.15425152E8 9.15425152E8 -1.264444032E9 7.35555968E8 1.895621376E9 1.895621376E9 1.35065408E9 1.35065408E9 3.05686784E8 -1.69149696E8 2.080850304E9 -5.09084288E8
20 1.25E9 1.5E9 -8.9934592E7 1.60065408E8 -1.79869184E8 1.640261632E9 -1.44967296E9 -9.94640256E8 1.665425152E9 -1.29542144E8 -7.64444032E8 -7.64444032E8 -1.89934592E9 -1.89934592E9 -1.989280512E9 -1.739280512E9 -1.534247808E9 3.30850304E8 1.330850304E9 -2.59084288E8
21 1.25E9 1.75E9 -1.044967296E9 -1.044967296E9 -6.79869184E8 6.40261632E8 1.595294336E9 -1.994640256E9 9.15425152E8 1.915425152E9 -2.014444032E9 -2.014444032E9 -3.54378624E8 -3.54378624E8 8.05686784E8 1.305686784E9 1.010719488E9 -1.169149696E9 -4.19149696E8 -1.759084288E9
22 1.0E9 1.0E9 1.25E9 1.25E9 2.0E9 2.516352E7 -1.019803776E9 -7.69803776E8 1.165425152E9 -3.79542144E8 -1.514444032E9 7.35555968E8 -1.89934592E9 -1.89934592E9 1.805686784E9 1.805686784E9 1.805686784E9 -4.19149696E8 1.080850304E9 -1.259084288E9
23 0.0 2.5E8 1.0E9 1.5E9 2.0E9 2.0E9 2.0E9 2.0E9 2.0E9 2.0E9 2.0E9 -2.044967296E9 -2.044967296E9 -2.044967296E9 -1.794967296E9 -1.794967296E9 -1.544967296E9 -1.294967296E9 -1.044967296E9 -5.44967296E8
24 1.25E9 1.25E9 -1.089934592E9 -1.884901888E9 -1.79869184E8 6.40261632E8 1.345294336E9 2.05032704E9 4.15425152E8 3.70457856E8 -1.469476736E9 -1.469476736E9 3.95621376E8 6.45621376E8 1.60065408E9 1.60065408E9 -1.034247808E9 -1.169149696E9 -6.69149696E8 -1.259084288E9
25 2.5E8 5.0E8 5.0E8 7.5E8 1.25E9 1.25E9 1.75E9 2.0E9 -1.794967296E9 -1.794967296E9 -1.544967296E9 -1.544967296E9 -1.544967296E9 -1.294967296E9 -1.294967296E9 -1.294967296E9 -1.294967296E9 -1.044967296E9 -7.94967296E8 -7.94967296E8
26 0.0 5.0E8 5.0E8 1.0E9 1.5E9 1.75E9 2.0E9 -2.044967296E9 -1.544967296E9 -1.544967296E9 -7.94967296E8 -7.94967296E8 -5.44967296E8 -5.44967296E8 -2.94967296E8 2.05032704E8 4.55032704E8 4.55032704E8 4.55032704E8 7.05032704E8
27 2.0E9 2.0E9 -7.94967296E8 -1.384901888E9 -1.179869184E9 -1.609738368E9 1.845294336E9 -1.744640256E9 -1.244640256E9 8.70457856E8 -1.514444032E9 -1.014444032E9 6.45621376E8 1.395621376E9 2.10065408E9 -1.739280512E9 7.60719488E8 -4.19149696E8 3.30850304E8 -1.259084288E9
28 1.5E9 1.75E9 2.0E9 -1.294967296E9 -1.294967296E9 -3.14771072E8 -8.59738368E8 2.095294336E9 1.80032704E9 -1.994640256E9 -1.264444032E9 -1.014444032E9 8.95621376E8 1.395621376E9 2.10065408E9 -1.444313216E9 -1.444313216E9 -9.19149696E8 -4.19149696E8 8.0850304E7
29 1.5E9 2.0E9 -1.839934592E9 -1.839934592E9 -5.89934592E8 1.02516352E9 2.140261632E9 2.140261632E9 -1.334574848E9 -1.334574848E9 1.030523264E9 1.030523264E9 6.45621376E8 6.45621376E8 8.5065408E8 8.5065408E8 1.510719488E9 -9.19149696E8 -9.64116992E8 -5.09084288E8
30 7.5E8 1.25E9 1.25E9 1.5E9 2.0E9 -1.794967296E9 -1.294967296E9 -1.294967296E9 1.910065408E9 -2.134901888E9 7.0130816E7 5.70130816E8 5.70130816E8 5.70130816E8 8.20130816E8 1.070130816E9 1.070130816E9 -1.019803776E9 -1.019803776E9 -1.019803776E9
31 7.5E8 7.5E8 1.25E9 1.5E9 2.0E9 2.0E9 2.0E9 -2.044967296E9 -1.794967296E9 -1.544967296E9 -7.94967296E8 -5.44967296E8 -5.44967296E8 -2.94967296E8 -2.94967296E8 -2.94967296E8 -4.4967296E7 2.05032704E8 2.05032704E8 2.05032704E8
32 1.5E9 1.5E9 9.10065408E8 1.410065408E9 5.70130816E8 -1.09738368E8 -1.09738368E8 5.5032704E8 1.165425152E9 -8.79542144E8 -1.264444032E9 9.85555968E8 -1.39934592E9 -3.9934592E8 -1.944313216E9 -1.694313216E9 7.60719488E8 8.0850304E7 3.30850304E8 -2.59084288E8
33 1.75E9 2.0E9 -1.884901888E9 1.865098112E9 5.2516352E8 1.890261632E9 1.345294336E9 -1.494640256E9 1.415425152E9 1.370457856E9 -1.014444032E9 -7.64444032E8 1.145621376E9 1.145621376E9 -1.489280512E9 -1.489280512E9 -1.034247808E9 8.30850304E8 8.30850304E8 -9084288.0
34 1.75E9 1.75E9 1.455032704E9 1.955032704E9 1.955032704E9 1.955032704E9 1.955032704E9 1.955032704E9 1.955032704E9 1.955032704E9 1.955032704E9 -2.089934592E9 -2.089934592E9 -2.089934592E9 -2.089934592E9 -1.839934592E9 -1.839934592E9 -1.339934592E9 -1.089934592E9 -1.089934592E9
35 1.5E9 1.5E9 -1.839934592E9 1.115098112E9 7.0130816E7 8.90261632E8 1.595294336E9 -1.994640256E9 1.165425152E9 1.120457856E9 -1.514444032E9 -1.264444032E9 6.45621376E8 1.145621376E9 1.60065408E9 -4.44313216E8 -2.034247808E9 8.0850304E7 3.30850304E8 -7.59084288E8
36 2.5E8 2.5E8 1.25E9 1.25E9 1.5E9 1.75E9 -2.044967296E9 -1.794967296E9 -1.794967296E9 -1.544967296E9 -1.544967296E9 -1.044967296E9 -1.044967296E9 -7.94967296E8 -5.44967296E8 -5.44967296E8 -2.94967296E8 -2.94967296E8 -2.94967296E8 -2.94967296E8
37 5.0E8 5.0E8 5.0E8 5.0E8 7.5E8 1.0E9 1.0E9 1.5E9 2.0E9 -1.544967296E9 -1.044967296E9 -5.44967296E8 -2.94967296E8 -4.4967296E7 2.05032704E8 7.05032704E8 1.205032704E9 1.205032704E9 1.205032704E9 1.205032704E9
38 0.0 7.5E8 7.5E8 1.0E9 2.0E9 -2.044967296E9 -2.044967296E9 -1.794967296E9 -1.544967296E9 -1.294967296E9 -1.044967296E9 -7.94967296E8 -5.44967296E8 -4.4967296E7 4.55032704E8 7.05032704E8 7.05032704E8 7.05032704E8 9.55032704E8 9.55032704E8
39 7.5E8 7.5E8 7.5E8 7.5E8 1.5E9 2.0E9 -2.044967296E9 -2.044967296E9 -2.044967296E9 -1.794967296E9 -1.544967296E9 -1.544967296E9 -1.294967296E9 -1.044967296E9 -1.044967296E9 -1.044967296E9 -1.044967296E9 -7.94967296E8 -7.94967296E8 -2.94967296E8
40 5.0E8 7.5E8 1.5E9 1.75E9 2.0E9 2.0E9 2.0E9 2.0E9 2.0E9 2.0E9 2.0E9 -2.044967296E9 -1.794967296E9 -1.794967296E9 -1.544967296E9 -1.544967296E9 -1.294967296E9 -7.94967296E8 -5.44967296E8 -2.94967296E8
41 5.0E8 7.5E8 1.0E9 1.5E9 1.5E9 1.75E9 -2.044967296E9 -1.544967296E9 -1.544967296E9 -1.294967296E9 -1.294967296E9 -1.294967296E9 -7.94967296E8 -7.94967296E8 -5.44967296E8 -4.4967296E7 -4.4967296E7 2.05032704E8 2.05032704E8 2.05032704E8
42 0.0 2.5E8 2.5E8 1.0E9 1.0E9 1.0E9 1.0E9 1.25E9 1.5E9 1.5E9 2.0E9 -2.044967296E9 -2.044967296E9 -1.794967296E9 -1.544967296E9 -1.544967296E9 -1.294967296E9 -7.94967296E8 -5.44967296E8 -2.94967296E8
43 2.5E8 2.5E8 5.0E8 5.0E8 5.0E8 5.0E8 7.5E8 1.25E9 1.75E9 1.75E9 2.0E9 2.0E9 2.0E9 -2.044967296E9 -1.794967296E9 -1.544967296E9 -7.94967296E8 -5.44967296E8 -5.44967296E8 -4.4967296E7
44 0.0 0.0 0.0 0.0 0.0 2.5E8 5.0E8 5.0E8 7.5E8 7.5E8 1.0E9 1.25E9 1.705032704E9 1.955032704E9 -1.839934592E9 -1.589934592E9 -1.339934592E9 -1.339934592E9 -1.339934592E9 -1.089934592E9
45 2.5E8 2.5E8 5.0E8 7.5E8 7.5E8 1.5E9 1.5E9 1.5E9 1.5E9 1.5E9 1.5E9 1.5E9 1.75E9 2.0E9 2.0E9 -2.044967296E9 -2.044967296E9 -1.794967296E9 -1.544967296E9 -1.044967296E9
46 5.0E8 5.0E8 1.0E9 1.0E9 1.0E9 1.25E9 1.25E9 1.25E9 1.5E9 1.75E9 1.75E9 1.75E9 1.75E9 -2.044967296E9 -1.544967296E9 -1.544967296E9 -1.294967296E9 -1.044967296E9 -1.044967296E9 -1.044967296E9
47 0.0 0.0 5.0E8 5.0E8 5.0E8 5.0E8 1.0E9 1.25E9 1.25E9 -1.839934592E9 -1.839934592E9 -1.589934592E9 -1.589934592E9 -1.339934592E9 -1.339934592E9 -1.089934592E9 -8.39934592E8 -8.39934592E8 -5.89934592E8 -5.89934592E8
48 0.0 0.0 2.5E8 5.0E8 5.0E8 7.5E8 1.0E9 1.0E9 1.0E9 1.25E9 1.25E9 1.25E9 1.25E9 1.5E9 1.5E9 1.5E9 1.75E9 2.0E9 2.0E9 -2.044967296E9
49 0.0 2.5E8 5.0E8 5.0E8 5.0E8 5.0E8 7.5E8 7.5E8 7.5E8 1.0E9 1.0E9 1.25E9 2.0E9 -1.794967296E9 -1.544967296E9 -1.044967296E9 -7.94967296E8 -5.44967296E8 -5.44967296E8 -2.94967296E8
50 0.0 7.5E8 1.0E9 1.75E9 1.75E9 2.0E9 -1.544967296E9 -1.544967296E9 -1.294967296E9 -1.044967296E9 -7.94967296E8 -5.44967296E8 -2.94967296E8 -2.94967296E8 -4.4967296E7 -4.4967296E7 -4.4967296E7 2.05032704E8 4.55032704E8 7.05032704E8
51 1.5E9 1.5E9 1.5E9 1.5E9 1.75E9 7.05032704E8 7.05032704E8 7.05032704E8 7.05032704E8 -1.589934592E9 -1.339934592E9 -1.089934592E9 -1.884901888E9 -1.884901888E9 -1.634901888E9 -1.634901888E9 -1.384901888E9 1.865098112E9 2.115098112E9 2.115098112E9
