0 3350
1 1983
2 4467
3 3279
4 2960
5 2681
6 762
7 1055
8 1526
9 2870
10 545
11 435
12 4372
13 4083
14 2319
15 4022
16 3454
17 976
18 676
19 1394
20 1350
21 2372
22 2490
23 3023
24 3230
25 3092
26 2433
27 2931
28 1995
29 2815
30 3280
31 4082
32 2386
33 2638
34 2413
35 2738
36 2825
37 3207
38 2586
39 3489
40 2595
41 2131
42 4116
43 3608
44 2966
45 2626
46 3217
47 3968
48 3117
49 3946
50 4119
51 3639
52 4257
53 3051
54 1895
55 3723
56 3357
57 3785
58 2783
59 5383
60 3588
61 2390
62 1495
63 3546
64 2376
65 5048
66 3278
67 1992
68 1388
69 3978
70 3170
71 4673
72 3603
73 4762
74 4497
75 4971
76 5465
77 5270
78 5063
79 3920
80 4184
81 5285
82 1443
83 5448
84 2749
85 4153
86 4106
87 5656
88 5244
89 5117
90 4187
91 2012
92 5284
93 1848
94 4155
95 2371
96 657
97 3952
