records: 20
      Record Time
Host  UsedBuffer

  17959.0 35918.0 53877.0 71836.0 89795.0 107754.0 125713.0 143672.0 161631.0 179590.0 197549.0 215508.0 233467.0 251426.0 269385.0 287344.0 305303.0 323262.0 341221.0 359180.0
0 5.0E8 1.0E9 -1.794967296E9 -7.94967296E8 -2.94967296E8 -2.94967296E8 7.05032704E8 -2.089934592E9 -1.089934592E9 9.10065408E8 9.10065408E8 9.10065408E8 -1.884901888E9 -1.384901888E9 -1.384901888E9 -3.84901888E8 1.15098112E8 6.15098112E8 2.115098112E9 -1.179869184E9
1 5.0E8 2.0E9 2.0E9 2.0E9 -1.294967296E9 -2.94967296E8 1.205032704E9 1.705032704E9 -2.089934592E9 -2.089934592E9 -1.089934592E9 -5.89934592E8 1.410065408E9 -1.884901888E9 -8.84901888E8 1.15098112E8 1.115098112E9 1.615098112E9 -1.679869184E9 -1.79869184E8
2 -1.294967296E9 1.205032704E9 4.10065408E8 -1.884901888E9 -4.7483648E8 -3.59738368E8 2.140261632E9 -6.54705664E8 3.45294336E8 1.345294336E9 -3.9607552E7 6.65425152E8 1.165425152E9 -6.29542144E8 1.370457856E9 -1.92450944E9 -1.42450944E9 -1.42450944E9 -9.2450944E8 -1.014444032E9
3 2.05032704E8 1.705032704E9 -2.089934592E9 -1.589934592E9 1.320130816E9 -1.359738368E9 2.140261632E9 -1.654705664E9 -1.154705664E9 -1.154705664E9 -5.39607552E8 1.65425152E8 1.165425152E9 -1.629542144E9 -1.29542144E8 3.70457856E8 3.70457856E8 -1.92450944E9 -4.2450944E8 -1.4444032E7
4 1.0E9 1.5E9 2.0E9 -1.294967296E9 -7.94967296E8 7.05032704E8 -2.089934592E9 -1.089934592E9 -8.9934592E7 1.410065408E9 -1.884901888E9 -3.84901888E8 1.15098112E8 1.615098112E9 2.115098112E9 -1.179869184E9 -1.79869184E8 3.20130816E8 8.20130816E8 1.320130816E9
5 0.0 5.0E8 1.0E9 -1.794967296E9 -1.794967296E9 -7.94967296E8 2.05032704E8 2.05032704E8 -2.089934592E9 -1.589934592E9 -5.89934592E8 -8.9934592E7 -8.9934592E7 1.410065408E9 -1.884901888E9 -3.84901888E8 2.115098112E9 -1.679869184E9 -1.79869184E8 8.20130816E8
6 1.5E9 1.5E9 2.0E9 -7.94967296E8 1.205032704E9 1.705032704E9 1.705032704E9 -1.589934592E9 -1.089934592E9 -5.89934592E8 -8.9934592E7 4.10065408E8 1.410065408E9 1.410065408E9 1.910065408E9 -1.884901888E9 -3.84901888E8 1.115098112E9 -1.679869184E9 -1.679869184E9
7 1.5E9 -1.794967296E9 -1.794967296E9 -1.294967296E9 -7.94967296E8 -7.94967296E8 -2.94967296E8 7.05032704E8 1.705032704E9 -1.089934592E9 -1.089934592E9 -8.9934592E7 9.10065408E8 1.410065408E9 -1.884901888E9 -1.384901888E9 -8.84901888E8 -3.84901888E8 -3.84901888E8 -3.84901888E8
8 2.0E9 2.05032704E8 -5.89934592E8 1.410065408E9 -1.79869184E8 1.435228928E9 2.140261632E9 -6.54705664E8 3.45294336E8 1.345294336E9 -3.9607552E7 1.165425152E9 1.165425152E9 8.70457856E8 -4.2450944E8 5.7549056E8 5.7549056E8 2.07549056E9 -7.19476736E8 -3.09411328E8
