0 3350
1 1981
2 4464
3 3281
4 2960
5 2675
6 762
7 1053
8 1526
9 2865
10 545
11 435
12 4368
13 4081
14 2319
15 4023
16 3450
17 976
18 676
19 1394
20 1350
21 2371
22 2489
23 3022
24 3229
25 3093
26 2433
27 2931
28 1996
29 2815
30 3281
31 4085
32 2386
33 2635
34 2411
35 2738
36 2827
37 3206
38 2585
39 3487
40 2590
41 2130
42 4115
43 3605
44 2967
45 2628
46 3217
47 3968
48 3118
49 3943
50 4116
51 3639
52 4259
53 3048
54 1891
55 3722
56 3354
57 3779
58 2781
59 5382
60 3591
61 2390
62 1495
63 3542
64 2375
65 5047
66 3276
67 1991
68 1388
69 3977
70 3168
71 4674
72 3604
73 4763
74 4496
75 4970
76 5467
77 5267
78 5061
79 3919
80 4184
81 5285
82 1441
83 5446
84 2749
85 4152
86 4109
87 5653
88 5246
89 5119
90 4186
91 2014
92 5284
93 1845
94 4156
95 2371
96 657
97 3954
