records: 20
      Record Time
Host  UsedBuffer

  49376.0 98752.0 148128.0 197504.0 246880.0 296256.0 345632.0 395008.0 444384.0 493760.0 543136.0 592512.0 641888.0 691264.0 740640.0 790016.0 839392.0 888768.0 938144.0 987520.0
0 0.0 4000000.0 4000000.0 5000000.0 7000000.0 7000000.0 9000000.0 1.0E7 1.1E7 1.1E7 1.1E7 1.1E7 1.2E7 1.4E7 1.6E7 1.6E7 1.6E7 1.6E7 1.7E7 1.8E7
1 5000000.0 1.6E7 4.3E7 4.3E7 7.8E7 1.39E8 1.77E8 1.8E8 2.48E8 2.48E8 3.13E8 3.18E8 3.54E8 3.55E8 3.55E8 3.55E8 3.57E8 3.57E8 3.61E8 3.62E8
2 1.0E7 1.1E7 2.0E7 5.0E7 5.3E7 1.33E8 1.77E8 1.82E8 2.45E8 2.5E8 3.18E8 3.21E8 3.57E8 3.57E8 3.58E8 3.58E8 3.61E8 4.8E8 4.81E8 5.33E8
3 4000000.0 4000000.0 3.9E7 4.0E7 4.2E7 1.38E8 1.76E8 1.77E8 2.46E8 2.48E8 3.06E8 3.18E8 3.58E8 3.59E8 3.6E8 3.61E8 3.62E8 3.62E8 3.62E8 3.62E8
4 0.0 0.0 1000000.0 2000000.0 3000000.0 7000000.0 7000000.0 8000000.0 8000000.0 8000000.0 1.0E7 1.1E7 1.4E7 1.5E7 1.7E7 1.8E7 1.8E7 1.8E7 2.0E7 2.2E7
5 7000000.0 1.6E7 4.3E7 4.9E7 7.9E7 1.37E8 1.74E8 2.06E8 2.45E8 2.45E8 2.45E8 3.23E8 3.52E8 3.54E8 3.56E8 3.56E8 4.1E8 4.78E8 4.78E8 4.79E8
6 9000000.0 1.1E7 3.5E7 3.7E7 7.5E7 1.41E8 1.81E8 1.87E8 2.5E8 2.53E8 3.16E8 3.18E8 3.6E8 3.6E8 3.6E8 3.62E8 4.15E8 4.87E8 4.87E8 4.87E8
7 4000000.0 6000000.0 9000000.0 9000000.0 7.9E7 1.35E8 1.37E8 2.02E8 2.02E8 2.05E8 3.21E8 3.21E8 3.29E8 3.3E8 3.3E8 3.31E8 3.32E8 4.83E8 4.85E8 4.98E8
8 4000000.0 5000000.0 6000000.0 1.6E7 6.2E7 1.41E8 1.54E8 2.1E8 2.41E8 2.42E8 3.17E8 3.18E8 3.71E8 3.71E8 3.71E8 3.72E8 3.75E8 3.76E8 3.76E8 3.77E8
9 3000000.0 4000000.0 4.3E7 4.4E7 7.1E7 1.29E8 1.75E8 1.76E8 2.14E8 2.14E8 3.06E8 3.2E8 3.56E8 3.56E8 3.56E8 3.56E8 3.56E8 3.57E8 3.57E8 3.58E8
10 5000000.0 9000000.0 1.9E7 1.9E7 2.1E7 1.35E8 1.53E8 1.85E8 2.49E8 2.49E8 3.15E8 3.21E8 3.69E8 3.7E8 3.71E8 3.71E8 3.83E8 4.81E8 4.82E8 4.83E8
11 8000000.0 1.0E7 1.0E7 1.0E7 1.0E7 1.0E7 1.1E7 2.2E7 2.5E7 3.0E7 3.13E8 3.15E8 3.71E8 3.71E8 3.72E8 3.73E8 3.74E8 4.96E8 4.96E8 4.96E8
12 0.0 1000000.0 1000000.0 1000000.0 1000000.0 1000000.0 2000000.0 3000000.0 4000000.0 4000000.0 4000000.0 6000000.0 8000000.0 9000000.0 9000000.0 1.2E7 1.3E7 1.3E7 1.4E7 1.5E7
13 1000000.0 1000000.0 2000000.0 3000000.0 3000000.0 3000000.0 3000000.0 4000000.0 4000000.0 4000000.0 4000000.0 4000000.0 4000000.0 4000000.0 4000000.0 5000000.0 6000000.0 7000000.0 1.2E7 1.4E7
14 3000000.0 4000000.0 4.1E7 4.2E7 7.2E7 1.42E8 1.79E8 2.11E8 2.49E8 2.52E8 3.16E8 3.22E8 3.66E8 3.67E8 3.68E8 3.7E8 4.07E8 4.74E8 4.74E8 4.75E8
15 6000000.0 6000000.0 8000000.0 9000000.0 1.2E7 1.33E8 1.78E8 2.0E8 2.46E8 2.47E8 3.13E8 3.14E8 3.57E8 3.57E8 3.57E8 3.57E8 3.57E8 4.77E8 4.77E8 4.77E8
16 8000000.0 8000000.0 8000000.0 8000000.0 8000000.0 1.42E8 1.56E8 1.58E8 2.52E8 2.53E8 3.11E8 3.12E8 3.75E8 3.76E8 3.9E8 3.92E8 3.94E8 5.0E8 5.04E8 5.4E8
17 4000000.0 1.7E7 4.4E7 4.5E7 7.2E7 1.42E8 1.56E8 2.09E8 2.48E8 2.48E8 3.09E8 3.09E8 3.74E8 3.76E8 3.9E8 3.92E8 4.01E8 4.98E8 5.06E8 5.38E8
18 5000000.0 1.8E7 3.8E7 3.9E7 7.2E7 1.37E8 1.81E8 2.13E8 2.43E8 2.46E8 3.12E8 3.23E8 3.74E8 3.74E8 3.91E8 3.92E8 4.17E8 4.89E8 4.9E8 5.41E8
19 1000000.0 1000000.0 3000000.0 4000000.0 5000000.0 5000000.0 5000000.0 6000000.0 6000000.0 8000000.0 9000000.0 1.1E7 1.3E7 1.3E7 1.3E7 1.3E7 1.3E7 1.3E7 1.3E7 1.4E7
20 0.0 1000000.0 2000000.0 3000000.0 3000000.0 3000000.0 4000000.0 4000000.0 4000000.0 4000000.0 5000000.0 5000000.0 5000000.0 5000000.0 5000000.0 5000000.0 6000000.0 8000000.0 8000000.0 8000000.0
21 5000000.0 7000000.0 1.4E7 1.5E7 1.5E7 1.31E8 1.78E8 2.01E8 2.48E8 2.48E8 3.13E8 3.13E8 3.54E8 3.54E8 3.55E8 3.56E8 3.57E8 4.77E8 4.81E8 5.32E8
22 4000000.0 4000000.0 5000000.0 5000000.0 8000000.0 1.41E8 1.5E8 1.51E8 2.46E8 2.48E8 3.07E8 3.21E8 3.7E8 3.7E8 3.76E8 3.76E8 3.76E8 4.96E8 5.02E8 5.33E8
23 3000000.0 6000000.0 9000000.0 1.2E7 1.4E7 1.6E7 1.8E7 1.8E7 1.8E7 1.8E7 1.8E7 1.9E7 2.6E7 2.6E7 3.6E7 3.6E7 3.7E7 4.3E7 4.4E7 4.6E7
24 5000000.0 5000000.0 4.3E7 4.4E7 4.5E7 1.36E8 1.75E8 1.98E8 2.44E8 2.47E8 2.88E8 2.88E8 3.55E8 3.56E8 3.64E8 3.64E8 4.09E8 4.74E8 4.76E8 5.32E8
25 1000000.0 2000000.0 2000000.0 3000000.0 5000000.0 5000000.0 7000000.0 8000000.0 1.0E7 1.0E7 1.1E7 1.1E7 1.1E7 1.2E7 1.2E7 1.2E7 1.2E7 1.3E7 1.4E7 1.4E7
26 0.0 2000000.0 2000000.0 4000000.0 6000000.0 7000000.0 8000000.0 9000000.0 1.1E7 1.1E7 1.4E7 1.4E7 1.5E7 1.5E7 1.6E7 1.8E7 1.9E7 1.9E7 1.9E7 2.0E7
27 9000000.0 9000000.0 1.1E7 1.3E7 1.3E7 1.33E8 1.79E8 1.99E8 2.01E8 2.02E8 3.15E8 3.17E8 3.64E8 3.67E8 3.68E8 3.71E8 3.72E8 4.8E8 4.84E8 5.33E8
28 8000000.0 9000000.0 4.2E7 4.6E7 4.6E7 1.34E8 1.51E8 1.54E8 1.86E8 1.88E8 3.16E8 3.28E8 3.68E8 3.7E8 3.71E8 3.74E8 3.74E8 4.82E8 4.84E8 4.86E8
29 7000000.0 1.7E7 4.5E7 4.7E7 5.2E7 1.32E8 1.52E8 1.52E8 2.4E8 2.4E8 3.08E8 3.08E8 3.66E8 3.66E8 3.86E8 3.86E8 3.87E8 4.76E8 4.84E8 5.36E8
30 4000000.0 6000000.0 6000000.0 1.3E7 1.5E7 1.7E7 1.9E7 2.6E7 3.3E7 3.4E7 3.19E8 3.21E8 3.33E8 3.33E8 3.41E8 3.42E8 3.42E8 3.71E8 3.71E8 3.71E8
31 1.1E7 1.1E7 1.5E7 1.7E7 2.0E7 1.31E8 1.78E8 2.0E8 2.45E8 2.46E8 3.14E8 3.15E8 3.52E8 3.53E8 3.53E8 3.53E8 3.54E8 4.78E8 4.78E8 5.3E8
32 5000000.0 1.7E7 4.2E7 4.6E7 7.6E7 1.43E8 1.43E8 2.11E8 2.49E8 2.51E8 3.15E8 3.25E8 3.74E8 3.78E8 3.88E8 3.89E8 3.9E8 4.99E8 5.0E8 5.39E8
33 0.0 1000000.0 2000000.0 3000000.0 4000000.0 7000000.0 7000000.0 8000000.0 8000000.0 1.0E7 1.1E7 1.2E7 1.3E7 1.3E7 1.3E7 1.3E7 1.4E7 1.4E7 1.4E7 1.4E7
34 1000000.0 1000000.0 3000000.0 5000000.0 5000000.0 5000000.0 5000000.0 5000000.0 5000000.0 5000000.0 5000000.0 6000000.0 6000000.0 6000000.0 6000000.0 7000000.0 7000000.0 9000000.0 1.0E7 1.0E7
35 7000000.0 7000000.0 9000000.0 1.1E7 2.2E7 1.32E8 1.79E8 2.01E8 2.49E8 2.52E8 3.15E8 3.16E8 3.58E8 3.6E8 3.7E8 3.7E8 3.84E8 4.81E8 4.82E8 5.36E8
36 1000000.0 1000000.0 7000000.0 1.3E7 1.4E7 1.5E7 1.7E7 1.27E8 1.27E8 1.28E8 1.28E8 1.3E8 1.3E8 1.31E8 1.32E8 1.32E8 1.33E8 2.38E8 2.38E8 2.38E8
37 2000000.0 6000000.0 1.3E7 4.5E7 4.6E7 9.2E7 9.2E7 2.0E8 2.02E8 2.57E8 2.59E8 2.61E8 3.3E8 3.31E8 3.71E8 3.73E8 3.75E8 4.78E8 4.78E8 4.78E8
38 0.0 3000000.0 3000000.0 4000000.0 8000000.0 9000000.0 9000000.0 1.0E7 1.1E7 1.2E7 1.3E7 1.4E7 1.5E7 1.7E7 1.9E7 2.0E7 2.0E7 2.0E7 2.1E7 2.1E7
39 3000000.0 3000000.0 3000000.0 3000000.0 6000000.0 8000000.0 9000000.0 9000000.0 9000000.0 1.0E7 1.1E7 1.1E7 1.2E7 1.3E7 1.3E7 1.3E7 1.3E7 1.4E7 1.4E7 1.6E7
40 2000000.0 3000000.0 6000000.0 7000000.0 8000000.0 8000000.0 8000000.0 8000000.0 8000000.0 8000000.0 8000000.0 9000000.0 1.0E7 1.0E7 1.1E7 1.1E7 1.2E7 1.4E7 1.5E7 1.6E7
41 2000000.0 3000000.0 4000000.0 6000000.0 6000000.0 7000000.0 9000000.0 1.1E7 1.1E7 1.2E7 1.2E7 1.2E7 1.4E7 1.4E7 1.5E7 1.7E7 1.7E7 1.8E7 1.8E7 1.8E7
42 0.0 1000000.0 1000000.0 4000000.0 4000000.0 4000000.0 4000000.0 5000000.0 6000000.0 6000000.0 8000000.0 9000000.0 9000000.0 1.0E7 1.1E7 1.1E7 1.2E7 1.4E7 1.5E7 1.6E7
43 1000000.0 1000000.0 2000000.0 2000000.0 2000000.0 2000000.0 3000000.0 5000000.0 7000000.0 7000000.0 8000000.0 8000000.0 8000000.0 9000000.0 1.0E7 1.1E7 1.4E7 1.5E7 1.5E7 1.7E7
44 0.0 0.0 0.0 0.0 0.0 1000000.0 2000000.0 2000000.0 3000000.0 3000000.0 4000000.0 5000000.0 9000000.0 1.0E7 1.2E7 1.3E7 1.4E7 1.4E7 1.4E7 1.5E7
45 1000000.0 1000000.0 2000000.0 3000000.0 3000000.0 6000000.0 6000000.0 6000000.0 6000000.0 6000000.0 6000000.0 6000000.0 7000000.0 8000000.0 8000000.0 9000000.0 9000000.0 1.0E7 1.1E7 1.3E7
46 2000000.0 2000000.0 4000000.0 4000000.0 4000000.0 5000000.0 5000000.0 5000000.0 6000000.0 7000000.0 7000000.0 7000000.0 7000000.0 9000000.0 1.1E7 1.1E7 1.2E7 1.3E7 1.3E7 1.3E7
47 0.0 0.0 2000000.0 2000000.0 2000000.0 2000000.0 4000000.0 5000000.0 5000000.0 5000000.0 5000000.0 6000000.0 6000000.0 7000000.0 7000000.0 8000000.0 9000000.0 9000000.0 1.0E7 1.0E7
48 6000000.0 6000000.0 7000000.0 8000000.0 8000000.0 9000000.0 1.0E7 1.0E7 1.0E7 1.1E7 1.1E7 1.1E7 1.1E7 1.2E7 1.2E7 1.2E7 1.3E7 1.4E7 1.4E7 1.5E7
49 0.0 1000000.0 2000000.0 2000000.0 2000000.0 2000000.0 3000000.0 3000000.0 3000000.0 4000000.0 4000000.0 5000000.0 8000000.0 1.0E7 1.1E7 1.3E7 1.4E7 1.5E7 1.5E7 1.6E7
50 0.0 3000000.0 4000000.0 7000000.0 7000000.0 8000000.0 1.1E7 1.1E7 1.2E7 1.3E7 1.4E7 1.5E7 1.6E7 1.6E7 2.1E7 2.1E7 2.1E7 2.2E7 2.3E7 2.4E7
51 1000000.0 1000000.0 1000000.0 1000000.0 2000000.0 2000000.0 2000000.0 2000000.0 2000000.0 3000000.0 4000000.0 5000000.0 5000000.0 5000000.0 6000000.0 6000000.0 7000000.0 8000000.0 9000000.0 9000000.0
