records: 20
      Record Time
Host  UsedBuffer

  49376.0 98752.0 148128.0 197504.0 246880.0 296256.0 345632.0 395008.0 444384.0 493760.0 543136.0 592512.0 641888.0 691264.0 740640.0 790016.0 839392.0 888768.0 938144.0 987520.0
0 2.0E9 -2.94967296E8 9.10065408E8 1.410065408E9 -1.384901888E9 2.516352E7 1.665425152E9 -1.014444032E9 1.6258176E9 -4.64116992E8 -2.143986176E9 -1.643986176E9 9.96275456E8 1.996275456E9 -1.29869184E9 -1.29869184E9 -1.29869184E9 -1.29869184E9 -7.9869184E8 -2.9869184E8
1 -1.794967296E9 -1.794967296E9 -8.84901888E8 -8.84901888E8 1.320130816E9 1.57549056E9 2.07549056E9 1.780523264E9 6.258176E8 6.258176E8 1.356013824E9 1.856013824E9 -1.913789952E9 -1.413789952E9 -1.413789952E9 -1.413789952E9 -4.13789952E8 -4.13789952E8 1.586210048E9 2.086210048E9
2 5.0E8 1.0E9 1.5E9 2.0E9 -1.794967296E9 -1.294967296E9 -7.94967296E8 -2.94967296E8 7.05032704E8 7.05032704E8 1.205032704E9 -1.589934592E9 -1.089934592E9 -1.089934592E9 -5.89934592E8 -5.89934592E8 9.10065408E8 9.10065408E8 9.10065408E8 -1.884901888E9
3 2.0E9 2.0E9 9.10065408E8 1.410065408E9 -1.884901888E9 -5.39607552E8 1.165425152E9 1.780523264E9 1.258176E8 -1.464116992E9 6.5098112E8 1.65098112E9 -5.03724544E8 -3724544.0 4.96275456E8 9.96275456E8 1.496275456E9 1.496275456E9 1.496275456E9 1.496275456E9
4 -1.794967296E9 -1.794967296E9 1.115098112E9 1.615098112E9 -7.69803776E8 -6.29542144E8 1.57549056E9 2.80523264E8 6.258176E8 -1.169149696E9 4.71111936E8 1.971111936E9 -2.08757248E8 2.91242752E8 1.291242752E9 1.791242752E9 1.791242752E9 7.2647168E8 1.72647168E9 -1.568495616E9
5 -1.794967296E9 -7.94967296E8 1.15098112E8 -1.79869184E8 -8.59738368E8 -8.34574848E8 3.70457856E8 -2.104378624E9 1.1258176E9 1.1258176E9 1.1258176E9 1.766079232E9 -2.118822656E9 -1.118822656E9 8.81177344E8 8.81177344E8 -1.388626432E9 4.31504384E8 4.31504384E8 9.31504384E8
6 5.0E8 1.5E9 2.0E9 -1.794967296E9 -1.794967296E9 -1.294967296E9 -7.94967296E8 -2.94967296E8 -2.94967296E8 7.05032704E8 -2.089934592E9 -1.089934592E9 -5.89934592E8 -5.89934592E8 -5.89934592E8 4.10065408E8 4.10065408E8 9.10065408E8 9.10065408E8 9.10065408E8
7 5.0E8 1.5E9 2.0E9 2.0E9 -1.794967296E9 -1.294967296E9 -2.94967296E8 2.05032704E8 2.05032704E8 1.705032704E9 1.705032704E9 1.705032704E9 -2.089934592E9 -1.589934592E9 -1.589934592E9 -1.089934592E9 -5.89934592E8 -5.89934592E8 4.10065408E8 4.10065408E8
8 -1.794967296E9 -1.294967296E9 -7.94967296E8 -7.94967296E8 -7.94967296E8 2.05032704E9 -1.744640256E9 1.370457856E9 1.190588672E9 1.690588672E9 1.830850304E9 -1.964116992E9 -8.4901888E8 -8.4901888E8 -8.4901888E8 -3.4901888E8 1.15098112E9 1.65098112E9 1.65098112E9 -2.143986176E9
9 2.0E9 -1.794967296E9 -1.089934592E9 -5.89934592E8 1.615098112E9 1.05032704E9 -3.34574848E8 1.870457856E9 -1.92450944E9 -1.92450944E9 -1.8741824E9 1.258176E8 -5.28888064E8 -5.28888064E8 -5.28888064E8 -5.28888064E8 -5.28888064E8 -2.8888064E7 -2.8888064E7 4.71111936E8
10 0.0 5.0E8 5.0E8 5.0E8 5.0E8 1.0E9 1.5E9 1.5E9 -1.794967296E9 -1.794967296E9 -1.794967296E9 -1.794967296E9 -1.294967296E9 -7.94967296E8 -2.94967296E8 -2.94967296E8 -2.94967296E8 2.05032704E8 7.05032704E8 1.205032704E9
11 -7.94967296E8 2.05032704E8 2.05032704E8 2.05032704E8 2.05032704E8 2.05032704E8 7.05032704E8 -1.47483648E9 2.516352E7 1.52516352E9 8.05686784E8 1.805686784E9 -1.169149696E9 -1.169149696E9 1.240915712E9 1.740915712E9 -2.054051584E9 2.1438976E7 2.1438976E7 2.1438976E7
12 -1.794967296E9 -1.294967296E9 -1.294967296E9 -1.294967296E9 -1.79869184E8 -1.744640256E9 1.255359744E9 1.395621376E9 -1.784247808E9 -1.784247808E9 -1.784247808E9 -7.84247808E8 2.15752192E8 7.15752192E8 -7.9215104E7 1.420784896E9 1.535883008E9 2.0130816E8 7.0130816E8 -1.388626432E9
13 -1.794967296E9 -1.794967296E9 -5.89934592E8 -8.9934592E7 -8.9934592E7 -8.34574848E8 1.870457856E9 -1.219476736E9 6.258176E8 6.258176E8 -8.4901888E8 -8.4901888E8 3.81177344E8 3.81177344E8 3.81177344E8 8.81177344E8 -4.13789952E8 1.36537088E8 -1.953397504E9 6.61700608E8
14 2.0E9 -1.794967296E9 -1.589934592E9 -1.089934592E9 -1.269803776E9 -8.34574848E8 -1.129542144E9 8.95621376E8 1.330850304E9 -1.759084288E9 1.65098112E9 1.65098112E9 2.086210048E9 -1.708757248E9 -1.208757248E9 -2.08757248E8 1.70130816E9 -8.63462912E8 -8.63462912E8 -3.63462912E8
15 -1.294967296E9 -1.294967296E9 7.05032704E8 7.05032704E8 -1.269803776E9 1.255359744E9 1.165425152E9 3.95621376E8 1.920784896E9 -1.464116992E9 -2.028888064E9 -1.528888064E9 -1.503724544E9 -1.503724544E9 -1.79869184E9 -1.79869184E9 -1.79869184E9 2.136537088E9 2.136537088E9 2.136537088E9
16 -7.94967296E8 -7.94967296E8 -7.94967296E8 -7.94967296E8 -7.94967296E8 2.05032704E8 1.205032704E9 -2.089934592E9 -1.92450944E9 2.07549056E9 1.805686784E9 -1.989280512E9 7.91242752E8 1.291242752E9 -1.503724544E9 -5.03724544E8 4.96275456E8 1.636537088E9 -1.158430208E9 1.61700608E8
17 2.0E9 -2.94967296E8 9.10065408E8 1.410065408E9 -1.97483648E9 1.65425152E8 1.65425152E8 2.80523264E8 1.258176E8 1.258176E8 1.535883008E9 1.535883008E9 1.996275456E9 -1.29869184E9 -9.3659136E7 9.06340864E8 9.06340864E8 -4.3332096E7 9.56667904E8 -1.928233984E9
18 -1.794967296E9 -1.294967296E9 -2.089934592E9 -1.589934592E9 1.910065408E9 2.05032704E9 -1.539607552E9 1.07549056E9 -7.9215104E7 1.420784896E9 -2.054051584E9 -2.054051584E9 1.086210048E9 1.086210048E9 4.96275456E8 9.96275456E8 1.906340864E9 -9.53397504E8 -9.53397504E8 -1.22320128E9
19 -1.794967296E9 -1.794967296E9 2.05032704E8 3.20130816E8 -1.769803776E9 1.255359744E9 -2.129542144E9 1.07549056E9 -1.69149696E8 8.30850304E8 1.061046528E9 2.061046528E9 -9.13789952E8 -9.13789952E8 1.291242752E9 1.291242752E9 1.791242752E9 -1.568495616E9 -4.53397504E8 7.1766016E7
20 0.0 5.0E8 1.0E9 1.5E9 1.5E9 1.5E9 2.0E9 2.0E9 2.0E9 2.0E9 -1.794967296E9 -1.794967296E9 -1.794967296E9 -1.794967296E9 -1.794967296E9 -1.794967296E9 -1.294967296E9 -2.94967296E8 -2.94967296E8 -2.94967296E8
21 -1.794967296E9 -7.94967296E8 -5.89934592E8 -5.89934592E8 -1.769803776E9 -7.44640256E8 -3.34574848E8 3.95621376E8 -1.284247808E9 -2.079215104E9 -4.38953472E8 -4.38953472E8 2.086210048E9 2.086210048E9 -2.093659136E9 9.06340864E8 1.816406272E9 -1.658430208E9 -1.58430208E8 -2.018168576E9
22 -1.794967296E9 -1.794967296E9 -1.294967296E9 -1.294967296E9 2.05032704E8 -1.47483648E9 -1.47483648E9 -9.7483648E8 -1.29542144E8 3.70457856E8 1.805686784E9 1.920784896E9 -3724544.0 -3724544.0 -5.93659136E8 -5.93659136E8 -5.93659136E8 1.2516352E9 1.7516352E9 -1.928233984E9
23 -1.294967296E9 2.05032704E8 1.705032704E9 -1.589934592E9 -5.89934592E8 1.15098112E8 -1.54705664E8 -2.039607552E9 -2.039607552E9 -2.039607552E9 -2.039607552E9 -1.539607552E9 -1.539607552E9 -1.539607552E9 -1.039607552E9 -1.039607552E9 -5.39607552E8 -1.834574848E9 -1.334574848E9 -3.34574848E8
24 -1.794967296E9 -1.794967296E9 1.410065408E9 6.15098112E8 -1.269803776E9 -1.744640256E9 -8.34574848E8 -1.104378624E9 -1.079215104E9 3.5883008E7 -1.84901888E9 -1.84901888E9 -1.003724544E9 -5.03724544E8 -2.093659136E9 -2.093659136E9 8.16406272E8 2.136537088E9 -1.158430208E9 -1.518168576E9
25 -7.94967296E8 2.05032704E8 1.205032704E9 1.705032704E9 2.115098112E9 -1.79869184E8 -1.54705664E8 -1.539607552E9 -5.39607552E8 -5.39607552E8 -3.9607552E7 -3.9607552E7 -3.9607552E7 4.60392448E8 4.60392448E8 4.60392448E8 4.60392448E8 9.60392448E8 -3.34574848E8 -3.34574848E8
26 0.0 1.0E9 1.0E9 2.0E9 -1.294967296E9 -7.94967296E8 -2.94967296E8 2.05032704E8 1.205032704E9 1.205032704E9 -1.589934592E9 -1.589934592E9 -1.089934592E9 -1.089934592E9 -5.89934592E8 4.10065408E8 9.10065408E8 9.10065408E8 9.10065408E8 1.410065408E9
27 -2.94967296E8 -2.94967296E8 1.705032704E9 1.615098112E9 5.2516352E8 5.032704E7 1.165425152E9 1.395621376E9 -1.89934592E9 1.0719488E7 5.61046528E8 1.561046528E9 -5.03724544E8 9.96275456E8 -1.093659136E9 -1.388626432E9 1.316406272E9 -1.58430208E8 1.341569792E9 -1.33266688E8
28 -1.294967296E9 -7.94967296E8 -1.589934592E9 4.10065408E8 4.10065408E8 3.20130816E8 8.20130816E8 -2.69803776E8 7.30196224E8 1.730196224E9 -6.04378624E8 -1.04378624E8 2.15752192E8 1.215752192E9 -1.3741824E9 1.258176E8 1.258176E8 3.56013824E8 1.356013824E9 -1.938953472E9
29 -1.294967296E9 -2.94967296E8 -1.884901888E9 -1.884901888E9 2.115098112E9 1.02516352E9 1.40261632E8 1.40261632E8 -6.29542144E8 -6.29542144E8 -6.04378624E8 -6.04378624E8 -1.054051584E9 -1.054051584E9 -5.4051584E7 -5.4051584E7 1.356013824E9 1.291242752E9 -1.29869184E9 -8.63462912E8
30 5.0E8 5.0E8 5.0E8 1.0E9 2.0E9 -1.294967296E9 -2.94967296E8 -2.94967296E8 1.205032704E9 1.705032704E9 -1.089934592E9 -8.9934592E7 -8.9934592E7 -8.9934592E7 4.10065408E8 9.10065408E8 9.10065408E8 1.410065408E9 1.410065408E9 1.410065408E9
31 -2.94967296E8 -2.94967296E8 9.10065408E8 -1.679869184E9 1.730196224E9 1.255359744E9 -1.334574848E9 8.95621376E8 -1.284247808E9 3.30850304E8 7.66079232E8 1.266079232E9 1.291242752E9 1.791242752E9 7.0130816E8 -5.93659136E8 3.16406272E8 -6.58430208E8 -6.58430208E8 1.27679872E9
32 -1.294967296E9 -1.294967296E9 -3.84901888E8 6.15098112E8 2.115098112E9 -8.34574848E8 -8.34574848E8 5.7549056E8 8.30850304E8 1.535883008E9 -3.4901888E8 1.061046528E9 1.996275456E9 -2.9869184E8 -5.93659136E8 -9.3659136E7 4.06340864E8 -1.453397504E9 -9.53397504E8 -1.72320128E9
33 -7.94967296E8 -2.94967296E8 1.615098112E9 -1.79869184E8 -1.564771072E9 -5.39607552E8 1.665425152E9 1.895621376E9 -1.079215104E9 -1.759084288E9 -1.938953472E9 -1.438953472E9 4.96275456E8 4.96275456E8 -1.388626432E9 -1.388626432E9 5.21438976E8 4.6602496E7 4.6602496E7 9.81831424E8
34 -7.94967296E8 -7.94967296E8 1.705032704E9 -1.589934592E9 -1.589934592E9 -1.589934592E9 -1.589934592E9 -1.589934592E9 -1.589934592E9 -1.589934592E9 -1.589934592E9 -1.089934592E9 -1.089934592E9 -1.089934592E9 -1.089934592E9 -5.89934592E8 -5.89934592E8 4.10065408E8 9.10065408E8 9.10065408E8
35 -1.294967296E9 -1.294967296E9 -1.089934592E9 -1.79869184E8 1.230196224E9 1.255359744E9 6.65425152E8 3.95621376E8 5.10719488E8 1.535883008E9 1.266079232E9 1.766079232E9 -5.03724544E8 4.96275456E8 -1.093659136E9 -5.93659136E8 -1.478561024E9 5.46602496E8 1.046602496E9 -1.8168576E7
36 5.0E8 5.0E8 2.0E9 2.0E9 -1.794967296E9 -1.294967296E9 -2.94967296E8 2.05032704E8 2.05032704E8 7.05032704E8 7.05032704E8 1.705032704E9 1.705032704E9 -2.089934592E9 -1.589934592E9 -1.589934592E9 -1.089934592E9 -1.089934592E9 -1.089934592E9 -1.089934592E9
37 1.0E9 1.5E9 1.5E9 -1.294967296E9 -7.94967296E8 -2.94967296E8 -2.94967296E8 7.05032704E8 1.705032704E9 -8.9934592E7 9.10065408E8 1.910065408E9 -1.384901888E9 -8.84901888E8 -3.84901888E8 6.15098112E8 1.615098112E9 1.615098112E9 1.615098112E9 1.615098112E9
38 0.0 1.5E9 1.5E9 2.0E9 -2.94967296E8 2.05032704E8 2.05032704E8 7.05032704E8 1.205032704E9 1.705032704E9 -2.089934592E9 -1.589934592E9 -1.089934592E9 -8.9934592E7 9.10065408E8 1.410065408E9 1.410065408E9 1.410065408E9 1.910065408E9 1.910065408E9
39 1.5E9 1.5E9 1.5E9 1.5E9 -1.294967296E9 -2.94967296E8 2.05032704E8 2.05032704E8 2.05032704E8 7.05032704E8 1.205032704E9 1.205032704E9 1.705032704E9 -2.089934592E9 -2.089934592E9 -2.089934592E9 -2.089934592E9 -1.589934592E9 -1.589934592E9 -5.89934592E8
40 1.0E9 1.5E9 -1.294967296E9 -7.94967296E8 -2.94967296E8 -2.94967296E8 -2.94967296E8 -2.94967296E8 -2.94967296E8 -2.94967296E8 -2.94967296E8 2.05032704E8 7.05032704E8 7.05032704E8 1.205032704E9 1.205032704E9 1.705032704E9 -1.589934592E9 -1.089934592E9 -5.89934592E8
41 1.0E9 1.5E9 2.0E9 -1.294967296E9 -1.294967296E9 -7.94967296E8 2.05032704E8 1.205032704E9 1.205032704E9 1.705032704E9 1.705032704E9 1.705032704E9 -1.589934592E9 -1.589934592E9 -1.089934592E9 -8.9934592E7 -8.9934592E7 4.10065408E8 4.10065408E8 4.10065408E8
42 0.0 5.0E8 5.0E8 2.0E9 2.0E9 2.0E9 2.0E9 -1.794967296E9 -1.294967296E9 -1.294967296E9 -2.94967296E8 2.05032704E8 2.05032704E8 7.05032704E8 1.205032704E9 1.205032704E9 1.705032704E9 -1.589934592E9 -1.089934592E9 -5.89934592E8
43 5.0E8 5.0E8 1.0E9 1.0E9 1.0E9 1.0E9 1.5E9 -1.794967296E9 -7.94967296E8 -7.94967296E8 -2.94967296E8 -2.94967296E8 -2.94967296E8 2.05032704E8 7.05032704E8 1.205032704E9 -1.589934592E9 -1.089934592E9 -1.089934592E9 -8.9934592E7
44 0.0 0.0 0.0 0.0 0.0 5.0E8 1.0E9 1.0E9 1.5E9 1.5E9 2.0E9 -1.794967296E9 1.705032704E9 -2.089934592E9 -1.089934592E9 -5.89934592E8 -8.9934592E7 -8.9934592E7 -8.9934592E7 4.10065408E8
45 5.0E8 5.0E8 1.0E9 1.5E9 1.5E9 -1.294967296E9 -1.294967296E9 -1.294967296E9 -1.294967296E9 -1.294967296E9 -1.294967296E9 -1.294967296E9 -7.94967296E8 -2.94967296E8 -2.94967296E8 2.05032704E8 2.05032704E8 7.05032704E8 1.205032704E9 -2.089934592E9
46 1.0E9 1.0E9 2.0E9 2.0E9 2.0E9 -1.794967296E9 -1.794967296E9 -1.794967296E9 -1.294967296E9 -7.94967296E8 -7.94967296E8 -7.94967296E8 -7.94967296E8 2.05032704E8 1.205032704E9 1.205032704E9 1.705032704E9 -2.089934592E9 -2.089934592E9 -2.089934592E9
47 0.0 0.0 1.0E9 1.0E9 1.0E9 1.0E9 2.0E9 -1.794967296E9 -1.794967296E9 -2.089934592E9 -2.089934592E9 -1.589934592E9 -1.589934592E9 -1.089934592E9 -1.089934592E9 -5.89934592E8 -8.9934592E7 -8.9934592E7 4.10065408E8 4.10065408E8
48 0.0 0.0 5.0E8 1.0E9 1.0E9 1.5E9 2.0E9 2.0E9 2.0E9 -1.794967296E9 -1.794967296E9 -1.794967296E9 -1.794967296E9 -1.294967296E9 -1.294967296E9 -1.294967296E9 -7.94967296E8 -2.94967296E8 -2.94967296E8 2.05032704E8
49 0.0 5.0E8 1.0E9 1.0E9 1.0E9 1.0E9 1.5E9 1.5E9 1.5E9 2.0E9 2.0E9 -1.794967296E9 -2.94967296E8 7.05032704E8 1.205032704E9 -2.089934592E9 -1.589934592E9 -1.089934592E9 -1.089934592E9 -5.89934592E8
50 0.0 1.5E9 2.0E9 -7.94967296E8 -7.94967296E8 -2.94967296E8 1.205032704E9 1.205032704E9 1.705032704E9 -2.089934592E9 -1.589934592E9 -1.089934592E9 -5.89934592E8 -5.89934592E8 -8.9934592E7 -8.9934592E7 -8.9934592E7 4.10065408E8 9.10065408E8 1.410065408E9
51 -1.294967296E9 -1.294967296E9 -1.294967296E9 -1.294967296E9 -7.94967296E8 -2.089934592E9 -2.089934592E9 -2.089934592E9 -2.089934592E9 -8.9934592E7 4.10065408E8 9.10065408E8 -1.884901888E9 -1.884901888E9 -1.384901888E9 -1.384901888E9 -8.84901888E8 2.115098112E9 -1.679869184E9 -1.679869184E9
