0 3350
1 1984
2 4467
3 3281
4 2959
5 2678
6 762
7 1050
8 1528
9 2868
10 545
11 435
12 4370
13 4083
14 2318
15 4024
16 3451
17 976
18 676
19 1394
20 1350
21 2372
22 2489
23 3021
24 3229
25 3093
26 2433
27 2931
28 1992
29 2815
30 3280
31 4085
32 2388
33 2637
34 2412
35 2738
36 2827
37 3205
38 2586
39 3488
40 2590
41 2131
42 4115
43 3609
44 2966
45 2626
46 3217
47 3967
48 3119
49 3943
50 4117
51 3638
52 4256
53 3048
54 1892
55 3723
56 3354
57 3780
58 2785
59 5379
60 3591
61 2390
62 1494
63 3542
64 2379
65 5047
66 3276
67 1992
68 1389
69 3977
70 3168
71 4676
72 3604
73 4765
74 4496
75 4976
76 5467
77 5275
78 5062
79 3919
80 4185
81 5287
82 1441
83 5448
84 2749
85 4154
86 4108
87 5652
88 5245
89 5117
90 4187
91 2013
92 5284
93 1844
94 4158
95 2371
96 657
97 3950
