records: 20
      Record Time
Host  UsedBuffer

  16870.0 33740.0 50610.0 67480.0 84350.0 101220.0 118090.0 134960.0 151830.0 168700.0 185570.0 202440.0 219310.0 236180.0 253050.0 269920.0 286790.0 303660.0 320530.0 337400.0
0 1.0E9 2.05032704E8 7.05032704E8 -1.47483648E9 -1.064771072E9 -6.4771072E7 4.35228928E8 9.35228928E8 1.960392448E9 1.57549056E9 -7.19476736E8 -7.19476736E8 2.80523264E8 -1.89934592E9 8.05686784E8 1.305686784E9 1.305686784E9 2.010719488E9 -1.079215104E9 -1.69149696E8
1 0.0 5.0E8 5.0E8 1.0E9 1.0E9 1.5E9 1.5E9 1.5E9 1.5E9 1.5E9 2.0E9 2.0E9 2.0E9 2.0E9 2.0E9 2.0E9 2.0E9 2.0E9 2.0E9 2.0E9
2 0.0 0.0 0.0 0.0 0.0 1.0E9 1.0E9 1.5E9 1.5E9 1.5E9 1.5E9 2.0E9 2.0E9 2.0E9 2.0E9 -1.794967296E9 -1.294967296E9 -1.294967296E9 -1.294967296E9 -1.294967296E9
3 1.0E9 2.05032704E8 7.05032704E8 1.410065408E9 1.15098112E8 6.15098112E8 8.20130816E8 -6.54705664E8 -1.834574848E9 1.57549056E9 -1.719476736E9 -7.19476736E8 -7.19476736E8 1.0065408E8 8.05686784E8 1.805686784E9 -1.989280512E9 -1.989280512E9 -1.8741824E9 8.30850304E8
4 5.0E8 5.0E8 5.0E8 5.0E8 5.0E8 1.0E9 1.0E9 1.0E9 1.0E9 1.0E9 1.5E9 1.5E9 1.5E9 1.5E9 2.0E9 2.0E9 2.0E9 -1.794967296E9 -1.294967296E9 -1.294967296E9
5 0.0 0.0 0.0 0.0 0.0 0.0 1.0E9 1.0E9 1.0E9 1.0E9 1.5E9 2.0E9 2.0E9 -1.794967296E9 -1.794967296E9 -1.294967296E9 -1.294967296E9 -7.94967296E8 -7.94967296E8 -7.94967296E8
6 0.0 0.0 0.0 0.0 0.0 0.0 0.0 0.0 5.0E8 1.0E9 1.0E9 1.0E9 1.0E9 1.0E9 1.0E9 1.0E9 1.0E9 1.0E9 1.0E9 1.0E9
7 0.0 0.0 5.0E8 5.0E8 5.0E8 5.0E8 5.0E8 5.0E8 5.0E8 5.0E8 5.0E8 5.0E8 5.0E8 5.0E8 5.0E8 5.0E8 1.0E9 1.0E9 1.0E9 1.5E9
8 0.0 0.0 0.0 0.0 0.0 0.0 0.0 0.0 0.0 0.0 0.0 0.0 0.0 0.0 0.0 0.0 0.0 5.0E8 5.0E8 5.0E8
9 0.0 5.0E8 5.0E8 5.0E8 5.0E8 5.0E8 1.0E9 1.0E9 1.0E9 1.0E9 1.0E9 1.0E9 1.0E9 1.5E9 1.5E9 2.0E9 2.0E9 2.0E9 2.0E9 -1.794967296E9
10 0.0 0.0 0.0 0.0 0.0 0.0 0.0 0.0 5.0E8 1.0E9 1.5E9 1.5E9 1.5E9 1.5E9 1.5E9 1.5E9 1.5E9 1.5E9 1.5E9 2.0E9
11 0.0 0.0 0.0 -1.794967296E9 -2.94967296E8 1.205032704E9 1.705032704E9 1.705032704E9 1.705032704E9 -1.94967296E9 2.05032704E9 2.05032704E9 4.60392448E8 3.95621376E8 3.95621376E8 8.95621376E8 8.95621376E8 1.0719488E7 -1.284247808E9 -1.284247808E9
12 0.0 0.0 0.0 0.0 0.0 0.0 0.0 0.0 0.0 0.0 0.0 0.0 0.0 0.0 0.0 0.0 5.0E8 5.0E8 5.0E8 1.0E9
13 0.0 5.0E8 1.0E9 1.0E9 1.0E9 1.0E9 1.0E9 1.0E9 1.0E9 1.0E9 1.5E9 1.5E9 1.5E9 1.5E9 1.5E9 1.5E9 1.5E9 2.0E9 2.0E9 2.0E9
14 0.0 0.0 0.0 0.0 5.0E8 5.0E8 5.0E8 5.0E8 1.0E9 1.0E9 1.0E9 1.0E9 1.0E9 1.0E9 1.5E9 1.5E9 1.5E9 2.0E9 2.0E9 2.0E9
15 0.0 0.0 0.0 0.0 0.0 0.0 0.0 0.0 0.0 0.0 0.0 0.0 0.0 0.0 0.0 0.0 0.0 0.0 0.0 0.0
16 0.0 0.0 0.0 0.0 0.0 0.0 0.0 0.0 0.0 0.0 0.0 0.0 0.0 0.0 0.0 0.0 0.0 0.0 0.0 0.0
17 5.0E8 5.0E8 5.0E8 1.0E9 1.0E9 1.0E9 1.0E9 1.0E9 1.0E9 1.0E9 1.0E9 1.5E9 1.5E9 1.5E9 1.5E9 1.5E9 1.5E9 1.5E9 2.0E9 2.0E9
18 0.0 0.0 0.0 5.0E8 5.0E8 5.0E8 5.0E8 5.0E8 5.0E8 1.0E9 1.0E9 1.0E9 1.0E9 1.0E9 1.5E9 1.5E9 1.5E9 1.5E9 1.5E9 1.5E9
19 0.0 0.0 0.0 0.0 0.0 0.0 5.0E8 1.5E9 1.5E9 1.5E9 1.5E9 1.5E9 1.5E9 1.5E9 1.5E9 1.5E9 1.5E9 1.5E9 1.5E9 1.5E9
20 0.0 0.0 0.0 0.0 0.0 0.0 0.0 0.0 0.0 0.0 0.0 0.0 0.0 5.0E8 5.0E8 5.0E8 5.0E8 5.0E8 5.0E8 1.0E9
21 0.0 0.0 0.0 0.0 0.0 0.0 0.0 1.0E9 1.0E9 1.0E9 1.0E9 1.0E9 1.0E9 1.0E9 1.0E9 1.0E9 1.0E9 1.0E9 1.0E9 1.0E9
22 0.0 0.0 0.0 0.0 0.0 0.0 0.0 0.0 0.0 0.0 0.0 0.0 0.0 0.0 5.0E8 5.0E8 1.0E9 1.0E9 1.0E9 1.0E9
23 0.0 1.0E9 1.5E9 1.5E9 1.5E9 1.5E9 1.5E9 1.5E9 1.5E9 1.5E9 1.5E9 2.0E9 2.0E9 2.0E9 2.0E9 2.0E9 2.0E9 2.0E9 2.0E9 2.0E9
24 0.0 0.0 5.0E8 1.0E9 1.0E9 1.0E9 1.0E9 1.0E9 1.0E9 1.0E9 1.0E9 1.0E9 1.0E9 1.0E9 1.0E9 1.0E9 1.0E9 1.5E9 1.5E9 1.5E9
25 0.0 0.0 0.0 0.0 5.0E8 5.0E8 5.0E8 5.0E8 5.0E8 1.0E9 1.0E9 1.0E9 1.0E9 1.5E9 1.5E9 2.0E9 2.0E9 2.0E9 2.0E9 2.0E9
26 0.0 0.0 0.0 1.0E9 1.5E9 2.0E9 2.0E9 2.0E9 2.0E9 2.0E9 2.0E9 2.0E9 2.0E9 2.0E9 2.0E9 2.0E9 2.0E9 2.0E9 2.0E9 2.0E9
27 0.0 5.0E8 5.0E8 5.0E8 5.0E8 5.0E8 5.0E8 5.0E8 1.0E9 1.0E9 1.0E9 1.0E9 1.0E9 1.5E9 1.5E9 1.5E9 1.5E9 1.5E9 1.5E9 1.5E9
28 0.0 0.0 0.0 0.0 0.0 0.0 0.0 0.0 5.0E8 5.0E8 5.0E8 5.0E8 5.0E8 5.0E8 1.0E9 1.0E9 1.0E9 1.0E9 1.5E9 1.5E9
29 0.0 0.0 0.0 0.0 0.0 0.0 0.0 0.0 0.0 0.0 0.0 0.0 0.0 0.0 0.0 0.0 0.0 0.0 5.0E8 1.0E9
30 1.5E9 1.5E9 1.5E9 -1.97483648E9 -1.97483648E9 -1.97483648E9 1.730196224E9 -6.4771072E7 1.460392448E9 1.57549056E9 -2.19476736E8 1.280523264E9 -2.014444032E9 -1.39934592E9 8.05686784E8 1.805686784E9 -1.989280512E9 -1.989280512E9 -1.989280512E9 -1.079215104E9
31 -1.794967296E9 1.205032704E9 -3.84901888E8 -1.47483648E9 1.230196224E9 1.230196224E9 -2.064771072E9 4.35228928E8 -7.44640256E8 -1.92450944E9 -1.719476736E9 -1.719476736E9 -1.719476736E9 1.690588672E9 -6.94313216E8 -6.94313216E8 -6.94313216E8 -1.94313216E8 -1.079215104E9 -1.169149696E9
32 0.0 0.0 0.0 0.0 0.0 0.0 0.0 5.0E8 5.0E8 5.0E8 5.0E8 5.0E8 1.0E9 1.0E9 1.5E9 1.5E9 1.5E9 1.5E9 2.0E9 2.0E9
33 0.0 0.0 0.0 0.0 0.0 0.0 0.0 5.0E8 5.0E8 5.0E8 5.0E8 5.0E8 1.0E9 1.0E9 1.0E9 1.0E9 1.0E9 1.0E9 1.0E9 1.0E9
34 0.0 0.0 0.0 0.0 0.0 0.0 5.0E8 5.0E8 1.5E9 1.5E9 1.5E9 1.5E9 1.5E9 1.5E9 1.5E9 1.5E9 1.5E9 1.5E9 1.5E9 1.5E9
35 0.0 0.0 5.0E8 5.0E8 1.0E9 1.0E9 1.0E9 1.0E9 1.5E9 1.5E9 2.0E9 2.0E9 -1.794967296E9 -1.794967296E9 -1.794967296E9 -1.794967296E9 -1.794967296E9 -1.794967296E9 -1.794967296E9 -1.794967296E9
36 5.0E8 1.0E9 1.410065408E9 -9.7483648E8 1.52516352E9 2.02516352E9 2.02516352E9 -6.4771072E7 1.140261632E9 1.57549056E9 2.80523264E8 2.80523264E8 7.80523264E8 7.80523264E8 1.280523264E9 1.280523264E9 1.780523264E9 1.780523264E9 -2.014444032E9 -2.014444032E9
37 1.0E9 1.0E9 1.910065408E9 1.820130816E9 -2.064771072E9 -1.859738368E9 -1.359738368E9 -1.654705664E9 1.755359744E9 1.65425152E8 2.80523264E8 2.80523264E8 1.780523264E9 4.85555968E8 -8.9934592E8 -1.989280512E9 -1.989280512E9 -9.89280512E8 -9.89280512E8 1.010719488E9
38 5.0E8 1.0E9 1.0E9 1.5E9 -6.4771072E7 -6.4771072E7 -6.4771072E7 9.35228928E8 -3.9607552E7 3.70457856E8 -1.219476736E9 -1.219476736E9 -2.19476736E8 1.690588672E9 -1.694313216E9 -6.94313216E8 -1.94313216E8 -1.94313216E8 8.05686784E8 8.05686784E8
39 0.0 0.0 0.0 5.0E8 5.0E8 5.0E8 5.0E8 1.0E9 1.0E9 1.0E9 1.0E9 1.0E9 1.0E9 1.0E9 1.0E9 1.0E9 1.0E9 1.0E9 1.0E9 1.0E9
40 0.0 0.0 0.0 0.0 0.0 0.0 0.0 0.0 0.0 0.0 0.0 0.0 0.0 0.0 0.0 5.0E8 5.0E8 5.0E8 5.0E8 5.0E8
41 -1.794967296E9 1.205032704E9 -1.884901888E9 -1.884901888E9 -1.884901888E9 -1.884901888E9 -1.884901888E9 -1.884901888E9 4.35228928E8 1.57549056E9 2.07549056E9 2.07549056E9 -1.719476736E9 6.0065408E8 -1.694313216E9 -1.694313216E9 -1.694313216E9 -1.94313216E8 6.258176E8 -1.464116992E9
42 0.0 0.0 0.0 0.0 0.0 0.0 0.0 0.0 0.0 0.0 5.0E8 5.0E8 5.0E8 5.0E8 5.0E8 5.0E8 1.5E9 1.5E9 1.5E9 1.5E9
43 5.0E8 5.0E8 5.0E8 1.0E9 1.0E9 1.0E9 1.0E9 1.0E9 1.0E9 1.5E9 1.5E9 1.5E9 1.5E9 1.5E9 1.5E9 -1.794967296E9 -1.794967296E9 -1.794967296E9 -1.294967296E9 -1.294967296E9
44 0.0 0.0 5.0E8 5.0E8 5.0E8 5.0E8 5.0E8 5.0E8 5.0E8 5.0E8 5.0E8 5.0E8 5.0E8 5.0E8 5.0E8 5.0E8 5.0E8 5.0E8 5.0E8 5.0E8
45 0.0 5.0E8 5.0E8 5.0E8 5.0E8 5.0E8 5.0E8 5.0E8 5.0E8 1.0E9 1.5E9 1.5E9 2.0E9 -1.794967296E9 -1.794967296E9 -1.794967296E9 -1.794967296E9 -1.794967296E9 -1.794967296E9 -1.794967296E9
46 0.0 0.0 5.0E8 5.0E8 5.0E8 5.0E8 5.0E8 5.0E8 5.0E8 5.0E8 1.0E9 1.0E9 1.0E9 1.0E9 1.0E9 1.0E9 1.0E9 1.0E9 1.0E9 1.0E9
47 0.0 0.0 0.0 0.0 0.0 0.0 0.0 0.0 0.0 0.0 0.0 0.0 0.0 0.0 0.0 0.0 0.0 0.0 0.0 0.0
48 0.0 0.0 0.0 0.0 5.0E8 5.0E8 5.0E8 5.0E8 5.0E8 5.0E8 5.0E8 5.0E8 5.0E8 1.0E9 1.0E9 1.0E9 1.0E9 1.0E9 1.0E9 1.0E9
49 0.0 0.0 0.0 0.0 0.0 0.0 0.0 0.0 0.0 0.0 0.0 0.0 0.0 0.0 0.0 0.0 0.0 0.0 0.0 0.0
50 -1.294967296E9 1.705032704E9 1.15098112E8 1.320130816E9 1.820130816E9 1.820130816E9 -1.97483648E9 -1.47483648E9 -2.039607552E9 1.57549056E9 2.80523264E8 2.80523264E8 7.80523264E8 -3.9934592E8 1.805686784E9 -1.989280512E9 -1.989280512E9 -1.989280512E9 -3.741824E8 2.1258176E9
51 0.0 0.0 0.0 0.0 5.0E8 5.0E8 1.0E9 1.0E9 1.0E9 1.0E9 1.0E9 1.0E9 1.5E9 1.5E9 1.5E9 2.0E9 2.0E9 2.0E9 2.0E9 2.0E9
52 0.0 0.0 5.0E8 5.0E8 1.0E9 1.0E9 1.0E9 1.0E9 1.0E9 1.5E9 1.5E9 1.5E9 1.5E9 1.5E9 2.0E9 2.0E9 2.0E9 -1.794967296E9 -1.794967296E9 -1.294967296E9
53 5.0E8 5.0E8 5.0E8 5.0E8 1.5E9 1.5E9 1.5E9 1.5E9 1.5E9 1.5E9 1.5E9 -1.794967296E9 -1.794967296E9 -1.794967296E9 -1.294967296E9 -1.294967296E9 -1.294967296E9 -1.294967296E9 -1.294967296E9 -1.294967296E9
54 0.0 0.0 0.0 0.0 0.0 0.0 0.0 0.0 0.0 0.0 0.0 5.0E8 5.0E8 5.0E8 5.0E8 1.0E9 1.0E9 1.0E9 1.0E9 1.5E9
55 0.0 0.0 0.0 0.0 0.0 0.0 0.0 0.0 0.0 0.0 0.0 0.0 0.0 0.0 0.0 5.0E8 5.0E8 5.0E8 1.0E9 1.0E9
56 -1.294967296E9 1.205032704E9 -1.384901888E9 -9.7483648E8 -5.64771072E8 -1.859738368E9 -1.359738368E9 -1.359738368E9 -1.359738368E9 -1.359738368E9 -3.59738368E8 -3.59738368E8 -3.59738368E8 8.45294336E8 -3.34574848E8 -2.129542144E9 -1.629542144E9 -1.629542144E9 -1.94313216E8 -1.94313216E8
57 0.0 0.0 0.0 0.0 0.0 0.0 0.0 0.0 0.0 0.0 0.0 0.0 0.0 0.0 0.0 0.0 0.0 0.0 0.0 0.0
58 -1.294967296E9 1.205032704E9 -3.84901888E8 -1.97483648E9 -2.064771072E9 -2.064771072E9 -2.064771072E9 -2.064771072E9 -2.064771072E9 -4.2450944E8 2.80523264E8 2.80523264E8 1.280523264E9 -1.014444032E9 1.305686784E9 1.305686784E9 1.805686784E9 -1.489280512E9 -4.89280512E8 -4.89280512E8
59 0.0 0.0 5.0E8 5.0E8 1.0E9 1.0E9 1.0E9 1.0E9 1.0E9 1.0E9 1.0E9 1.0E9 1.5E9 1.5E9 1.5E9 1.5E9 2.0E9 2.0E9 2.0E9 2.0E9
60 0.0 0.0 0.0 5.0E8 5.0E8 1.0E9 1.0E9 1.0E9 1.0E9 1.0E9 1.0E9 1.0E9 1.0E9 1.5E9 1.5E9 1.5E9 1.5E9 1.5E9 1.5E9 1.5E9
61 5.0E8 5.0E8 5.0E8 5.0E8 5.0E8 5.0E8 5.0E8 5.0E8 5.0E8 5.0E8 5.0E8 5.0E8 5.0E8 5.0E8 5.0E8 5.0E8 5.0E8 5.0E8 5.0E8 5.0E8
62 -1.794967296E9 1.205032704E9 -3.84901888E8 1.820130816E9 -1.269803776E9 -1.269803776E9 -7.69803776E8 1.435228928E9 1.755359744E9 -3.34574848E8 -1.129542144E9 2.80523264E8 1.780523264E9 4.85555968E8 1.895621376E9 1.805686784E9 1.805686784E9 1.805686784E9 -4.89280512E8 1.510719488E9
63 0.0 0.0 0.0 0.0 0.0 0.0 0.0 0.0 0.0 0.0 0.0 0.0 0.0 0.0 0.0 0.0 0.0 0.0 0.0 5.0E8
64 1.0E9 1.0E9 1.0E9 1.0E9 2.0E9 2.0E9 2.0E9 -7.94967296E8 -1.54705664E8 2.07549056E9 -7.19476736E8 -7.19476736E8 -7.19476736E8 1.395621376E9 -1.989280512E9 -4.89280512E8 1.0719488E7 5.10719488E8 -7.84247808E8 -7.9215104E7
65 -1.294967296E9 1.205032704E9 -1.384901888E9 -9.7483648E8 -6.4771072E7 4.35228928E8 1.935228928E9 -1.54705664E8 1.960392448E9 1.57549056E9 2.80523264E8 2.80523264E8 1.780523264E9 -1.89934592E9 8.05686784E8 8.05686784E8 8.05686784E8 8.05686784E8 1.305686784E9 1.305686784E9
66 0.0 0.0 0.0 0.0 0.0 0.0 0.0 0.0 0.0 0.0 0.0 5.0E8 1.0E9 1.0E9 1.0E9 1.0E9 1.0E9 1.0E9 1.0E9 1.0E9
67 0.0 5.0E8 5.0E8 5.0E8 5.0E8 5.0E8 5.0E8 5.0E8 1.0E9 1.0E9 1.0E9 1.0E9 1.0E9 1.0E9 1.0E9 1.0E9 1.5E9 1.5E9 2.0E9 2.0E9
68 1.5E9 2.0E9 2.0E9 2.0E9 2.0E9 2.0E9 2.0E9 2.0E9 2.0E9 -1.294967296E9 -1.294967296E9 -1.294967296E9 -1.294967296E9 -5.39607552E8 -6.94313216E8 -1.94313216E8 -1.94313216E8 -1.94313216E8 -1.94313216E8 3.05686784E8
69 -1.794967296E9 -7.94967296E8 -7.94967296E8 -1.97483648E9 -1.564771072E9 -6.4771072E7 4.35228928E8 4.35228928E8 -7.44640256E8 1.870457856E9 -7.19476736E8 -2.19476736E8 -2.19476736E8 -1.39934592E9 -1.194313216E9 -6.94313216E8 -6.94313216E8 -6.94313216E8 1.010719488E9 -1.784247808E9
70 -1.294967296E9 2.05032704E8 2.05032704E8 1.15098112E8 1.15098112E8 1.15098112E8 6.15098112E8 -6.79869184E8 1.460392448E9 -4.2450944E8 2.80523264E8 1.280523264E9 1.280523264E9 -3.9934592E8 -6.94313216E8 -6.94313216E8 -6.94313216E8 1.805686784E9 -1.989280512E9 -1.989280512E9
71 0.0 0.0 0.0 0.0 0.0 0.0 0.0 0.0 0.0 0.0 0.0 0.0 5.0E8 5.0E8 5.0E8 5.0E8 5.0E8 5.0E8 1.0E9 1.0E9
72 0.0 0.0 0.0 0.0 0.0 0.0 0.0 1.0E9 1.0E9 2.0E9 2.0E9 2.0E9 2.0E9 2.0E9 2.0E9 2.0E9 2.0E9 2.0E9 2.0E9 2.0E9
73 -1.294967296E9 1.205032704E9 -8.84901888E8 -9.7483648E8 -6.4771072E7 9.35228928E8 6.40261632E8 1.640261632E9 -1.334574848E9 2.07549056E9 7.80523264E8 1.780523264E9 1.780523264E9 1.10065408E9 1.305686784E9 1.805686784E9 1.805686784E9 -1.989280512E9 -9.89280512E8 7.15752192E8
74 0.0 0.0 0.0 0.0 0.0 5.0E8 5.0E8 5.0E8 1.0E9 1.0E9 1.0E9 1.0E9 1.0E9 1.0E9 1.0E9 1.0E9 1.0E9 1.5E9 1.5E9 1.5E9
75 0.0 5.0E8 -1.089934592E9 -9.7483648E8 -6.4771072E7 4.35228928E8 1.935228928E9 -1.54705664E8 1.960392448E9 2.07549056E9 2.80523264E8 2.80523264E8 1.780523264E9 1.0065408E8 1.10065408E9 1.10065408E9 1.10065408E9 1.10065408E9 -1.3741824E9 6.258176E8
76 -1.294967296E9 7.05032704E8 -1.384901888E9 -9.7483648E8 -6.4771072E7 9.35228928E8 1.40261632E8 8.45294336E8 1.960392448E9 2.07549056E9 7.80523264E8 7.80523264E8 7.80523264E8 4.85555968E8 1.895621376E9 -1.89934592E9 -1.89934592E9 -1.89934592E9 -1.079215104E9 1.830850304E9
77 5.0E8 5.0E8 1.910065408E9 -1.97483648E9 -1.064771072E9 -5.64771072E8 9.35228928E8 -1.154705664E9 9.60392448E8 1.07549056E9 -7.19476736E8 -7.19476736E8 7.80523264E8 1.395621376E9 3.05686784E8 3.05686784E8 8.05686784E8 8.05686784E8 1.805686784E9 2.010719488E9
78 -1.294967296E9 1.205032704E9 1.910065408E9 -9.7483648E8 -6.4771072E7 4.35228928E8 4.35228928E8 -1.359738368E9 1.960392448E9 2.07549056E9 7.80523264E8 7.80523264E8 1.280523264E9 6.90588672E8 6.90588672E8 6.90588672E8 6.90588672E8 6.90588672E8 6.90588672E8 6.90588672E8
79 -1.294967296E9 1.205032704E9 1.205032704E9 -8.9934592E7 4.10065408E8 1.910065408E9 -1.97483648E9 4.35228928E8 1.960392448E9 1.57549056E9 2.07549056E9 2.07549056E9 -1.719476736E9 1.395621376E9 1.805686784E9 -1.489280512E9 -9.89280512E8 1.010719488E9 -1.3741824E9 1.330850304E9
80 0.0 0.0 0.0 0.0 0.0 0.0 0.0 0.0 0.0 0.0 0.0 0.0 5.0E8 5.0E8 5.0E8 5.0E8 5.0E8 5.0E8 5.0E8 5.0E8
81 -1.794967296E9 -1.794967296E9 -8.9934592E7 -1.47483648E9 -5.64771072E8 -6.4771072E7 -3.59738368E8 -6.54705664E8 9.60392448E8 5.7549056E8 -7.19476736E8 -7.19476736E8 -7.19476736E8 -1.89934592E9 1.10065408E9 -1.694313216E9 -1.694313216E9 -1.694313216E9 -2.079215104E9 -1.079215104E9
82 0.0 5.0E8 5.0E8 5.0E8 5.0E8 5.0E8 5.0E8 1.0E9 1.0E9 1.0E9 1.5E9 1.5E9 1.5E9 1.5E9 1.5E9 1.5E9 1.5E9 1.5E9 1.5E9 1.5E9
83 -1.794967296E9 1.205032704E9 -1.884901888E9 -9.7483648E8 -6.4771072E7 9.35228928E8 1.640261632E9 1.845294336E9 -1.834574848E9 2.07549056E9 1.280523264E9 -5.14444032E8 4.85555968E8 4.85555968E8 1.805686784E9 1.805686784E9 1.805686784E9 1.805686784E9 1.805686784E9 1.805686784E9
84 0.0 0.0 0.0 0.0 0.0 0.0 0.0 0.0 0.0 0.0 0.0 5.0E8 5.0E8 5.0E8 5.0E8 5.0E8 5.0E8 1.0E9 1.0E9 1.5E9
85 0.0 0.0 0.0 0.0 0.0 0.0 0.0 0.0 0.0 0.0 5.0E8 5.0E8 5.0E8 5.0E8 1.0E9 1.0E9 1.0E9 1.0E9 1.0E9 1.0E9
86 0.0 0.0 5.0E8 5.0E8 5.0E8 5.0E8 1.0E9 1.0E9 1.0E9 1.0E9 1.0E9 1.0E9 1.0E9 1.5E9 2.0E9 2.0E9 2.0E9 2.0E9 2.0E9 2.0E9
87 -1.794967296E9 1.205032704E9 -8.84901888E8 -9.7483648E8 -5.64771072E8 -6.4771072E7 4.35228928E8 1.935228928E9 -3.9607552E7 1.57549056E9 2.80523264E8 2.80523264E8 2.80523264E8 6.90588672E8 6.90588672E8 6.90588672E8 6.90588672E8 6.90588672E8 6.90588672E8 6.90588672E8
88 0.0 0.0 0.0 0.0 0.0 0.0 0.0 0.0 0.0 0.0 0.0 0.0 0.0 0.0 0.0 0.0 0.0 0.0 0.0 0.0
89 1.0E9 1.0E9 1.0E9 1.0E9 1.0E9 1.0E9 1.0E9 1.0E9 1.0E9 1.0E9 1.0E9 1.5E9 2.0E9 -1.794967296E9 -1.794967296E9 -1.794967296E9 -1.794967296E9 -1.294967296E9 -1.294967296E9 -1.294967296E9
90 1.5E9 2.0E9 2.0E9 -9.7483648E8 -6.4771072E7 4.35228928E8 4.35228928E8 1.40261632E8 1.460392448E9 1.07549056E9 -2.19476736E8 -2.19476736E8 -2.19476736E8 1.90588672E8 -6.04378624E8 3.95621376E8 3.95621376E8 -1.89934592E9 1.805686784E9 -1.989280512E9
91 5.0E8 5.0E8 5.0E8 5.0E8 5.0E8 1.0E9 1.0E9 1.0E9 1.0E9 1.5E9 1.5E9 2.0E9 2.0E9 2.0E9 2.0E9 2.0E9 2.0E9 2.0E9 2.0E9 2.0E9
92 0.0 0.0 0.0 0.0 0.0 0.0 0.0 0.0 0.0 0.0 0.0 0.0 0.0 5.0E8 5.0E8 5.0E8 5.0E8 5.0E8 5.0E8 5.0E8
93 5.0E8 5.0E8 1.0E9 1.0E9 1.0E9 1.5E9 1.5E9 1.5E9 1.5E9 1.5E9 1.5E9 1.5E9 2.0E9 2.0E9 2.0E9 2.0E9 2.0E9 2.0E9 2.0E9 2.0E9
94 -1.794967296E9 -1.794967296E9 -1.794967296E9 -9.7483648E8 -6.4771072E7 4.35228928E8 1.935228928E9 8.45294336E8 9.60392448E8 1.57549056E9 1.57549056E9 1.57549056E9 1.57549056E9 1.57549056E9 1.57549056E9 1.57549056E9 2.07549056E9 2.07549056E9 2.07549056E9 2.07549056E9
95 0.0 0.0 0.0 0.0 0.0 0.0 0.0 0.0 0.0 0.0 0.0 5.0E8 5.0E8 5.0E8 5.0E8 5.0E8 5.0E8 5.0E8 5.0E8 5.0E8
96 -1.294967296E9 1.205032704E9 1.205032704E9 1.205032704E9 -2.089934592E9 -1.384901888E9 -6.79869184E8 -6.79869184E8 -6.79869184E8 -6.79869184E8 -6.79869184E8 -6.79869184E8 -6.79869184E8 -1.769803776E9 1.345294336E9 -1.44967296E9 -1.44967296E9 -1.44967296E9 5.5032704E8 1.05032704E9
97 0.0 0.0 5.0E8 5.0E8 5.0E8 5.0E8 5.0E8 5.0E8 5.0E8 5.0E8 5.0E8 5.0E8 1.0E9 2.0E9 2.0E9 -1.794967296E9 -1.794967296E9 -1.794967296E9 -1.794967296E9 -1.794967296E9
