records: 20
      Record Time
Host  UsedBuffer

  49376.0 98752.0 148128.0 197504.0 246880.0 296256.0 345632.0 395008.0 444384.0 493760.0 543136.0 592512.0 641888.0 691264.0 740640.0 790016.0 839392.0 888768.0 938144.0 987520.0
0 0.0 4000000.0 4000000.0 5000000.0 7000000.0 7000000.0 9000000.0 1.0E7 1.1E7 1.1E7 1.1E7 1.1E7 1.2E7 1.4E7 1.6E7 1.6E7 1.6E7 1.6E7 1.7E7 1.8E7
1 0.0 0.0 1000000.0 1000000.0 1000000.0 1000000.0 2000000.0 3000000.0 4000000.0 4000000.0 4000000.0 5000000.0 6000000.0 7000000.0 7000000.0 7000000.0 9000000.0 9000000.0 1.3E7 1.4E7
2 9000000.0 1.0E7 5.1E7 6.9E7 7.4E7 1.48E8 1.68E8 2.0E8 2.47E8 2.65E8 3.19E8 3.22E8 3.57E8 3.57E8 3.92E8 4.0E8 4.31E8 4.93E8 4.94E8 5.35E8
3 0.0 0.0 1000000.0 2000000.0 2000000.0 2000000.0 2000000.0 2000000.0 2000000.0 3000000.0 3000000.0 5000000.0 6000000.0 7000000.0 8000000.0 9000000.0 1.0E7 1.0E7 1.0E7 1.0E7
4 6000000.0 1.7E7 5.1E7 5.2E7 5.5E7 1.48E8 1.55E8 1.56E8 2.48E8 2.59E8 3.17E8 3.18E8 3.68E8 3.69E8 3.71E8 3.72E8 3.72E8 4.89E8 4.91E8 4.93E8
5 1000000.0 3000000.0 4000000.0 5000000.0 6000000.0 7000000.0 7000000.0 7000000.0 8000000.0 8000000.0 8000000.0 8000000.0 1.0E7 1.2E7 1.3E7 1.3E7 1.4E7 1.7E7 1.7E7 1.8E7
6 1000000.0 3000000.0 4000000.0 5000000.0 5000000.0 6000000.0 7000000.0 8000000.0 8000000.0 1.0E7 1.3E7 1.5E7 1.6E7 1.6E7 1.6E7 1.8E7 1.8E7 1.9E7 1.9E7 1.9E7
7 1000000.0 3000000.0 4000000.0 4000000.0 5000000.0 6000000.0 8000000.0 9000000.0 9000000.0 1.2E7 1.2E7 1.2E7 1.3E7 1.4E7 1.4E7 1.5E7 1.6E7 1.6E7 1.8E7 1.8E7
8 0.0 1000000.0 2000000.0 2000000.0 2000000.0 3000000.0 4000000.0 6000000.0 6000000.0 7000000.0 7000000.0 8000000.0 9000000.0 9000000.0 9000000.0 1.0E7 1.3E7 1.4E7 1.4E7 1.5E7
9 3000000.0 4000000.0 3.8E7 3.9E7 4.1E7 1.3E8 1.61E8 1.69E8 2.09E8 2.09E8 3.1E8 3.1E8 3.56E8 3.56E8 3.56E8 3.56E8 3.56E8 3.57E8 3.57E8 3.58E8
10 0.0 1000000.0 1000000.0 1000000.0 1000000.0 2000000.0 3000000.0 3000000.0 5000000.0 5000000.0 5000000.0 5000000.0 6000000.0 7000000.0 8000000.0 8000000.0 8000000.0 9000000.0 1.0E7 1.1E7
11 7000000.0 9000000.0 9000000.0 9000000.0 9000000.0 9000000.0 1.0E7 2.02E8 2.05E8 2.08E8 3.13E8 3.15E8 3.67E8 3.67E8 3.92E8 3.93E8 3.94E8 4.97E8 4.97E8 4.97E8
12 0.0 1000000.0 1000000.0 1000000.0 1000000.0 1000000.0 2000000.0 3000000.0 4000000.0 4000000.0 4000000.0 6000000.0 8000000.0 9000000.0 9000000.0 1.2E7 1.3E7 1.3E7 1.4E7 1.5E7
13 1000000.0 1000000.0 2000000.0 3000000.0 3000000.0 3000000.0 3000000.0 4000000.0 4000000.0 4000000.0 4000000.0 4000000.0 4000000.0 4000000.0 4000000.0 5000000.0 6000000.0 7000000.0 1.2E7 1.4E7
14 1000000.0 2000000.0 2000000.0 3000000.0 4000000.0 4000000.0 5000000.0 6000000.0 6000000.0 8000000.0 9000000.0 9000000.0 1.0E7 1.1E7 1.2E7 1.4E7 1.4E7 1.6E7 1.6E7 1.7E7
15 2000000.0 2000000.0 2000000.0 2000000.0 2000000.0 4000000.0 6000000.0 7000000.0 9000000.0 9000000.0 9000000.0 1.0E7 1.1E7 1.1E7 1.1E7 1.1E7 1.1E7 1.1E7 1.1E7 1.1E7
16 7000000.0 7000000.0 7000000.0 7000000.0 7000000.0 1.48E8 1.63E8 1.65E8 2.55E8 2.67E8 3.14E8 3.15E8 3.73E8 3.74E8 3.93E8 3.95E8 4.01E8 4.97E8 5.01E8 5.42E8
17 3000000.0 1.6E7 4.0E7 4.1E7 4.5E7 1.52E8 1.62E8 1.64E8 2.51E8 2.52E8 3.12E8 3.12E8 3.72E8 3.74E8 3.93E8 3.95E8 4.2E8 4.94E8 5.02E8 5.4E8
18 3000000.0 1.7E7 3.8E7 4.2E7 4.5E7 1.36E8 1.65E8 1.84E8 2.48E8 2.58E8 3.15E8 3.15E8 3.72E8 3.72E8 3.94E8 3.95E8 4.44E8 4.97E8 4.98E8 5.45E8
19 4000000.0 4000000.0 4.0E7 4.2E7 7.2E7 1.46E8 1.61E8 1.77E8 2.49E8 2.51E8 3.16E8 3.18E8 3.67E8 3.67E8 3.87E8 3.87E8 3.92E8 4.87E8 4.93E8 5.37E8
20 0.0 1000000.0 2000000.0 3000000.0 3000000.0 3000000.0 4000000.0 4000000.0 4000000.0 4000000.0 5000000.0 5000000.0 5000000.0 5000000.0 5000000.0 5000000.0 6000000.0 8000000.0 8000000.0 8000000.0
21 5000000.0 7000000.0 4.1E7 6.6E7 7.1E7 1.47E8 1.7E8 2.05E8 2.51E8 2.56E8 3.15E8 3.15E8 3.55E8 3.55E8 3.93E8 4.01E8 4.34E8 4.89E8 4.93E8 5.34E8
22 1000000.0 1000000.0 2000000.0 2000000.0 5000000.0 6000000.0 6000000.0 7000000.0 7000000.0 8000000.0 9000000.0 9000000.0 1.0E7 1.0E7 1.0E7 1.0E7 1.0E7 1.0E7 1.1E7 1.1E7
23 0.0 1000000.0 4000000.0 6000000.0 8000000.0 8000000.0 8000000.0 8000000.0 8000000.0 8000000.0 8000000.0 9000000.0 9000000.0 9000000.0 1.0E7 1.0E7 1.1E7 1.2E7 1.3E7 1.5E7
24 0.0 0.0 0.0 0.0 1000000.0 1000000.0 4000000.0 4000000.0 5000000.0 7000000.0 8000000.0 8000000.0 9000000.0 1.0E7 1.2E7 1.2E7 1.2E7 1.2E7 1.4E7 1.6E7
25 1000000.0 2000000.0 2000000.0 3000000.0 5000000.0 5000000.0 7000000.0 8000000.0 1.0E7 1.0E7 1.1E7 1.1E7 1.1E7 1.2E7 1.2E7 1.2E7 1.2E7 1.3E7 1.4E7 1.4E7
26 0.0 2000000.0 2000000.0 6.6E7 7.2E7 1.48E8 1.71E8 2.04E8 2.51E8 2.58E8 3.15E8 3.15E8 3.57E8 3.57E8 3.96E8 3.98E8 4.37E8 4.95E8 4.95E8 5.36E8
27 1000000.0 1000000.0 1000000.0 2000000.0 2000000.0 3000000.0 3000000.0 3000000.0 5000000.0 5000000.0 5000000.0 7000000.0 7000000.0 1.0E7 1.1E7 1.4E7 1.5E7 1.6E7 1.7E7 1.7E7
28 7000000.0 8000000.0 3.8E7 4.5E7 4.5E7 1.33E8 1.57E8 2.03E8 2.05E8 2.58E8 3.17E8 3.18E8 3.66E8 3.68E8 3.94E8 3.97E8 3.97E8 4.9E8 4.92E8 4.94E8
29 0.0 2000000.0 5000000.0 5000000.0 6000000.0 7000000.0 7000000.0 7000000.0 8000000.0 8000000.0 9000000.0 9000000.0 1.0E7 1.0E7 1.2E7 1.2E7 1.3E7 1.4E7 1.5E7 1.5E7
30 3000000.0 5000000.0 5000000.0 1.2E7 1.4E7 1.6E7 1.8E7 3.2E7 3.8E7 3.9E7 3.17E8 3.19E8 3.32E8 3.32E8 3.4E8 3.41E8 3.41E8 3.53E8 3.53E8 3.53E8
31 3000000.0 3000000.0 5000000.0 6000000.0 8000000.0 8000000.0 8000000.0 9000000.0 1.0E7 1.1E7 1.4E7 1.5E7 1.5E7 1.6E7 1.6E7 1.6E7 1.7E7 1.8E7 1.8E7 1.8E7
32 6000000.0 1.7E7 4.6E7 5.0E7 5.4E7 1.48E8 1.48E8 1.82E8 2.53E8 2.63E8 3.17E8 3.18E8 3.72E8 3.76E8 3.96E8 3.97E8 4.35E8 4.94E8 4.95E8 5.43E8
33 7000000.0 8000000.0 5.2E7 6.9E7 7.6E7 1.54E8 1.73E8 2.07E8 2.53E8 2.72E8 3.17E8 3.18E8 3.6E8 3.6E8 4.01E8 4.05E8 4.42E8 5.01E8 5.02E8 5.39E8
34 7000000.0 7000000.0 4.8E7 5.0E7 5.0E7 5.0E7 5.0E7 5.0E7 5.0E7 5.0E7 5.0E7 5.1E7 5.1E7 5.1E7 5.1E7 5.2E7 5.2E7 5.4E7 5.5E7 5.5E7
35 6000000.0 6000000.0 4.5E7 6.6E7 7.2E7 1.48E8 1.71E8 2.05E8 2.52E8 2.71E8 3.18E8 3.19E8 3.59E8 3.61E8 3.97E8 4.05E8 4.4E8 4.89E8 4.9E8 5.38E8
36 1000000.0 1000000.0 3000000.0 3000000.0 4000000.0 5000000.0 7000000.0 8000000.0 8000000.0 9000000.0 9000000.0 1.1E7 1.1E7 1.2E7 1.3E7 1.3E7 1.4E7 1.4E7 1.4E7 1.4E7
37 2000000.0 5000000.0 1.2E7 4.4E7 4.5E7 8.3E7 8.3E7 8.9E7 9.1E7 2.68E8 2.7E8 2.72E8 2.78E8 2.79E8 3.71E8 3.73E8 3.75E8 4.86E8 4.86E8 4.86E8
38 0.0 3000000.0 3000000.0 4000000.0 8000000.0 9000000.0 9000000.0 1.0E7 1.1E7 1.2E7 1.3E7 1.4E7 1.5E7 1.7E7 1.9E7 2.0E7 2.0E7 2.0E7 2.1E7 2.1E7
39 3000000.0 3000000.0 3000000.0 3000000.0 6000000.0 8000000.0 9000000.0 9000000.0 9000000.0 1.0E7 1.1E7 1.1E7 1.2E7 1.3E7 1.3E7 1.3E7 1.3E7 1.4E7 1.4E7 1.6E7
40 2000000.0 3000000.0 6000000.0 7000000.0 8000000.0 8000000.0 8000000.0 8000000.0 8000000.0 8000000.0 8000000.0 9000000.0 1.0E7 1.0E7 1.1E7 1.1E7 1.2E7 1.4E7 1.5E7 1.6E7
41 2000000.0 3000000.0 4000000.0 6000000.0 6000000.0 7000000.0 9000000.0 1.1E7 1.1E7 1.2E7 1.2E7 1.2E7 1.4E7 1.4E7 1.5E7 1.7E7 1.7E7 1.8E7 1.8E7 1.8E7
42 0.0 1000000.0 1000000.0 4000000.0 4000000.0 4000000.0 4000000.0 5000000.0 6000000.0 6000000.0 8000000.0 9000000.0 9000000.0 1.0E7 1.1E7 1.1E7 1.2E7 1.4E7 1.5E7 1.6E7
43 1000000.0 1000000.0 2000000.0 2000000.0 2000000.0 2000000.0 3000000.0 5000000.0 7000000.0 7000000.0 8000000.0 8000000.0 8000000.0 9000000.0 1.0E7 1.1E7 1.4E7 1.5E7 1.5E7 1.7E7
44 0.0 0.0 0.0 0.0 0.0 1000000.0 2000000.0 2000000.0 3000000.0 3000000.0 4000000.0 5000000.0 9000000.0 1.0E7 1.2E7 1.3E7 1.4E7 1.4E7 1.4E7 1.5E7
45 1000000.0 1000000.0 2000000.0 3000000.0 3000000.0 6000000.0 6000000.0 6000000.0 6000000.0 6000000.0 6000000.0 6000000.0 7000000.0 8000000.0 8000000.0 9000000.0 9000000.0 1.0E7 1.1E7 1.3E7
46 2000000.0 2000000.0 4000000.0 4000000.0 4000000.0 5000000.0 5000000.0 5000000.0 6000000.0 7000000.0 7000000.0 7000000.0 7000000.0 9000000.0 1.1E7 1.1E7 1.2E7 1.3E7 1.3E7 1.3E7
47 0.0 0.0 2000000.0 2000000.0 2000000.0 2000000.0 4000000.0 5000000.0 1.2E7 1.3E7 1.3E7 1.4E7 1.4E7 1.5E7 1.5E7 1.6E7 1.7E7 1.7E7 1.8E7 1.8E7
48 0.0 0.0 1000000.0 2000000.0 2000000.0 3000000.0 4000000.0 4000000.0 4000000.0 5000000.0 5000000.0 5000000.0 5000000.0 6000000.0 6000000.0 6000000.0 7000000.0 8000000.0 8000000.0 9000000.0
49 0.0 1000000.0 2000000.0 2000000.0 2000000.0 2000000.0 3000000.0 3000000.0 3000000.0 4000000.0 4000000.0 5000000.0 8000000.0 1.0E7 1.1E7 1.3E7 1.4E7 1.5E7 1.5E7 1.6E7
50 0.0 3000000.0 4000000.0 7000000.0 7000000.0 8000000.0 1.1E7 1.1E7 1.2E7 1.3E7 1.4E7 1.5E7 1.6E7 1.6E7 1.7E7 1.7E7 1.7E7 1.8E7 1.9E7 2.0E7
51 1000000.0 1000000.0 1000000.0 1000000.0 2000000.0 2000000.0 2000000.0 2000000.0 2000000.0 3000000.0 4000000.0 5000000.0 5000000.0 5000000.0 6000000.0 6000000.0 7000000.0 8000000.0 9000000.0 9000000.0
