0 3349
1 1981
2 4464
3 3283
4 2961
5 2676
6 762
7 1046
8 1526
9 2865
10 545
11 435
12 4370
13 4082
14 2319
15 4023
16 3450
17 976
18 676
19 1394
20 1350
21 2371
22 2488
23 3022
24 3230
25 3092
26 2435
27 2931
28 1995
29 2813
30 3280
31 4082
32 2385
33 2635
34 2410
35 2737
36 2825
37 3205
38 2586
39 3486
40 2590
41 2131
42 4114
43 3604
44 2966
45 2626
46 3218
47 3970
48 3118
49 3944
50 4118
51 3640
52 4258
53 3049
54 1893
55 3721
56 3357
57 3778
58 2783
59 5379
60 3591
61 2390
62 1495
63 3542
64 2375
65 5046
66 3276
67 1991
68 1388
69 3977
70 3167
71 4674
72 3607
73 4764
74 4496
75 4972
76 5465
77 5267
78 5057
79 3919
80 4183
81 5286
82 1441
83 5442
84 2749
85 4152
86 4108
87 5653
88 5245
89 5119
90 4185
91 2014
92 5283
93 1844
94 4159
95 2371
96 657
97 3952
