records: 20
      Record Time
Host  UsedBuffer

  16870.0 33740.0 50610.0 67480.0 84350.0 101220.0 118090.0 134960.0 151830.0 168700.0 185570.0 202440.0 219310.0 236180.0 253050.0 269920.0 286790.0 303660.0 320530.0 337400.0
0 2.5E8 2.5E8 2.5E8 7.5E8 7.5E8 7.5E8 7.5E8 7.5E8 1.0E9 1.0E9 1.0E9 1.0E9 1.0E9 1.0E9 1.0E9 1.0E9 1.0E9 1.0E9 1.0E9 1.0E9
1 1.75E9 -7.94967296E8 -2.089934592E9 -1.134901888E9 -9.29869184E8 5.70130816E8 -4.7483648E8 2.02516352E9 6.85228928E8 1.40261632E8 -1.404705664E9 9.5294336E7 5.95294336E8 -1.744640256E9 5.05359744E8 2.005359744E9 -1.789607552E9 -3.9607552E7 -1.379542144E9 3.70457856E8
2 1.25E9 -1.044967296E9 1.705032704E9 -1.384901888E9 -1.429869184E9 3.20130816E8 -7.2483648E8 1.77516352E9 1.85228928E8 -6.09738368E8 2.140261632E9 -6.54705664E8 -1.54705664E8 1.80032704E9 5359744.0 7.55359744E8 -2.039607552E9 -2.89607552E8 -1.379542144E9 -1.29542144E8
3 0.0 0.0 0.0 0.0 0.0 0.0 2.5E8 2.5E8 2.5E8 2.5E8 2.5E8 2.5E8 2.5E8 2.5E8 2.5E8 5.0E8 5.0E8 5.0E8 5.0E8 5.0E8
4 2.5E8 2.5E8 2.5E8 2.5E8 2.5E8 5.0E8 5.0E8 5.0E8 5.0E8 5.0E8 7.5E8 7.5E8 7.5E8 7.5E8 1.0E9 1.0E9 1.0E9 1.25E9 1.5E9 1.5E9
5 0.0 0.0 0.0 -8.84901888E8 -6.79869184E8 8.20130816E8 -2.2483648E8 2.02516352E9 6.85228928E8 1.40261632E8 -1.404705664E9 9.5294336E7 3.45294336E8 -1.994640256E9 5.05359744E8 1.755359744E9 -1.789607552E9 2.10392448E8 -1.379542144E9 1.20457856E8
6 0.0 0.0 0.0 -1.384901888E9 -1.679869184E9 3.20130816E8 3.20130816E8 -9.7483648E8 1.85228928E8 -1.09738368E8 1.40261632E8 3.90261632E8 3.90261632E8 -1.994640256E9 5.05359744E8 5.05359744E8 -1.789607552E9 -1.789607552E9 4.15425152E8 4.15425152E8
7 0.0 0.0 2.5E8 2.5E8 2.5E8 2.5E8 2.5E8 2.5E8 2.5E8 2.5E8 2.5E8 2.5E8 2.5E8 2.5E8 2.5E8 2.5E8 5.0E8 5.0E8 5.0E8 7.5E8
8 0.0 0.0 0.0 0.0 0.0 0.0 0.0 0.0 0.0 0.0 0.0 0.0 0.0 0.0 0.0 0.0 0.0 2.5E8 2.5E8 2.5E8
9 0.0 2.5E8 2.5E8 -8.84901888E8 -9.29869184E8 5.70130816E8 -4.7483648E8 2.02516352E9 6.85228928E8 1.40261632E8 -1.404705664E9 9.5294336E7 5.95294336E8 -1.744640256E9 7.55359744E8 2.005359744E9 -1.539607552E9 4.60392448E8 -8.79542144E8 8.70457856E8
10 0.0 0.0 2.5E8 -1.044967296E9 -1.044967296E9 -1.044967296E9 -5.44967296E8 1.455032704E9 6.85228928E8 3.90261632E8 6.40261632E8 -6.54705664E8 8.45294336E8 -1.744640256E9 7.55359744E8 7.55359744E8 2.005359744E9 -1.789607552E9 -1.129542144E9 6.20457856E8
11 0.0 0.0 0.0 -1.634901888E9 -1.929869184E9 -1.179869184E9 -4.7483648E8 2.02516352E9 -1.064771072E9 -6.09738368E8 -1.09738368E8 -1.09738368E8 -4.04705664E8 1.80032704E9 -4.94640256E8 2.55359744E8 2.55359744E8 -7.89607552E8 -1.629542144E9 -1.379542144E9
12 1.75E9 -7.94967296E8 -8.9934592E7 -8.84901888E8 -9.29869184E8 5.70130816E8 -4.7483648E8 2.02516352E9 4.35228928E8 -1.09738368E8 -1.654705664E9 -1.54705664E8 3.45294336E8 2.05032704E9 5.05359744E8 1.755359744E9 -1.789607552E9 -2.89607552E8 1.415425152E9 -1.879542144E9
13 0.0 2.5E8 5.0E8 5.0E8 5.0E8 5.0E8 5.0E8 5.0E8 5.0E8 5.0E8 7.5E8 7.5E8 7.5E8 7.5E8 7.5E8 7.5E8 7.5E8 1.0E9 1.0E9 1.0E9
14 2.5E8 2.5E8 -3.39934592E8 -1.384901888E9 -1.679869184E9 -1.79869184E8 -1.79869184E8 7.7516352E8 1.85228928E8 -3.59738368E8 1.40261632E8 1.40261632E8 1.640261632E9 1.80032704E9 -1.994640256E9 -1.994640256E9 -1.994640256E9 -1.744640256E9 -1.744640256E9 -1.744640256E9
15 1.75E9 -7.94967296E8 -8.9934592E7 -8.84901888E8 -9.29869184E8 8.20130816E8 -2.2483648E8 -2.019803776E9 9.35228928E8 3.90261632E8 -1.154705664E9 3.45294336E8 8.45294336E8 -1.494640256E9 1.005359744E9 1.755359744E9 -1.289607552E9 -1.289607552E9 -3.79542144E8 1.870457856E9
16 1.75E9 -7.94967296E8 -8.9934592E7 -8.84901888E8 -6.79869184E8 5.70130816E8 -4.7483648E8 2.02516352E9 6.85228928E8 1.40261632E8 -1.404705664E9 9.5294336E7 5.95294336E8 -1.994640256E9 5.05359744E8 1.755359744E9 -1.789607552E9 2.10392448E8 -1.129542144E9 3.70457856E8
17 1.75E9 -1.294967296E9 -1.044967296E9 9.55032704E8 -2.089934592E9 6.60065408E8 2.115098112E9 -9.7483648E8 -1.814771072E9 4.35228928E8 1.140261632E9 -1.154705664E9 5.95294336E8 -1.69967296E9 -1.494640256E9 1.005359744E9 -1.789607552E9 -1.789607552E9 -1.289607552E9 -1.289607552E9
18 1.75E9 -1.294967296E9 -7.94967296E8 9.55032704E8 1.955032704E9 1.955032704E9 6.60065408E8 -1.884901888E9 -8.84901888E8 6.15098112E8 1.115098112E9 1.570130816E9 7.7516352E8 2.02516352E9 -1.019803776E9 1.230196224E9 3.90261632E8 -1.404705664E9 -6.54705664E8 -6.54705664E8
19 1.75E9 -1.294967296E9 -1.044967296E9 9.55032704E8 -1.589934592E9 -1.634901888E9 -1.929869184E9 1.52516352E9 -1.814771072E9 4.35228928E8 3.90261632E8 -1.654705664E9 5.95294336E8 -1.44967296E9 -7.44640256E8 2.005359744E9 -1.539607552E9 -1.289607552E9 -1.289607552E9 -1.289607552E9
20 1.5E9 1.5E9 1.5E9 1.5E9 -1.794967296E9 -1.794967296E9 -1.794967296E9 -1.794967296E9 -1.339934592E9 4.10065408E8 4.10065408E8 2.516352E7 2.02516352E9 -1.9803776E7 5.05359744E8 7.55359744E8 7.55359744E8 7.55359744E8 2.10392448E8 1.20457856E8
21 1.75E9 -1.544967296E9 -1.839934592E9 9.10065408E8 9.10065408E8 5.70130816E8 1.070130816E9 1.570130816E9 6.85228928E8 -8.59738368E8 -3.59738368E8 8.90261632E8 8.90261632E8 -1.744640256E9 7.55359744E8 1.255359744E9 1.255359744E9 1.505359744E9 1.165425152E9 6.20457856E8
22 1.75E9 -1.294967296E9 -8.9934592E7 -1.134901888E9 6.15098112E8 5.70130816E8 5.70130816E8 -1.97483648E9 6.85228928E8 -6.09738368E8 -6.09738368E8 -6.09738368E8 -6.09738368E8 -6.09738368E8 -3.59738368E8 -3.59738368E8 -1.09738368E8 -1.09738368E8 -1.09738368E8 -1.09738368E8
23 2.5E8 7.5E8 -5.89934592E8 -1.384901888E9 -1.179869184E9 -4.29869184E8 -7.2483648E8 2.02516352E9 1.85228928E8 1.435228928E9 1.640261632E9 1.890261632E9 1.890261632E9 2.05032704E9 5359744.0 2.55359744E8 2.55359744E8 -1.539607552E9 -1.129542144E9 1.20457856E8
24 0.0 0.0 2.5E8 5.0E8 5.0E8 5.0E8 5.0E8 5.0E8 5.0E8 5.0E8 5.0E8 5.0E8 5.0E8 5.0E8 5.0E8 5.0E8 5.0E8 7.5E8 7.5E8 7.5E8
25 1.75E9 -1.044967296E9 -1.044967296E9 -1.044967296E9 -1.179869184E9 3.20130816E8 5.70130816E8 1.070130816E9 4.35228928E8 -1.09738368E8 1.390261632E9 2.140261632E9 2.140261632E9 1.80032704E9 5359744.0 5.05359744E8 5.05359744E8 5.05359744E8 1.460392448E9 6.20457856E8
26 1.75E9 -1.294967296E9 -3.39934592E8 -8.84901888E8 -1.429869184E9 3.20130816E8 2.516352E7 1.02516352E9 6.85228928E8 1.40261632E8 1.40261632E8 1.40261632E8 3.45294336E8 -1.744640256E9 -2.44640256E8 -2.44640256E8 -2.44640256E8 -2.44640256E8 -2.44640256E8 -2.44640256E8
27 1.75E9 -1.044967296E9 -5.44967296E8 9.55032704E8 -6.79869184E8 7.0130816E7 2.070130816E9 1.52516352E9 6.85228928E8 -3.59738368E8 -1.904705664E9 -1.654705664E9 -1.404705664E9 -6.54705664E8 -7.44640256E8 -7.44640256E8 -7.44640256E8 -7.44640256E8 -7.44640256E8 -7.44640256E8
28 0.0 1.75E9 -8.39934592E8 -1.134901888E9 -1.679869184E9 7.0130816E7 7.0130816E7 7.0130816E7 4.35228928E8 -1.09738368E8 6.40261632E8 6.40261632E8 6.40261632E8 6.40261632E8 8.90261632E8 8.90261632E8 8.90261632E8 8.90261632E8 1.65425152E8 8.70457856E8
29 1.5E9 2.0E9 -8.9934592E7 -8.84901888E8 -9.29869184E8 3.20130816E8 3.20130816E8 3.20130816E8 3.20130816E8 3.20130816E8 -2.2483648E8 -2.2483648E8 5.2516352E8 2.05032704E9 5359744.0 5.05359744E8 5.05359744E8 5.05359744E8 -1.379542144E9 6.20457856E8
30 7.5E8 2.0E9 4.55032704E8 -1.384901888E9 -1.384901888E9 -8.84901888E8 -4.7483648E8 7.7516352E8 4.35228928E8 -1.09738368E8 2.140261632E9 -1.54705664E8 -1.54705664E8 -1.994640256E9 5.05359744E8 1.005359744E9 1.255359744E9 1.255359744E9 1.255359744E9 1.120457856E9
31 1.75E9 -7.94967296E8 -3.39934592E8 -1.134901888E9 1.615098112E9 1.615098112E9 1.615098112E9 1.070130816E9 -3.14771072E8 -8.59738368E8 8.90261632E8 8.90261632E8 8.90261632E8 1.30032704E9 -9.94640256E8 -9.94640256E8 -9.94640256E8 -7.44640256E8 -2.129542144E9 -6.29542144E8
32 7.5E8 -1.044967296E9 -5.89934592E8 1.660065408E9 1.660065408E9 -1.179869184E9 -1.72483648E9 -1.47483648E9 6.85228928E8 1.40261632E8 2.140261632E9 -1.904705664E9 -1.54705664E8 2.05032704E9 5359744.0 7.55359744E8 7.55359744E8 7.55359744E8 -1.129542144E9 1.370457856E9
33 2.5E8 1.0E9 -3.39934592E8 -8.84901888E8 -3.84901888E8 -1.34901888E8 -1.34901888E8 1.77516352E9 6.85228928E8 1.40261632E8 1.890261632E9 1.890261632E9 2.140261632E9 2.140261632E9 -1.904705664E9 -1.904705664E9 -1.654705664E9 -1.654705664E9 -1.654705664E9 -1.654705664E9
34 1.75E9 -1.294967296E9 -5.89934592E8 -1.134901888E9 -1.679869184E9 -1.679869184E9 1.820130816E9 7.7516352E8 4.35228928E8 -6.09738368E8 1.640261632E9 2.140261632E9 -1.54705664E8 1.80032704E9 -9.94640256E8 -9.94640256E8 -9.94640256E8 -9.94640256E8 -1.629542144E9 6.20457856E8
35 1.75E9 -1.294967296E9 -3.39934592E8 -1.384901888E9 2.115098112E9 2.115098112E9 2.115098112E9 -1.769803776E9 9.35228928E8 1.935228928E9 -1.404705664E9 -9.04705664E8 5.95294336E8 -1.494640256E9 1.005359744E9 1.255359744E9 1.255359744E9 1.255359744E9 -3.79542144E8 1.620457856E9
36 2.5E8 5.0E8 -3.39934592E8 -8.84901888E8 -3.84901888E8 -1.34901888E8 -1.34901888E8 -1.34901888E8 6.85228928E8 1.40261632E8 1.890261632E9 1.890261632E9 2.140261632E9 2.140261632E9 -1.904705664E9 -1.904705664E9 -1.654705664E9 -1.654705664E9 -1.404705664E9 -1.404705664E9
37 0.0 0.0 2.5E8 2.5E8 2.5E8 2.5E8 2.5E8 2.5E8 2.5E8 5.0E8 5.0E8 5.0E8 5.0E8 5.0E8 5.0E8 5.0E8 5.0E8 5.0E8 5.0E8 5.0E8
38 1.5E9 1.75E9 1.75E9 2.0E9 -9.29869184E8 3.20130816E8 8.20130816E8 -4.7483648E8 -6.4771072E7 -1.109738368E9 1.390261632E9 -1.154705664E9 9.5294336E7 3.0032704E8 -9.94640256E8 2.55359744E8 5.05359744E8 1.255359744E9 -7.89607552E8 -7.89607552E8
39 2.5E8 -1.294967296E9 -5.89934592E8 -8.84901888E8 -1.179869184E9 3.20130816E8 8.20130816E8 -1.22483648E9 6.85228928E8 -1.09738368E8 -1.654705664E9 -1.654705664E9 -1.654705664E9 -1.404705664E9 -1.19967296E9 -6.9967296E8 2.05032704E9 -1.744640256E9 -1.129542144E9 1.120457856E9
40 0.0 0.0 -3.39934592E8 9.10065408E8 -1.384901888E9 -8.84901888E8 2.516352E7 -1.269803776E9 9.35228928E8 3.90261632E8 -1.154705664E9 -6.54705664E8 1.095294336E9 -1.744640256E9 7.55359744E8 1.505359744E9 -1.539607552E9 -1.539607552E9 -6.29542144E8 1.370457856E9
41 1.75E9 -1.294967296E9 -5.89934592E8 -8.9934592E7 -8.9934592E7 -8.9934592E7 -8.9934592E7 -8.9934592E7 6.85228928E8 -1.09738368E8 1.40261632E8 8.90261632E8 3.45294336E8 -1.994640256E9 -1.244640256E9 -1.244640256E9 -1.244640256E9 -1.289607552E9 -8.79542144E8 1.620457856E9
42 1.75E9 -1.044967296E9 -8.9934592E7 1.910065408E9 1.615098112E9 8.20130816E8 -1.47483648E9 2.02516352E9 4.35228928E8 -1.09738368E8 2.140261632E9 2.140261632E9 2.140261632E9 -1.994640256E9 5.05359744E8 7.55359744E8 1.255359744E9 -2.89607552E8 -8.79542144E8 1.620457856E9
43 1.5E9 -2.044967296E9 -3.39934592E8 6.60065408E8 -1.634901888E9 -1.134901888E9 -2.2483648E8 -1.769803776E9 6.85228928E8 1.40261632E8 2.140261632E9 -9.04705664E8 8.45294336E8 -1.744640256E9 7.55359744E8 1.755359744E9 -2.039607552E9 -2.039607552E9 -1.129542144E9 1.20457856E8
44 0.0 0.0 2.5E8 2.5E8 2.5E8 2.5E8 2.5E8 2.5E8 2.5E8 2.5E8 2.5E8 2.5E8 2.5E8 2.5E8 2.5E8 2.5E8 2.5E8 2.5E8 2.5E8 2.5E8
45 1.5E9 1.75E9 1.75E9 2.0E9 -6.79869184E8 5.70130816E8 1.070130816E9 2.516352E7 6.85228928E8 1.40261632E8 -1.654705664E9 9.5294336E7 1.345294336E9 -1.744640256E9 5359744.0 1.255359744E9 1.505359744E9 -7.89607552E8 -1.379542144E9 -1.29542144E8
46 2.0E9 -1.544967296E9 2.05032704E8 -8.84901888E8 -9.29869184E8 3.20130816E8 3.20130816E8 -1.22483648E9 9.35228928E8 3.90261632E8 -1.904705664E9 -1.904705664E9 5.95294336E8 -1.494640256E9 5359744.0 2.55359744E8 2.55359744E8 2.55359744E8 -1.629542144E9 3.70457856E8
47 1.75E9 -1.294967296E9 -3.39934592E8 -1.634901888E9 -1.679869184E9 -4.29869184E8 -2.2483648E8 -1.769803776E9 6.85228928E8 1.40261632E8 2.140261632E9 9.5294336E7 3.45294336E8 -1.744640256E9 7.55359744E8 1.005359744E9 1.005359744E9 1.005359744E9 -8.79542144E8 1.620457856E9
48 2.5E8 2.5E8 -1.089934592E9 -1.134901888E9 -1.429869184E9 5.70130816E8 -1.97483648E9 1.77516352E9 9.35228928E8 -1.09738368E8 -1.654705664E9 -1.404705664E9 5.95294336E8 -1.494640256E9 1.005359744E9 2.005359744E9 -1.289607552E9 -7.89607552E8 -6.29542144E8 1.620457856E9
49 1.75E9 -5.44967296E8 -8.9934592E7 -8.84901888E8 -9.29869184E8 3.20130816E8 8.20130816E8 1.52516352E9 6.85228928E8 1.40261632E8 1.640261632E9 -1.404705664E9 -1.404705664E9 -1.744640256E9 7.55359744E8 1.255359744E9 1.255359744E9 1.255359744E9 1.415425152E9 1.370457856E9
50 1.75E9 -1.044967296E9 -8.9934592E7 1.910065408E9 -2.134901888E9 -1.179869184E9 1.070130816E9 1.070130816E9 6.85228928E8 1.40261632E8 2.140261632E9 -9.04705664E8 1.095294336E9 -1.744640256E9 7.55359744E8 1.005359744E9 1.505359744E9 1.505359744E9 -6.29542144E8 1.870457856E9
51 0.0 0.0 0.0 0.0 2.5E8 2.5E8 5.0E8 5.0E8 5.0E8 5.0E8 5.0E8 5.0E8 7.5E8 7.5E8 7.5E8 1.0E9 1.0E9 1.0E9 1.0E9 1.0E9
52 1.5E9 -1.294967296E9 -5.89934592E8 -1.384901888E9 -9.29869184E8 3.20130816E8 -1.72483648E9 -1.72483648E9 6.85228928E8 1.40261632E8 1.890261632E9 -4.04705664E8 3.45294336E8 -1.744640256E9 7.55359744E8 1.755359744E9 1.755359744E9 2.005359744E9 1.65425152E8 3.70457856E8
53 5.0E8 1.0E9 1.25E9 1.25E9 1.75E9 -7.94967296E8 2.516352E7 -2.019803776E9 9.35228928E8 3.90261632E8 -1.904705664E9 -1.404705664E9 -1.404705664E9 -1.494640256E9 1.005359744E9 1.005359744E9 1.005359744E9 1.005359744E9 -3.79542144E8 8.70457856E8
54 0.0 0.0 0.0 0.0 0.0 0.0 0.0 0.0 0.0 0.0 0.0 2.5E8 2.5E8 2.5E8 2.5E8 5.0E8 5.0E8 5.0E8 5.0E8 7.5E8
55 1.75E9 -1.044967296E9 -1.044967296E9 -8.84901888E8 -1.429869184E9 3.20130816E8 -9.7483648E8 -9.7483648E8 4.35228928E8 -1.09738368E8 -1.654705664E9 -1.404705664E9 5.95294336E8 1.80032704E9 5359744.0 1.005359744E9 2.005359744E9 2.005359744E9 -1.879542144E9 -1.29542144E8
56 0.0 0.0 0.0 0.0 0.0 0.0 2.5E8 2.5E8 2.5E8 2.5E8 2.5E8 2.5E8 2.5E8 2.5E8 2.5E8 2.5E8 2.5E8 2.5E8 2.5E8 2.5E8
57 1.0E9 -1.044967296E9 -8.9934592E7 1.910065408E9 1.910065408E9 8.20130816E8 1.320130816E9 2.070130816E9 6.85228928E8 1.40261632E8 -1.904705664E9 -1.654705664E9 8.45294336E8 -1.744640256E9 7.55359744E8 1.005359744E9 2.005359744E9 2.10392448E8 -1.129542144E9 1.20457856E8
58 0.0 0.0 0.0 0.0 0.0 0.0 0.0 0.0 0.0 0.0 2.5E8 2.5E8 2.5E8 2.5E8 2.5E8 2.5E8 5.0E8 5.0E8 7.5E8 7.5E8
59 1.75E9 -5.44967296E8 -8.9934592E7 -8.84901888E8 -6.79869184E8 7.0130816E7 -1.22483648E9 1.52516352E9 9.35228928E8 1.40261632E8 -1.404705664E9 -1.154705664E9 -6.54705664E8 -1.494640256E9 2.55359744E8 1.505359744E9 1.755359744E9 -2.039607552E9 -6.29542144E8 1.620457856E9
60 1.5E9 1.5E9 -3.39934592E8 -1.134901888E9 -1.429869184E9 -6.79869184E8 -4.7483648E8 2.02516352E9 4.35228928E8 -1.09738368E8 1.40261632E8 -1.54705664E8 5.95294336E8 -1.994640256E9 2.55359744E8 2.55359744E8 -1.789607552E9 -1.289607552E9 -1.629542144E9 -1.629542144E9
61 7.5E8 7.5E8 1.0E9 -8.84901888E8 -1.429869184E9 5.70130816E8 -2.2483648E8 -2.019803776E9 6.85228928E8 1.40261632E8 8.90261632E8 8.90261632E8 8.90261632E8 2.05032704E9 2.05032704E9 2.05032704E9 2.05032704E9 2.05032704E9 2.05032704E9 2.05032704E9
62 1.75E9 -1.294967296E9 -3.39934592E8 -8.84901888E8 1.865098112E9 1.865098112E9 -4.29869184E8 -7.2483648E8 6.85228928E8 -1.09738368E8 8.90261632E8 -1.654705664E9 3.45294336E8 -1.744640256E9 7.55359744E8 7.55359744E8 7.55359744E8 7.55359744E8 -1.379542144E9 3.70457856E8
63 2.0E9 2.0E9 -2.044967296E9 -2.044967296E9 -7.94967296E8 8.20130816E8 -2.2483648E8 -1.769803776E9 6.85228928E8 1.40261632E8 -1.654705664E9 9.5294336E7 3.45294336E8 -1.744640256E9 7.55359744E8 1.255359744E9 1.255359744E9 1.255359744E9 -1.584574848E9 1.620457856E9
64 7.5E8 7.5E8 7.5E8 1.5E9 -8.84901888E8 -1.34901888E8 -1.34901888E8 -1.429869184E9 9.35228928E8 3.90261632E8 6.40261632E8 8.90261632E8 8.90261632E8 -1.494640256E9 1.005359744E9 1.505359744E9 1.755359744E9 -5.39607552E8 1.665425152E9 6.20457856E8
65 2.0E9 -1.044967296E9 -3.39934592E8 -8.84901888E8 -6.79869184E8 5.70130816E8 -2.2483648E8 -1.519803776E9 9.35228928E8 1.40261632E8 -1.654705664E9 -6.54705664E8 5.95294336E8 -1.744640256E9 7.55359744E8 7.55359744E8 7.55359744E8 7.55359744E8 1.005359744E9 1.005359744E9
66 1.75E9 -1.294967296E9 -1.294967296E9 1.205032704E9 -6.79869184E8 7.0130816E7 -1.22483648E9 1.52516352E9 6.85228928E8 1.40261632E8 -1.654705664E9 -1.404705664E9 -9.04705664E8 2.05032704E9 2.55359744E8 7.55359744E8 7.55359744E8 7.55359744E8 -1.129542144E9 8.70457856E8
67 7.5E8 1.0E9 1.0E9 -1.589934592E9 -1.429869184E9 -1.429869184E9 -1.429869184E9 2.02516352E9 -2.019803776E9 3.90261632E8 8.90261632E8 -1.904705664E9 1.095294336E9 -1.744640256E9 5359744.0 5359744.0 2.55359744E8 2.55359744E8 5.05359744E8 5.05359744E8
68 7.5E8 1.0E9 1.0E9 -1.839934592E9 -8.84901888E8 -1.679869184E9 -1.679869184E9 -1.679869184E9 -1.679869184E9 7.7516352E8 6.40261632E8 2.140261632E9 -1.54705664E8 -1.744640256E9 5359744.0 2.55359744E8 2.55359744E8 2.55359744E8 2.55359744E8 5.05359744E8
69 2.0E9 -1.044967296E9 1.205032704E9 -1.384901888E9 -1.179869184E9 3.20130816E8 8.20130816E8 8.20130816E8 4.35228928E8 -1.859738368E9 2.140261632E9 -1.654705664E9 -6.54705664E8 1.30032704E9 -7.44640256E8 -4.94640256E8 -4.94640256E8 -4.94640256E8 1.915425152E9 -1.629542144E9
70 1.75E9 -1.044967296E9 -1.044967296E9 -1.134901888E9 -1.134901888E9 -1.34901888E8 -1.47483648E9 -4.7483648E8 6.85228928E8 1.40261632E8 -1.654705664E9 9.5294336E7 9.5294336E7 -1.744640256E9 5.05359744E8 5.05359744E8 5.05359744E8 -1.539607552E9 -1.289607552E9 -1.289607552E9
71 0.0 0.0 0.0 0.0 0.0 0.0 0.0 0.0 0.0 0.0 0.0 0.0 2.5E8 2.5E8 2.5E8 2.5E8 2.5E8 2.5E8 5.0E8 5.0E8
72 1.75E9 -1.044967296E9 -4.4967296E7 -1.384901888E9 -1.179869184E9 3.20130816E8 -1.97483648E9 1.77516352E9 -6.4771072E7 -3.59738368E8 -1.904705664E9 -1.404705664E9 3.45294336E8 2.05032704E9 -1.994640256E9 -1.994640256E9 -7.44640256E8 5.05359744E8 4.15425152E8 4.15425152E8
73 2.0E9 -7.94967296E8 -3.39934592E8 -8.84901888E8 -6.79869184E8 8.20130816E8 2.516352E7 -1.519803776E9 6.85228928E8 1.40261632E8 -1.654705664E9 9.5294336E7 3.45294336E8 -1.744640256E9 5.05359744E8 1.255359744E9 1.255359744E9 1.505359744E9 9.60392448E8 1.120457856E9
74 1.75E9 -2.94967296E8 1.205032704E9 -8.84901888E8 -9.29869184E8 7.0130816E7 -1.47483648E9 2.7516352E8 4.35228928E8 -1.09738368E8 6.40261632E8 6.40261632E8 6.40261632E8 -1.94967296E9 5.05359744E8 7.55359744E8 1.505359744E9 1.755359744E9 1.755359744E9 1.755359744E9
75 1.5E9 -1.544967296E9 -3.39934592E8 -8.84901888E8 -6.79869184E8 5.70130816E8 -2.2483648E8 -1.519803776E9 6.85228928E8 1.40261632E8 -1.654705664E9 -6.54705664E8 5.95294336E8 -1.744640256E9 -1.244640256E9 -1.244640256E9 -1.244640256E9 -1.244640256E9 -6.29542144E8 -6.29542144E8
76 1.75E9 -2.94967296E8 -8.9934592E7 -8.84901888E8 -6.79869184E8 8.20130816E8 1.070130816E9 -1.519803776E9 9.35228928E8 3.90261632E8 -1.904705664E9 -1.904705664E9 -1.904705664E9 -1.744640256E9 7.55359744E8 1.005359744E9 1.005359744E9 1.005359744E9 -1.629542144E9 8.70457856E8
77 5.0E8 -7.94967296E8 -3.39934592E8 -1.384901888E9 -1.179869184E9 7.0130816E7 -7.2483648E8 -2.019803776E9 4.35228928E8 -1.09738368E8 2.140261632E9 -1.154705664E9 9.5294336E7 2.05032704E9 2.55359744E8 5.05359744E8 7.55359744E8 7.55359744E8 1.005359744E9 1.120457856E9
78 1.75E9 -7.94967296E8 -3.39934592E8 -8.84901888E8 -6.79869184E8 5.70130816E8 8.20130816E8 -1.519803776E9 9.35228928E8 3.90261632E8 2.140261632E9 -9.04705664E8 3.45294336E8 2.05032704E9 -4.94640256E8 -4.94640256E8 -4.94640256E8 -4.94640256E8 -2.44640256E8 -2.44640256E8
79 1.75E9 -1.294967296E9 -1.294967296E9 1.955032704E9 -1.089934592E9 -1.929869184E9 -4.7483648E8 -1.769803776E9 6.85228928E8 1.40261632E8 3.90261632E8 -4.04705664E8 3.45294336E8 -1.744640256E9 7.55359744E8 1.005359744E9 2.005359744E9 -7.89607552E8 -1.379542144E9 1.370457856E9
80 1.75E9 -1.294967296E9 -1.044967296E9 -1.134901888E9 -9.29869184E8 -1.79869184E8 -1.47483648E9 1.27516352E9 6.85228928E8 1.40261632E8 -1.654705664E9 -1.404705664E9 -9.04705664E8 -1.744640256E9 5.05359744E8 1.255359744E9 1.755359744E9 1.755359744E9 -6.29542144E8 -3.79542144E8
81 0.0 0.0 0.0 0.0 0.0 0.0 0.0 0.0 0.0 0.0 0.0 0.0 0.0 0.0 0.0 0.0 0.0 0.0 0.0 0.0
82 0.0 2.5E8 2.5E8 2.5E8 2.5E8 2.5E8 2.5E8 5.0E8 5.0E8 5.0E8 7.5E8 7.5E8 7.5E8 7.5E8 7.5E8 7.5E8 7.5E8 7.5E8 7.5E8 7.5E8
83 1.75E9 -2.94967296E8 -3.39934592E8 -8.84901888E8 -6.79869184E8 8.20130816E8 2.516352E7 -1.519803776E9 9.35228928E8 3.90261632E8 -1.654705664E9 3.45294336E8 5.95294336E8 5.95294336E8 1.005359744E9 1.005359744E9 1.005359744E9 1.005359744E9 1.505359744E9 1.505359744E9
84 1.75E9 -2.94967296E8 -8.9934592E7 -8.84901888E8 6.15098112E8 6.15098112E8 -9.7483648E8 -7.2483648E8 -2.064771072E9 1.40261632E8 6.40261632E8 8.90261632E8 8.90261632E8 8.90261632E8 5.05359744E8 7.55359744E8 7.55359744E8 -1.289607552E9 -1.129542144E9 1.620457856E9
85 0.0 0.0 0.0 0.0 0.0 0.0 0.0 0.0 0.0 0.0 2.5E8 2.5E8 2.5E8 2.5E8 5.0E8 5.0E8 5.0E8 5.0E8 5.0E8 5.0E8
86 0.0 0.0 2.5E8 2.5E8 2.5E8 2.5E8 5.0E8 5.0E8 5.0E8 5.0E8 5.0E8 5.0E8 5.0E8 7.5E8 1.0E9 1.0E9 1.0E9 1.0E9 1.0E9 1.0E9
87 1.75E9 -5.44967296E8 -3.39934592E8 -8.84901888E8 -9.29869184E8 5.70130816E8 1.820130816E9 -4.7483648E8 6.85228928E8 1.40261632E8 2.140261632E9 -9.04705664E8 -9.04705664E8 1.30032704E9 1.30032704E9 1.30032704E9 1.30032704E9 1.30032704E9 1.30032704E9 1.30032704E9
88 1.75E9 -5.44967296E8 -8.9934592E7 -1.134901888E9 -1.179869184E9 3.20130816E8 -4.7483648E8 1.77516352E9 6.85228928E8 1.40261632E8 -1.654705664E9 -1.654705664E9 3.45294336E8 -1.994640256E9 5.05359744E8 1.255359744E9 -2.039607552E9 -2.039607552E9 -8.79542144E8 1.120457856E9
89 5.0E8 5.0E8 5.0E8 5.0E8 5.0E8 5.0E8 5.0E8 5.0E8 5.0E8 5.0E8 5.0E8 7.5E8 1.0E9 1.25E9 1.25E9 1.25E9 1.25E9 1.5E9 1.5E9 1.5E9
90 1.75E9 2.0E9 2.0E9 -8.84901888E8 -6.79869184E8 7.0130816E7 -9.7483648E8 -1.269803776E9 4.35228928E8 -1.09738368E8 -1.904705664E9 -9.04705664E8 -9.04705664E8 -1.994640256E9 5.05359744E8 1.255359744E9 1.255359744E9 -1.289607552E9 4.15425152E8 6.65425152E8
91 1.75E9 -1.044967296E9 -1.044967296E9 1.410065408E9 1.115098112E9 3.20130816E8 -1.72483648E9 -7.2483648E8 -6.4771072E7 -2.109738368E9 -2.109738368E9 -1.859738368E9 -1.859738368E9 -1.859738368E9 -1.859738368E9 -1.859738368E9 -1.859738368E9 -1.859738368E9 -1.859738368E9 -1.859738368E9
92 1.75E9 -1.044967296E9 -5.44967296E8 -8.84901888E8 -6.79869184E8 7.0130816E7 2.070130816E9 1.77516352E9 4.35228928E8 -1.09738368E8 2.140261632E9 -1.904705664E9 -1.654705664E9 1.80032704E9 5359744.0 5.05359744E8 5.05359744E8 5.05359744E8 -1.629542144E9 3.70457856E8
93 5.0E8 5.0E8 -5.89934592E8 -1.384901888E9 -8.84901888E8 -6.34901888E8 -1.22483648E9 -1.22483648E9 4.35228928E8 9.35228928E8 9.35228928E8 9.35228928E8 1.185228928E9 1.185228928E9 1.185228928E9 1.185228928E9 1.185228928E9 1.185228928E9 1.185228928E9 1.185228928E9
94 1.75E9 -5.44967296E8 -2.94967296E8 -8.84901888E8 -6.79869184E8 5.70130816E8 1.570130816E9 1.77516352E9 9.35228928E8 -1.09738368E8 -1.09738368E8 -1.09738368E8 -1.09738368E8 -1.09738368E8 -1.09738368E8 -1.09738368E8 1.40261632E8 1.40261632E8 1.40261632E8 1.40261632E8
95 1.75E9 -1.294967296E9 -1.294967296E9 -8.84901888E8 -9.29869184E8 5.70130816E8 -2.2483648E8 -2.2483648E8 -1.314771072E9 -1.314771072E9 -1.314771072E9 -1.064771072E9 -1.064771072E9 -1.064771072E9 -1.064771072E9 -1.064771072E9 -1.064771072E9 -1.064771072E9 -1.064771072E9 -1.064771072E9
96 2.0E9 -1.044967296E9 1.705032704E9 -8.84901888E8 8.65098112E8 8.20130816E8 1.320130816E9 -9.7483648E8 5.2516352E8 1.935228928E9 -1.109738368E9 1.140261632E9 1.140261632E9 2.05032704E9 2.55359744E8 7.55359744E8 7.55359744E8 7.55359744E8 1.255359744E9 2.005359744E9
97 1.75E9 -1.044967296E9 -3.39934592E8 -8.84901888E8 -6.79869184E8 3.20130816E8 3.20130816E8 3.20130816E8 3.20130816E8 3.20130816E8 3.20130816E8 3.20130816E8 5.70130816E8 1.070130816E9 1.070130816E9 1.320130816E9 1.320130816E9 1.320130816E9 1.320130816E9 1.320130816E9
