records: 20
      Record Time
Host  UsedBuffer

  49376.0 98752.0 148128.0 197504.0 246880.0 296256.0 345632.0 395008.0 444384.0 493760.0 543136.0 592512.0 641888.0 691264.0 740640.0 790016.0 839392.0 888768.0 938144.0 987520.0
0 0.0 4000000.0 4000000.0 5000000.0 7000000.0 7000000.0 9000000.0 1.0E7 1.1E7 1.1E7 1.1E7 1.1E7 1.2E7 1.4E7 1.6E7 1.6E7 1.6E7 1.6E7 1.7E7 1.8E7
1 0.0 0.0 1000000.0 1000000.0 1000000.0 1000000.0 2000000.0 3000000.0 4000000.0 4000000.0 4000000.0 5000000.0 6000000.0 7000000.0 7000000.0 7000000.0 9000000.0 9000000.0 1.3E7 1.4E7
2 8000000.0 9000000.0 1.9E7 2.6E7 3.3E7 1.21E8 1.49E8 1.56E8 2.28E8 2.36E8 3.11E8 3.14E8 3.54E8 3.54E8 3.55E8 3.55E8 3.58E8 4.81E8 4.82E8 5.27E8
3 0.0 0.0 1000000.0 2000000.0 2000000.0 2000000.0 2000000.0 2000000.0 2000000.0 3000000.0 3000000.0 5000000.0 6000000.0 7000000.0 8000000.0 9000000.0 1.0E7 1.0E7 1.0E7 1.0E7
4 0.0 0.0 1000000.0 2000000.0 3000000.0 7000000.0 7000000.0 8000000.0 8000000.0 8000000.0 1.0E7 1.1E7 1.4E7 1.5E7 1.7E7 1.8E7 1.8E7 1.8E7 2.0E7 2.2E7
5 1000000.0 3000000.0 4000000.0 5000000.0 6000000.0 7000000.0 7000000.0 7000000.0 8000000.0 8000000.0 8000000.0 8000000.0 1.0E7 1.2E7 1.3E7 1.3E7 1.4E7 1.7E7 1.7E7 1.8E7
6 1000000.0 3000000.0 4000000.0 5000000.0 5000000.0 6000000.0 7000000.0 8000000.0 8000000.0 1.0E7 1.3E7 1.5E7 1.6E7 1.6E7 1.6E7 1.8E7 1.8E7 1.9E7 1.9E7 1.9E7
7 2000000.0 4000000.0 7000000.0 7000000.0 1.5E7 1.26E8 1.28E8 1.69E8 1.69E8 1.72E8 3.13E8 3.13E8 3.21E8 3.22E8 3.22E8 3.23E8 3.24E8 4.8E8 4.82E8 4.95E8
8 2000000.0 3000000.0 4000000.0 1.1E7 1.7E7 1.27E8 1.28E8 1.5E8 1.86E8 1.87E8 3.11E8 3.12E8 3.59E8 3.59E8 3.59E8 3.6E8 3.63E8 3.64E8 3.64E8 3.65E8
9 0.0 1000000.0 1000000.0 2000000.0 2000000.0 3000000.0 3000000.0 3000000.0 4000000.0 4000000.0 5000000.0 5000000.0 7000000.0 7000000.0 7000000.0 7000000.0 7000000.0 8000000.0 8000000.0 9000000.0
10 3000000.0 7000000.0 1.8E7 1.8E7 2.0E7 1.22E8 1.24E8 1.56E8 2.34E8 2.34E8 3.1E8 3.1E8 3.51E8 3.52E8 3.54E8 3.54E8 3.57E8 4.74E8 4.75E8 4.76E8
11 0.0 2000000.0 2000000.0 2000000.0 2000000.0 2000000.0 3000000.0 6000000.0 9000000.0 1.2E7 1.3E7 1.5E7 1.5E7 1.5E7 1.6E7 1.7E7 1.8E7 1.8E7 1.8E7 1.8E7
12 0.0 1000000.0 1000000.0 1000000.0 1000000.0 1000000.0 2000000.0 3000000.0 4000000.0 4000000.0 4000000.0 6000000.0 8000000.0 9000000.0 9000000.0 1.2E7 1.3E7 1.3E7 1.4E7 1.5E7
13 2000000.0 2000000.0 6000000.0 7000000.0 7000000.0 1.21E8 1.38E8 1.47E8 2.31E8 2.31E8 2.92E8 2.92E8 3.5E8 3.5E8 3.55E8 3.56E8 3.62E8 4.67E8 4.78E8 5.24E8
14 1000000.0 2000000.0 2000000.0 3000000.0 4000000.0 4000000.0 5000000.0 6000000.0 6000000.0 8000000.0 9000000.0 9000000.0 1.0E7 1.1E7 1.2E7 1.4E7 1.4E7 1.6E7 1.6E7 1.7E7
15 4000000.0 4000000.0 6000000.0 7000000.0 1.4E7 1.2E8 1.49E8 1.67E8 2.3E8 2.31E8 3.07E8 3.08E8 3.55E8 3.55E8 3.55E8 3.55E8 3.55E8 4.71E8 4.71E8 4.71E8
16 1000000.0 1000000.0 1000000.0 1000000.0 1000000.0 1000000.0 3000000.0 5000000.0 6000000.0 6000000.0 7000000.0 8000000.0 1.0E7 1.1E7 1.4E7 1.6E7 1.8E7 2.0E7 2.3E7 2.4E7
17 1000000.0 3000000.0 4000000.0 5000000.0 7000000.0 8000000.0 8000000.0 1.0E7 1.1E7 1.1E7 1.1E7 1.1E7 1.2E7 1.4E7 1.6E7 1.8E7 1.8E7 1.9E7 2.1E7 2.4E7
18 0.0 1000000.0 1000000.0 2000000.0 3000000.0 5000000.0 5000000.0 5000000.0 5000000.0 8000000.0 8000000.0 8000000.0 8000000.0 8000000.0 9000000.0 1.0E7 1.1E7 1.3E7 1.3E7 1.3E7
19 2000000.0 2000000.0 9000000.0 1.4E7 3.2E7 1.2E8 1.38E8 1.48E8 2.29E8 2.31E8 3.09E8 3.11E8 3.55E8 3.55E8 3.59E8 3.6E8 3.65E8 4.73E8 4.84E8 5.28E8
20 0.0 1000000.0 2000000.0 3000000.0 3000000.0 3000000.0 4000000.0 4000000.0 4000000.0 4000000.0 5000000.0 5000000.0 5000000.0 5000000.0 5000000.0 5000000.0 6000000.0 8000000.0 8000000.0 8000000.0
21 1000000.0 3000000.0 3000000.0 3000000.0 3000000.0 3000000.0 5000000.0 7000000.0 8000000.0 8000000.0 1.0E7 1.0E7 1.1E7 1.1E7 1.1E7 1.2E7 1.3E7 1.4E7 1.5E7 1.5E7
22 1000000.0 1000000.0 2000000.0 2000000.0 5000000.0 6000000.0 6000000.0 7000000.0 7000000.0 8000000.0 9000000.0 9000000.0 1.0E7 1.0E7 1.0E7 1.0E7 1.0E7 1.0E7 1.1E7 1.1E7
23 1000000.0 4000000.0 7000000.0 1.0E7 1.2E7 1.4E7 1.6E7 1.6E7 1.6E7 1.6E7 1.6E7 1.7E7 2.4E7 2.4E7 3.2E7 3.2E7 3.3E7 3.9E7 4.0E7 4.2E7
24 3000000.0 3000000.0 8000000.0 9000000.0 1.0E7 1.19E8 1.48E8 1.65E8 2.28E8 2.31E8 2.85E8 2.85E8 3.54E8 3.55E8 3.57E8 3.57E8 3.61E8 4.67E8 4.69E8 5.26E8
25 1000000.0 2000000.0 2000000.0 3000000.0 5000000.0 5000000.0 7000000.0 8000000.0 1.0E7 1.0E7 1.1E7 1.1E7 1.1E7 1.2E7 1.2E7 1.2E7 1.2E7 1.3E7 1.4E7 1.4E7
26 0.0 2000000.0 2000000.0 4000000.0 6000000.0 7000000.0 8000000.0 9000000.0 1.1E7 1.1E7 1.4E7 1.4E7 1.5E7 1.5E7 1.6E7 1.8E7 1.9E7 1.9E7 1.9E7 2.0E7
27 6000000.0 6000000.0 1.1E7 1.3E7 1.3E7 1.2E8 1.51E8 1.65E8 1.67E8 1.68E8 3.09E8 3.11E8 3.56E8 3.59E8 3.6E8 3.63E8 3.64E8 4.71E8 4.74E8 5.27E8
28 6000000.0 7000000.0 1.1E7 1.8E7 1.8E7 1.21E8 1.22E8 1.32E8 1.64E8 1.66E8 3.1E8 3.11E8 3.5E8 3.52E8 3.54E8 3.57E8 3.57E8 4.83E8 4.85E8 4.87E8
29 4000000.0 9000000.0 1.3E7 1.7E7 2.2E7 1.16E8 1.16E8 1.16E8 1.78E8 1.78E8 2.95E8 2.95E8 3.4E8 3.4E8 3.46E8 3.46E8 3.48E8 4.7E8 4.83E8 5.29E8
30 1000000.0 1000000.0 1000000.0 2000000.0 4000000.0 6000000.0 8000000.0 8000000.0 1.1E7 1.2E7 1.5E7 1.7E7 1.7E7 1.7E7 1.8E7 1.9E7 1.9E7 2.0E7 2.0E7 2.0E7
31 3000000.0 3000000.0 5000000.0 6000000.0 8000000.0 8000000.0 8000000.0 9000000.0 1.0E7 1.1E7 1.4E7 1.5E7 1.5E7 1.6E7 1.6E7 1.6E7 1.7E7 1.8E7 1.8E7 1.8E7
32 3000000.0 6000000.0 8000000.0 1.2E7 2.0E7 1.29E8 1.29E8 1.34E8 2.33E8 2.35E8 3.08E8 3.09E8 3.59E8 3.63E8 3.76E8 3.77E8 3.78E8 4.82E8 4.83E8 5.3E8
33 0.0 1000000.0 2000000.0 3000000.0 4000000.0 7000000.0 7000000.0 8000000.0 8000000.0 1.0E7 1.1E7 1.2E7 1.3E7 1.3E7 1.3E7 1.3E7 1.4E7 1.4E7 1.4E7 1.4E7
34 1000000.0 1000000.0 3000000.0 5000000.0 5000000.0 5000000.0 5000000.0 5000000.0 5000000.0 5000000.0 5000000.0 6000000.0 6000000.0 6000000.0 6000000.0 7000000.0 7000000.0 9000000.0 1.0E7 1.0E7
35 3000000.0 3000000.0 3000000.0 4000000.0 5000000.0 5000000.0 6000000.0 8000000.0 9000000.0 1.1E7 1.1E7 1.2E7 1.2E7 1.4E7 1.5E7 1.5E7 1.6E7 1.6E7 1.7E7 1.8E7
36 1000000.0 1000000.0 3000000.0 3000000.0 4000000.0 5000000.0 7000000.0 8000000.0 8000000.0 9000000.0 9000000.0 1.1E7 1.1E7 1.2E7 1.3E7 1.3E7 1.4E7 1.4E7 1.4E7 1.4E7
37 2000000.0 3000000.0 7000000.0 1.8E7 1.9E7 2.2E7 2.2E7 1.5E8 1.52E8 2.43E8 2.45E8 2.47E8 3.21E8 3.22E8 3.31E8 3.33E8 3.35E8 4.78E8 4.78E8 4.78E8
38 0.0 3000000.0 3000000.0 4000000.0 8000000.0 9000000.0 9000000.0 1.0E7 1.1E7 1.2E7 1.3E7 1.4E7 1.5E7 1.7E7 1.9E7 2.0E7 2.0E7 2.0E7 2.1E7 2.1E7
39 3000000.0 3000000.0 3000000.0 3000000.0 6000000.0 9000000.0 1.0E7 1.0E7 1.0E7 1.1E7 1.2E7 1.2E7 1.3E7 1.4E7 1.4E7 1.4E7 1.4E7 1.5E7 1.5E7 1.7E7
40 2000000.0 3000000.0 6000000.0 9000000.0 1.0E7 1.0E7 1.0E7 1.0E7 1.0E7 1.0E7 1.0E7 1.1E7 1.2E7 1.2E7 1.3E7 1.3E7 1.4E7 1.6E7 1.7E7 1.8E7
41 2000000.0 3000000.0 4000000.0 6000000.0 6000000.0 7000000.0 9000000.0 1.1E7 1.1E7 1.2E7 1.2E7 1.2E7 1.4E7 1.4E7 1.5E7 1.7E7 1.7E7 1.8E7 1.8E7 1.8E7
42 0.0 1000000.0 1000000.0 4000000.0 4000000.0 4000000.0 4000000.0 5000000.0 6000000.0 6000000.0 8000000.0 9000000.0 9000000.0 1.0E7 1.1E7 1.1E7 1.2E7 1.4E7 1.5E7 1.6E7
43 1000000.0 1000000.0 2000000.0 2000000.0 2000000.0 2000000.0 3000000.0 5000000.0 7000000.0 7000000.0 8000000.0 8000000.0 8000000.0 9000000.0 1.0E7 1.1E7 1.4E7 1.5E7 1.5E7 1.7E7
44 0.0 0.0 0.0 0.0 0.0 1000000.0 2000000.0 2000000.0 3000000.0 3000000.0 4000000.0 5000000.0 5000000.0 6000000.0 8000000.0 9000000.0 1.0E7 1.0E7 1.0E7 1.1E7
45 1000000.0 1000000.0 2000000.0 3000000.0 3000000.0 6000000.0 6000000.0 6000000.0 6000000.0 6000000.0 6000000.0 6000000.0 7000000.0 8000000.0 8000000.0 9000000.0 9000000.0 1.0E7 1.1E7 1.3E7
46 2000000.0 2000000.0 4000000.0 4000000.0 4000000.0 5000000.0 5000000.0 5000000.0 6000000.0 7000000.0 7000000.0 7000000.0 7000000.0 9000000.0 1.1E7 1.1E7 1.2E7 1.3E7 1.3E7 1.3E7
47 0.0 0.0 2000000.0 2000000.0 2000000.0 2000000.0 4000000.0 5000000.0 1.2E7 1.3E7 1.3E7 1.4E7 1.4E7 1.5E7 1.5E7 1.6E7 1.7E7 1.7E7 1.8E7 1.8E7
48 4000000.0 4000000.0 5000000.0 6000000.0 6000000.0 7000000.0 8000000.0 8000000.0 8000000.0 9000000.0 9000000.0 9000000.0 9000000.0 1.0E7 1.0E7 1.0E7 1.1E7 1.2E7 1.2E7 1.3E7
49 0.0 1000000.0 2000000.0 2000000.0 2000000.0 2000000.0 3000000.0 3000000.0 3000000.0 4000000.0 4000000.0 5000000.0 8000000.0 1.0E7 1.1E7 1.3E7 1.4E7 1.5E7 1.5E7 1.6E7
50 0.0 3000000.0 4000000.0 7000000.0 7000000.0 8000000.0 1.1E7 1.1E7 1.2E7 1.3E7 1.4E7 1.5E7 1.6E7 1.6E7 1.7E7 1.7E7 1.7E7 1.8E7 1.9E7 2.0E7
51 2000000.0 2000000.0 2000000.0 2000000.0 3000000.0 1.1E7 1.1E7 1.7E7 1.7E7 2.8E7 2.9E7 3.0E7 3.9E7 3.9E7 4.0E7 4.0E7 4.8E7 4.75E8 4.76E8 4.76E8
