records: 20
      Record Time
Host  UsedBuffer

  49376.0 98752.0 148128.0 197504.0 246880.0 296256.0 345632.0 395008.0 444384.0 493760.0 543136.0 592512.0 641888.0 691264.0 740640.0 790016.0 839392.0 888768.0 938144.0 987520.0
0 0.0 1.0E9 1.0E9 1.25E9 1.75E9 1.75E9 -2.044967296E9 -1.794967296E9 -1.544967296E9 -1.544967296E9 -1.544967296E9 -1.544967296E9 -1.294967296E9 -7.94967296E8 -2.94967296E8 -2.94967296E8 -2.94967296E8 -2.94967296E8 -4.4967296E7 2.05032704E8
1 7.5E8 7.5E8 -1.839934592E9 -1.839934592E9 -1.339934592E9 1.980196224E9 4.35228928E8 1.640261632E9 1.65425152E8 1.65425152E8 7.35555968E8 9.85555968E8 8.95621376E8 1.145621376E9 1.145621376E9 1.145621376E9 1.645621376E9 1.645621376E9 -1.64934592E9 -1.39934592E9
2 2.5E8 5.0E8 7.5E8 1.0E9 1.25E9 1.5E9 1.75E9 2.0E9 -1.794967296E9 -1.794967296E9 -1.544967296E9 -7.94967296E8 -5.44967296E8 -5.44967296E8 -2.94967296E8 -2.94967296E8 4.55032704E8 4.55032704E8 4.55032704E8 1.205032704E9
3 0.0 0.0 2.5E8 5.0E8 5.0E8 5.0E8 5.0E8 5.0E8 5.0E8 7.5E8 7.5E8 1.25E9 1.5E9 1.75E9 2.0E9 -2.044967296E9 -1.794967296E9 -1.794967296E9 -1.794967296E9 -1.794967296E9
4 1.0E9 1.0E9 -4.4967296E7 2.05032704E8 1.205032704E9 -5.64771072E8 -6.4771072E7 1.85228928E8 -5.84574848E8 -3.34574848E8 9.85555968E8 1.235555968E9 -1.14934592E9 -8.9934592E8 -3.9934592E8 -1.4934592E8 -1.4934592E8 -4.19149696E8 8.0850304E7 5.80850304E8
5 2.5E8 7.5E8 1.0E9 1.25E9 1.5E9 1.75E9 1.75E9 1.75E9 2.0E9 2.0E9 2.0E9 2.0E9 -1.794967296E9 -1.294967296E9 -1.044967296E9 -1.044967296E9 -7.94967296E8 -4.4967296E7 -4.4967296E7 2.05032704E8
6 2.0E9 -1.794967296E9 1.205032704E9 1.705032704E9 -1.589934592E9 -2.064771072E9 1.40261632E8 -1.54705664E8 1.65425152E8 9.15425152E8 9.85555968E8 1.485555968E9 2.145621376E9 2.145621376E9 2.145621376E9 -1.64934592E9 -3.9934592E8 -1.919149696E9 -1.919149696E9 -1.919149696E9
7 2.5E8 7.5E8 1.5E9 1.5E9 -7.94967296E8 9.10065408E8 1.410065408E9 2.05032704E9 2.05032704E9 -1.494640256E9 -1.539607552E9 -1.539607552E9 -1.289607552E9 -1.039607552E9 -1.039607552E9 -7.89607552E8 -5.39607552E8 -8.4574848E7 4.15425152E8 4.15425152E8
8 1.0E9 1.25E9 1.5E9 1.5E9 -1.294967296E9 -7.69803776E8 4.80196224E8 1.390261632E9 -1.834574848E9 -1.584574848E9 1.235555968E9 1.485555968E9 -8.9934592E8 -8.9934592E8 -8.9934592E8 -6.4934592E8 1.0065408E8 3.5065408E8 3.5065408E8 6.0065408E8
9 5.0E8 7.5E8 -1.839934592E9 -1.589934592E9 -1.089934592E9 1.02516352E9 4.35228928E8 -1.109738368E9 -8.59738368E8 -8.59738368E8 -7.64444032E8 -7.64444032E8 1.645621376E9 1.645621376E9 1.645621376E9 1.645621376E9 1.645621376E9 1.895621376E9 1.895621376E9 2.145621376E9
10 1.25E9 1.75E9 -1.044967296E9 -1.044967296E9 2.05032704E8 4.80196224E8 -1.564771072E9 -1.54705664E8 7.55359744E8 7.55359744E8 9.85555968E8 9.85555968E8 -1.64934592E9 -1.39934592E9 -1.14934592E9 -1.14934592E9 -3.9934592E8 -7.9215104E7 1.70784896E8 4.20784896E8
11 0.0 5.0E8 5.0E8 5.0E8 5.0E8 5.0E8 7.5E8 1.5E9 -2.044967296E9 -1.294967296E9 -1.044967296E9 -5.44967296E8 -5.44967296E8 -5.44967296E8 -2.94967296E8 -4.4967296E7 2.05032704E8 2.05032704E8 2.05032704E8 2.05032704E8
12 7.5E8 1.0E9 1.0E9 1.0E9 -1.794967296E9 -9.7483648E8 -1.269803776E9 3.0032704E8 -1.084574848E9 -1.084574848E9 -1.084574848E9 -5.84574848E8 -1.129542144E9 -8.79542144E8 1.370457856E9 2.120457856E9 -4.2450944E8 -1.241824E8 -1.464116992E9 -1.259084288E9
13 7.5E8 7.5E8 1.455032704E9 1.705032704E9 1.705032704E9 -1.064771072E9 1.185228928E9 -6.09738368E8 4.15425152E8 4.15425152E8 2.030523264E9 2.030523264E9 -3.9934592E8 -3.9934592E8 -9.44313216E8 -6.94313216E8 8.05686784E8 -1.169149696E9 8.0850304E7 1.990915712E9
14 5.0E8 7.5E8 -2.089934592E9 -1.839934592E9 -1.089934592E9 -1.064771072E9 1.185228928E9 -1.9967296E8 1.165425152E9 1.915425152E9 -1.4444032E7 -1.4444032E7 -1.39934592E9 -1.14934592E9 -8.9934592E8 -3.9934592E8 8.5065408E8 2.1258176E9 2.1258176E9 -1.919149696E9
15 1.5E9 1.5E9 2.0E9 -2.044967296E9 -2.044967296E9 2.30196224E8 -8.59738368E8 1.55032704E9 4.15425152E8 6.65425152E8 4.85555968E8 7.35555968E8 1.395621376E9 1.395621376E9 1.395621376E9 1.395621376E9 1.395621376E9 7.15752192E8 7.15752192E8 7.15752192E8
16 1.75E9 1.75E9 1.75E9 1.75E9 1.75E9 1.955032704E9 -1.839934592E9 -1.339934592E9 6.65425152E8 9.15425152E8 7.35555968E8 9.85555968E8 -6.4934592E8 -3.9934592E8 5.5686784E7 5.55686784E8 1.055686784E9 8.30850304E8 1.580850304E9 -1.054051584E9
17 7.5E8 -1.294967296E9 -1.339934592E9 -1.089934592E9 -8.9934592E7 -1.064771072E9 -6.4771072E7 4.35228928E8 4.15425152E8 4.15425152E8 -2.19476736E8 -2.19476736E8 1.0065408E8 6.0065408E8 8.05686784E8 1.305686784E9 1.305686784E9 1.080850304E9 -1.464116992E9 -5.54051584E8
18 0.0 2.5E8 2.5E8 5.0E8 7.5E8 1.25E9 1.25E9 1.25E9 1.25E9 2.0E9 2.0E9 2.0E9 2.0E9 2.0E9 -2.044967296E9 -1.794967296E9 -1.544967296E9 -1.044967296E9 -1.044967296E9 -1.044967296E9
19 7.5E8 7.5E8 -1.294967296E9 -7.94967296E8 7.05032704E8 1.730196224E9 9.35228928E8 1.890261632E9 -3.34574848E8 1.65425152E8 9.85555968E8 1.485555968E9 -1.14934592E9 -1.14934592E9 -1.694313216E9 -1.694313216E9 -4.44313216E8 8.0850304E7 -1.214116992E9 -1.554051584E9
20 1.25E9 1.5E9 -1.339934592E9 -8.39934592E8 -8.39934592E8 -1.314771072E9 1.390261632E9 -1.994640256E9 1.415425152E9 1.665425152E9 1.485555968E9 1.485555968E9 -3.9934592E8 -3.9934592E8 -6.94313216E8 -6.94313216E8 -4.44313216E8 6.70784896E8 6.258176E8 -1.304051584E9
21 1.25E9 1.75E9 -2.044967296E9 -1.794967296E9 -1.794967296E9 1.230196224E9 -6.09738368E8 1.55032704E9 6.65425152E8 6.65425152E8 4.85555968E8 4.85555968E8 8.95621376E8 8.95621376E8 1.145621376E9 1.395621376E9 1.645621376E9 -5.79215104E8 4.20784896E8 1.740915712E9
22 7.5E8 7.5E8 1.0E9 1.0E9 1.75E9 1.15098112E8 -1.97483648E9 -1.72483648E9 6.65425152E8 1.165425152E9 4.85555968E8 4.85555968E8 -8.9934592E8 -8.9934592E8 -8.9934592E8 -8.9934592E8 -8.9934592E8 8.0850304E7 1.580850304E9 1.990915712E9
23 0.0 2.5E8 1.0E9 1.5E9 2.0E9 2.0E9 2.0E9 2.0E9 2.0E9 2.0E9 2.0E9 -2.044967296E9 -2.044967296E9 -2.044967296E9 -1.794967296E9 -1.794967296E9 -1.544967296E9 -1.294967296E9 -1.044967296E9 -5.44967296E8
24 0.0 0.0 0.0 0.0 2.5E8 2.5E8 1.0E9 1.0E9 1.25E9 1.75E9 2.0E9 2.0E9 -2.044967296E9 -1.794967296E9 -1.294967296E9 -1.294967296E9 -1.294967296E9 -1.294967296E9 -7.94967296E8 -2.94967296E8
25 1.25E9 1.75E9 -2.044967296E9 -1.794967296E9 1.160065408E9 -2.134901888E9 -8.84901888E8 9.80196224E8 -1.314771072E9 -1.314771072E9 -1.064771072E9 -1.064771072E9 -1.064771072E9 -8.14771072E8 -8.14771072E8 -8.14771072E8 -8.14771072E8 4.35228928E8 9.35228928E8 9.35228928E8
26 0.0 5.0E8 5.0E8 1.75E9 -2.044967296E9 -1.044967296E9 8.65098112E8 1.55032704E9 6.65425152E8 6.65425152E8 4.85555968E8 4.85555968E8 1.395621376E9 1.395621376E9 1.895621376E9 -1.89934592E9 -1.64934592E9 1.1258176E9 1.1258176E9 -1.804051584E9
27 2.0E9 2.0E9 -1.794967296E9 -1.294967296E9 -1.294967296E9 1.480196224E9 -1.09738368E8 1.30032704E9 1.80032704E9 2.05032704E9 7.35555968E8 1.235555968E9 1.895621376E9 -1.64934592E9 -1.39934592E9 -6.4934592E8 -3.9934592E8 4.20784896E8 1.170784896E9 -1.804051584E9
28 1.5E9 1.75E9 -2.089934592E9 -1.089934592E9 -1.089934592E9 7.7516352E8 -2.064771072E9 -8.14771072E8 3.45294336E8 8.45294336E8 9.85555968E8 1.235555968E9 -1.89934592E9 -1.39934592E9 -1.14934592E9 -3.9934592E8 -3.9934592E8 1.70784896E8 6.70784896E8 1.170784896E9
29 1.5E9 2.0E9 -8.39934592E8 -8.39934592E8 1.160065408E9 -1.22483648E9 -3.14771072E8 -3.14771072E8 -1.334574848E9 -1.334574848E9 -4.69476736E8 -4.69476736E8 -1.64934592E9 -1.64934592E9 -9.44313216E8 -9.44313216E8 -6.94313216E8 1.3758176E9 2.85883008E8 -1.054051584E9
30 2.5E8 2.5E8 2.5E8 5.0E8 1.0E9 1.5E9 2.0E9 2.0E9 -1.544967296E9 -1.294967296E9 -5.44967296E8 -4.4967296E7 -4.4967296E7 -4.4967296E7 2.05032704E8 4.55032704E8 4.55032704E8 7.05032704E8 7.05032704E8 7.05032704E8
31 2.0E9 2.0E9 -1.294967296E9 -7.94967296E8 -4.4967296E7 1.730196224E9 -1.359738368E9 1.55032704E9 -3.34574848E8 -8.4574848E7 -1.4444032E7 2.35555968E8 6.45621376E8 8.95621376E8 8.95621376E8 8.95621376E8 1.145621376E9 -1.329215104E9 -1.329215104E9 1.490915712E9
32 1.25E9 1.25E9 1.955032704E9 -1.839934592E9 -8.39934592E8 1.230196224E9 1.230196224E9 1.980196224E9 1.165425152E9 1.665425152E9 1.235555968E9 1.485555968E9 1.0065408E8 1.10065408E9 5.5686784E7 3.05686784E8 5.55686784E8 5.80850304E8 8.30850304E8 -1.054051584E9
33 0.0 2.5E8 5.0E8 7.5E8 1.0E9 1.75E9 1.75E9 2.0E9 2.0E9 -1.794967296E9 -1.544967296E9 -1.294967296E9 -1.044967296E9 -1.044967296E9 -1.044967296E9 -1.044967296E9 -7.94967296E8 -7.94967296E8 -7.94967296E8 -7.94967296E8
34 1.25E9 1.25E9 -1.044967296E9 -5.44967296E8 -5.44967296E8 -5.44967296E8 -5.44967296E8 -5.44967296E8 -5.44967296E8 -5.44967296E8 -5.44967296E8 -2.94967296E8 -2.94967296E8 -2.94967296E8 -2.94967296E8 -4.4967296E7 -4.4967296E7 4.55032704E8 7.05032704E8 7.05032704E8
35 1.5E9 1.5E9 2.0E9 -1.794967296E9 4.55032704E8 2.30196224E8 6.40261632E8 1.55032704E9 9.15425152E8 1.665425152E9 7.35555968E8 9.85555968E8 2.145621376E9 -1.64934592E9 -1.39934592E9 -1.39934592E9 1.0065408E8 1.8758176E9 2.1258176E9 -1.304051584E9
36 2.5E8 2.5E8 7.5E8 7.5E8 1.0E9 1.25E9 1.75E9 2.0E9 2.0E9 -2.044967296E9 -2.044967296E9 -1.544967296E9 -1.544967296E9 -1.294967296E9 -1.044967296E9 -1.044967296E9 -7.94967296E8 -7.94967296E8 -7.94967296E8 -7.94967296E8
37 5.0E8 7.5E8 7.5E8 -1.294967296E9 -1.044967296E9 -2.94967296E8 -2.94967296E8 9.55032704E8 1.455032704E9 -8.39934592E8 -3.39934592E8 1.60065408E8 9.10065408E8 1.160065408E9 1.410065408E9 1.910065408E9 -1.884901888E9 -1.884901888E9 -1.884901888E9 -1.884901888E9
38 0.0 7.5E8 7.5E8 1.0E9 2.0E9 -2.044967296E9 -2.044967296E9 -1.794967296E9 -1.544967296E9 -1.294967296E9 -1.044967296E9 -7.94967296E8 -5.44967296E8 -4.4967296E7 4.55032704E8 7.05032704E8 7.05032704E8 7.05032704E8 9.55032704E8 9.55032704E8
39 7.5E8 7.5E8 7.5E8 7.5E8 1.5E9 2.0E9 -2.044967296E9 -2.044967296E9 -2.044967296E9 -1.794967296E9 -1.544967296E9 -1.544967296E9 -1.294967296E9 -1.044967296E9 -1.044967296E9 -1.044967296E9 -1.044967296E9 -7.94967296E8 -7.94967296E8 -2.94967296E8
40 5.0E8 7.5E8 1.5E9 1.75E9 2.0E9 2.0E9 2.0E9 2.0E9 2.0E9 2.0E9 2.0E9 -2.044967296E9 -1.794967296E9 -1.794967296E9 -1.544967296E9 -1.544967296E9 -1.294967296E9 -7.94967296E8 -5.44967296E8 -2.94967296E8
41 5.0E8 7.5E8 1.0E9 1.5E9 1.5E9 1.75E9 -2.044967296E9 -1.544967296E9 -1.544967296E9 -1.294967296E9 -1.294967296E9 -1.294967296E9 -7.94967296E8 -7.94967296E8 -5.44967296E8 -4.4967296E7 -4.4967296E7 2.05032704E8 2.05032704E8 2.05032704E8
42 0.0 2.5E8 2.5E8 1.0E9 1.0E9 1.0E9 1.0E9 1.25E9 1.5E9 1.5E9 2.0E9 -2.044967296E9 -2.044967296E9 -1.794967296E9 -1.544967296E9 -1.544967296E9 -1.294967296E9 -7.94967296E8 -5.44967296E8 -2.94967296E8
43 2.5E8 2.5E8 5.0E8 5.0E8 5.0E8 5.0E8 7.5E8 1.25E9 1.75E9 1.75E9 2.0E9 2.0E9 2.0E9 -2.044967296E9 -1.794967296E9 -1.544967296E9 -7.94967296E8 -5.44967296E8 -5.44967296E8 -4.4967296E7
44 0.0 0.0 0.0 0.0 0.0 2.5E8 5.0E8 5.0E8 7.5E8 7.5E8 1.0E9 1.25E9 -5.89934592E8 -3.39934592E8 1.60065408E8 4.10065408E8 6.60065408E8 6.60065408E8 6.60065408E8 9.10065408E8
45 2.5E8 2.5E8 5.0E8 7.5E8 7.5E8 1.5E9 1.5E9 1.5E9 1.5E9 1.5E9 1.5E9 1.5E9 1.75E9 2.0E9 2.0E9 -2.044967296E9 -2.044967296E9 -1.794967296E9 -1.544967296E9 -1.044967296E9
46 5.0E8 5.0E8 1.0E9 1.0E9 1.0E9 1.25E9 1.25E9 1.25E9 1.5E9 1.75E9 1.75E9 1.75E9 1.75E9 -2.044967296E9 -1.544967296E9 -1.544967296E9 -1.294967296E9 -1.044967296E9 -1.044967296E9 -1.044967296E9
47 0.0 0.0 5.0E8 5.0E8 5.0E8 5.0E8 1.0E9 1.25E9 1.25E9 1.25E9 1.25E9 1.5E9 1.5E9 1.75E9 1.75E9 2.0E9 -2.044967296E9 -2.044967296E9 -1.794967296E9 -1.794967296E9
48 0.0 0.0 2.5E8 5.0E8 5.0E8 7.5E8 1.0E9 1.0E9 1.0E9 1.25E9 1.25E9 1.25E9 1.25E9 1.5E9 1.5E9 1.5E9 1.75E9 2.0E9 2.0E9 -2.044967296E9
49 0.0 2.5E8 5.0E8 5.0E8 5.0E8 5.0E8 7.5E8 7.5E8 7.5E8 1.0E9 1.0E9 1.25E9 2.0E9 -1.794967296E9 -1.544967296E9 -1.044967296E9 -7.94967296E8 -5.44967296E8 -5.44967296E8 -2.94967296E8
50 0.0 7.5E8 1.0E9 1.75E9 1.75E9 2.0E9 -1.544967296E9 -1.544967296E9 -1.294967296E9 -1.044967296E9 -7.94967296E8 -5.44967296E8 -2.94967296E8 -2.94967296E8 -4.4967296E7 -4.4967296E7 -4.4967296E7 2.05032704E8 4.55032704E8 7.05032704E8
51 1.0E9 1.0E9 1.0E9 1.0E9 1.25E9 2.05032704E8 2.05032704E8 2.05032704E8 2.05032704E8 -1.589934592E9 -1.339934592E9 -1.089934592E9 1.910065408E9 1.910065408E9 -2.134901888E9 -2.134901888E9 -1.884901888E9 1.365098112E9 1.615098112E9 1.615098112E9
