0 3351
1 1984
2 4469
3 3278
4 2959
5 2675
6 764
7 1053
8 1526
9 2868
10 547
11 435
12 4375
13 4082
14 2319
15 4025
16 3453
17 977
18 676
19 1394
20 1350
21 2375
22 2488
23 3023
24 3232
25 3095
26 2435
27 2931
28 1998
29 2814
30 3277
31 4082
32 2388
33 2633
34 2412
35 2740
36 2828
37 3205
38 2586
39 3490
40 2590
41 2134
42 4114
43 3610
44 2966
45 2627
46 3218
47 3974
48 3119
49 3947
50 4119
51 3640
52 4261
53 3051
54 1894
55 3724
56 3356
57 3785
58 2785
59 5385
60 3588
61 2392
62 1496
63 3546
64 2375
65 5050
66 3277
67 1992
68 1389
69 3980
70 3169
71 4677
72 3603
73 4770
74 4489
75 4972
76 5463
77 5268
78 5066
79 3919
80 4185
81 5285
82 1442
83 5444
84 2749
85 4154
86 4110
87 5654
88 5245
89 5118
90 4188
91 2012
92 5283
93 1843
94 4155
95 2372
96 657
97 3952
