0 3351
1 1982
2 4464
3 3279
4 2961
5 2675
6 762
7 1058
8 1525
9 2867
10 545
11 435
12 4369
13 4083
14 2319
15 4023
16 3451
17 976
18 676
19 1394
20 1350
21 2371
22 2489
23 3022
24 3230
25 3092
26 2433
27 2931
28 1996
29 2815
30 3281
31 4085
32 2386
33 2634
34 2410
35 2738
36 2826
37 3205
38 2585
39 3487
40 2588
41 2130
42 4114
43 3606
44 2964
45 2627
46 3217
47 3968
48 3118
49 3943
50 4116
51 3640
52 4256
53 3048
54 1891
55 3722
56 3356
57 3780
58 2783
59 5382
60 3592
61 2391
62 1495
63 3542
64 2375
65 5047
66 3276
67 1991
68 1388
69 3978
70 3167
71 4673
72 3604
73 4763
74 4497
75 4969
76 5464
77 5265
78 5058
79 3920
80 4184
81 5286
82 1441
83 5446
84 2749
85 4152
86 4107
87 5653
88 5246
89 5119
90 4186
91 2014
92 5284
93 1845
94 4159
95 2371
96 657
97 3952
