records: 20
      Record Time
Host  UsedBuffer

  17959.0 35918.0 53877.0 71836.0 89795.0 107754.0 125713.0 143672.0 161631.0 179590.0 197549.0 215508.0 233467.0 251426.0 269385.0 287344.0 305303.0 323262.0 341221.0 359180.0
0 1000000.0 2000000.0 5000000.0 7000000.0 8000000.0 8000000.0 1.0E7 1.3E7 1.5E7 1.9E7 1.9E7 1.9E7 2.2E7 2.3E7 2.3E7 2.5E7 2.6E7 2.7E7 3.0E7 3.2E7
1 1000000.0 4000000.0 4000000.0 4000000.0 6000000.0 8000000.0 1.1E7 1.2E7 1.3E7 1.3E7 1.5E7 1.6E7 2.0E7 2.2E7 2.4E7 2.6E7 2.8E7 2.9E7 3.1E7 3.4E7
2 1000000.0 3000000.0 5000000.0 6000000.0 9000000.0 1.3E7 1.4E7 1.5E7 1.6E7 1.7E7 1.9E7 2.3E7 2.4E7 2.4E7 2.5E7 2.7E7 2.8E7 2.8E7 2.8E7 3.0E7
3 1.1E7 1.4E7 1.5E7 1.6E7 5.8E7 6.6E7 7.6E7 7.7E7 7.8E7 7.8E7 1.02E8 1.13E8 1.15E8 1.18E8 1.29E8 1.3E8 1.3E8 1.34E8 1.37E8 1.58E8
4 2000000.0 3000000.0 4000000.0 6000000.0 7000000.0 1.0E7 1.3E7 1.5E7 1.7E7 2.0E7 2.2E7 2.5E7 2.6E7 2.9E7 3.0E7 3.2E7 3.4E7 3.5E7 3.6E7 3.7E7
5 1.1E7 1.3E7 1.4E7 1.7E7 5.8E7 7.0E7 7.2E7 7.2E7 7.6E7 7.7E7 7.9E7 8.0E7 8.0E7 8.3E7 8.5E7 8.8E7 9.3E7 9.4E7 1.36E8 1.4E8
6 3000000.0 3000000.0 4000000.0 7000000.0 1.1E7 1.2E7 1.2E7 1.4E7 1.5E7 1.6E7 1.7E7 1.8E7 2.0E7 2.0E7 2.1E7 2.2E7 2.5E7 2.8E7 3.1E7 3.1E7
7 3000000.0 5000000.0 5000000.0 6000000.0 7000000.0 7000000.0 8000000.0 1.0E7 1.2E7 1.5E7 1.5E7 1.7E7 1.9E7 2.0E7 2.2E7 2.3E7 2.4E7 2.5E7 2.5E7 2.5E7
8 2000000.0 5000000.0 1.1E7 1.3E7 1.4E7 1.5E7 1.6E7 1.9E7 2.0E7 2.2E7 2.4E7 2.6E7 2.6E7 2.8E7 3.2E7 3.3E7 3.3E7 3.6E7 3.6E7 3.8E7
