records: 20
      Record Time
Host  UsedBuffer

  49376.0 98752.0 148128.0 197504.0 246880.0 296256.0 345632.0 395008.0 444384.0 493760.0 543136.0 592512.0 641888.0 691264.0 740640.0 790016.0 839392.0 888768.0 938144.0 987520.0
0 1.5E9 -7.94967296E8 4.10065408E8 9.10065408E8 -1.884901888E9 -1.47483648E9 1.960392448E9 2.80523264E8 -1.8741824E9 -9.64116992E8 1.5098112E8 6.5098112E8 -1.003724544E9 -3724544.0 9.96275456E8 9.96275456E8 9.96275456E8 9.96275456E8 1.496275456E9 1.996275456E9
1 -1.794967296E9 -1.794967296E9 1.410065408E9 1.410065408E9 1.615098112E9 -1.629542144E9 -1.29542144E8 -7.19476736E8 -3.741824E8 -3.741824E8 2.66079232E8 7.66079232E8 6.7614464E8 1.17614464E9 1.17614464E9 1.17614464E9 -2.118822656E9 -2.118822656E9 -1.18822656E8 3.81177344E8
2 2.05032704E8 7.05032704E8 9.10065408E8 -1.79869184E8 1.320130816E9 1.960392448E9 2.80523264E8 1.895621376E9 1.420784896E9 -4.64116992E8 -5.28888064E8 9.71111936E8 1.791242752E9 1.791242752E9 7.0130816E8 7.0130816E8 2.111373568E9 3.41569792E8 3.41569792E8 -1.633266688E9
3 1.5E9 1.5E9 4.10065408E8 9.10065408E8 1.910065408E9 1.05032704E9 -1.334574848E9 -1.219476736E9 -1.3741824E9 1.830850304E9 -1.84901888E9 -8.4901888E8 1.791242752E9 -2.003724544E9 -1.503724544E9 -1.003724544E9 -5.03724544E8 -5.03724544E8 -5.03724544E8 -5.03724544E8
4 -1.794967296E9 -1.794967296E9 -3.84901888E8 1.15098112E8 2.30196224E8 8.70457856E8 1.370457856E9 7.549056E7 9.20784896E8 9.20784896E8 1.766079232E9 -1.528888064E9 -2.003724544E9 -1.503724544E9 -5.03724544E8 -3724544.0 -3724544.0 -1.58430208E8 8.41569792E8 1.841569792E9
5 -1.794967296E9 -7.94967296E8 9.10065408E8 2.115098112E9 1.435228928E9 1.165425152E9 -6.29542144E8 1.985555968E9 -3.741824E8 -3.741824E8 -3.741824E8 -2.028888064E9 1.381177344E9 -1.913789952E9 5.86210048E8 5.86210048E8 1.70130816E9 -8.63462912E8 -8.63462912E8 -3.63462912E8
6 -2.94967296E8 7.05032704E8 1.910065408E9 -1.884901888E9 -1.884901888E9 -1.244640256E9 7.80523264E8 -1.39934592E9 -5.79215104E8 1.035883008E9 -1.438953472E9 -4.38953472E8 -2.003724544E9 -2.003724544E9 1.70130816E9 -1.593659136E9 -1.593659136E9 1.841569792E9 1.841569792E9 1.841569792E9
7 5.0E8 1.5E9 -7.94967296E8 -7.94967296E8 -2.94967296E8 -8.9934592E7 9.10065408E8 -9.2450944E8 -9.2450944E8 5.7549056E8 1.780523264E9 1.780523264E9 -1.514444032E9 -1.014444032E9 -1.014444032E9 -5.14444032E8 -1.4444032E7 1.395621376E9 -1.89934592E9 -1.89934592E9
8 -1.794967296E9 -1.294967296E9 -7.94967296E8 -7.94967296E8 -7.94967296E8 1.960392448E9 -1.834574848E9 -7.19476736E8 -7.84247808E8 -2.84247808E8 -9.38953472E8 -4.38953472E8 6.7614464E8 6.7614464E8 6.7614464E8 1.17614464E9 -1.618822656E9 -1.118822656E9 -1.118822656E9 -6.18822656E8
9 1.5E9 2.0E9 -1.589934592E9 -1.089934592E9 1.115098112E9 -2.039607552E9 -1.629542144E9 1.07549056E9 1.57549056E9 1.57549056E9 -8.741824E8 -7.59084288E8 -4.13789952E8 -4.13789952E8 -4.13789952E8 -4.13789952E8 -4.13789952E8 8.6210048E7 8.6210048E7 5.86210048E8
10 -1.794967296E9 -7.94967296E8 4.10065408E8 4.10065408E8 2.516352E7 -1.154705664E9 3.45294336E8 -1.744640256E9 -6.29542144E8 -6.29542144E8 -7.84247808E8 -7.84247808E8 -9.64116992E8 -2.59084288E8 -1.554051584E9 -1.554051584E9 6.7614464E8 1.611373568E9 2.111373568E9 -1.683593728E9
11 -7.94967296E8 2.05032704E8 2.05032704E8 2.05032704E8 2.05032704E8 2.05032704E8 7.05032704E8 7.30196224E8 -2.064771072E9 -5.64771072E8 -1.989280512E9 -9.89280512E8 1.010719488E9 1.010719488E9 -1.8741824E9 -1.3741824E9 -8.741824E8 -1.978561024E9 -1.978561024E9 -1.978561024E9
12 -1.794967296E9 -1.294967296E9 -1.294967296E9 -1.294967296E9 2.02516352E9 9.35228928E8 6.40261632E8 -1.89934592E9 1.60065408E9 1.60065408E9 1.60065408E9 -1.694313216E9 1.805686784E9 -1.989280512E9 -7.84247808E8 7.15752192E8 -5.79215104E8 1.086210048E9 1.586210048E9 -1.388626432E9
13 2.0E9 2.0E9 -1.089934592E9 -5.89934592E8 -5.89934592E8 1.460392448E9 7.549056E7 2.07549056E9 1.6258176E9 1.6258176E9 1.945948416E9 1.945948416E9 -1.618822656E9 -1.618822656E9 -1.618822656E9 -1.118822656E9 5.86210048E8 -9.78561024E8 -1.27352832E9 -8.38299392E8
14 1.5E9 2.0E9 -1.089934592E9 -5.89934592E8 -2.69803776E8 -8.34574848E8 -1.92450944E9 6.90588672E8 1.6258176E9 1.035883008E9 6.5098112E8 -6.43986176E8 8.6210048E7 5.86210048E8 1.086210048E9 2.086210048E9 9.96275456E8 -1.068495616E9 -1.068495616E9 -5.68495616E8
15 -1.294967296E9 -1.294967296E9 1.205032704E9 1.205032704E9 6.15098112E8 -3.9607552E7 -1.219476736E9 -1.39934592E9 2.1258176E9 -9.64116992E8 1.266079232E9 1.766079232E9 -7.08757248E8 -7.08757248E8 -1.503724544E9 -1.503724544E9 -1.503724544E9 -1.863462912E9 -1.863462912E9 -1.863462912E9
16 -7.94967296E8 -7.94967296E8 -7.94967296E8 -7.94967296E8 -7.94967296E8 -7.94967296E8 2.05032704E8 1.205032704E9 1.370457856E9 -1.219476736E9 -1.694313216E9 -1.194313216E9 -7.08757248E8 -2.08757248E8 1.291242752E9 -2.003724544E9 -1.003724544E9 1.931504384E9 -8.63462912E8 2.046602496E9
17 1.5E9 -2.94967296E8 4.10065408E8 9.10065408E8 -1.97483648E9 1.460392448E9 1.460392448E9 1.57549056E9 6.258176E8 6.258176E8 2.40915712E8 2.40915712E8 4.96275456E8 1.496275456E9 -5.93659136E8 4.06340864E8 4.06340864E8 4.6602496E7 -1.2483648E9 3.66733312E8
18 -1.794967296E9 -1.294967296E9 -1.589934592E9 -1.089934592E9 -5.89934592E8 -5.39607552E8 -3.34574848E8 1.780523264E9 -7.9215104E7 1.420784896E9 4.45948416E8 4.45948416E8 -6.18822656E8 -6.18822656E8 8.6210048E7 5.86210048E8 -1.093659136E9 -4.53397504E8 -4.53397504E8 -6.33266688E8
19 2.0E9 2.0E9 -1.294967296E9 2.115098112E9 -7.69803776E8 4.60392448E8 -6.29542144E8 -2.19476736E8 -1.8741824E9 -8.741824E8 -7.33920768E8 2.66079232E8 -7.08757248E8 -7.08757248E8 9.96275456E8 9.96275456E8 9.96275456E8 7.2647168E8 1.136537088E9 -4.53397504E8
20 -1.794967296E9 -1.294967296E9 -1.384901888E9 -8.84901888E8 -1.769803776E9 -1.154705664E9 1.55032704E9 6.0065408E8 8.30850304E8 1.035883008E9 -4.38953472E8 -4.38953472E8 -1.003724544E9 -1.003724544E9 4.06340864E8 4.06340864E8 -1.978561024E9 -1.58430208E8 -9.53397504E8 1.77679872E9
21 -1.794967296E9 -7.94967296E8 -2.089934592E9 -2.089934592E9 -4.7483648E8 -1.42450944E9 1.57549056E9 -1.39934592E9 4.20784896E8 4.20784896E8 7.66079232E8 7.66079232E8 8.6210048E7 8.6210048E7 2.0130816E8 7.0130816E8 -6.83593728E8 -1.58430208E8 1.341569792E9 -1.22320128E9
22 2.0E9 2.0E9 -1.794967296E9 -1.794967296E9 -2.94967296E8 -3.84901888E8 1.15098112E8 6.15098112E8 1.165425152E9 1.665425152E9 1.395621376E9 1.395621376E9 -1.503724544E9 -1.503724544E9 -2.093659136E9 -2.093659136E9 -2.093659136E9 -1.2483648E9 -7.483648E8 -1.928233984E9
23 -1.294967296E9 2.05032704E8 1.705032704E9 -1.589934592E9 -5.89934592E8 1.15098112E8 -1.154705664E9 1.255359744E9 1.255359744E9 1.255359744E9 1.255359744E9 1.755359744E9 1.755359744E9 1.755359744E9 -2.039607552E9 -2.039607552E9 -1.539607552E9 1.460392448E9 -1.834574848E9 -8.34574848E8
24 -1.794967296E9 -1.794967296E9 1.910065408E9 1.910065408E9 2.02516352E9 -8.59738368E8 -1.744640256E9 1.895621376E9 -1.8741824E9 3.5883008E7 9.45948416E8 9.45948416E8 1.291242752E9 1.791242752E9 -1.79869184E9 -1.79869184E9 -1.888626432E9 -1.158430208E9 -1.58430208E8 -2.2320128E8
25 -7.94967296E8 2.05032704E8 1.205032704E9 1.705032704E9 1.115098112E9 -1.179869184E9 -1.154705664E9 -2.039607552E9 -1.039607552E9 -1.039607552E9 -5.39607552E8 -5.39607552E8 -5.39607552E8 -3.9607552E7 -3.9607552E7 -3.9607552E7 -3.9607552E7 4.60392448E8 -8.34574848E8 -8.34574848E8
26 0.0 1.0E9 1.0E9 4.10065408E8 5.2516352E8 -1.064771072E9 -1.359738368E9 -1.39934592E9 -7.9215104E7 8.30850304E8 1.356013824E9 1.356013824E9 -4.13789952E8 -4.13789952E8 -2.003724544E9 -1.003724544E9 8.16406272E8 8.41569792E8 8.41569792E8 7.7679872E8
27 -2.94967296E8 -2.94967296E8 -2.089934592E9 -5.89934592E8 -9.7483648E8 2.05032704E9 7.55359744E8 -3.9934592E8 6.0065408E8 1.510719488E9 -4.38953472E8 5.61046528E8 1.791242752E9 -1.003724544E9 2.0130816E8 -5.93659136E8 -1.183593728E9 2.136537088E9 -1.953397504E9 8.66733312E8
28 -1.294967296E9 -7.94967296E8 -2.94967296E8 -2.089934592E9 -2.089934592E9 9.35228928E8 -1.44967296E9 1.755359744E9 -8.34574848E8 1.65425152E8 -7.59084288E8 -2.59084288E8 7.66079232E8 -1.82385536E9 -1.618822656E9 -1.18822656E8 -1.18822656E8 9.06340864E8 1.906340864E9 -1.388626432E9
29 -1.294967296E9 -2.94967296E8 1.410065408E9 1.410065408E9 1.115098112E9 -7.69803776E8 -1.359738368E9 -1.359738368E9 1.485555968E9 1.485555968E9 1.215752192E9 1.215752192E9 -1.938953472E9 -1.938953472E9 -9.38953472E8 -9.38953472E8 -4.38953472E8 -2.118822656E9 2.086210048E9 -3.63462912E8
30 2.0E9 -1.294967296E9 -1.294967296E9 -7.94967296E8 2.05032704E8 1.205032704E9 -2.089934592E9 -2.089934592E9 -8.84901888E8 -3.84901888E8 -1.679869184E9 -6.79869184E8 -6.79869184E8 -6.79869184E8 -1.79869184E8 3.20130816E8 3.20130816E8 -1.769803776E9 -1.769803776E9 -1.769803776E9
31 7.05032704E8 7.05032704E8 -5.89934592E8 -1.384901888E9 -1.269803776E9 -1.29542144E8 1.870457856E9 -8.9934592E8 -1.079215104E9 3.5883008E7 1.766079232E9 -2.028888064E9 -7.08757248E8 -2.08757248E8 1.791242752E9 -2.9869184E8 2.111373568E9 -1.658430208E9 -1.658430208E9 -1.72320128E9
32 -1.294967296E9 -1.294967296E9 1.410065408E9 -1.884901888E9 -8.84901888E8 1.960392448E9 1.960392448E9 1.280523264E9 -1.69149696E8 1.535883008E9 1.15098112E9 1.561046528E9 4.96275456E8 -1.79869184E9 4.06340864E8 9.06340864E8 6.11373568E8 8.41569792E8 1.341569792E9 -2.133266688E9
33 -7.94967296E8 -2.94967296E8 1.15098112E8 -1.47483648E9 -1.564771072E9 3.70457856E8 3.70457856E8 -3.9934592E8 -1.169149696E9 2.035883008E9 -1.438953472E9 -9.38953472E8 -1.503724544E9 -1.503724544E9 4.06340864E8 4.06340864E8 -1.978561024E9 1.841569792E9 1.841569792E9 -2.018168576E9
34 -7.94967296E8 -7.94967296E8 4.10065408E8 1.410065408E9 1.410065408E9 1.410065408E9 1.410065408E9 1.410065408E9 1.410065408E9 1.410065408E9 1.410065408E9 1.910065408E9 1.910065408E9 1.910065408E9 1.910065408E9 -1.884901888E9 -1.884901888E9 -8.84901888E8 -3.84901888E8 -3.84901888E8
35 -1.294967296E9 -1.294967296E9 1.705032704E9 -6.79869184E8 1.02516352E9 1.845294336E9 1.57549056E9 -1.39934592E9 -5.79215104E8 1.535883008E9 2.66079232E8 7.66079232E8 1.791242752E9 -1.503724544E9 2.0130816E8 2.0130816E8 8.16406272E8 1.841569792E9 -1.953397504E9 7.7679872E8
36 5.0E8 5.0E8 2.0E9 2.0E9 -1.794967296E9 -1.294967296E9 -2.94967296E8 2.05032704E8 2.05032704E8 7.05032704E8 7.05032704E8 1.705032704E9 1.705032704E9 -2.089934592E9 -1.589934592E9 -1.589934592E9 -1.089934592E9 -1.089934592E9 -1.089934592E9 -1.089934592E9
37 1.0E9 -1.294967296E9 -1.294967296E9 -2.94967296E8 2.05032704E8 1.205032704E9 1.205032704E9 -2.089934592E9 -1.089934592E9 1.410065408E9 -1.884901888E9 -8.84901888E8 -3.84901888E8 1.15098112E8 6.15098112E8 1.615098112E9 -1.679869184E9 -1.679869184E9 -1.679869184E9 -1.679869184E9
38 0.0 1.5E9 1.5E9 2.0E9 -2.94967296E8 2.05032704E8 2.05032704E8 7.05032704E8 1.205032704E9 1.705032704E9 -2.089934592E9 -1.589934592E9 -1.089934592E9 -8.9934592E7 9.10065408E8 1.410065408E9 1.410065408E9 1.410065408E9 1.910065408E9 1.910065408E9
39 1.5E9 1.5E9 1.5E9 1.5E9 -1.294967296E9 -2.94967296E8 2.05032704E8 2.05032704E8 2.05032704E8 7.05032704E8 1.205032704E9 1.205032704E9 1.705032704E9 -2.089934592E9 -2.089934592E9 -2.089934592E9 -2.089934592E9 -1.589934592E9 -1.589934592E9 -5.89934592E8
40 1.0E9 1.5E9 -1.294967296E9 -7.94967296E8 -2.94967296E8 -2.94967296E8 -2.94967296E8 -2.94967296E8 -2.94967296E8 -2.94967296E8 -2.94967296E8 2.05032704E8 7.05032704E8 7.05032704E8 1.205032704E9 1.205032704E9 1.705032704E9 -1.589934592E9 -1.089934592E9 -5.89934592E8
41 1.0E9 1.5E9 2.0E9 -1.294967296E9 -1.294967296E9 -7.94967296E8 2.05032704E8 1.205032704E9 1.205032704E9 1.705032704E9 1.705032704E9 1.705032704E9 -1.589934592E9 -1.589934592E9 -1.089934592E9 -8.9934592E7 -8.9934592E7 4.10065408E8 4.10065408E8 4.10065408E8
42 0.0 5.0E8 5.0E8 2.0E9 2.0E9 2.0E9 2.0E9 -1.794967296E9 -1.294967296E9 -1.294967296E9 -2.94967296E8 2.05032704E8 2.05032704E8 7.05032704E8 1.205032704E9 1.205032704E9 1.705032704E9 -1.589934592E9 -1.089934592E9 -5.89934592E8
43 5.0E8 5.0E8 1.0E9 1.0E9 1.0E9 1.0E9 1.5E9 -1.794967296E9 -7.94967296E8 -7.94967296E8 -2.94967296E8 -2.94967296E8 -2.94967296E8 2.05032704E8 7.05032704E8 1.205032704E9 -1.589934592E9 -1.089934592E9 -1.089934592E9 -8.9934592E7
44 0.0 0.0 0.0 0.0 0.0 5.0E8 1.0E9 1.0E9 1.5E9 1.5E9 2.0E9 -1.794967296E9 -7.94967296E8 -2.94967296E8 7.05032704E8 1.205032704E9 1.705032704E9 1.705032704E9 1.705032704E9 -2.089934592E9
45 5.0E8 5.0E8 1.0E9 1.5E9 1.5E9 -1.294967296E9 -1.294967296E9 -1.294967296E9 -1.294967296E9 -1.294967296E9 -1.294967296E9 -1.294967296E9 -7.94967296E8 -2.94967296E8 -2.94967296E8 2.05032704E8 2.05032704E8 7.05032704E8 1.205032704E9 -2.089934592E9
46 1.0E9 1.0E9 2.0E9 2.0E9 2.0E9 -1.794967296E9 -1.794967296E9 -1.794967296E9 -1.294967296E9 -7.94967296E8 -7.94967296E8 -7.94967296E8 -7.94967296E8 2.05032704E8 1.205032704E9 1.205032704E9 1.705032704E9 -2.089934592E9 -2.089934592E9 -2.089934592E9
47 0.0 0.0 1.0E9 1.0E9 1.0E9 1.0E9 2.0E9 -1.794967296E9 -1.794967296E9 -2.089934592E9 -2.089934592E9 -1.589934592E9 -1.589934592E9 -1.089934592E9 -1.089934592E9 -5.89934592E8 -8.9934592E7 -8.9934592E7 4.10065408E8 4.10065408E8
48 0.0 0.0 5.0E8 1.0E9 1.0E9 1.5E9 2.0E9 2.0E9 2.0E9 -1.794967296E9 -1.794967296E9 -1.794967296E9 -1.794967296E9 -1.294967296E9 -1.294967296E9 -1.294967296E9 -7.94967296E8 -2.94967296E8 -2.94967296E8 2.05032704E8
49 0.0 5.0E8 1.0E9 1.0E9 1.0E9 1.0E9 1.5E9 1.5E9 1.5E9 2.0E9 2.0E9 -1.794967296E9 -2.94967296E8 7.05032704E8 1.205032704E9 -2.089934592E9 -1.589934592E9 -1.089934592E9 -1.089934592E9 -5.89934592E8
50 0.0 1.5E9 2.0E9 -7.94967296E8 -7.94967296E8 -2.94967296E8 1.205032704E9 1.205032704E9 1.705032704E9 -2.089934592E9 -1.589934592E9 -1.089934592E9 -5.89934592E8 -5.89934592E8 -8.9934592E7 -8.9934592E7 -8.9934592E7 4.10065408E8 9.10065408E8 1.410065408E9
51 -1.294967296E9 -1.294967296E9 -1.294967296E9 -1.294967296E9 -7.94967296E8 -2.089934592E9 -2.089934592E9 -2.089934592E9 -2.089934592E9 -8.9934592E7 4.10065408E8 9.10065408E8 -1.884901888E9 -1.884901888E9 -1.384901888E9 -1.384901888E9 -8.84901888E8 2.115098112E9 -1.679869184E9 -1.679869184E9
