records: 20
      Record Time
Host  UsedBuffer

  49376.0 98752.0 148128.0 197504.0 246880.0 296256.0 345632.0 395008.0 444384.0 493760.0 543136.0 592512.0 641888.0 691264.0 740640.0 790016.0 839392.0 888768.0 938144.0 987520.0
0 0.0 2.0E9 2.0E9 -1.794967296E9 -7.94967296E8 -7.94967296E8 2.05032704E8 7.05032704E8 1.205032704E9 1.205032704E9 1.205032704E9 1.205032704E9 1.705032704E9 -1.589934592E9 -5.89934592E8 -5.89934592E8 -5.89934592E8 -5.89934592E8 -8.9934592E7 4.10065408E8
1 0.0 0.0 5.0E8 5.0E8 5.0E8 5.0E8 1.0E9 1.5E9 2.0E9 2.0E9 2.0E9 -1.794967296E9 -1.294967296E9 -7.94967296E8 -7.94967296E8 -7.94967296E8 2.05032704E8 2.05032704E8 -2.089934592E9 -1.589934592E9
2 5.0E8 1.0E9 1.5E9 2.0E9 -1.794967296E9 -1.294967296E9 -7.94967296E8 -2.94967296E8 7.05032704E8 7.05032704E8 1.205032704E9 -1.589934592E9 -1.089934592E9 -1.089934592E9 -5.89934592E8 -5.89934592E8 9.10065408E8 9.10065408E8 9.10065408E8 -1.884901888E9
3 0.0 0.0 5.0E8 1.0E9 1.0E9 1.0E9 1.0E9 1.0E9 1.0E9 1.5E9 1.5E9 -1.794967296E9 -1.294967296E9 -7.94967296E8 -2.94967296E8 2.05032704E8 7.05032704E8 7.05032704E8 7.05032704E8 7.05032704E8
4 0.0 0.0 5.0E8 1.0E9 1.5E9 -7.94967296E8 -7.94967296E8 -2.94967296E8 -2.94967296E8 -2.94967296E8 7.05032704E8 1.205032704E9 -1.589934592E9 -1.089934592E9 -8.9934592E7 4.10065408E8 4.10065408E8 4.10065408E8 1.410065408E9 -1.884901888E9
5 1.5E9 -1.794967296E9 7.05032704E8 4.10065408E8 2.516352E7 2.140261632E9 1.845294336E9 4.60392448E8 -1.04378624E8 -1.89934592E9 -1.89934592E9 -9.64116992E8 9.45948416E8 1.945948416E9 1.5098112E8 1.5098112E8 -1.233920768E9 -1.003724544E9 -1.003724544E9 -5.03724544E8
6 5.0E8 1.5E9 2.0E9 -1.794967296E9 -1.794967296E9 -1.294967296E9 -7.94967296E8 -2.94967296E8 -2.94967296E8 7.05032704E8 -2.089934592E9 -1.089934592E9 -5.89934592E8 -5.89934592E8 -5.89934592E8 4.10065408E8 4.10065408E8 9.10065408E8 9.10065408E8 9.10065408E8
7 5.0E8 1.5E9 -1.294967296E9 -1.294967296E9 -1.089934592E9 1.115098112E9 2.115098112E9 1.65425152E8 1.65425152E8 1.665425152E9 1.07549056E9 1.07549056E9 2.07549056E9 -1.719476736E9 -1.719476736E9 -1.219476736E9 -7.19476736E8 6.90588672E8 1.690588672E9 1.690588672E9
8 1.5E9 2.0E9 -1.794967296E9 -1.794967296E9 -1.794967296E9 -6.54705664E8 -1.54705664E8 1.460392448E9 4.85555968E8 9.85555968E8 -1.964116992E9 -1.464116992E9 -3.4901888E8 -3.4901888E8 -3.4901888E8 1.5098112E8 1.65098112E9 -2.143986176E9 -2.143986176E9 -1.643986176E9
9 5.0E8 1.0E9 -1.794967296E9 -1.294967296E9 -1.679869184E9 6.40261632E8 -1.744640256E9 7.55359744E8 -2.039607552E9 -2.039607552E9 -1.104378624E9 -1.489280512E9 -1.054051584E9 -1.054051584E9 -1.054051584E9 -1.054051584E9 -1.054051584E9 -5.54051584E8 -5.54051584E8 -5.4051584E7
10 1.5E9 -1.794967296E9 7.05032704E8 7.05032704E8 -1.089934592E9 -1.564771072E9 1.435228928E9 -1.94967296E9 -2.44640256E8 -2.44640256E8 -1.39934592E9 -1.39934592E9 -1.284247808E9 1.420784896E9 -1.8741824E9 -1.8741824E9 -3.741824E8 -1.82385536E9 -1.32385536E9 -8.2385536E8
11 0.0 1.0E9 1.0E9 1.0E9 1.0E9 1.0E9 1.5E9 -1.294967296E9 2.05032704E8 1.705032704E9 -2.089934592E9 -1.089934592E9 -1.089934592E9 -1.089934592E9 -5.89934592E8 -8.9934592E7 4.10065408E8 4.10065408E8 4.10065408E8 4.10065408E8
12 1.5E9 2.0E9 -7.94967296E8 -7.94967296E8 2.05032704E8 -2.69803776E8 1.935228928E9 1.370457856E9 -8.09411328E8 -8.09411328E8 -8.09411328E8 1.90588672E8 1.190588672E9 1.690588672E9 -6.04378624E8 8.95621376E8 4.20784896E8 1.7614464E8 -2.118822656E9 8.81177344E8
13 1.0E9 1.0E9 -1.294967296E9 -7.94967296E8 -7.94967296E8 8.45294336E8 5.5032704E8 -2.039607552E9 1.395621376E9 1.395621376E9 1.0719488E7 1.0719488E7 4.45948416E8 4.45948416E8 -1.84901888E9 -1.34901888E9 3.56013824E8 1.381177344E9 -7.08757248E8 -1.27352832E9
14 5.0E8 1.0E9 1.0E9 1.5E9 2.0E9 2.0E9 -1.794967296E9 -1.294967296E9 -1.294967296E9 -2.94967296E8 2.05032704E8 2.05032704E8 7.05032704E8 1.205032704E9 1.705032704E9 -1.589934592E9 -1.589934592E9 -5.89934592E8 -5.89934592E8 -8.9934592E7
15 -1.794967296E9 -1.794967296E9 -7.94967296E8 -2.94967296E8 -2.94967296E8 -6.4771072E7 -6.54705664E8 -7.19476736E8 -2.104378624E9 -1.604378624E9 1.6258176E9 2.1258176E9 -1.43986176E8 -1.43986176E8 3.56013824E8 3.56013824E8 3.56013824E8 -2.118822656E9 -2.118822656E9 -2.118822656E9
16 5.0E8 5.0E8 5.0E8 5.0E8 5.0E8 5.0E8 1.5E9 -1.794967296E9 -1.294967296E9 -1.294967296E9 -7.94967296E8 -2.94967296E8 7.05032704E8 1.205032704E9 -1.589934592E9 -5.89934592E8 4.10065408E8 1.410065408E9 -1.384901888E9 -8.84901888E8
17 5.0E8 1.5E9 2.0E9 -1.794967296E9 -7.94967296E8 -2.94967296E8 -2.94967296E8 7.05032704E8 1.205032704E9 1.205032704E9 1.205032704E9 1.205032704E9 1.705032704E9 -1.589934592E9 -5.89934592E8 4.10065408E8 4.10065408E8 9.10065408E8 1.910065408E9 -8.84901888E8
18 5.0E8 -1.794967296E9 -1.794967296E9 -1.294967296E9 1.205032704E9 -3.59738368E8 -1.244640256E9 9.60392448E8 1.190588672E9 -1.604378624E9 1.920784896E9 1.920784896E9 -5.4051584E7 -5.4051584E7 -1.84901888E9 -1.34901888E9 -7.33920768E8 -1.593659136E9 1.906340864E9 1.931504384E9
19 5.0E8 5.0E8 1.5E9 2.0E9 -1.794967296E9 -1.794967296E9 -1.794967296E9 -1.294967296E9 -1.294967296E9 -2.94967296E8 2.05032704E8 1.205032704E9 -2.089934592E9 -2.089934592E9 -2.089934592E9 -2.089934592E9 -2.089934592E9 -2.089934592E9 -2.089934592E9 -1.589934592E9
20 0.0 5.0E8 1.0E9 1.5E9 1.5E9 1.5E9 2.0E9 2.0E9 2.0E9 2.0E9 -1.794967296E9 -1.794967296E9 -1.794967296E9 -1.794967296E9 -1.794967296E9 -1.794967296E9 -1.294967296E9 -2.94967296E8 -2.94967296E8 -2.94967296E8
21 2.0E9 -1.294967296E9 -2.94967296E8 2.05032704E8 2.05032704E8 1.230196224E9 3.45294336E8 2.80523264E8 1.395621376E9 1.395621376E9 1.535883008E9 1.535883008E9 -3.4901888E8 -3.4901888E8 1.5098112E8 6.5098112E8 1.15098112E9 -4.13789952E8 1.086210048E9 1.816406272E9
22 5.0E8 5.0E8 1.0E9 1.0E9 -1.794967296E9 -1.294967296E9 -1.294967296E9 -7.94967296E8 -7.94967296E8 -2.94967296E8 2.05032704E8 2.05032704E8 7.05032704E8 7.05032704E8 7.05032704E8 7.05032704E8 7.05032704E8 7.05032704E8 1.205032704E9 1.205032704E9
23 0.0 5.0E8 2.0E9 -1.294967296E9 -2.94967296E8 -2.94967296E8 -2.94967296E8 -2.94967296E8 -2.94967296E8 -2.94967296E8 -2.94967296E8 2.05032704E8 2.05032704E8 2.05032704E8 7.05032704E8 7.05032704E8 1.205032704E9 1.705032704E9 -2.089934592E9 -1.089934592E9
24 0.0 0.0 0.0 0.0 5.0E8 5.0E8 2.0E9 2.0E9 -1.794967296E9 -7.94967296E8 -2.94967296E8 -2.94967296E8 2.05032704E8 7.05032704E8 1.705032704E9 1.705032704E9 1.705032704E9 1.705032704E9 -1.589934592E9 -5.89934592E8
25 5.0E8 1.0E9 1.0E9 1.5E9 -1.794967296E9 -1.794967296E9 -7.94967296E8 -2.94967296E8 7.05032704E8 7.05032704E8 1.205032704E9 1.205032704E9 1.205032704E9 1.705032704E9 1.705032704E9 1.705032704E9 1.705032704E9 -2.089934592E9 -1.589934592E9 -1.589934592E9
26 0.0 1.0E9 1.0E9 -7.94967296E8 2.05032704E8 -2.089934592E9 -2.69803776E8 2.80523264E8 8.95621376E8 8.95621376E8 8.30850304E8 8.30850304E8 -1.643986176E9 -1.643986176E9 -6.43986176E8 3.56013824E8 8.56013824E8 -1.438953472E9 -1.438953472E9 -9.78561024E8
27 5.0E8 5.0E8 5.0E8 1.0E9 1.0E9 1.5E9 1.5E9 1.5E9 -1.794967296E9 -1.794967296E9 -1.794967296E9 -7.94967296E8 -7.94967296E8 7.05032704E8 1.205032704E9 -1.589934592E9 -1.089934592E9 -5.89934592E8 -8.9934592E7 -8.9934592E7
28 2.0E9 -1.794967296E9 2.05032704E8 -2.089934592E9 -2.089934592E9 -1.769803776E9 4.35228928E8 -1.859738368E9 -1.44967296E9 -4.4967296E8 -9.89280512E8 -4.89280512E8 -7.59084288E8 -1.054051584E9 -5.4051584E7 1.445948416E9 1.445948416E9 -2.118822656E9 -1.118822656E9 -1.18822656E8
29 5.0E8 1.5E9 7.05032704E8 7.05032704E8 -1.089934592E9 1.615098112E9 1.615098112E9 1.615098112E9 1.755359744E9 1.755359744E9 -3.09411328E8 -3.09411328E8 -1.579215104E9 -1.579215104E9 1.420784896E9 1.420784896E9 -3.741824E8 8.30850304E8 -1.554051584E9 -2.003724544E9
30 1.5E9 -1.794967296E9 -1.794967296E9 -1.294967296E9 -2.94967296E8 7.05032704E8 1.705032704E9 1.705032704E9 1.910065408E9 -1.884901888E9 8.20130816E8 1.820130816E9 1.820130816E9 1.820130816E9 -1.97483648E9 -1.47483648E9 -1.47483648E9 1.230196224E9 1.230196224E9 1.230196224E9
31 -7.94967296E8 -7.94967296E8 1.205032704E9 -2.089934592E9 -5.89934592E8 1.435228928E9 8.45294336E8 -4.2450944E8 3.95621376E8 8.95621376E8 -1.464116992E9 -9.64116992E8 -3.4901888E8 1.5098112E8 1.5098112E8 1.5098112E8 6.5098112E8 -1.913789952E9 -1.913789952E9 -1.183593728E9
32 2.0E9 2.0E9 2.05032704E8 1.205032704E9 8.20130816E8 -1.154705664E9 -1.154705664E9 1.960392448E9 2.10065408E9 -1.194313216E9 -1.669149696E9 3.5883008E7 -8.4901888E8 1.15098112E9 -1.643986176E9 -1.143986176E9 -1.43986176E8 -1.093659136E9 -5.93659136E8 -6.8495616E7
33 0.0 5.0E8 1.0E9 1.5E9 2.0E9 -7.94967296E8 -7.94967296E8 -2.94967296E8 -2.94967296E8 7.05032704E8 1.205032704E9 1.705032704E9 -2.089934592E9 -2.089934592E9 -2.089934592E9 -2.089934592E9 -1.589934592E9 -1.589934592E9 -1.589934592E9 -1.589934592E9
34 5.0E8 5.0E8 1.5E9 -1.794967296E9 -1.794967296E9 -1.794967296E9 -1.794967296E9 -1.794967296E9 -1.794967296E9 -1.794967296E9 -1.794967296E9 -1.294967296E9 -1.294967296E9 -1.294967296E9 -1.294967296E9 -7.94967296E8 -7.94967296E8 2.05032704E8 7.05032704E8 7.05032704E8
35 1.5E9 1.5E9 1.5E9 2.0E9 -1.794967296E9 -1.794967296E9 -1.294967296E9 -2.94967296E8 2.05032704E8 1.205032704E9 1.205032704E9 1.705032704E9 1.705032704E9 -1.589934592E9 -1.089934592E9 -1.089934592E9 -5.89934592E8 -5.89934592E8 -8.9934592E7 4.10065408E8
36 5.0E8 5.0E8 2.0E9 2.0E9 -1.794967296E9 -1.294967296E9 -2.94967296E8 2.05032704E8 2.05032704E8 7.05032704E8 7.05032704E8 1.705032704E9 1.705032704E9 -2.089934592E9 -1.589934592E9 -1.589934592E9 -1.089934592E9 -5.89934592E8 -5.89934592E8 -5.89934592E8
37 1.0E9 1.0E9 1.0E9 1.0E9 1.5E9 2.0E9 2.0E9 -1.294967296E9 -2.94967296E8 1.205032704E9 -2.089934592E9 -1.089934592E9 -5.89934592E8 -8.9934592E7 4.10065408E8 1.410065408E9 -1.884901888E9 -1.884901888E9 -1.884901888E9 -1.884901888E9
38 0.0 1.5E9 1.5E9 2.0E9 -2.94967296E8 2.05032704E8 2.05032704E8 7.05032704E8 1.205032704E9 1.705032704E9 -2.089934592E9 -1.589934592E9 -1.089934592E9 -8.9934592E7 9.10065408E8 1.410065408E9 1.410065408E9 1.410065408E9 1.910065408E9 1.910065408E9
39 1.5E9 1.5E9 1.5E9 1.5E9 -1.294967296E9 -2.94967296E8 2.05032704E8 2.05032704E8 2.05032704E8 7.05032704E8 1.205032704E9 1.205032704E9 1.705032704E9 -2.089934592E9 -2.089934592E9 -2.089934592E9 -2.089934592E9 -1.589934592E9 -1.589934592E9 -5.89934592E8
40 1.0E9 1.5E9 -1.294967296E9 -7.94967296E8 -2.94967296E8 -2.94967296E8 -2.94967296E8 -2.94967296E8 -2.94967296E8 -2.94967296E8 -2.94967296E8 2.05032704E8 7.05032704E8 7.05032704E8 1.205032704E9 1.205032704E9 1.705032704E9 -1.589934592E9 -1.089934592E9 -5.89934592E8
41 1.0E9 1.5E9 2.0E9 -1.294967296E9 -1.294967296E9 -7.94967296E8 2.05032704E8 1.205032704E9 1.205032704E9 1.705032704E9 1.705032704E9 1.705032704E9 -1.589934592E9 -1.589934592E9 -1.089934592E9 -8.9934592E7 -8.9934592E7 4.10065408E8 4.10065408E8 4.10065408E8
42 0.0 5.0E8 5.0E8 2.0E9 2.0E9 2.0E9 2.0E9 -1.794967296E9 -1.294967296E9 -1.294967296E9 -2.94967296E8 2.05032704E8 2.05032704E8 7.05032704E8 1.205032704E9 1.205032704E9 1.705032704E9 -1.589934592E9 -1.089934592E9 -5.89934592E8
43 5.0E8 5.0E8 1.0E9 1.0E9 1.0E9 1.0E9 1.5E9 -1.794967296E9 -7.94967296E8 -7.94967296E8 -2.94967296E8 -2.94967296E8 -2.94967296E8 2.05032704E8 7.05032704E8 1.205032704E9 -1.589934592E9 -1.089934592E9 -1.089934592E9 -8.9934592E7
44 0.0 0.0 0.0 0.0 0.0 5.0E8 1.0E9 1.0E9 1.5E9 1.5E9 2.0E9 -1.794967296E9 -1.794967296E9 -1.294967296E9 -2.94967296E8 2.05032704E8 7.05032704E8 7.05032704E8 7.05032704E8 1.205032704E9
45 5.0E8 5.0E8 1.0E9 1.5E9 1.5E9 -1.294967296E9 -1.294967296E9 -1.294967296E9 -1.294967296E9 -1.294967296E9 -1.294967296E9 -1.294967296E9 -7.94967296E8 -2.94967296E8 -2.94967296E8 2.05032704E8 2.05032704E8 7.05032704E8 1.205032704E9 -2.089934592E9
46 1.0E9 1.0E9 2.0E9 2.0E9 2.0E9 -1.794967296E9 -1.794967296E9 -1.794967296E9 -1.294967296E9 -7.94967296E8 -7.94967296E8 -7.94967296E8 -7.94967296E8 2.05032704E8 1.205032704E9 1.205032704E9 1.705032704E9 -2.089934592E9 -2.089934592E9 -2.089934592E9
47 0.0 0.0 1.0E9 1.0E9 1.0E9 1.0E9 2.0E9 -1.794967296E9 -1.794967296E9 -1.794967296E9 -1.794967296E9 -1.294967296E9 -1.294967296E9 -7.94967296E8 -7.94967296E8 -2.94967296E8 2.05032704E8 2.05032704E8 7.05032704E8 7.05032704E8
48 0.0 0.0 5.0E8 1.0E9 1.0E9 1.5E9 2.0E9 2.0E9 2.0E9 -1.794967296E9 -1.794967296E9 -1.794967296E9 -1.794967296E9 -1.294967296E9 -1.294967296E9 -1.294967296E9 -7.94967296E8 -2.94967296E8 -2.94967296E8 2.05032704E8
49 0.0 5.0E8 1.0E9 1.0E9 1.0E9 1.0E9 1.5E9 1.5E9 1.5E9 2.0E9 2.0E9 -1.794967296E9 -2.94967296E8 7.05032704E8 1.205032704E9 -2.089934592E9 -1.589934592E9 -1.089934592E9 -1.089934592E9 -5.89934592E8
50 0.0 1.5E9 2.0E9 -7.94967296E8 -7.94967296E8 -2.94967296E8 1.205032704E9 1.205032704E9 1.705032704E9 -2.089934592E9 -1.589934592E9 -1.089934592E9 -5.89934592E8 -5.89934592E8 -8.9934592E7 -8.9934592E7 -8.9934592E7 4.10065408E8 9.10065408E8 1.410065408E9
51 5.0E8 5.0E8 5.0E8 5.0E8 1.0E9 1.0E9 1.0E9 1.0E9 1.0E9 1.5E9 2.0E9 -1.794967296E9 -1.794967296E9 -1.794967296E9 -1.294967296E9 -1.294967296E9 -7.94967296E8 -2.94967296E8 2.05032704E8 2.05032704E8
