records: 20
      Record Time
Host  UsedBuffer

  49376.0 98752.0 148128.0 197504.0 246880.0 296256.0 345632.0 395008.0 444384.0 493760.0 543136.0 592512.0 641888.0 691264.0 740640.0 790016.0 839392.0 888768.0 938144.0 987520.0
0 0.0 4000000.0 4000000.0 5000000.0 7000000.0 7000000.0 9000000.0 1.0E7 1.1E7 1.1E7 1.1E7 1.1E7 1.2E7 1.4E7 1.6E7 1.6E7 1.6E7 1.6E7 1.7E7 1.8E7
1 6000000.0 8000000.0 3.8E7 3.8E7 9.3E7 1.46E8 1.81E8 2.0E8 2.61E8 2.62E8 3.21E8 3.31E8 3.71E8 3.72E8 3.72E8 3.72E8 3.74E8 3.74E8 3.78E8 3.79E8
2 1.0E7 1.1E7 3.8E7 6.2E7 6.6E7 1.54E8 1.78E8 2.12E8 2.58E8 2.74E8 3.26E8 3.29E8 3.74E8 3.74E8 4.11E8 4.19E8 4.38E8 5.1E8 5.11E8 5.49E8
3 2000000.0 2000000.0 9000000.0 1.0E7 1.2E7 1.45E8 1.81E8 1.84E8 2.6E8 2.77E8 3.18E8 3.32E8 3.76E8 3.77E8 3.78E8 3.79E8 3.8E8 3.8E8 3.8E8 3.8E8
4 0.0 0.0 1000000.0 2000000.0 3000000.0 7000000.0 7000000.0 8000000.0 8000000.0 8000000.0 1.0E7 1.1E7 1.4E7 1.5E7 1.7E7 1.8E7 1.8E7 1.8E7 2.0E7 2.2E7
5 7000000.0 1.1E7 3.7E7 4.4E7 9.4E7 1.44E8 1.78E8 2.15E8 2.59E8 2.64E8 2.64E8 3.34E8 3.69E8 3.71E8 4.15E8 4.15E8 4.65E8 5.03E8 5.03E8 5.04E8
6 9000000.0 1.1E7 3.6E7 6.2E7 9.5E7 1.51E8 1.82E8 2.18E8 2.63E8 2.81E8 3.24E8 3.26E8 3.77E8 3.77E8 4.16E8 4.18E8 4.69E8 5.19E8 5.19E8 5.19E8
7 3000000.0 5000000.0 4.3E7 4.3E7 9.5E7 1.49E8 1.51E8 2.17E8 2.17E8 2.2E8 3.31E8 3.31E8 3.39E8 3.4E8 3.4E8 3.41E8 3.42E8 5.11E8 5.13E8 5.16E8
8 3000000.0 4000000.0 5000000.0 7000000.0 7.2E7 1.45E8 1.46E8 2.2E8 2.61E8 2.62E8 3.26E8 3.27E8 3.3E8 3.3E8 3.3E8 3.31E8 3.34E8 3.35E8 3.35E8 3.36E8
9 1000000.0 2000000.0 5000000.0 6000000.0 9.0E7 1.43E8 1.8E8 1.81E8 1.84E8 1.84E8 3.22E8 3.35E8 3.74E8 3.74E8 3.74E8 3.74E8 3.74E8 3.75E8 3.75E8 3.76E8
10 0.0 1000000.0 1000000.0 1000000.0 1000000.0 2000000.0 3000000.0 3000000.0 5000000.0 5000000.0 5000000.0 5000000.0 6000000.0 7000000.0 8000000.0 8000000.0 8000000.0 9000000.0 1.0E7 1.1E7
11 8000000.0 1.0E7 1.0E7 1.0E7 1.0E7 1.0E7 1.1E7 2.13E8 2.16E8 2.2E8 3.19E8 3.21E8 3.21E8 3.21E8 4.05E8 4.06E8 4.07E8 5.14E8 5.14E8 5.14E8
12 6000000.0 7000000.0 1.3E7 1.3E7 8.9E7 1.47E8 1.77E8 2.11E8 2.56E8 2.56E8 2.56E8 2.58E8 2.6E8 2.61E8 2.75E8 2.78E8 4.59E8 5.0E8 5.32E8 5.48E8
13 2000000.0 2000000.0 6000000.0 7000000.0 7000000.0 1.57E8 1.83E8 1.88E8 2.6E8 2.6E8 3.18E8 3.18E8 3.7E8 3.7E8 3.74E8 3.75E8 4.6E8 5.0E8 5.31E8 5.47E8
14 1000000.0 2000000.0 5000000.0 6000000.0 9.1E7 1.53E8 1.84E8 2.21E8 2.63E8 2.74E8 3.25E8 3.36E8 3.72E8 3.73E8 3.74E8 3.76E8 4.62E8 5.0E8 5.0E8 5.01E8
15 6000000.0 6000000.0 2.9E7 6.0E7 6.7E7 1.55E8 1.8E8 2.16E8 2.6E8 2.72E8 3.22E8 3.23E8 3.75E8 3.75E8 4.02E8 4.02E8 4.02E8 4.98E8 4.98E8 4.98E8
16 1000000.0 1000000.0 1000000.0 1000000.0 1000000.0 1000000.0 3000000.0 5000000.0 6000000.0 6000000.0 7000000.0 8000000.0 1.0E7 1.1E7 1.4E7 1.6E7 1.8E7 2.0E7 2.3E7 2.4E7
17 1000000.0 3000000.0 4000000.0 5000000.0 7000000.0 8000000.0 8000000.0 1.0E7 1.1E7 1.1E7 1.1E7 1.1E7 1.2E7 1.4E7 1.6E7 1.8E7 1.8E7 1.9E7 2.1E7 2.4E7
18 5000000.0 9000000.0 2.0E7 2.4E7 8.7E7 1.51E8 1.86E8 2.23E8 2.63E8 2.69E8 3.27E8 3.38E8 3.78E8 3.78E8 3.83E8 3.84E8 4.72E8 5.15E8 5.22E8 5.57E8
19 2000000.0 2000000.0 8000000.0 4.5E7 9.2E7 1.46E8 1.82E8 2.17E8 2.61E8 2.63E8 3.23E8 3.37E8 3.75E8 3.75E8 3.79E8 3.79E8 4.6E8 5.05E8 5.36E8 5.51E8
20 5000000.0 6000000.0 3.3E7 6.1E7 6.8E7 1.53E8 1.84E8 2.2E8 2.65E8 2.76E8 3.27E8 3.27E8 3.78E8 3.78E8 4.13E8 4.25E8 4.63E8 5.07E8 5.25E8 5.53E8
21 5000000.0 7000000.0 2.7E7 5.9E7 6.6E7 1.49E8 1.8E8 2.16E8 2.62E8 2.67E8 3.22E8 3.22E8 3.72E8 3.72E8 4.11E8 4.19E8 4.44E8 5.07E8 5.1E8 5.48E8
22 2000000.0 2000000.0 3000000.0 3000000.0 6000000.0 1.58E8 1.58E8 1.59E8 2.61E8 2.73E8 3.22E8 3.35E8 3.79E8 3.79E8 4.14E8 4.14E8 4.14E8 5.14E8 5.33E8 5.47E8
23 7000000.0 1.0E7 1.3E7 1.6E7 1.8E7 3.2E7 1.61E8 1.87E8 1.87E8 1.87E8 1.87E8 1.88E8 1.88E8 1.88E8 2.0E8 2.0E8 2.01E8 2.08E8 2.09E8 2.11E8
24 5000000.0 5000000.0 2.6E7 6.1E7 6.9E7 1.49E8 1.77E8 2.13E8 2.58E8 2.75E8 3.15E8 3.15E8 3.73E8 3.74E8 4.07E8 4.07E8 4.63E8 5.05E8 5.07E8 5.48E8
25 8000000.0 1.0E7 1.2E7 1.5E7 2.9E7 3.1E7 1.7E8 1.89E8 1.93E8 1.93E8 1.94E8 1.94E8 1.94E8 1.95E8 1.95E8 1.95E8 1.95E8 2.1E8 2.12E8 2.12E8
26 0.0 2000000.0 2000000.0 6.0E7 6.8E7 1.5E8 1.81E8 2.16E8 2.62E8 2.69E8 3.22E8 3.35E8 3.69E8 3.69E8 4.16E8 4.18E8 4.47E8 5.15E8 5.15E8 5.5E8
27 9000000.0 9000000.0 3.1E7 6.0E7 6.6E7 1.46E8 1.82E8 2.17E8 2.19E8 2.78E8 3.24E8 3.26E8 3.76E8 3.79E8 4.11E8 4.23E8 4.41E8 5.09E8 5.12E8 5.5E8
28 8000000.0 9000000.0 1.3E7 2.0E7 2.0E7 1.48E8 1.49E8 2.15E8 2.17E8 2.68E8 3.25E8 3.33E8 3.75E8 3.77E8 4.09E8 4.12E8 4.12E8 5.08E8 5.1E8 5.12E8
29 7000000.0 1.2E7 1.6E7 1.9E7 2.9E7 1.45E8 1.45E8 1.45E8 2.6E8 2.6E8 3.2E8 3.2E8 3.62E8 3.62E8 3.68E8 3.68E8 4.45E8 4.98E8 5.37E8 5.52E8
30 3000000.0 5000000.0 5000000.0 1.2E7 1.4E7 1.6E7 1.8E7 2.5E7 2.55E8 2.56E8 3.28E8 3.3E8 3.3E8 3.3E8 3.35E8 3.36E8 3.36E8 5.09E8 5.09E8 5.09E8
31 3000000.0 3000000.0 5000000.0 6000000.0 8000000.0 8000000.0 8000000.0 9000000.0 1.0E7 1.1E7 1.4E7 1.5E7 1.5E7 1.6E7 1.6E7 1.6E7 1.7E7 1.8E7 1.8E7 1.8E7
32 2000000.0 2000000.0 2000000.0 4000000.0 6000000.0 7000000.0 7000000.0 8000000.0 9000000.0 1.0E7 1.2E7 1.3E7 1.3E7 1.7E7 1.7E7 1.8E7 1.9E7 2.1E7 2.2E7 2.3E7
33 8000000.0 9000000.0 4.4E7 6.2E7 9.5E7 1.6E8 1.82E8 2.18E8 2.63E8 2.8E8 3.24E8 3.25E8 3.77E8 3.77E8 4.21E8 4.25E8 4.52E8 5.19E8 5.24E8 5.53E8
34 8000000.0 8000000.0 3.6E7 3.8E7 3.8E7 3.8E7 3.8E7 3.8E7 3.8E7 3.8E7 3.8E7 3.9E7 3.9E7 3.9E7 3.9E7 4.0E7 4.0E7 4.2E7 4.3E7 4.3E7
35 7000000.0 7000000.0 3.2E7 6.0E7 6.8E7 1.5E8 1.81E8 2.17E8 2.63E8 2.8E8 3.24E8 3.25E8 3.76E8 3.78E8 4.11E8 4.24E8 4.5E8 5.07E8 5.08E8 5.52E8
36 1000000.0 1000000.0 3000000.0 3000000.0 4000000.0 5000000.0 7000000.0 8000000.0 8000000.0 9000000.0 9000000.0 1.1E7 1.1E7 1.2E7 1.3E7 1.3E7 1.4E7 1.4E7 1.4E7 1.4E7
37 2000000.0 5000000.0 1.0E7 2.0E7 2.1E7 1.25E8 1.25E8 2.16E8 2.18E8 2.83E8 2.85E8 2.87E8 3.39E8 3.4E8 3.95E8 3.97E8 3.99E8 5.05E8 5.05E8 5.05E8
38 0.0 3000000.0 3000000.0 4000000.0 8000000.0 9000000.0 9000000.0 1.0E7 1.1E7 1.2E7 1.3E7 1.4E7 1.9E7 2.1E7 2.3E7 2.4E7 2.4E7 2.4E7 2.5E7 2.5E7
39 3000000.0 3000000.0 3000000.0 3000000.0 6000000.0 9000000.0 1.0E7 1.0E7 1.0E7 1.1E7 1.2E7 1.2E7 1.3E7 1.4E7 1.4E7 1.4E7 1.4E7 1.5E7 1.5E7 2.4E7
40 2000000.0 3000000.0 6000000.0 8000000.0 9000000.0 9000000.0 9000000.0 9000000.0 9000000.0 9000000.0 9000000.0 1.0E7 1.1E7 1.1E7 1.2E7 1.2E7 1.3E7 1.5E7 1.6E7 1.7E7
41 2000000.0 3000000.0 4000000.0 6000000.0 6000000.0 7000000.0 9000000.0 1.1E7 1.1E7 1.2E7 1.2E7 1.2E7 1.4E7 1.4E7 1.5E7 1.7E7 1.7E7 1.8E7 1.8E7 1.8E7
42 0.0 1000000.0 1000000.0 4000000.0 4000000.0 4000000.0 4000000.0 5000000.0 6000000.0 6000000.0 8000000.0 9000000.0 9000000.0 1.0E7 1.1E7 1.1E7 1.2E7 1.4E7 1.5E7 1.6E7
43 1000000.0 1000000.0 2000000.0 2000000.0 2000000.0 2000000.0 3000000.0 5000000.0 7000000.0 7000000.0 8000000.0 8000000.0 8000000.0 9000000.0 1.0E7 1.1E7 1.4E7 1.5E7 1.5E7 1.7E7
44 0.0 0.0 0.0 0.0 0.0 1000000.0 2000000.0 2000000.0 3000000.0 3000000.0 4000000.0 5000000.0 3.59E8 3.6E8 3.62E8 3.63E8 3.64E8 3.64E8 3.64E8 3.65E8
45 1000000.0 1000000.0 2000000.0 3000000.0 3000000.0 6000000.0 6000000.0 6000000.0 6000000.0 6000000.0 6000000.0 6000000.0 7000000.0 8000000.0 8000000.0 9000000.0 9000000.0 1.0E7 1.1E7 1.3E7
46 2000000.0 2000000.0 4000000.0 4000000.0 4000000.0 5000000.0 5000000.0 5000000.0 6000000.0 7000000.0 7000000.0 7000000.0 7000000.0 9000000.0 1.1E7 1.1E7 1.2E7 1.3E7 1.3E7 1.3E7
47 0.0 0.0 2000000.0 2000000.0 2000000.0 2000000.0 4000000.0 5000000.0 6000000.0 2.58E8 2.58E8 2.59E8 2.59E8 2.6E8 2.6E8 2.61E8 2.62E8 2.62E8 2.63E8 2.63E8
48 6000000.0 6000000.0 7000000.0 8000000.0 8000000.0 9000000.0 1.0E7 1.0E7 1.0E7 1.1E7 1.1E7 1.1E7 1.1E7 1.2E7 1.2E7 1.2E7 1.3E7 1.4E7 1.4E7 1.5E7
49 0.0 1000000.0 2000000.0 2000000.0 2000000.0 2000000.0 3000000.0 3000000.0 3000000.0 4000000.0 4000000.0 5000000.0 8000000.0 1.0E7 1.1E7 1.3E7 1.4E7 1.5E7 1.5E7 1.6E7
50 0.0 3000000.0 4000000.0 7000000.0 7000000.0 8000000.0 1.1E7 1.1E7 1.2E7 1.3E7 1.4E7 1.5E7 1.6E7 1.6E7 1.7E7 1.7E7 1.7E7 1.8E7 1.9E7 2.0E7
51 1000000.0 1000000.0 1000000.0 1000000.0 2000000.0 2000000.0 2000000.0 2000000.0 2000000.0 3000000.0 4000000.0 5000000.0 5000000.0 5000000.0 6000000.0 6000000.0 7000000.0 8000000.0 9000000.0 9000000.0
