0 3350
1 1982
2 4464
3 3280
4 2961
5 2677
6 762
7 1051
8 1527
9 2867
10 545
11 435
12 4370
13 4082
14 2319
15 4023
16 3452
17 976
18 676
19 1394
20 1350
21 2371
22 2486
23 3022
24 3230
25 3092
26 2433
27 2930
28 1995
29 2813
30 3280
31 4084
32 2386
33 2635
34 2410
35 2738
36 2826
37 3205
38 2585
39 3486
40 2588
41 2130
42 4114
43 3606
44 2965
45 2626
46 3217
47 3968
48 3119
49 3943
50 4116
51 3638
52 4256
53 3048
54 1891
55 3722
56 3353
57 3780
58 2783
59 5382
60 3592
61 2391
62 1495
63 3542
64 2375
65 5047
66 3276
67 1991
68 1388
69 3977
70 3166
71 4673
72 3604
73 4764
74 4497
75 4970
76 5465
77 5267
78 5059
79 3919
80 4185
81 5287
82 1441
83 5446
84 2749
85 4152
86 4108
87 5653
88 5245
89 5119
90 4186
91 2014
92 5284
93 1844
94 4159
95 2371
96 657
97 3953
