0 3350
1 1981
2 4464
3 3280
4 2958
5 2675
6 762
7 1053
8 1527
9 2866
10 545
11 435
12 4370
13 4080
14 2319
15 4023
16 3450
17 975
18 676
19 1394
20 1350
21 2371
22 2489
23 3021
24 3229
25 3092
26 2432
27 2931
28 1996
29 2815
30 3280
31 4084
32 2386
33 2635
34 2411
35 2736
36 2828
37 3205
38 2585
39 3487
40 2589
41 2129
42 4115
43 3603
44 2967
45 2628
46 3218
47 3969
48 3118
49 3944
50 4116
51 3639
52 4257
53 3048
54 1890
55 3720
56 3353
57 3779
58 2783
59 5381
60 3592
61 2390
62 1495
63 3542
64 2375
65 5047
66 3276
67 1991
68 1388
69 3981
70 3168
71 4674
72 3604
73 4762
74 4496
75 4969
76 5464
77 5264
78 5057
79 3918
80 4184
81 5285
82 1441
83 5446
84 2748
85 4152
86 4108
87 5652
88 5244
89 5119
90 4186
91 2014
92 5285
93 1845
94 4157
95 2371
96 657
97 3953
