records: 20
      Record Time
Host  UsedBuffer

  49376.0 98752.0 148128.0 197504.0 246880.0 296256.0 345632.0 395008.0 444384.0 493760.0 543136.0 592512.0 641888.0 691264.0 740640.0 790016.0 839392.0 888768.0 938144.0 987520.0
0 5.0E8 1.5E9 -1.794967296E9 -1.544967296E9 -7.94967296E8 -8.84901888E8 -1.79869184E8 -1.72483648E9 -6.4771072E7 -2.109738368E9 1.345294336E9 1.595294336E9 -8.4574848E7 4.15425152E8 9.15425152E8 9.15425152E8 9.15425152E8 9.15425152E8 1.165425152E9 1.415425152E9
1 0.0 0.0 2.5E8 2.5E8 2.5E8 2.5E8 5.0E8 7.5E8 1.0E9 1.0E9 1.0E9 1.25E9 1.5E9 1.75E9 1.75E9 1.75E9 -2.044967296E9 -2.044967296E9 -1.044967296E9 -7.94967296E8
2 2.5E8 5.0E8 7.5E8 1.0E9 1.25E9 1.5E9 1.75E9 2.0E9 -1.794967296E9 -1.794967296E9 -1.544967296E9 -7.94967296E8 -5.44967296E8 -5.44967296E8 -2.94967296E8 -2.94967296E8 4.55032704E8 4.55032704E8 4.55032704E8 1.205032704E9
3 5.0E8 5.0E8 -1.794967296E9 -1.544967296E9 -1.044967296E9 1.615098112E9 -6.79869184E8 1.820130816E9 -3.14771072E8 1.935228928E9 1.095294336E9 1.595294336E9 3.70457856E8 6.20457856E8 8.70457856E8 1.120457856E9 1.370457856E9 1.370457856E9 1.370457856E9 1.370457856E9
4 0.0 0.0 2.5E8 5.0E8 7.5E8 1.75E9 1.75E9 2.0E9 2.0E9 2.0E9 -1.794967296E9 -1.544967296E9 -7.94967296E8 -5.44967296E8 -4.4967296E7 2.05032704E8 2.05032704E8 2.05032704E8 7.05032704E8 1.205032704E9
5 2.5E8 7.5E8 1.0E9 1.25E9 1.5E9 1.75E9 1.75E9 1.75E9 2.0E9 2.0E9 2.0E9 2.0E9 -1.794967296E9 -1.294967296E9 -1.044967296E9 -1.044967296E9 -7.94967296E8 -4.4967296E7 -4.4967296E7 2.05032704E8
6 2.5E8 7.5E8 1.0E9 1.25E9 1.25E9 1.5E9 1.75E9 2.0E9 2.0E9 -1.794967296E9 -1.044967296E9 -5.44967296E8 -2.94967296E8 -2.94967296E8 -2.94967296E8 2.05032704E8 2.05032704E8 4.55032704E8 4.55032704E8 4.55032704E8
7 2.5E8 7.5E8 1.5E9 1.5E9 -7.94967296E8 -1.589934592E9 -1.089934592E9 2.30196224E8 2.30196224E8 9.80196224E8 -5.64771072E8 -5.64771072E8 1.85228928E8 4.35228928E8 4.35228928E8 6.85228928E8 9.35228928E8 -6.09738368E8 -1.09738368E8 -1.09738368E8
8 7.5E8 1.0E9 1.25E9 1.25E9 -1.544967296E9 -1.884901888E9 -1.634901888E9 -1.22483648E9 9.80196224E8 1.230196224E9 1.55032704E9 1.80032704E9 1.255359744E9 1.255359744E9 1.255359744E9 1.505359744E9 -2.039607552E9 -1.789607552E9 -1.789607552E9 -1.539607552E9
9 0.0 2.5E8 2.5E8 5.0E8 5.0E8 7.5E8 7.5E8 7.5E8 1.0E9 1.0E9 1.25E9 1.25E9 1.75E9 1.75E9 1.75E9 1.75E9 1.75E9 2.0E9 2.0E9 -2.044967296E9
10 0.0 2.5E8 2.5E8 2.5E8 2.5E8 5.0E8 7.5E8 7.5E8 1.25E9 1.25E9 1.25E9 1.25E9 1.5E9 1.75E9 2.0E9 2.0E9 2.0E9 -2.044967296E9 -1.794967296E9 -1.544967296E9
11 0.0 5.0E8 5.0E8 5.0E8 5.0E8 5.0E8 7.5E8 1.5E9 -2.044967296E9 -1.294967296E9 -1.044967296E9 -5.44967296E8 -5.44967296E8 -5.44967296E8 -2.94967296E8 -4.4967296E7 2.05032704E8 2.05032704E8 2.05032704E8 2.05032704E8
12 0.0 2.5E8 2.5E8 2.5E8 2.5E8 2.5E8 5.0E8 7.5E8 1.0E9 1.0E9 1.0E9 1.5E9 2.0E9 -2.044967296E9 -2.044967296E9 -1.294967296E9 -1.044967296E9 -1.044967296E9 -7.94967296E8 -5.44967296E8
13 2.5E8 2.5E8 5.0E8 7.5E8 7.5E8 7.5E8 7.5E8 1.0E9 1.0E9 1.0E9 1.0E9 1.0E9 1.0E9 1.0E9 1.0E9 1.25E9 1.5E9 1.75E9 -1.294967296E9 -7.94967296E8
14 2.5E8 5.0E8 5.0E8 7.5E8 1.0E9 1.0E9 1.25E9 1.5E9 1.5E9 2.0E9 -2.044967296E9 -2.044967296E9 -1.794967296E9 -1.544967296E9 -1.294967296E9 -7.94967296E8 -7.94967296E8 -2.94967296E8 -2.94967296E8 -4.4967296E7
15 1.0E9 1.0E9 1.5E9 1.75E9 1.75E9 1.615098112E9 7.7516352E8 -6.4771072E7 1.640261632E9 1.890261632E9 1.755359744E9 2.005359744E9 3.70457856E8 3.70457856E8 3.70457856E8 3.70457856E8 3.70457856E8 3.5065408E8 3.5065408E8 3.5065408E8
16 7.5E8 7.5E8 7.5E8 7.5E8 7.5E8 -1.544967296E9 -1.044967296E9 -5.44967296E8 -6.4771072E7 -2.109738368E9 1.095294336E9 1.345294336E9 -5.84574848E8 -3.34574848E8 1.415425152E9 1.915425152E9 -1.879542144E9 1.530523264E9 -1.764444032E9 -1.559411328E9
17 2.5E8 7.5E8 1.0E9 1.25E9 1.75E9 2.0E9 2.0E9 -1.794967296E9 -1.544967296E9 -1.544967296E9 -1.544967296E9 -1.544967296E9 -1.294967296E9 -7.94967296E8 -2.94967296E8 2.05032704E8 2.05032704E8 4.55032704E8 9.55032704E8 1.705032704E9
18 0.0 2.5E8 2.5E8 5.0E8 7.5E8 1.25E9 1.25E9 1.25E9 1.25E9 2.0E9 2.0E9 2.0E9 2.0E9 2.0E9 -2.044967296E9 -1.794967296E9 -1.544967296E9 -1.044967296E9 -1.044967296E9 -1.044967296E9
19 2.5E8 2.5E8 7.5E8 1.0E9 1.25E9 1.25E9 1.25E9 1.5E9 1.5E9 2.0E9 -2.044967296E9 -1.544967296E9 -1.044967296E9 -1.044967296E9 -1.044967296E9 -1.044967296E9 -1.044967296E9 -1.044967296E9 -1.044967296E9 -7.94967296E8
20 0.0 2.5E8 5.0E8 7.5E8 7.5E8 7.5E8 1.0E9 1.0E9 1.0E9 1.0E9 1.25E9 1.25E9 1.25E9 1.25E9 1.25E9 1.25E9 1.5E9 2.0E9 2.0E9 2.0E9
21 7.5E8 1.25E9 1.75E9 2.0E9 2.0E9 -9.29869184E8 1.27516352E9 4.35228928E8 -1.904705664E9 -1.904705664E9 -1.789607552E9 -1.789607552E9 1.165425152E9 1.165425152E9 1.415425152E9 1.665425152E9 1.915425152E9 1.0065408E8 8.5065408E8 -1.284247808E9
22 2.5E8 2.5E8 5.0E8 5.0E8 1.25E9 1.5E9 1.5E9 1.75E9 1.75E9 2.0E9 -2.044967296E9 -2.044967296E9 -1.794967296E9 -1.794967296E9 -1.794967296E9 -1.794967296E9 -1.794967296E9 -1.794967296E9 -1.544967296E9 -1.544967296E9
23 5.0E8 1.25E9 2.0E9 -1.794967296E9 -1.294967296E9 7.05032704E8 -1.339934592E9 8.65098112E8 8.65098112E8 8.65098112E8 8.65098112E8 1.115098112E9 1.115098112E9 1.115098112E9 1.365098112E9 1.365098112E9 1.615098112E9 5.70130816E8 2.070130816E9 -1.72483648E9
24 0.0 0.0 0.0 0.0 2.5E8 2.5E8 1.0E9 1.0E9 1.25E9 1.75E9 2.0E9 2.0E9 -2.044967296E9 -1.794967296E9 -1.294967296E9 -1.294967296E9 -1.294967296E9 -1.294967296E9 -7.94967296E8 -2.94967296E8
25 7.5E8 1.25E9 1.75E9 2.0E9 -5.44967296E8 4.55032704E8 -1.589934592E9 8.65098112E8 7.0130816E7 7.0130816E7 3.20130816E8 3.20130816E8 3.20130816E8 5.70130816E8 5.70130816E8 5.70130816E8 5.70130816E8 8.20130816E8 -1.97483648E9 -1.97483648E9
26 0.0 5.0E8 5.0E8 1.0E9 1.5E9 1.75E9 2.0E9 -2.044967296E9 -1.544967296E9 -1.544967296E9 -7.94967296E8 -7.94967296E8 -5.44967296E8 -5.44967296E8 -2.94967296E8 2.05032704E8 4.55032704E8 4.55032704E8 4.55032704E8 7.05032704E8
27 1.25E9 1.25E9 1.75E9 -2.044967296E9 -2.044967296E9 -1.679869184E9 1.27516352E9 -3.14771072E8 1.85228928E8 4.35228928E8 1.505359744E9 2.005359744E9 2.030523264E9 -1.514444032E9 -1.264444032E9 -5.14444032E8 -2.64444032E8 6.0065408E8 1.35065408E9 -1.784247808E9
28 2.5E8 2.5E8 5.0E8 1.0E9 1.0E9 1.5E9 1.5E9 1.75E9 2.0E9 -1.794967296E9 -1.544967296E9 -1.294967296E9 -1.294967296E9 -1.044967296E9 -7.94967296E8 -4.4967296E7 -4.4967296E7 -4.4967296E7 4.55032704E8 9.55032704E8
29 0.0 5.0E8 1.25E9 1.25E9 1.5E9 1.75E9 1.75E9 1.75E9 2.0E9 2.0E9 -2.044967296E9 -2.044967296E9 -1.794967296E9 -1.794967296E9 -1.294967296E9 -1.294967296E9 -1.044967296E9 -7.94967296E8 -5.44967296E8 -5.44967296E8
30 2.5E8 2.5E8 2.5E8 5.0E8 1.0E9 1.5E9 2.0E9 2.0E9 -1.544967296E9 -1.294967296E9 -5.44967296E8 -4.4967296E7 -4.4967296E7 -4.4967296E7 2.05032704E8 4.55032704E8 4.55032704E8 7.05032704E8 7.05032704E8 7.05032704E8
31 7.5E8 7.5E8 1.25E9 1.5E9 2.0E9 2.0E9 2.0E9 -2.044967296E9 -1.794967296E9 -1.544967296E9 -7.94967296E8 -5.44967296E8 -5.44967296E8 -2.94967296E8 -2.94967296E8 -2.94967296E8 -4.4967296E7 2.05032704E8 2.05032704E8 2.05032704E8
32 5.0E8 5.0E8 5.0E8 1.0E9 1.5E9 1.75E9 1.75E9 2.0E9 -2.044967296E9 -1.794967296E9 -1.294967296E9 -1.044967296E9 -1.044967296E9 -4.4967296E7 -4.4967296E7 2.05032704E8 4.55032704E8 9.55032704E8 1.205032704E9 1.455032704E9
33 0.0 2.5E8 5.0E8 7.5E8 1.0E9 1.75E9 1.75E9 2.0E9 2.0E9 -1.794967296E9 -1.544967296E9 -1.294967296E9 -1.044967296E9 -1.044967296E9 -1.044967296E9 -1.044967296E9 -7.94967296E8 -7.94967296E8 -7.94967296E8 -7.94967296E8
34 2.5E8 2.5E8 7.5E8 1.25E9 1.25E9 1.25E9 1.25E9 1.25E9 1.25E9 1.25E9 1.25E9 1.5E9 1.5E9 1.5E9 1.5E9 1.75E9 1.75E9 -2.044967296E9 -1.794967296E9 -1.794967296E9
35 1.0E9 1.0E9 1.5E9 2.0E9 -1.794967296E9 3.65098112E8 1.27516352E9 -6.4771072E7 1.890261632E9 -1.654705664E9 1.255359744E9 1.505359744E9 -1.514444032E9 -1.014444032E9 -2.64444032E8 -2.64444032E8 7.35555968E8 1.10065408E9 1.35065408E9 -3.4247808E7
36 2.5E8 2.5E8 7.5E8 7.5E8 1.0E9 1.25E9 1.75E9 2.0E9 2.0E9 -2.044967296E9 -2.044967296E9 -1.544967296E9 -1.544967296E9 -1.294967296E9 -1.044967296E9 -1.044967296E9 -7.94967296E8 -7.94967296E8 -7.94967296E8 -7.94967296E8
37 5.0E8 5.0E8 5.0E8 5.0E8 7.5E8 1.0E9 1.0E9 1.5E9 2.0E9 -1.544967296E9 -1.044967296E9 -5.44967296E8 -2.94967296E8 -4.4967296E7 2.05032704E8 7.05032704E8 1.205032704E9 1.205032704E9 1.205032704E9 1.205032704E9
38 0.0 7.5E8 7.5E8 1.0E9 2.0E9 -2.044967296E9 -2.044967296E9 -1.794967296E9 -1.544967296E9 -1.294967296E9 -1.044967296E9 -7.94967296E8 -5.44967296E8 -4.4967296E7 4.55032704E8 7.05032704E8 7.05032704E8 7.05032704E8 9.55032704E8 9.55032704E8
39 7.5E8 7.5E8 7.5E8 7.5E8 1.5E9 2.0E9 -2.044967296E9 -2.044967296E9 -2.044967296E9 -1.794967296E9 -1.544967296E9 -1.544967296E9 -1.294967296E9 -1.044967296E9 -1.044967296E9 -1.044967296E9 -1.044967296E9 -7.94967296E8 -7.94967296E8 -2.94967296E8
40 5.0E8 7.5E8 1.5E9 1.75E9 2.0E9 2.0E9 2.0E9 2.0E9 2.0E9 2.0E9 2.0E9 -2.044967296E9 -1.794967296E9 -1.794967296E9 -1.544967296E9 -1.544967296E9 -1.294967296E9 -7.94967296E8 -5.44967296E8 -2.94967296E8
41 5.0E8 7.5E8 1.0E9 1.5E9 1.5E9 1.75E9 -2.044967296E9 -1.544967296E9 -1.544967296E9 -1.294967296E9 -1.294967296E9 -1.294967296E9 -7.94967296E8 -7.94967296E8 -5.44967296E8 -4.4967296E7 -4.4967296E7 2.05032704E8 2.05032704E8 2.05032704E8
42 0.0 2.5E8 2.5E8 1.0E9 1.0E9 1.0E9 1.0E9 1.25E9 1.5E9 1.5E9 2.0E9 -2.044967296E9 -2.044967296E9 -1.794967296E9 -1.544967296E9 -1.544967296E9 -1.294967296E9 -7.94967296E8 -5.44967296E8 -2.94967296E8
43 2.5E8 2.5E8 5.0E8 5.0E8 5.0E8 5.0E8 7.5E8 1.25E9 1.75E9 1.75E9 2.0E9 2.0E9 2.0E9 -2.044967296E9 -1.794967296E9 -1.544967296E9 -7.94967296E8 -5.44967296E8 -5.44967296E8 -4.4967296E7
44 0.0 0.0 0.0 0.0 0.0 2.5E8 5.0E8 5.0E8 7.5E8 7.5E8 1.0E9 1.25E9 1.25E9 1.5E9 2.0E9 -2.044967296E9 -1.794967296E9 -1.794967296E9 -1.794967296E9 -1.544967296E9
45 2.5E8 2.5E8 5.0E8 7.5E8 7.5E8 1.5E9 1.5E9 1.5E9 1.5E9 1.5E9 1.5E9 1.5E9 1.75E9 2.0E9 2.0E9 -2.044967296E9 -2.044967296E9 -1.794967296E9 -1.544967296E9 -1.044967296E9
46 5.0E8 5.0E8 1.0E9 1.0E9 1.0E9 1.25E9 1.25E9 1.25E9 1.5E9 1.75E9 1.75E9 1.75E9 1.75E9 -2.044967296E9 -1.544967296E9 -1.544967296E9 -1.294967296E9 -1.044967296E9 -1.044967296E9 -1.044967296E9
47 0.0 0.0 5.0E8 5.0E8 5.0E8 5.0E8 1.0E9 1.25E9 1.25E9 -1.044967296E9 -1.044967296E9 -7.94967296E8 -7.94967296E8 -5.44967296E8 -5.44967296E8 -2.94967296E8 -4.4967296E7 -4.4967296E7 2.05032704E8 2.05032704E8
48 0.0 0.0 2.5E8 5.0E8 5.0E8 7.5E8 1.0E9 1.0E9 1.0E9 1.25E9 1.25E9 1.25E9 1.25E9 1.5E9 1.5E9 1.5E9 1.75E9 2.0E9 2.0E9 -2.044967296E9
49 0.0 2.5E8 5.0E8 5.0E8 5.0E8 5.0E8 7.5E8 7.5E8 7.5E8 1.0E9 1.0E9 1.25E9 2.0E9 -1.794967296E9 -1.544967296E9 -1.044967296E9 -7.94967296E8 -5.44967296E8 -5.44967296E8 -2.94967296E8
50 0.0 7.5E8 1.0E9 1.75E9 1.75E9 2.0E9 -1.544967296E9 -1.544967296E9 -1.294967296E9 -1.044967296E9 -7.94967296E8 -5.44967296E8 -2.94967296E8 -2.94967296E8 -4.4967296E7 -4.4967296E7 -4.4967296E7 2.05032704E8 4.55032704E8 7.05032704E8
51 5.0E8 5.0E8 5.0E8 5.0E8 7.5E8 -1.544967296E9 -1.544967296E9 -1.544967296E9 -1.544967296E9 9.55032704E8 1.205032704E9 1.455032704E9 -5.89934592E8 -5.89934592E8 -3.39934592E8 -3.39934592E8 -8.9934592E7 -8.84901888E8 -6.34901888E8 -6.34901888E8
