0 3351
1 1983
2 4468
3 3279
4 2961
5 2677
6 764
7 1054
8 1526
9 2866
10 545
11 435
12 4376
13 4081
14 2319
15 4026
16 3450
17 976
18 676
19 1394
20 1350
21 2375
22 2487
23 3025
24 3233
25 3094
26 2435
27 2934
28 1998
29 2815
30 3279
31 4082
32 2385
33 2637
34 2410
35 2740
36 2825
37 3207
38 2585
39 3486
40 2593
41 2130
42 4117
43 3607
44 2966
45 2626
46 3217
47 3970
48 3119
49 3935
50 4118
51 3642
52 4258
53 3050
54 1895
55 3721
56 3355
57 3779
58 2782
59 5380
60 3592
61 2391
62 1494
63 3544
64 2376
65 5047
66 3277
67 1993
68 1388
69 3978
70 3168
71 4677
72 3602
73 4763
74 4496
75 4975
76 5462
77 5268
78 5057
79 3918
80 4182
81 5289
82 1440
83 5442
84 2749
85 4151
86 4107
87 5653
88 5246
89 5118
90 4188
91 2012
92 5285
93 1844
94 4156
95 2371
96 657
97 3953
