0 3350
1 1981
2 4466
3 3283
4 2958
5 2677
6 762
7 1051
8 1528
9 2866
10 546
11 435
12 4368
13 4088
14 2319
15 4025
16 3451
17 976
18 676
19 1394
20 1351
21 2373
22 2489
23 3021
24 3230
25 3092
26 2434
27 2931
28 1994
29 2816
30 3280
31 4084
32 2390
33 2638
34 2409
35 2738
36 2826
37 3204
38 2585
39 3486
40 2590
41 2131
42 4116
43 3606
44 2966
45 2626
46 3217
47 3969
48 3119
49 3943
50 4119
51 3643
52 4259
53 3049
54 1893
55 3720
56 3356
57 3783
58 2783
59 5380
60 3588
61 2390
62 1496
63 3541
64 2375
65 5048
66 3276
67 1991
68 1389
69 3976
70 3169
71 4673
72 3608
73 4764
74 4496
75 4970
76 5465
77 5266
78 5057
79 3919
80 4182
81 5284
82 1441
83 5445
84 2749
85 4154
86 4106
87 5652
88 5245
89 5117
90 4186
91 2014
92 5283
93 1845
94 4158
95 2371
96 657
97 3953
