0 3349
1 1982
2 4463
3 3280
4 2959
5 2676
6 762
7 1051
8 1525
9 2867
10 545
11 435
12 4370
13 4082
14 2319
15 4023
16 3452
17 976
18 676
19 1394
20 1350
21 2371
22 2488
23 3022
24 3230
25 3092
26 2433
27 2930
28 1997
29 2814
30 3280
31 4084
32 2386
33 2634
34 2410
35 2738
36 2827
37 3205
38 2585
39 3487
40 2590
41 2130
42 4115
43 3605
44 2965
45 2625
46 3217
47 3967
48 3118
49 3943
50 4116
51 3639
52 4256
53 3048
54 1892
55 3721
56 3353
57 3779
58 2782
59 5382
60 3591
61 2391
62 1495
63 3542
64 2375
65 5047
66 3276
67 1991
68 1388
69 3979
70 3167
71 4672
72 3604
73 4763
74 4496
75 4969
76 5465
77 5268
78 5058
79 3919
80 4185
81 5287
82 1441
83 5445
84 2749
85 4152
86 4107
87 5653
88 5245
89 5119
90 4186
91 2014
92 5284
93 1845
94 4158
95 2371
96 657
97 3952
