records: 20
      Record Time
Host  UsedBuffer

  16870.0 33740.0 50610.0 67480.0 84350.0 101220.0 118090.0 134960.0 151830.0 168700.0 185570.0 202440.0 219310.0 236180.0 253050.0 269920.0 286790.0 303660.0 320530.0 337400.0
0 1000000.0 1000000.0 1000000.0 3000000.0 3000000.0 3000000.0 3000000.0 3000000.0 4000000.0 4000000.0 4000000.0 4000000.0 4000000.0 4000000.0 4000000.0 4000000.0 4000000.0 4000000.0 4000000.0 4000000.0
1 0.0 1000000.0 1000000.0 2000000.0 2000000.0 3000000.0 3000000.0 3000000.0 3000000.0 3000000.0 4000000.0 4000000.0 4000000.0 4000000.0 4000000.0 4000000.0 4000000.0 4000000.0 4000000.0 4000000.0
2 5000000.0 7000000.0 3.0E7 4.3E7 6.0E7 6.3E7 6.5E7 6.8E7 1.12E8 1.32E8 1.35E8 1.37E8 1.37E8 1.77E8 1.88E8 1.89E8 1.91E8 1.96E8 2.33E8 2.4E8
3 0.0 0.0 0.0 0.0 0.0 0.0 1000000.0 1000000.0 1000000.0 1000000.0 1000000.0 1000000.0 1000000.0 1000000.0 1000000.0 2000000.0 2000000.0 2000000.0 2000000.0 2000000.0
4 5000000.0 6000000.0 8000000.0 4.0E7 5.4E7 6.4E7 6.6E7 6.8E7 1.13E8 1.35E8 1.38E8 1.4E8 1.4E8 1.78E8 1.91E8 1.92E8 1.93E8 1.96E8 2.36E8 2.43E8
5 0.0 0.0 0.0 0.0 0.0 0.0 2000000.0 2000000.0 2000000.0 2000000.0 3000000.0 4000000.0 4000000.0 5000000.0 5000000.0 6000000.0 6000000.0 7000000.0 7000000.0 7000000.0
6 0.0 0.0 0.0 4.4E7 5.9E7 5.9E7 5.9E7 6.6E7 1.13E8 1.32E8 1.34E8 1.34E8 1.39E8 1.7E8 1.89E8 1.89E8 1.9E8 1.9E8 2.3E8 2.3E8
7 0.0 0.0 1000000.0 1000000.0 1000000.0 1000000.0 1000000.0 1000000.0 1000000.0 1000000.0 1000000.0 1000000.0 1000000.0 1000000.0 1000000.0 1000000.0 2000000.0 2000000.0 2000000.0 3000000.0
8 0.0 0.0 2.3E7 3.9E7 5.9E7 5.9E7 6.2E7 6.2E7 6.3E7 1.33E8 1.36E8 1.37E8 1.37E8 1.64E8 1.86E8 1.9E8 1.9E8 1.92E8 2.29E8 2.38E8
9 0.0 1000000.0 1000000.0 1000000.0 1000000.0 1000000.0 2000000.0 2000000.0 2000000.0 2000000.0 2000000.0 2000000.0 2000000.0 3000000.0 3000000.0 4000000.0 4000000.0 4000000.0 4000000.0 5000000.0
10 0.0 0.0 0.0 0.0 0.0 0.0 0.0 0.0 1000000.0 2000000.0 3000000.0 3000000.0 3000000.0 3000000.0 3000000.0 3000000.0 3000000.0 3000000.0 3000000.0 4000000.0
11 0.0 0.0 0.0 0.0 0.0 3000000.0 3000000.0 3000000.0 3000000.0 3000000.0 3000000.0 3000000.0 3000000.0 3000000.0 3000000.0 3000000.0 3000000.0 3000000.0 3000000.0 3000000.0
12 0.0 0.0 0.0 0.0 0.0 0.0 0.0 0.0 0.0 0.0 0.0 0.0 0.0 0.0 0.0 0.0 1000000.0 1000000.0 1000000.0 2000000.0
13 5000000.0 7000000.0 3.0E7 4.5E7 5.9E7 6.2E7 6.4E7 6.7E7 1.12E8 1.33E8 1.36E8 1.37E8 1.38E8 1.77E8 1.77E8 1.77E8 1.77E8 1.78E8 1.78E8 1.78E8
14 0.0 0.0 0.0 0.0 1000000.0 1000000.0 1000000.0 1000000.0 2000000.0 2000000.0 2000000.0 2000000.0 2000000.0 2000000.0 3000000.0 3000000.0 3000000.0 4000000.0 4000000.0 4000000.0
15 0.0 0.0 0.0 0.0 0.0 0.0 0.0 0.0 0.0 0.0 0.0 0.0 0.0 0.0 0.0 0.0 0.0 0.0 0.0 0.0
16 0.0 0.0 0.0 0.0 0.0 0.0 0.0 0.0 0.0 0.0 0.0 0.0 0.0 0.0 0.0 0.0 0.0 0.0 0.0 0.0
17 1000000.0 1000000.0 1000000.0 2000000.0 2000000.0 2000000.0 2000000.0 2000000.0 2000000.0 2000000.0 2000000.0 3000000.0 3000000.0 3000000.0 3000000.0 3000000.0 3000000.0 3000000.0 4000000.0 4000000.0
18 0.0 0.0 0.0 1000000.0 1000000.0 1000000.0 1000000.0 1000000.0 1000000.0 2000000.0 2000000.0 2000000.0 2000000.0 2000000.0 3000000.0 3000000.0 3000000.0 3000000.0 3000000.0 3000000.0
19 0.0 0.0 0.0 5000000.0 1.1E7 1.1E7 1.2E7 1.4E7 1.6E7 2.8E7 2.9E7 3.0E7 3.4E7 3.4E7 4.2E7 4.2E7 5.0E7 5.0E7 5.6E7 5.6E7
20 5000000.0 5000000.0 5000000.0 5000000.0 5000000.0 5000000.0 6000000.0 6000000.0 1.02E8 1.3E8 1.3E8 1.31E8 1.31E8 1.32E8 1.9E8 1.9E8 1.9E8 1.9E8 2.33E8 2.38E8
21 3000000.0 5000000.0 6000000.0 7000000.0 7000000.0 6.2E7 6.2E7 6.5E7 1.14E8 1.32E8 1.32E8 1.32E8 1.32E8 1.8E8 1.91E8 1.92E8 1.92E8 1.93E8 2.32E8 2.4E8
22 0.0 0.0 0.0 0.0 0.0 0.0 0.0 0.0 0.0 0.0 0.0 0.0 0.0 0.0 1000000.0 1000000.0 2000000.0 2000000.0 2000000.0 2000000.0
23 1000000.0 3000000.0 2.9E7 4.0E7 6.0E7 6.1E7 6.4E7 6.4E7 1.12E8 1.22E8 1.38E8 1.39E8 1.39E8 1.77E8 1.83E8 1.84E8 1.84E8 1.84E8 2.34E8 2.39E8
24 0.0 0.0 1000000.0 2000000.0 2000000.0 2000000.0 2000000.0 2000000.0 2000000.0 2000000.0 2000000.0 2000000.0 2000000.0 2000000.0 2000000.0 2000000.0 2000000.0 3000000.0 3000000.0 3000000.0
25 0.0 0.0 0.0 0.0 1000000.0 1000000.0 1000000.0 1000000.0 1000000.0 2000000.0 2000000.0 2000000.0 2000000.0 3000000.0 3000000.0 4000000.0 4000000.0 4000000.0 4000000.0 4000000.0
26 0.0 0.0 0.0 2000000.0 3000000.0 4000000.0 4000000.0 4000000.0 4000000.0 4000000.0 4000000.0 4000000.0 4000000.0 4000000.0 4000000.0 4000000.0 4000000.0 4000000.0 4000000.0 4000000.0
27 0.0 1000000.0 1000000.0 1000000.0 1000000.0 1000000.0 1000000.0 1000000.0 2000000.0 2000000.0 2000000.0 2000000.0 2000000.0 3000000.0 3000000.0 3000000.0 3000000.0 3000000.0 3000000.0 3000000.0
28 0.0 0.0 2.8E7 4.0E7 5.5E7 5.9E7 6.0E7 6.7E7 1.13E8 1.34E8 1.36E8 1.36E8 1.36E8 1.36E8 1.37E8 1.37E8 1.37E8 1.38E8 1.5E8 2.41E8
29 0.0 0.0 0.0 0.0 0.0 0.0 0.0 0.0 0.0 0.0 0.0 0.0 0.0 0.0 0.0 0.0 0.0 0.0 1000000.0 2000000.0
30 0.0 0.0 0.0 0.0 0.0 0.0 1000000.0 2000000.0 4000000.0 4000000.0 4000000.0 4000000.0 4000000.0 4000000.0 4000000.0 5000000.0 5000000.0 5000000.0 5000000.0 5000000.0
31 0.0 0.0 0.0 0.0 1000000.0 1000000.0 1000000.0 1000000.0 1000000.0 1000000.0 1000000.0 1000000.0 1000000.0 1000000.0 1000000.0 1000000.0 1000000.0 2000000.0 3000000.0 4000000.0
32 0.0 0.0 0.0 0.0 0.0 0.0 0.0 1000000.0 1000000.0 1000000.0 1000000.0 1000000.0 2000000.0 2000000.0 3000000.0 3000000.0 3000000.0 3000000.0 4000000.0 4000000.0
33 0.0 0.0 3.0E7 4.5E7 4.7E7 4.8E7 4.8E7 5.1E7 1.14E8 1.35E8 1.4E8 1.4E8 1.41E8 1.41E8 1.42E8 1.42E8 1.43E8 1.43E8 1.43E8 1.43E8
34 0.0 0.0 0.0 0.0 0.0 0.0 1000000.0 1000000.0 3000000.0 3000000.0 3000000.0 3000000.0 3000000.0 3000000.0 3000000.0 3000000.0 3000000.0 3000000.0 3000000.0 3000000.0
35 0.0 0.0 1000000.0 1000000.0 2000000.0 2000000.0 2000000.0 2000000.0 3000000.0 3000000.0 4000000.0 4000000.0 5000000.0 5000000.0 5000000.0 5000000.0 5000000.0 5000000.0 5000000.0 5000000.0
36 0.0 1000000.0 1000000.0 1000000.0 1000000.0 2000000.0 2000000.0 2000000.0 2000000.0 3000000.0 3000000.0 3000000.0 3000000.0 3000000.0 4000000.0 4000000.0 5000000.0 5000000.0 6000000.0 6000000.0
37 2000000.0 2000000.0 3.0E7 4.5E7 6.0E7 6.2E7 6.4E7 6.4E7 1.13E8 1.35E8 1.4E8 1.4E8 1.41E8 1.7E8 1.89E8 1.91E8 1.91E8 1.93E8 2.25E8 2.39E8
38 0.0 0.0 0.0 1000000.0 1000000.0 1000000.0 1000000.0 1000000.0 1000000.0 1000000.0 1000000.0 1000000.0 2000000.0 2000000.0 2000000.0 2000000.0 3000000.0 3000000.0 3000000.0 3000000.0
39 0.0 0.0 0.0 1000000.0 1000000.0 1000000.0 1000000.0 2000000.0 2000000.0 2000000.0 2000000.0 2000000.0 2000000.0 2000000.0 2000000.0 2000000.0 2000000.0 2000000.0 2000000.0 2000000.0
40 0.0 0.0 0.0 0.0 0.0 0.0 0.0 0.0 0.0 0.0 0.0 0.0 0.0 0.0 0.0 1000000.0 1000000.0 1000000.0 1000000.0 1000000.0
41 0.0 1000000.0 1000000.0 1000000.0 1000000.0 1000000.0 1000000.0 1000000.0 1000000.0 1000000.0 1000000.0 1000000.0 1000000.0 1000000.0 3000000.0 3000000.0 3000000.0 4000000.0 4000000.0 4000000.0
42 5000000.0 6000000.0 3.0E7 3.9E7 3.9E7 4.7E7 4.8E7 4.9E7 1.13E8 1.34E8 1.4E8 1.4E8 1.4E8 1.78E8 1.88E8 1.88E8 1.9E8 1.9E8 2.35E8 2.41E8
43 2000000.0 3000000.0 2.9E7 3.4E7 3.5E7 3.5E7 3.7E7 6.8E7 1.14E8 1.35E8 1.4E8 1.4E8 1.4E8 1.8E8 1.91E8 1.94E8 1.95E8 1.95E8 2.34E8 2.38E8
44 0.0 0.0 1000000.0 1000000.0 1000000.0 1000000.0 1000000.0 1000000.0 1000000.0 1000000.0 1000000.0 1000000.0 1000000.0 1000000.0 1000000.0 1000000.0 1000000.0 1000000.0 1000000.0 1000000.0
45 1000000.0 2000000.0 2000000.0 3000000.0 6.1E7 6.2E7 6.3E7 6.3E7 1.14E8 1.33E8 1.41E8 1.42E8 1.44E8 1.8E8 1.87E8 1.91E8 1.92E8 1.97E8 2.34E8 2.38E8
46 4000000.0 4000000.0 5000000.0 4.5E7 6.2E7 6.3E7 6.3E7 6.4E7 1.15E8 1.36E8 1.41E8 1.41E8 1.41E8 1.8E8 1.88E8 1.89E8 1.89E8 1.89E8 2.36E8 2.36E8
47 5000000.0 7000000.0 2.9E7 3.9E7 5.8E7 5.9E7 6.3E7 6.5E7 1.14E8 1.35E8 1.4E8 1.41E8 1.41E8 1.8E8 1.89E8 1.9E8 1.9E8 1.9E8 2.35E8 2.41E8
48 1000000.0 1000000.0 2.8E7 4.5E7 5.9E7 6.2E7 6.3E7 6.4E7 1.15E8 1.34E8 1.41E8 1.41E8 1.41E8 1.72E8 1.91E8 1.93E8 1.93E8 1.93E8 2.27E8 2.41E8
49 1000000.0 1000000.0 3.0E7 4.5E7 6.1E7 6.2E7 6.2E7 6.4E7 1.11E8 1.35E8 1.35E8 1.36E8 1.36E8 1.8E8 1.89E8 1.91E8 1.91E8 1.91E8 2.35E8 2.41E8
50 0.0 1000000.0 1000000.0 1000000.0 2000000.0 2000000.0 3000000.0 3000000.0 3000000.0 3000000.0 3000000.0 3000000.0 4000000.0 4000000.0 4000000.0 4000000.0 4000000.0 4000000.0 4000000.0 4000000.0
51 0.0 0.0 0.0 0.0 1000000.0 1000000.0 2000000.0 2000000.0 2000000.0 2000000.0 2000000.0 2000000.0 3000000.0 3000000.0 3000000.0 4000000.0 4000000.0 4000000.0 4000000.0 4000000.0
52 0.0 0.0 1000000.0 1000000.0 2000000.0 2000000.0 2000000.0 2000000.0 2000000.0 3000000.0 3000000.0 3000000.0 3000000.0 3000000.0 4000000.0 4000000.0 4000000.0 5000000.0 5000000.0 6000000.0
53 2000000.0 3000000.0 4000000.0 4000000.0 6000000.0 6000000.0 9000000.0 1.3E7 1.15E8 1.36E8 1.41E8 1.43E8 1.43E8 1.81E8 1.9E8 1.9E8 1.9E8 1.9E8 2.37E8 2.42E8
54 0.0 0.0 0.0 0.0 0.0 0.0 0.0 0.0 0.0 0.0 0.0 1000000.0 1000000.0 1000000.0 1000000.0 2000000.0 2000000.0 2000000.0 2000000.0 3000000.0
55 0.0 0.0 0.0 0.0 0.0 0.0 0.0 0.0 0.0 0.0 0.0 0.0 0.0 0.0 0.0 1000000.0 1000000.0 1000000.0 2000000.0 2000000.0
56 0.0 0.0 0.0 0.0 0.0 0.0 1000000.0 1000000.0 1000000.0 1000000.0 1000000.0 1000000.0 1000000.0 1000000.0 1000000.0 1000000.0 1000000.0 1000000.0 1000000.0 1000000.0
57 0.0 0.0 0.0 0.0 0.0 0.0 0.0 0.0 0.0 0.0 0.0 0.0 0.0 0.0 0.0 0.0 0.0 0.0 0.0 0.0
58 5000000.0 6000000.0 3.0E7 4.1E7 5.7E7 5.7E7 5.7E7 5.7E7 6.0E7 1.34E8 1.4E8 1.4E8 1.4E8 1.4E8 1.89E8 1.89E8 1.9E8 1.93E8 2.06E8 2.06E8
59 0.0 0.0 1000000.0 1000000.0 2000000.0 2000000.0 2000000.0 2000000.0 2000000.0 2000000.0 2000000.0 2000000.0 3000000.0 3000000.0 3000000.0 3000000.0 4000000.0 4000000.0 4000000.0 4000000.0
60 0.0 0.0 0.0 1000000.0 1000000.0 2000000.0 2000000.0 2000000.0 2000000.0 2000000.0 2000000.0 2000000.0 2000000.0 3000000.0 3000000.0 3000000.0 3000000.0 3000000.0 3000000.0 3000000.0
61 3000000.0 3000000.0 2.3E7 4.0E7 5.9E7 6.2E7 6.6E7 6.8E7 1.12E8 1.35E8 1.38E8 1.38E8 1.38E8 1.78E8 1.78E8 1.78E8 1.78E8 1.78E8 1.78E8 1.78E8
62 0.0 0.0 0.0 0.0 0.0 0.0 0.0 0.0 0.0 0.0 0.0 0.0 0.0 0.0 0.0 0.0 0.0 0.0 0.0 1000000.0
63 5000000.0 5000000.0 6000000.0 6000000.0 6000000.0 6000000.0 1.0E7 1.3E7 1.15E8 1.35E8 1.4E8 1.4E8 1.4E8 1.8E8 1.89E8 1.9E8 1.9E8 1.9E8 2.36E8 2.43E8
64 0.0 0.0 0.0 0.0 0.0 0.0 0.0 0.0 0.0 0.0 0.0 0.0 0.0 0.0 0.0 0.0 1000000.0 2000000.0 2000000.0 3000000.0
65 0.0 0.0 0.0 0.0 1000000.0 1000000.0 1000000.0 1000000.0 1000000.0 1000000.0 1000000.0 1000000.0 1000000.0 1000000.0 1000000.0 1000000.0 1000000.0 1000000.0 2000000.0 2000000.0
66 4000000.0 5000000.0 5000000.0 5000000.0 6.1E7 6.2E7 6.3E7 6.3E7 1.14E8 1.35E8 1.4E8 1.41E8 1.43E8 1.77E8 1.85E8 1.85E8 1.86E8 1.86E8 2.34E8 2.41E8
67 0.0 1000000.0 1000000.0 1000000.0 1000000.0 1000000.0 1000000.0 1000000.0 2000000.0 2000000.0 2000000.0 2000000.0 2000000.0 2000000.0 2000000.0 2000000.0 3000000.0 3000000.0 4000000.0 4000000.0
68 0.0 0.0 0.0 0.0 0.0 0.0 0.0 0.0 0.0 1000000.0 1000000.0 1000000.0 1000000.0 1000000.0 1000000.0 2000000.0 2000000.0 2000000.0 2000000.0 3000000.0
69 0.0 0.0 0.0 0.0 0.0 0.0 1000000.0 1000000.0 1000000.0 1000000.0 1000000.0 1000000.0 1000000.0 1000000.0 2000000.0 2000000.0 2000000.0 2000000.0 2000000.0 2000000.0
70 5000000.0 6000000.0 6000000.0 4.6E7 4.6E7 4.6E7 4.7E7 4.9E7 1.14E8 1.35E8 1.4E8 1.42E8 1.42E8 1.8E8 1.9E8 1.9E8 1.9E8 1.9E8 1.91E8 1.91E8
71 0.0 0.0 0.0 0.0 0.0 0.0 0.0 0.0 0.0 0.0 0.0 0.0 1000000.0 1000000.0 1000000.0 1000000.0 1000000.0 1000000.0 2000000.0 2000000.0
72 0.0 0.0 0.0 0.0 0.0 0.0 0.0 2000000.0 2000000.0 4000000.0 4000000.0 4000000.0 4000000.0 4000000.0 4000000.0 4000000.0 4000000.0 4000000.0 4000000.0 4000000.0
73 0.0 0.0 0.0 0.0 0.0 0.0 1000000.0 1000000.0 1000000.0 1000000.0 1000000.0 1000000.0 1000000.0 1000000.0 1000000.0 1000000.0 1000000.0 2000000.0 2000000.0 2000000.0
74 3000000.0 5000000.0 3.0E7 4.5E7 6.0E7 6.2E7 6.3E7 6.3E7 1.13E8 1.34E8 1.37E8 1.37E8 1.37E8 1.37E8 1.9E8 1.9E8 1.9E8 1.91E8 1.91E8 1.91E8
75 0.0 1000000.0 2000000.0 2000000.0 2000000.0 2000000.0 2000000.0 2000000.0 2000000.0 2000000.0 2000000.0 2000000.0 2000000.0 3000000.0 3000000.0 3000000.0 3000000.0 3000000.0 3000000.0 3000000.0
76 0.0 0.0 0.0 0.0 0.0 0.0 0.0 0.0 0.0 0.0 0.0 0.0 0.0 0.0 0.0 0.0 0.0 0.0 0.0 0.0
77 1000000.0 1000000.0 1000000.0 1000000.0 1000000.0 1000000.0 1000000.0 1000000.0 2000000.0 2000000.0 2000000.0 2000000.0 2000000.0 2000000.0 2000000.0 2000000.0 2000000.0 2000000.0 2000000.0 2000000.0
78 0.0 0.0 0.0 0.0 0.0 0.0 0.0 0.0 0.0 0.0 0.0 0.0 0.0 0.0 0.0 0.0 0.0 0.0 0.0 0.0
79 2000000.0 2000000.0 2000000.0 3000000.0 3000000.0 3000000.0 3000000.0 3000000.0 3000000.0 3000000.0 3000000.0 3000000.0 3000000.0 3000000.0 3000000.0 3000000.0 4000000.0 5000000.0 5000000.0 5000000.0
80 0.0 0.0 0.0 0.0 0.0 0.0 0.0 0.0 0.0 0.0 0.0 0.0 1000000.0 1000000.0 1000000.0 1000000.0 1000000.0 1000000.0 1000000.0 1000000.0
81 0.0 0.0 3.0E7 4.4E7 6.0E7 6.1E7 6.2E7 6.3E7 1.13E8 1.33E8 1.38E8 1.38E8 1.38E8 1.78E8 1.88E8 1.89E8 1.89E8 1.89E8 2.34E8 2.38E8
82 0.0 1000000.0 1000000.0 1000000.0 1000000.0 1000000.0 1000000.0 2000000.0 2000000.0 2000000.0 3000000.0 3000000.0 3000000.0 3000000.0 3000000.0 3000000.0 3000000.0 3000000.0 3000000.0 3000000.0
83 0.0 1000000.0 1000000.0 1000000.0 2000000.0 3000000.0 3000000.0 4000000.0 4000000.0 4000000.0 5000000.0 5000000.0 5000000.0 5000000.0 5000000.0 5000000.0 5000000.0 5000000.0 5000000.0 5000000.0
84 0.0 0.0 0.0 0.0 0.0 0.0 0.0 0.0 0.0 0.0 0.0 1000000.0 1000000.0 1000000.0 1000000.0 1000000.0 1000000.0 2000000.0 2000000.0 3000000.0
85 0.0 0.0 0.0 0.0 0.0 0.0 0.0 0.0 0.0 0.0 1000000.0 1000000.0 1000000.0 1000000.0 2000000.0 2000000.0 2000000.0 2000000.0 2000000.0 2000000.0
86 0.0 0.0 1000000.0 1000000.0 1000000.0 1000000.0 2000000.0 2000000.0 2000000.0 2000000.0 2000000.0 2000000.0 2000000.0 3000000.0 4000000.0 4000000.0 4000000.0 4000000.0 4000000.0 4000000.0
87 0.0 0.0 0.0 0.0 0.0 0.0 0.0 1000000.0 1000000.0 1000000.0 1000000.0 1000000.0 1000000.0 1000000.0 1000000.0 1000000.0 1000000.0 1000000.0 1000000.0 1000000.0
88 0.0 0.0 0.0 0.0 0.0 0.0 0.0 0.0 0.0 0.0 0.0 0.0 0.0 0.0 0.0 0.0 0.0 0.0 0.0 0.0
89 2000000.0 2000000.0 2000000.0 2000000.0 2000000.0 2000000.0 2000000.0 2000000.0 2000000.0 2000000.0 2000000.0 3000000.0 4000000.0 5000000.0 5000000.0 5000000.0 5000000.0 6000000.0 6000000.0 6000000.0
90 0.0 0.0 0.0 0.0 0.0 0.0 0.0 0.0 0.0 1000000.0 1000000.0 1000000.0 1000000.0 1000000.0 1000000.0 1000000.0 1000000.0 1000000.0 1000000.0 1000000.0
91 1000000.0 1000000.0 1000000.0 1000000.0 1000000.0 2000000.0 2000000.0 2000000.0 2000000.0 3000000.0 3000000.0 4000000.0 4000000.0 4000000.0 4000000.0 4000000.0 4000000.0 4000000.0 4000000.0 4000000.0
92 4000000.0 6000000.0 6000000.0 4.5E7 6.1E7 6.2E7 6.4E7 6.9E7 1.13E8 1.29E8 1.39E8 1.39E8 1.4E8 1.76E8 1.87E8 1.88E8 1.88E8 1.88E8 2.32E8 2.36E8
93 2000000.0 2000000.0 2.9E7 4.4E7 4.4E7 4.6E7 4.8E7 4.9E7 1.13E8 1.17E8 1.17E8 1.17E8 1.18E8 1.18E8 1.18E8 1.18E8 1.18E8 1.18E8 1.18E8 1.18E8
94 0.0 0.0 0.0 1000000.0 1000000.0 1000000.0 1000000.0 1000000.0 1000000.0 1000000.0 1000000.0 1000000.0 1000000.0 1000000.0 1000000.0 1000000.0 2000000.0 2000000.0 2000000.0 2000000.0
95 0.0 0.0 0.0 0.0 0.0 0.0 0.0 0.0 0.0 0.0 0.0 1000000.0 1000000.0 1000000.0 1000000.0 1000000.0 1000000.0 1000000.0 1000000.0 1000000.0
96 1000000.0 1000000.0 1000000.0 1000000.0 1000000.0 1000000.0 2000000.0 2000000.0 2000000.0 2000000.0 2000000.0 2000000.0 2000000.0 2000000.0 2000000.0 2000000.0 2000000.0 2000000.0 2000000.0 2000000.0
97 5000000.0 6000000.0 3.0E7 4.5E7 6.1E7 6.2E7 6.2E7 6.2E7 6.2E7 6.2E7 6.2E7 6.2E7 6.3E7 6.5E7 6.5E7 6.6E7 6.6E7 6.6E7 6.6E7 6.6E7
