records: 20
      Record Time
Host  UsedBuffer

  49376.0 98752.0 148128.0 197504.0 246880.0 296256.0 345632.0 395008.0 444384.0 493760.0 543136.0 592512.0 641888.0 691264.0 740640.0 790016.0 839392.0 888768.0 938144.0 987520.0
0 0.0 4.0E8 4.0E8 5.0E8 7.0E8 7.0E8 9.0E8 1.0E9 1.1E9 1.1E9 1.1E9 1.1E9 1.2E9 1.4E9 1.6E9 1.6E9 1.6E9 1.6E9 1.7E9 1.8E9
1 5.0E8 7.0E8 -6.94967296E8 -6.94967296E8 -4.94967296E8 4.15098112E8 -1.579869184E9 -3.79869184E8 1.92516352E9 1.92516352E9 -1.064771072E9 -9.64771072E8 -1.659738368E9 -1.559738368E9 -1.559738368E9 -1.559738368E9 -1.359738368E9 -1.359738368E9 -9.59738368E8 -8.59738368E8
2 9.0E8 1.0E9 -1.194967296E9 1.505032704E9 -2.089934592E9 7.15098112E8 -1.679869184E9 7.20130816E8 1.62516352E9 -1.069803776E9 -8.64771072E8 -5.64771072E8 -1.259738368E9 -1.259738368E9 1.040261632E9 1.840261632E9 -1.154705664E9 1.65032704E9 1.75032704E9 6.55359744E8
3 2.0E8 2.0E8 9.0E8 1.0E9 1.2E9 1.5098112E7 -1.679869184E9 -6.79869184E8 1.62516352E9 -9.69803776E8 -1.664771072E9 -1.464771072E9 -1.259738368E9 -1.159738368E9 -1.059738368E9 -9.59738368E8 -8.59738368E8 -8.59738368E8 -8.59738368E8 -8.59738368E8
4 0.0 0.0 1.0E8 2.0E8 3.0E8 7.0E8 7.0E8 8.0E8 8.0E8 8.0E8 1.0E9 1.1E9 1.4E9 1.5E9 1.7E9 1.8E9 1.8E9 1.8E9 2.0E9 -2.094967296E9
5 1.0E8 3.0E8 4.0E8 5.0E8 6.0E8 7.0E8 7.0E8 7.0E8 8.0E8 8.0E8 8.0E8 8.0E8 1.0E9 1.2E9 1.3E9 1.3E9 1.4E9 1.7E9 1.7E9 1.8E9
6 8.0E8 1.0E9 -1.394967296E9 1.505032704E9 1.705032704E9 8.15098112E8 -1.479869184E9 1.020130816E9 1.92516352E9 -4.69803776E8 -8.64771072E8 -6.64771072E8 -1.159738368E9 -1.159738368E9 1.240261632E9 1.440261632E9 1.940261632E9 1.95032704E9 1.95032704E9 1.95032704E9
7 1.0E8 3.0E8 -1.294967296E9 -1.294967296E9 2.105032704E9 -6.84901888E8 -4.84901888E8 1.120130816E9 1.120130816E9 1.420130816E9 1.02516352E9 1.02516352E9 1.82516352E9 1.92516352E9 1.92516352E9 2.02516352E9 2.12516352E9 2.045294336E9 -2.04967296E9 -2.04967296E9
8 3.0E8 4.0E8 5.0E8 5.0E8 1.1E9 -9.84901888E8 -8.84901888E8 -1.79869184E8 7.2516352E8 8.2516352E8 -7.64771072E8 -6.64771072E8 -1.559738368E9 -1.559738368E9 -1.559738368E9 -1.459738368E9 -1.159738368E9 -1.059738368E9 -1.059738368E9 -9.59738368E8
9 2.0E8 3.0E8 6.0E8 7.0E8 1.3E9 -8.4901888E7 -1.679869184E9 -1.479869184E9 -1.179869184E9 -1.179869184E9 -1.064771072E9 -1.064771072E9 -1.259738368E9 -1.259738368E9 -1.259738368E9 -1.259738368E9 -1.259738368E9 -1.159738368E9 -1.159738368E9 -1.059738368E9
10 5.0E8 7.0E8 -1.294967296E9 -1.294967296E9 1.605032704E9 9.15098112E8 1.115098112E9 -7.9869184E7 2.02516352E9 -1.669803776E9 -8.64771072E8 -8.64771072E8 -1.559738368E9 -1.459738368E9 7.40261632E8 7.40261632E8 7.40261632E8 1.85032704E9 1.95032704E9 2.05032704E9
11 7.0E8 9.0E8 9.0E8 9.0E8 9.0E8 9.0E8 1.0E9 6.15098112E8 9.15098112E8 1.215098112E9 -9.64771072E8 -7.64771072E8 -7.64771072E8 -7.64771072E8 7.40261632E8 8.40261632E8 9.40261632E8 1.95032704E9 1.95032704E9 1.95032704E9
12 3.0E8 4.0E8 7.0E8 7.0E8 1.805032704E9 5.15098112E8 -1.879869184E9 4.20130816E8 1.42516352E9 1.42516352E9 1.42516352E9 1.62516352E9 1.82516352E9 1.92516352E9 -1.969803776E9 -1.669803776E9 -9.69803776E8 1.35032704E9 -1.844640256E9 -6.44640256E8
13 3.0E8 3.0E8 7.0E8 8.0E8 8.0E8 2.15098112E8 -1.379869184E9 -1.79869184E8 1.82516352E9 1.82516352E9 -1.364771072E9 -1.364771072E9 -1.259738368E9 -1.259738368E9 -8.59738368E8 -7.59738368E8 -1.59738368E8 1.35032704E9 -1.244640256E9 -7.44640256E8
14 2.0E8 3.0E8 6.0E8 7.0E8 1.4E9 1.015098112E9 -1.379869184E9 2.20130816E8 2.02516352E9 -1.269803776E9 -1.164771072E9 -1.164771072E9 -1.559738368E9 -1.459738368E9 -1.359738368E9 -1.159738368E9 -6.59738368E8 1.25032704E9 1.25032704E9 1.35032704E9
15 2.0E8 2.0E8 2.0E8 2.0E8 2.0E8 4.0E8 6.0E8 7.0E8 9.0E8 9.0E8 9.0E8 1.0E9 1.1E9 1.1E9 1.1E9 1.1E9 1.1E9 1.1E9 1.1E9 1.1E9
16 7.0E8 7.0E8 7.0E8 7.0E8 7.0E8 1.5E9 1.7E9 1.9E9 2.02516352E9 -1.069803776E9 -9.64771072E8 -8.64771072E8 -1.059738368E9 -9.59738368E8 -2.59738368E8 -5.9738368E7 1.40261632E8 2.05032704E9 -1.244640256E9 -2.44640256E8
17 1.0E8 3.0E8 4.0E8 5.0E8 7.0E8 8.0E8 8.0E8 1.0E9 1.1E9 1.1E9 1.1E9 1.1E9 1.2E9 1.4E9 1.6E9 1.8E9 1.8E9 1.9E9 2.1E9 -1.894967296E9
18 5.0E8 9.0E8 9.0E8 1.0E9 1.7E9 -1.84901888E8 -1.179869184E9 1.20130816E8 9.2516352E8 1.22516352E9 -6.64771072E8 -6.64771072E8 -9.59738368E8 -9.59738368E8 -4.59738368E8 -3.59738368E8 1.45294336E8 -2.044640256E9 -1.644640256E9 1.255359744E9
19 3.0E8 3.0E8 8.0E8 1.3E9 2.005032704E9 2.15098112E8 -1.579869184E9 -4.79869184E8 1.72516352E9 1.92516352E9 -8.64771072E8 -6.64771072E8 -1.359738368E9 -1.359738368E9 -9.59738368E8 -9.59738368E8 -4.59738368E8 1.75032704E9 -1.444640256E9 -4.44640256E8
20 0.0 1.0E8 2.0E8 3.0E8 3.0E8 3.0E8 4.0E8 4.0E8 4.0E8 4.0E8 5.0E8 5.0E8 5.0E8 5.0E8 5.0E8 5.0E8 6.0E8 8.0E8 8.0E8 8.0E8
21 1.0E8 3.0E8 3.0E8 3.0E8 3.0E8 3.0E8 5.0E8 7.0E8 8.0E8 8.0E8 1.0E9 1.0E9 1.1E9 1.1E9 1.1E9 1.2E9 1.3E9 1.4E9 1.5E9 1.5E9
22 3.0E8 3.0E8 4.0E8 4.0E8 7.0E8 -4.89934592E8 -4.89934592E8 -3.89934592E8 1.92516352E9 -1.169803776E9 -9.64771072E8 -9.64771072E8 -1.059738368E9 -1.059738368E9 1.340261632E9 1.340261632E9 1.340261632E9 1.65032704E9 -1.044640256E9 -6.44640256E8
23 2.0E8 5.0E8 8.0E8 1.0E9 1.2E9 -1.494967296E9 -5.94967296E8 1.915098112E9 1.915098112E9 1.915098112E9 1.915098112E9 2.015098112E9 2.015098112E9 2.015098112E9 2.115098112E9 2.115098112E9 -2.079869184E9 8.20130816E8 9.20130816E8 1.120130816E9
24 5.0E8 5.0E8 -1.794967296E9 1.405032704E9 2.005032704E9 7.15098112E8 -1.679869184E9 1.120130816E9 1.62516352E9 -8.69803776E8 -1.864771072E9 -1.864771072E9 -1.359738368E9 -1.259738368E9 5.40261632E8 5.40261632E8 -6.54705664E8 1.35032704E9 1.55032704E9 4.55359744E8
25 3.0E8 5.0E8 7.0E8 8.0E8 -1.994967296E9 -1.594967296E9 -6.94967296E8 -7.9869184E7 3.20130816E8 3.20130816E8 4.20130816E8 4.20130816E8 4.20130816E8 5.20130816E8 5.20130816E8 5.20130816E8 5.20130816E8 9.20130816E8 1.220130816E9 1.220130816E9
26 0.0 2.0E8 2.0E8 4.0E8 6.0E8 7.0E8 8.0E8 9.0E8 1.1E9 1.1E9 1.4E9 1.4E9 1.5E9 1.5E9 1.6E9 1.8E9 1.9E9 1.9E9 1.9E9 2.0E9
27 8.0E8 8.0E8 -1.794967296E9 1.305032704E9 1.705032704E9 2.15098112E8 -1.479869184E9 1.020130816E9 1.220130816E9 -6.69803776E8 -8.64771072E8 -6.64771072E8 -1.259738368E9 -9.59738368E8 7.40261632E8 1.940261632E9 -1.154705664E9 1.75032704E9 2.05032704E9 5.55359744E8
28 1.0E8 1.0E8 2.0E8 4.0E8 4.0E8 6.0E8 6.0E8 7.0E8 8.0E8 1.0E9 1.1E9 1.2E9 1.2E9 1.3E9 1.4E9 1.7E9 1.7E9 1.7E9 1.9E9 2.1E9
29 6.0E8 1.1E9 1.5E9 1.5E9 -1.994967296E9 -5.84901888E8 -5.84901888E8 -5.84901888E8 7.2516352E8 7.2516352E8 -1.364771072E9 -1.364771072E9 1.735228928E9 1.735228928E9 -1.959738368E9 -1.959738368E9 -8.54705664E8 1.55032704E9 -1.244640256E9 8.55359744E8
30 3.0E8 5.0E8 5.0E8 6.0E8 8.0E8 1.0E9 1.2E9 1.3E9 -2.89934592E8 -1.89934592E8 -1.979869184E9 -1.779869184E9 -1.779869184E9 -1.779869184E9 -1.679869184E9 -1.579869184E9 -1.579869184E9 8.2516352E8 8.2516352E8 8.2516352E8
31 3.0E8 3.0E8 5.0E8 6.0E8 8.0E8 8.0E8 8.0E8 9.0E8 1.0E9 1.1E9 1.4E9 1.5E9 1.5E9 1.6E9 1.6E9 1.6E9 1.7E9 1.8E9 1.8E9 1.8E9
32 2.0E8 2.0E8 2.0E8 4.0E8 6.0E8 7.0E8 7.0E8 8.0E8 9.0E8 1.0E9 1.2E9 1.3E9 1.3E9 1.7E9 1.7E9 1.8E9 1.9E9 2.1E9 -2.094967296E9 -1.994967296E9
33 7.0E8 8.0E8 -4.94967296E8 1.505032704E9 -2.089934592E9 1.115098112E9 -1.379869184E9 1.120130816E9 2.02516352E9 -4.69803776E8 -7.64771072E8 -6.64771072E8 -1.059738368E9 -1.059738368E9 1.840261632E9 -2.054705664E9 -1.54705664E8 -2.144640256E9 -2.144640256E9 9.55359744E8
34 1.0E8 1.0E8 3.0E8 5.0E8 5.0E8 5.0E8 5.0E8 5.0E8 5.0E8 5.0E8 5.0E8 6.0E8 6.0E8 6.0E8 6.0E8 7.0E8 7.0E8 9.0E8 1.0E9 1.0E9
35 3.0E8 3.0E8 3.0E8 4.0E8 5.0E8 5.0E8 6.0E8 8.0E8 9.0E8 1.1E9 1.1E9 1.2E9 1.2E9 1.4E9 1.5E9 1.5E9 1.6E9 1.6E9 1.7E9 1.8E9
36 1.0E8 1.0E8 3.0E8 3.0E8 4.0E8 5.0E8 7.0E8 8.0E8 8.0E8 9.0E8 9.0E8 1.1E9 1.1E9 1.2E9 1.3E9 1.3E9 1.4E9 1.4E9 1.4E9 1.4E9
37 2.0E8 2.0E8 2.0E8 2.0E8 3.0E8 4.0E8 4.0E8 6.0E8 8.0E8 1.1E9 1.3E9 1.5E9 1.6E9 1.7E9 1.8E9 2.0E9 -2.094967296E9 -2.094967296E9 -2.094967296E9 -2.094967296E9
38 0.0 3.0E8 3.0E8 4.0E8 8.0E8 9.0E8 9.0E8 1.0E9 1.1E9 1.2E9 1.3E9 1.4E9 1.5E9 1.7E9 1.9E9 2.0E9 2.0E9 2.0E9 2.1E9 2.1E9
39 3.0E8 3.0E8 3.0E8 3.0E8 6.0E8 8.0E8 9.0E8 9.0E8 9.0E8 1.0E9 1.1E9 1.1E9 1.2E9 1.3E9 1.3E9 1.3E9 1.3E9 1.4E9 1.4E9 1.6E9
40 2.0E8 3.0E8 6.0E8 7.0E8 8.0E8 8.0E8 8.0E8 8.0E8 8.0E8 8.0E8 8.0E8 9.0E8 1.0E9 1.0E9 1.1E9 1.1E9 1.2E9 1.4E9 1.5E9 1.6E9
41 2.0E8 3.0E8 4.0E8 6.0E8 6.0E8 7.0E8 9.0E8 1.1E9 1.1E9 1.2E9 1.2E9 1.2E9 1.4E9 1.4E9 1.5E9 1.7E9 1.7E9 1.8E9 1.8E9 1.8E9
42 0.0 1.0E8 1.0E8 4.0E8 4.0E8 4.0E8 4.0E8 5.0E8 6.0E8 6.0E8 8.0E8 9.0E8 9.0E8 1.0E9 1.1E9 1.1E9 1.2E9 1.4E9 1.5E9 1.6E9
43 1.0E8 1.0E8 2.0E8 2.0E8 2.0E8 2.0E8 3.0E8 5.0E8 7.0E8 7.0E8 8.0E8 8.0E8 8.0E8 9.0E8 1.0E9 1.1E9 1.4E9 1.5E9 1.5E9 1.7E9
44 0.0 0.0 0.0 0.0 0.0 1.0E8 2.0E8 2.0E8 3.0E8 3.0E8 4.0E8 5.0E8 8.10065408E8 9.10065408E8 1.110065408E9 1.210065408E9 1.310065408E9 1.310065408E9 1.310065408E9 1.410065408E9
45 1.0E8 1.0E8 2.0E8 3.0E8 3.0E8 6.0E8 6.0E8 6.0E8 6.0E8 6.0E8 6.0E8 6.0E8 7.0E8 8.0E8 8.0E8 9.0E8 9.0E8 1.0E9 1.1E9 1.3E9
46 2.0E8 2.0E8 4.0E8 4.0E8 4.0E8 5.0E8 5.0E8 5.0E8 6.0E8 7.0E8 7.0E8 7.0E8 7.0E8 9.0E8 1.1E9 1.1E9 1.2E9 1.3E9 1.3E9 1.3E9
47 0.0 0.0 2.0E8 2.0E8 2.0E8 2.0E8 4.0E8 5.0E8 5.0E8 1.3E9 1.3E9 1.4E9 1.4E9 1.5E9 1.5E9 1.6E9 1.7E9 1.7E9 1.8E9 1.8E9
48 0.0 0.0 1.0E8 2.0E8 2.0E8 3.0E8 4.0E8 4.0E8 4.0E8 5.0E8 5.0E8 5.0E8 5.0E8 6.0E8 6.0E8 6.0E8 7.0E8 8.0E8 8.0E8 9.0E8
49 0.0 1.0E8 2.0E8 2.0E8 2.0E8 2.0E8 3.0E8 3.0E8 3.0E8 4.0E8 4.0E8 5.0E8 8.0E8 1.0E9 1.1E9 1.3E9 1.4E9 1.5E9 1.5E9 1.6E9
50 0.0 3.0E8 4.0E8 7.0E8 7.0E8 8.0E8 1.1E9 1.1E9 1.2E9 1.3E9 1.4E9 1.5E9 1.6E9 1.6E9 1.7E9 1.7E9 1.7E9 1.8E9 1.9E9 2.0E9
51 6.0E8 6.0E8 6.0E8 6.0E8 7.0E8 1.5E9 1.5E9 1.5E9 1.5E9 -7.94967296E8 -6.94967296E8 -5.94967296E8 -1.189934592E9 -1.189934592E9 -1.089934592E9 -1.089934592E9 -9.89934592E8 5.10065408E8 6.10065408E8 6.10065408E8
