records: 20
      Record Time
Host  UsedBuffer

  16870.0 33740.0 50610.0 67480.0 84350.0 101220.0 118090.0 134960.0 151830.0 168700.0 185570.0 202440.0 219310.0 236180.0 253050.0 269920.0 286790.0 303660.0 320530.0 337400.0
0 9000000.0 1.4E7 3.4E7 5.0E7 6.5E7 6.9E7 8.3E7 9.5E7 1.22E8 1.37E8 1.39E8 1.5E8 1.56E8 1.82E8 1.91E8 1.93E8 1.99E8 2.07E8 2.37E8 2.44E8
1 2000000.0 1.5E7 1.6E7 4.8E7 6.5E7 6.8E7 7.5E7 9.5E7 1.22E8 1.34E8 1.44E8 1.47E8 1.49E8 1.82E8 1.9E8 1.94E8 1.96E8 2.16E8 2.32E8 2.42E8
2 8000000.0 1.4E7 3.4E7 4.8E7 6.3E7 6.8E7 8.2E7 9.4E7 1.2E8 1.31E8 1.36E8 1.47E8 1.51E8 1.79E8 1.88E8 1.9E8 1.92E8 2.08E8 2.35E8 2.42E8
3 0.0 0.0 0.0 0.0 0.0 0.0 1000000.0 1000000.0 1000000.0 1000000.0 1000000.0 1000000.0 1000000.0 1000000.0 1000000.0 2000000.0 2000000.0 2000000.0 2000000.0 2000000.0
4 8000000.0 1.3E7 3.3E7 4.9E7 6.4E7 6.9E7 8.3E7 9.5E7 1.22E8 1.36E8 1.39E8 1.5E8 1.56E8 1.82E8 1.91E8 1.93E8 1.94E8 2.11E8 2.38E8 2.45E8
5 0.0 0.0 0.0 0.0 0.0 0.0 2000000.0 2000000.0 2000000.0 2000000.0 3000000.0 4000000.0 4000000.0 5000000.0 5000000.0 6000000.0 6000000.0 7000000.0 7000000.0 7000000.0
6 0.0 0.0 0.0 4.8E7 6.1E7 6.7E7 6.7E7 9.2E7 1.21E8 1.36E8 1.37E8 1.38E8 1.52E8 1.81E8 1.9E8 1.91E8 1.98E8 1.98E8 2.32E8 2.32E8
7 0.0 0.0 1000000.0 1000000.0 1000000.0 1000000.0 1000000.0 1000000.0 1000000.0 1000000.0 1000000.0 1000000.0 1000000.0 1000000.0 1000000.0 1000000.0 2000000.0 2000000.0 2000000.0 3000000.0
8 0.0 0.0 0.0 0.0 0.0 0.0 0.0 0.0 0.0 0.0 0.0 0.0 0.0 0.0 0.0 0.0 0.0 1000000.0 1000000.0 1000000.0
9 0.0 1000000.0 1000000.0 4.9E7 6.5E7 6.8E7 7.5E7 9.5E7 1.22E8 1.35E8 1.44E8 1.47E8 1.49E8 1.79E8 1.91E8 1.94E8 1.97E8 2.17E8 2.36E8 2.41E8
10 0.0 0.0 0.0 0.0 0.0 0.0 0.0 0.0 1000000.0 2000000.0 3000000.0 3000000.0 3000000.0 3000000.0 3000000.0 3000000.0 3000000.0 3000000.0 3000000.0 4000000.0
11 0.0 0.0 0.0 0.0 0.0 3000000.0 3000000.0 3000000.0 3000000.0 3000000.0 3000000.0 3000000.0 3000000.0 3000000.0 3000000.0 3000000.0 3000000.0 3000000.0 3000000.0 3000000.0
12 2000000.0 1.5E7 1.6E7 4.9E7 6.4E7 6.8E7 7.5E7 9.5E7 1.22E8 1.36E8 1.44E8 1.47E8 1.49E8 1.81E8 1.9E8 1.93E8 1.96E8 2.15E8 2.34E8 2.37E8
13 0.0 1000000.0 2000000.0 2000000.0 2000000.0 2000000.0 2000000.0 2000000.0 2000000.0 2000000.0 3000000.0 3000000.0 3000000.0 3000000.0 3000000.0 3000000.0 3000000.0 4000000.0 4000000.0 4000000.0
14 8000000.0 1.3E7 3.4E7 4.8E7 6.2E7 6.6E7 8.0E7 9.2E7 1.2E8 1.35E8 1.37E8 1.48E8 1.54E8 1.79E8 1.81E8 1.81E8 1.81E8 1.82E8 1.82E8 1.82E8
15 0.0 0.0 0.0 0.0 0.0 0.0 0.0 0.0 0.0 0.0 0.0 0.0 0.0 0.0 0.0 0.0 0.0 0.0 0.0 0.0
16 0.0 0.0 0.0 0.0 0.0 0.0 0.0 0.0 0.0 0.0 0.0 0.0 0.0 0.0 0.0 0.0 0.0 0.0 0.0 0.0
17 1000000.0 1000000.0 1000000.0 2000000.0 2000000.0 2000000.0 2000000.0 2000000.0 2000000.0 2000000.0 2000000.0 3000000.0 3000000.0 3000000.0 3000000.0 3000000.0 3000000.0 3000000.0 4000000.0 4000000.0
18 0.0 0.0 0.0 1000000.0 1000000.0 1000000.0 1000000.0 1000000.0 1000000.0 2000000.0 2000000.0 2000000.0 2000000.0 2000000.0 3000000.0 3000000.0 3000000.0 3000000.0 3000000.0 3000000.0
19 0.0 0.0 0.0 0.0 0.0 0.0 1000000.0 3000000.0 3000000.0 3000000.0 3000000.0 3000000.0 3000000.0 3000000.0 3000000.0 3000000.0 3000000.0 3000000.0 3000000.0 3000000.0
20 0.0 0.0 0.0 0.0 0.0 0.0 0.0 0.0 0.0 0.0 0.0 0.0 0.0 1000000.0 1000000.0 1000000.0 1000000.0 1000000.0 1000000.0 2000000.0
21 1.0E7 1.3E7 3.3E7 3.6E7 3.6E7 6.8E7 7.3E7 8.3E7 1.22E8 1.33E8 1.33E8 1.33E8 1.33E8 1.82E8 1.91E8 1.94E8 1.94E8 1.95E8 2.3E8 2.41E8
22 0.0 0.0 0.0 0.0 0.0 0.0 0.0 0.0 0.0 0.0 0.0 0.0 0.0 0.0 1000000.0 1000000.0 2000000.0 2000000.0 2000000.0 2000000.0
23 0.0 2000000.0 3000000.0 3000000.0 3000000.0 3000000.0 3000000.0 3000000.0 3000000.0 3000000.0 3000000.0 4000000.0 4000000.0 4000000.0 4000000.0 4000000.0 4000000.0 4000000.0 4000000.0 4000000.0
24 0.0 0.0 1000000.0 2000000.0 2000000.0 2000000.0 2000000.0 2000000.0 2000000.0 2000000.0 2000000.0 2000000.0 2000000.0 2000000.0 2000000.0 2000000.0 2000000.0 3000000.0 3000000.0 3000000.0
25 0.0 0.0 0.0 0.0 1000000.0 1000000.0 1000000.0 1000000.0 1000000.0 2000000.0 2000000.0 2000000.0 2000000.0 3000000.0 3000000.0 4000000.0 4000000.0 4000000.0 4000000.0 4000000.0
26 9000000.0 1.3E7 3.5E7 4.9E7 6.5E7 6.6E7 6.9E7 6.9E7 1.22E8 1.33E8 1.33E8 1.33E8 1.52E8 1.82E8 1.87E8 1.87E8 1.87E8 1.87E8 1.87E8 1.87E8
27 0.0 1000000.0 1000000.0 1000000.0 1000000.0 1000000.0 1000000.0 1000000.0 2000000.0 2000000.0 2000000.0 2000000.0 2000000.0 3000000.0 3000000.0 3000000.0 3000000.0 3000000.0 3000000.0 3000000.0
28 0.0 0.0 0.0 0.0 0.0 0.0 0.0 0.0 1000000.0 1000000.0 1000000.0 1000000.0 1000000.0 1000000.0 2000000.0 2000000.0 2000000.0 2000000.0 3000000.0 3000000.0
29 1000000.0 1.3E7 3.5E7 5.0E7 6.5E7 6.7E7 6.7E7 6.7E7 6.7E7 6.7E7 6.7E7 6.7E7 1.49E8 1.8E8 1.89E8 1.91E8 1.96E8 2.04E8 2.35E8 2.42E8
30 6000000.0 1.3E7 3.1E7 4.7E7 5.4E7 6.4E7 7.9E7 8.8E7 1.21E8 1.33E8 1.41E8 1.42E8 1.42E8 1.81E8 1.9E8 1.92E8 1.93E8 1.93E8 1.93E8 2.44E8
31 9000000.0 1.5E7 3.4E7 4.9E7 5.7E7 5.7E7 5.8E7 5.9E7 1.19E8 1.3E8 1.37E8 1.38E8 1.47E8 1.77E8 1.85E8 1.85E8 1.85E8 1.86E8 2.32E8 2.36E8
32 0.0 0.0 0.0 0.0 0.0 0.0 0.0 1000000.0 1000000.0 1000000.0 1000000.0 1000000.0 2000000.0 2000000.0 3000000.0 3000000.0 3000000.0 3000000.0 4000000.0 4000000.0
33 0.0 0.0 0.0 0.0 0.0 0.0 0.0 1000000.0 1000000.0 1000000.0 1000000.0 1000000.0 2000000.0 2000000.0 2000000.0 2000000.0 2000000.0 2000000.0 2000000.0 2000000.0
34 8000000.0 1.3E7 3.4E7 4.9E7 6.1E7 6.1E7 8.2E7 8.6E7 1.21E8 1.35E8 1.4E8 1.4E8 1.41E8 1.79E8 1.84E8 1.84E8 1.84E8 1.84E8 2.33E8 2.42E8
35 9000000.0 1.3E7 3.5E7 4.9E7 5.9E7 5.9E7 8.3E7 9.4E7 1.23E8 1.26E8 1.43E8 1.48E8 1.57E8 1.78E8 1.92E8 1.93E8 1.93E8 1.93E8 2.39E8 2.46E8
36 0.0 1000000.0 1000000.0 1000000.0 1000000.0 2000000.0 2000000.0 2000000.0 2000000.0 3000000.0 3000000.0 3000000.0 3000000.0 3000000.0 4000000.0 4000000.0 5000000.0 5000000.0 6000000.0 6000000.0
37 2000000.0 1.7E7 3.5E7 5.0E7 6.5E7 6.8E7 8.4E7 9.5E7 1.23E8 1.38E8 1.42E8 1.42E8 1.55E8 1.81E8 1.9E8 1.94E8 1.98E8 2.07E8 2.35E8 2.44E8
38 1000000.0 2000000.0 2000000.0 3000000.0 6.5E7 6.7E7 7.2E7 9.3E7 1.19E8 1.32E8 1.38E8 1.41E8 1.55E8 1.72E8 1.85E8 1.89E8 1.9E8 1.94E8 1.94E8 1.94E8
39 8000000.0 1.6E7 3.4E7 4.9E7 6.3E7 6.7E7 7.4E7 9.4E7 1.22E8 1.37E8 1.42E8 1.42E8 1.42E8 1.43E8 1.43E8 1.45E8 1.98E8 2.06E8 2.35E8 2.44E8
40 1000000.0 1000000.0 3.5E7 4.0E7 4.1E7 4.1E7 4.3E7 9.6E7 1.23E8 1.37E8 1.45E8 1.48E8 1.48E8 1.82E8 1.91E8 1.94E8 1.95E8 1.95E8 2.38E8 2.45E8
41 0.0 1000000.0 1000000.0 1000000.0 1000000.0 1000000.0 1000000.0 1000000.0 1000000.0 1000000.0 1000000.0 1000000.0 1000000.0 1000000.0 3000000.0 3000000.0 3000000.0 4000000.0 4000000.0 4000000.0
42 1.0E7 1.3E7 3.5E7 4.4E7 4.4E7 4.5E7 4.7E7 9.4E7 1.21E8 1.35E8 1.42E8 1.42E8 1.42E8 1.81E8 1.9E8 1.91E8 1.93E8 1.93E8 2.37E8 2.4E8
43 1000000.0 1000000.0 1000000.0 2000000.0 2000000.0 2000000.0 2000000.0 2000000.0 2000000.0 3000000.0 3000000.0 3000000.0 3000000.0 3000000.0 3000000.0 5000000.0 5000000.0 5000000.0 6000000.0 6000000.0
44 0.0 0.0 1000000.0 1000000.0 1000000.0 1000000.0 1000000.0 1000000.0 1000000.0 1000000.0 1000000.0 1000000.0 1000000.0 1000000.0 1000000.0 1000000.0 1000000.0 1000000.0 1000000.0 1000000.0
45 1000000.0 2000000.0 2000000.0 3000000.0 6.6E7 6.8E7 7.3E7 9.6E7 1.22E8 1.36E8 1.43E8 1.46E8 1.6E8 1.82E8 1.89E8 1.93E8 1.94E8 2.16E8 2.33E8 2.38E8
46 0.0 0.0 1000000.0 1000000.0 1000000.0 1000000.0 1000000.0 1000000.0 1000000.0 1000000.0 2000000.0 2000000.0 2000000.0 2000000.0 2000000.0 2000000.0 2000000.0 2000000.0 2000000.0 2000000.0
47 0.0 0.0 0.0 0.0 0.0 0.0 0.0 0.0 0.0 0.0 0.0 0.0 0.0 0.0 0.0 0.0 0.0 0.0 0.0 0.0
48 0.0 0.0 0.0 0.0 1000000.0 1000000.0 1000000.0 1000000.0 1000000.0 1000000.0 1000000.0 1000000.0 1000000.0 2000000.0 2000000.0 2000000.0 2000000.0 2000000.0 2000000.0 2000000.0
49 0.0 0.0 0.0 0.0 0.0 0.0 0.0 0.0 0.0 0.0 0.0 0.0 0.0 0.0 0.0 0.0 0.0 0.0 0.0 0.0
50 0.0 1000000.0 1000000.0 1000000.0 2000000.0 2000000.0 3000000.0 3000000.0 3000000.0 3000000.0 3000000.0 3000000.0 4000000.0 4000000.0 4000000.0 4000000.0 4000000.0 4000000.0 4000000.0 4000000.0
51 0.0 0.0 0.0 0.0 1000000.0 1000000.0 2000000.0 2000000.0 2000000.0 2000000.0 2000000.0 2000000.0 3000000.0 3000000.0 3000000.0 4000000.0 4000000.0 4000000.0 4000000.0 4000000.0
52 0.0 0.0 1000000.0 1000000.0 2000000.0 2000000.0 2000000.0 2000000.0 2000000.0 3000000.0 3000000.0 3000000.0 3000000.0 3000000.0 4000000.0 4000000.0 4000000.0 5000000.0 5000000.0 6000000.0
53 1000000.0 1000000.0 1000000.0 1000000.0 3000000.0 3000000.0 3000000.0 3000000.0 3000000.0 3000000.0 3000000.0 5000000.0 5000000.0 5000000.0 6000000.0 6000000.0 6000000.0 6000000.0 6000000.0 6000000.0
54 4000000.0 5000000.0 3.5E7 4.9E7 6.5E7 6.6E7 8.3E7 9.5E7 1.22E8 1.27E8 1.27E8 1.38E8 1.55E8 1.81E8 1.84E8 1.85E8 1.97E8 2.06E8 2.35E8 2.37E8
55 1.0E7 1.3E7 1.3E7 5.0E7 6.4E7 6.7E7 7.9E7 9.4E7 1.21E8 1.36E8 1.43E8 1.43E8 1.54E8 1.79E8 1.84E8 1.92E8 1.96E8 1.98E8 2.33E8 2.39E8
56 0.0 0.0 0.0 0.0 0.0 0.0 1000000.0 1000000.0 1000000.0 1000000.0 1000000.0 1000000.0 1000000.0 1000000.0 1000000.0 1000000.0 1000000.0 1000000.0 1000000.0 1000000.0
57 4000000.0 1.3E7 3.5E7 4.4E7 4.4E7 6.9E7 7.0E7 9.3E7 1.22E8 1.36E8 1.42E8 1.45E8 1.6E8 1.82E8 1.91E8 1.94E8 1.98E8 2.16E8 2.36E8 2.4E8
58 1.0E7 1.3E7 3.5E7 4.8E7 5.8E7 5.8E7 5.8E7 5.8E7 6.3E7 1.36E8 1.42E8 1.42E8 1.42E8 1.42E8 1.9E8 1.91E8 1.92E8 2.07E8 2.19E8 2.19E8
59 0.0 0.0 1000000.0 1000000.0 2000000.0 2000000.0 2000000.0 2000000.0 2000000.0 2000000.0 2000000.0 2000000.0 3000000.0 3000000.0 3000000.0 3000000.0 4000000.0 4000000.0 4000000.0 4000000.0
60 9000000.0 1.3E7 3.5E7 4.9E7 6.5E7 6.7E7 8.3E7 9.4E7 1.21E8 1.36E8 1.37E8 1.51E8 1.54E8 1.81E8 1.86E8 1.91E8 1.98E8 2.05E8 2.35E8 2.35E8
61 1000000.0 1000000.0 1000000.0 1000000.0 1000000.0 1000000.0 1000000.0 1000000.0 1000000.0 1000000.0 1000000.0 1000000.0 1000000.0 1000000.0 1000000.0 1000000.0 1000000.0 1000000.0 1000000.0 1000000.0
62 0.0 0.0 0.0 0.0 0.0 0.0 0.0 0.0 0.0 0.0 0.0 0.0 0.0 0.0 0.0 0.0 0.0 0.0 0.0 1000000.0
63 0.0 0.0 0.0 0.0 0.0 0.0 0.0 0.0 0.0 0.0 0.0 0.0 0.0 0.0 0.0 0.0 0.0 0.0 0.0 1000000.0
64 0.0 0.0 0.0 0.0 0.0 0.0 0.0 0.0 0.0 0.0 0.0 0.0 0.0 0.0 0.0 0.0 1000000.0 2000000.0 2000000.0 3000000.0
65 1.0E7 1.4E7 3.5E7 5.0E7 6.6E7 6.8E7 7.5E7 7.6E7 1.23E8 1.36E8 1.42E8 1.43E8 1.43E8 1.82E8 1.91E8 1.92E8 1.92E8 1.92E8 1.93E8 2.0E8
66 0.0 0.0 0.0 0.0 0.0 0.0 0.0 0.0 0.0 0.0 0.0 1000000.0 2000000.0 2000000.0 2000000.0 2000000.0 2000000.0 2000000.0 2000000.0 2000000.0
67 7000000.0 8000000.0 8000000.0 4.2E7 6.2E7 6.2E7 6.2E7 9.4E7 9.6E7 1.37E8 1.4E8 1.4E8 1.61E8 1.82E8 1.9E8 1.9E8 1.91E8 1.91E8 1.92E8 1.92E8
68 0.0 0.0 0.0 0.0 0.0 0.0 0.0 0.0 0.0 1000000.0 1000000.0 1000000.0 1000000.0 1000000.0 1000000.0 2000000.0 2000000.0 2000000.0 2000000.0 3000000.0
69 8000000.0 1.4E7 3.3E7 4.7E7 6.4E7 6.5E7 6.6E7 6.6E7 1.21E8 1.28E8 1.4E8 1.41E8 1.41E8 1.78E8 1.83E8 1.84E8 1.84E8 1.84E8 2.3E8 2.33E8
70 1.0E7 1.3E7 1.3E7 5.0E7 5.0E7 5.0E7 5.1E7 9.3E7 1.22E8 1.35E8 1.42E8 1.52E8 1.52E8 1.82E8 1.87E8 1.87E8 1.87E8 1.87E8 1.88E8 1.88E8
71 0.0 0.0 0.0 0.0 0.0 0.0 0.0 0.0 0.0 0.0 0.0 0.0 1000000.0 1000000.0 1000000.0 1000000.0 1000000.0 1000000.0 2000000.0 2000000.0
72 0.0 0.0 0.0 0.0 0.0 0.0 0.0 2000000.0 2000000.0 4000000.0 4000000.0 4000000.0 4000000.0 4000000.0 4000000.0 4000000.0 4000000.0 4000000.0 4000000.0 4000000.0
73 6000000.0 1.5E7 3.5E7 5.0E7 6.6E7 6.7E7 7.8E7 9.5E7 1.21E8 1.37E8 1.42E8 1.43E8 1.43E8 1.82E8 1.91E8 1.93E8 1.93E8 1.94E8 1.94E8 2.44E8
74 1.0E7 1.7E7 3.5E7 5.0E7 6.5E7 6.7E7 7.8E7 8.9E7 1.21E8 1.34E8 1.37E8 1.37E8 1.37E8 1.8E8 1.9E8 1.9E8 1.9E8 1.91E8 1.91E8 1.91E8
75 0.0 1000000.0 2000000.0 2000000.0 2000000.0 2000000.0 2000000.0 2000000.0 2000000.0 2000000.0 2000000.0 2000000.0 2000000.0 3000000.0 3000000.0 3000000.0 3000000.0 3000000.0 3000000.0 3000000.0
76 0.0 0.0 0.0 0.0 0.0 0.0 0.0 0.0 0.0 0.0 0.0 0.0 0.0 0.0 0.0 0.0 0.0 0.0 0.0 0.0
77 1000000.0 1000000.0 1000000.0 1000000.0 1000000.0 1000000.0 1000000.0 1000000.0 2000000.0 2000000.0 2000000.0 2000000.0 2000000.0 2000000.0 2000000.0 2000000.0 2000000.0 2000000.0 2000000.0 2000000.0
78 1.0E7 1.5E7 3.5E7 5.0E7 6.6E7 6.8E7 6.9E7 9.2E7 1.23E8 1.35E8 1.43E8 1.49E8 1.49E8 1.78E8 1.86E8 1.86E8 1.86E8 1.86E8 2.21E8 2.21E8
79 1.0E7 1.3E7 1.3E7 4.9E7 4.9E7 4.9E7 7.9E7 8.9E7 1.22E8 1.36E8 1.36E8 1.52E8 1.52E8 1.82E8 1.91E8 1.93E8 1.98E8 2.07E8 2.38E8 2.45E8
80 8000000.0 1.3E7 3.2E7 4.9E7 6.5E7 6.6E7 6.7E7 9.3E7 1.22E8 1.36E8 1.42E8 1.43E8 1.46E8 1.81E8 1.9E8 1.91E8 1.98E8 2.05E8 2.38E8 2.45E8
81 0.0 0.0 0.0 0.0 0.0 0.0 0.0 0.0 0.0 0.0 0.0 0.0 0.0 0.0 0.0 0.0 0.0 0.0 0.0 0.0
82 1.0E7 1.4E7 3.5E7 5.0E7 5.4E7 5.4E7 5.4E7 5.7E7 5.7E7 1.33E8 1.37E8 1.37E8 1.37E8 1.42E8 1.42E8 1.42E8 1.42E8 1.42E8 2.36E8 2.36E8
83 0.0 1000000.0 1000000.0 1000000.0 2000000.0 3000000.0 3000000.0 4000000.0 4000000.0 4000000.0 5000000.0 5000000.0 5000000.0 5000000.0 5000000.0 5000000.0 5000000.0 5000000.0 5000000.0 5000000.0
84 8000000.0 1.7E7 3.3E7 5.0E7 5.6E7 5.6E7 8.3E7 9.6E7 1.22E8 1.36E8 1.39E8 1.41E8 1.41E8 1.41E8 1.9E8 1.92E8 1.92E8 2.16E8 2.35E8 2.41E8
85 0.0 0.0 0.0 0.0 0.0 0.0 0.0 0.0 0.0 0.0 1000000.0 1000000.0 1000000.0 1000000.0 2000000.0 2000000.0 2000000.0 2000000.0 2000000.0 2000000.0
86 8000000.0 1.5E7 1.6E7 4.9E7 6.4E7 6.6E7 6.7E7 8.8E7 1.21E8 1.35E8 1.41E8 1.41E8 1.41E8 1.42E8 1.43E8 1.43E8 1.43E8 1.43E8 1.43E8 1.43E8
87 0.0 0.0 0.0 0.0 0.0 0.0 0.0 1000000.0 1000000.0 1000000.0 1000000.0 1000000.0 1000000.0 1000000.0 1000000.0 1000000.0 1000000.0 1000000.0 1000000.0 1000000.0
88 0.0 0.0 0.0 0.0 0.0 0.0 0.0 0.0 0.0 0.0 0.0 0.0 0.0 0.0 0.0 0.0 0.0 0.0 0.0 0.0
89 2000000.0 2000000.0 2000000.0 2000000.0 2000000.0 2000000.0 2000000.0 2000000.0 2000000.0 2000000.0 2000000.0 3000000.0 4000000.0 5000000.0 5000000.0 5000000.0 5000000.0 6000000.0 6000000.0 6000000.0
90 0.0 0.0 0.0 0.0 0.0 0.0 0.0 0.0 0.0 1000000.0 1000000.0 1000000.0 1000000.0 1000000.0 1000000.0 1000000.0 1000000.0 1000000.0 1000000.0 1000000.0
91 1000000.0 1000000.0 1000000.0 1000000.0 1000000.0 2000000.0 2000000.0 2000000.0 2000000.0 3000000.0 3000000.0 4000000.0 4000000.0 4000000.0 4000000.0 4000000.0 4000000.0 4000000.0 4000000.0 4000000.0
92 0.0 0.0 0.0 0.0 0.0 0.0 0.0 0.0 0.0 0.0 0.0 0.0 0.0 1000000.0 1000000.0 1000000.0 1000000.0 1000000.0 1000000.0 1000000.0
93 4000000.0 4000000.0 3.4E7 4.8E7 5.1E7 5.7E7 7.8E7 7.8E7 1.21E8 1.22E8 1.22E8 1.22E8 1.23E8 1.23E8 1.23E8 1.23E8 1.23E8 1.23E8 1.23E8 1.23E8
94 9000000.0 1.7E7 2.0E7 5.0E7 6.6E7 7.0E7 7.3E7 9.5E7 1.23E8 1.34E8 1.34E8 1.34E8 1.34E8 1.34E8 1.34E8 1.34E8 1.35E8 1.35E8 1.35E8 1.35E8
95 0.0 0.0 0.0 0.0 0.0 0.0 0.0 0.0 0.0 0.0 0.0 1000000.0 1000000.0 1000000.0 1000000.0 1000000.0 1000000.0 1000000.0 1000000.0 1000000.0
96 1000000.0 1000000.0 1000000.0 1000000.0 1000000.0 1000000.0 2000000.0 2000000.0 2000000.0 2000000.0 2000000.0 2000000.0 2000000.0 2000000.0 2000000.0 2000000.0 2000000.0 2000000.0 2000000.0 2000000.0
97 0.0 0.0 1000000.0 1000000.0 1000000.0 1000000.0 1000000.0 1000000.0 1000000.0 1000000.0 1000000.0 1000000.0 2000000.0 4000000.0 4000000.0 5000000.0 5000000.0 5000000.0 5000000.0 5000000.0
