Selfish Battery Level: [35, 84, 62, 49, 58, 23, 87, 27, 77, 59, 45, 41, 82, 38, 71, 82, 1, 69, 46, 36, 24, 14, 10, 0, 91, 78, 15, 66, 14, 52, 35, 78, 44, 82, 41, 45, 84, 33, 98, 58, 43, 9, 55, 84, 78, 92, 70, 88, 49, 51, 4, 13, 77, 3, 58, 4, 59, 61, 67, 75, 99, 61, 53, 66, 56, 98, 42, 36, 21, 74, 27, 52, 90, 98, 64, 15, 17, 77, 64, 79, 63, 86, 85, 83, 87, 89, 52, 2, 69, 33, 67, 6, 73, 43, 31, 45, 33, 44, 33, 38, 33, 62, 24, 22, 61, 62, 81, 79, 99, 97, 67, 43, 91, 72, 27, 54, 5, 30, 81, 37, 39, 2, 57, 11, 40, 51, 64, 50, 53, 3, 94, 79, 51, 31, 45, 64, 26, 13, 81, 58, 88, 85, 52, 63, 33, 30, 80, 38, 72, 57, 12, 46, 32, 52, 76, 14, 1, 92, 81, 42, 90, 97, 9, 75, 43, 31, 19, 89, 71, 94, 56, 82, 73, 68, 87, 63, 9, 72, 46, 11, 31, 23, 54, 8, 87, 58, 16, 47, 99, 2, 50, 20, 98, 68, 38, 39, 93, 25, 26, 53, 93, 15, 82, 10, 30, 3, 55, 9, 31, 53, 24, 86, 98, 30, 87, 72, 17, 93, 77, 14, 15, 42, 11, 17, 94, 37, 62, 49, 54, 94, 26, 25, 93, 14, 19, 57, 65, 52, 89, 90, 30, 63, 14, 21, 70, 5, 26, 22, 66, 25, 55, 55, 16, 14, 55, 56, 82, 51, 36, 42, 42, 92, 70, 21, 25, 75, 40, 33, 72, 85, 8, 0, 96, 96, 33, 17, 50, 44, 56, 33, 42, 9, 31, 86, 6, 12, 67, 74, 66, 32, 28, 82, 52, 53, 99, 16, 86, 36, 39, 60, 47, 33, 57, 35, 19, 25, 79, 50, 38, 96, 85, 49, 37, 87, 83, 92, 38, 72, 14, 11, 74, 18, 26, 38, 36, 69, 84, 23, 16, 71, 54, 24, 21, 5, 76, 6, 93, 41, 74, 69, 7, 16, 36, 19, 99, 49, 9, 91, 15, 72, 1, 74, 46, 30, 6, 44, 39, 34, 50, 61, 47, 69, 40, 92, 30, 7, 16, 14, 76, 10, 93, 0, 97, 92, 42, 50, 24, 20, 16, 16, 70, 74, 64, 3, 13, 0, 36, 21, 32, 34, 73, 75, 98, 26, 41, 16, 67, 37, 7, 34, 93, 34, 68, 68, 70, 29, 43, 4, 0, 84, 24, 55, 18, 69, 94, 79, 69, 96, 89, 26, 39, 12, 93, 0, 31, 78, 73, 7, 35, 19, 46, 23, 28, 30, 39, 10, 17, 49, 70, 82, 43, 84, 42, 57, 95, 70, 41, 22, 84, 89, 36, 65, 77, 44, 93, 33, 97, 68, 49, 47, 31, 55, 16, 32, 41, 74, 78, 52, 51, 70, 4, 86, 0, 90, 36, 88, 78, 80, 94, 75, 72, 92, 9, 84, 5, 19, 14, 38, 39, 38, 11, 7, 42, 51, 59, 26, 56, 97, 62, 16, 6, 28, 5, 88, 65, 48, 4, 45, 14, 55, 8, 99, 91, 21, 76, 25, 96, 80, 67, 22, 95, 2, 25, 11, 4, 26, 64, 89, 60, 60, 97, 40, 85, 89, 56, 7, 68, 15, 13, 77, 12, 7, 29, 89, 50, 80, 1, 46, 41, 95, 33, 33, 3, 64, 50, 71, 30, 97, 50, 68, 55, 76, 73, 50, 41, 11, 58, 88, 10, 19, 50, 58, 27, 96, 89, 46, 1, 88, 64, 37, 1, 17, 32, 36, 52, 46, 2, 43, 59, 74, 26, 83, 60, 50, 57, 64, 37, 69, 22, 22, 83, 67, 2, 70, 59, 51, 58, 37, 32, 43, 14, 20, 78, 57, 3, 58, 94, 62, 77, 67, 12, 15, 8, 35, 34]
Hosts: 625
Hosts Average Energy Consume/s: 0.5432804542900199
Hosts Average normal Energy Consume/s: 0.5538930479677492
Hosts Average  Selfish Period Consume/s: 0.2940722161410119

Hosts Average Energy Consume: 13648.662707419217
Hosts Average Normal Energy Consume: 9728.71352486359
Hosts Average Selfish Energy Consume: 3919.9491825581526

Description:
host number
average energy consumption of all periods  - average energy consumption of Normal periods  -  average energy consumption of all selfish periods
energy consumption of all periods  -  energy consumption of Normal periods  -  energy consumption of selfish periods
Active total time  -  Normal Active Time  -  Selfish Active Time
Normal proportion of time  -  Selfish proportion of time
Number of Recharges 


HOST: 0
0.6881909455251541 0.6881909455251541 0.0
12620.733749985802 12620.733749985802 0.0
18339.0 18339.0 0.0
0


HOST: 1
0.5179084396515786 0.5498620512445201 0.5062499999996029
13761.345149982095 3905.6701499898263 9855.674999992269
26571.0 7103.0 19468.0
0


HOST: 2
0.5197608726288155 0.5230012882662646 0.5062500000003638
11430.061349980282 9276.473849978735 2153.5875000015476
21991.0 17737.0 4254.0
0


HOST: 3
0.5451162623381854 0.5470802399147956 0.5062500000003638
13032.639599981338 12450.45209998092 582.1875000004184
23908.0 22758.0 1150.0
0


HOST: 4
0.5342027050748903 0.5384021293903002 0.5177986769234337
12777.060299981225 10252.791749979486 2524.2685500017396
23918.0 19043.0 4875.0
0


HOST: 5
0.5242471119496445 0.5242471119496445 0.0
10128.97844997908 10128.97844997908 0.0
19321.0 19321.0 0.0
0


HOST: 6
0.5138341640545827 0.5270916542088355 0.5069134645384775
9020.358749978199 3173.6188499913987 5846.7398999868
17555.0 6021.0 11534.0
0


HOST: 7
0.532762923264517 0.532762923264517 0.0
12177.89489998033 12177.89489998033 0.0
22858.0 22858.0 0.0
0


HOST: 8
0.506249999998887 0.5062499999985448 0.5062499999993364
9888.581249978259 5614.8187499838605 4273.762499994398
19533.0 11091.0 8442.0
0


HOST: 9
0.5230569610650506 0.5230569610650506 0.0
10008.694949979743 10008.694949979743 0.0
19135.0 19135.0 0.0
0


HOST: 10
0.5444993163741756 0.5444993163741756 0.0
10274.702099980694 10274.702099980694 0.0
18870.0 18870.0 0.0
0


HOST: 11
0.5390811495755665 0.5410172538776012 0.5062500000003638
15198.314849983948 14403.502349983377 794.8125000005712
28193.0 26623.0 1570.0
0


HOST: 12
0.5129605805281608 0.5171378427665938 0.5095587981589865
9710.856749978613 4394.120249987747 5316.736499990866
18931.0 8497.0 10434.0
0


HOST: 13
0.5242479664763641 0.5242479664763641 0.0
8507.495999978437 8507.495999978437 0.0
16228.0 16228.0 0.0
0


HOST: 14
0.5375593172146043 0.5540900093904417 0.5062499999998582
10494.770549980718 7079.608049981674 3415.1624999990436
19523.0 12777.0 6746.0
0


HOST: 15
0.5134748512330118 0.5189239017463131 0.5080495061716792
8715.20864997791 4394.247599987779 4320.961049990132
16973.0 8468.0 8505.0
0


HOST: 16
0.5308432962148212 0.5308432962148212 0.0
14110.876499982376 14110.876499982376 0.0
26582.0 26582.0 0.0
0


HOST: 17
0.5132727172302988 0.5166678056925659 0.5062500000001298
11152.389599979932 7567.633349979013 3584.756250000919
21728.0 14647.0 7081.0
0


HOST: 18
0.5218340990916724 0.5218340990916724 0.0
10869.282449980446 10869.282449980446 0.0
20829.0 20829.0 0.0
0


HOST: 19
0.5062499999985448 0.5062499999985448 0.0
4001.9062499884967 4001.9062499884967 0.0
7905.0 7905.0 0.0
0


HOST: 20
0.5408242567669065 0.5408242567669065 0.0
9768.908549980632 9768.908549980632 0.0
18063.0 18063.0 0.0
0


HOST: 21
0.5504177956683781 0.5504177956683781 0.0
13878.234299982487 13878.234299982487 0.0
25214.0 25214.0 0.0
0


HOST: 22
0.5309054064948542 0.5309054064948542 0.0
10526.79239997997 10526.79239997997 0.0
19828.0 19828.0 0.0
0


HOST: 23
0.5648916376886789 0.5648916376886789 0.0
15108.026849983717 15108.026849983717 0.0
26745.0 26745.0 0.0
0


HOST: 24
0.5102117185338934 0.5062499999985448 0.5111972658480864
11115.4724999794 2197.1249999936845 8918.347499985715
21786.0 4340.0 17446.0
0


HOST: 25
0.5194863338201186 0.5284907400103878 0.5062499999989821
8870.229149978524 5370.522899985561 3499.7062499929634
17075.0 10162.0 6913.0
0


HOST: 26
0.5892113423252039 0.5892113423252039 0.0
10745.447249984743 10745.447249984743 0.0
18237.0 18237.0 0.0
0


HOST: 27
0.5465624181835005 0.5646248282182754 0.5123485824745886
12275.245349983237 8299.42034998043 3975.8250000028074
22459.0 14699.0 7760.0
0


HOST: 28
0.5807413979177672 0.5807413979177672 0.0
8985.811649981613 8985.811649981613 0.0
15473.0 15473.0 0.0
0


HOST: 29
0.5854782972926734 0.5897890376476657 0.5062500000003638
12265.184849984214 11717.928599983821 547.2562500003933
20949.0 19868.0 1081.0
0


HOST: 30
0.560042462806237 0.560042462806237 0.0
12497.907599983986 12497.907599983986 0.0
22316.0 22316.0 0.0
0


HOST: 31
0.5485952025320595 0.5832153599726814 0.5062499999990954
9182.386499981612 5370.830249988423 3811.5562499931893
16738.0 9209.0 7529.0
0


HOST: 32
0.6048868733090399 0.6048868733090399 0.0
11630.764799986218 11630.764799986218 0.0
19228.0 19228.0 0.0
0


HOST: 33
0.5427466748686736 0.5289891838194754 0.5552148701714981
9483.412649980333 4394.313149988382 5089.099499991951
17473.0 8307.0 9166.0
0


HOST: 34
0.6228620268393751 0.6228620268393751 0.0
12160.13534998512 12160.13534998512 0.0
19523.0 19523.0 0.0
0


HOST: 35
0.5676323177163787 0.5676323177163787 0.0
9669.048899980795 9669.048899980795 0.0
17034.0 17034.0 0.0
0


HOST: 36
0.7087706574583139 0.7874542741923329 0.6354390642601301
7287.579899986384 3905.7731999939715 3381.806699992412
10282.0 4960.0 5322.0
0


HOST: 37
0.5594243924447021 0.5594243924447021 0.0
12085.2451499829 12085.2451499829 0.0
21603.0 21603.0 0.0
0


HOST: 38
0.5062499999988367 0.5062499999985448 0.5062499999988523
9563.062499978025 488.0249999985972 9075.037499979428
18890.0 964.0 17926.0
0


HOST: 39
0.5882686878719865 0.6062660477756994 0.5062500000003638
12131.865149983978 10253.171399982628 1878.69375000135
20623.0 16912.0 3711.0
0


HOST: 40
0.5553609663784417 0.5553609663784417 0.0
12620.022599983708 12620.022599983708 0.0
22724.0 22724.0 0.0
0


HOST: 41
0.5660961487938048 0.5660961487938048 0.0
8621.078249980852 8621.078249980852 0.0
15229.0 15229.0 0.0
0


HOST: 42
0.6284933875063825 0.6443312551310626 0.5062500000003638
12104.154149985421 10985.847899984617 1118.3062500008036
19259.0 17050.0 2209.0
0


HOST: 43
0.5637983833876553 0.6247025911694403 0.537762615384119
11770.41884998408 3905.6405999913404 7864.77824999274
20877.0 6252.0 14625.0
0


HOST: 44
0.5730994844238452 0.657940922453591 0.506249999999442
10615.521749982883 5370.771749988664 5244.749999994219
18523.0 8163.0 10360.0
0


HOST: 45
0.5062499999990285 0.5062499999985448 0.5062499999991337
10937.024999979012 1952.6062499943873 8984.418749984625
21604.0 3857.0 17747.0
0


HOST: 46
0.5754408348289742 0.6048956595344497 0.5062499999998722
9932.684249982924 7323.471749983582 2609.212499999341
17261.0 12107.0 5154.0
0


HOST: 47
0.5308438991264484 0.592336107177658 0.5062499999988819
9188.377049979694 2929.1020499935184 6259.274999986175
17309.0 4945.0 12364.0
0


HOST: 48
0.5696327393345043 0.5696327393345043 0.0
10388.961899982689 10388.961899982689 0.0
18238.0 18238.0 0.0
0


HOST: 49
0.5724859345367411 0.5724859345367411 0.0
11473.763099985366 11473.763099985366 0.0
20042.0 20042.0 0.0
0


HOST: 50
0.5458382091692613 0.5458382091692613 0.0
4916.364749987537 4916.364749987537 0.0
9007.0 9007.0 0.0
0


HOST: 51
0.569213553158306 0.569213553158306 0.0
9080.094599981298 9080.094599981298 0.0
15952.0 15952.0 0.0
0


HOST: 52
0.548673840417415 0.5670684627801136 0.5317366920855001
11332.309499981287 5614.544849985905 5717.764649995383
20654.0 9901.0 10753.0
0


HOST: 53
0.5723567942890843 0.5723567942890843 0.0
10344.776699980908 10344.776699980908 0.0
18074.0 18074.0 0.0
0


HOST: 54
0.5552695789250601 0.5577464369244364 0.5197254098364312
10918.820999982383 10253.052749981915 665.7682500004685
19664.0 18383.0 1281.0
0


HOST: 55
0.5404105311132663 0.5404105311132663 0.0
11558.840849981654 11558.840849981654 0.0
21389.0 21389.0 0.0
0


HOST: 56
0.5993031903846605 0.6036073634050896 0.5062500000003638
10397.311049983475 10009.017299983196 388.29375000027903
17349.0 16582.0 767.0
0


HOST: 57
0.5604773100605066 0.5570822527782733 0.6917477375568133
9826.288199980801 9520.53569998069 305.75250000011147
17532.0 17090.0 442.0
0


HOST: 58
0.5448550963852795 0.5620488278783192 0.5085073451331058
11503.525649982406 8055.845849979949 3447.6798000024573
21113.0 14333.0 6780.0
0


HOST: 59
0.5546709006261805 0.5753429864239211 0.533674205285082
11676.931799982352 6103.238399984955 5573.693399997397
21052.0 10608.0 10444.0
0


HOST: 60
0.5062499999990427 0.5062499999985448 0.506249999999054
11054.474999979097 244.0124999992986 10810.462499979798
21836.0 482.0 21354.0
0


HOST: 61
0.563685321333579 0.550063414985332 0.618467286245709
12182.930849982642 9521.04764998111 2661.883200001532
21613.0 17309.0 4304.0
0


HOST: 62
0.5668121072767456 0.5668121072767456 0.0
10662.302549982862 10662.302549982862 0.0
18811.0 18811.0 0.0
0


HOST: 63
0.6724226558043153 0.7443471121064272 0.547195034353886
11803.70729998895 8299.470299986664 3504.2370000022856
17554.0 11150.0 6404.0
0


HOST: 64
0.536905627553696 0.5369960480918976 0.5062500000003638
10771.400699982249 10741.531949982227 29.868750000021464
20062.0 20003.0 59.0
0


HOST: 65
0.5062499999987279 0.5062499999985448 0.5062499999987385
8927.212499977568 488.0249999985972 8439.18749997897
17634.0 964.0 16670.0
0


HOST: 66
0.6197976259918213 0.6197976259918213 0.0
11474.313449986588 11474.313449986588 0.0
18513.0 18513.0 0.0
0


HOST: 67
0.5723992063481609 0.5723992063481609 0.0
9628.327049982414 9628.327049982414 0.0
16821.0 16821.0 0.0
0


HOST: 68
0.5669405985197702 0.5669405985197702 0.0
12645.610049983474 12645.610049983474 0.0
22305.0 22305.0 0.0
0


HOST: 69
0.5647615265402272 0.5970183002525515 0.5293941831681438
11479.907549983198 6346.901549984876 5133.005999998322
20327.0 10631.0 9696.0
0


HOST: 70
0.6210201154309364 0.6210201154309364 0.0
11674.557149986173 11674.557149986173 0.0
18799.0 18799.0 0.0
0


HOST: 71
0.5428440061071783 0.5428440061071783 0.0
8531.336399980415 8531.336399980415 0.0
15716.0 15716.0 0.0
0


HOST: 72
0.5079672701939214 0.5111572056960738 0.5069738747544382
10212.173999978595 2440.2644999930562 7771.909499985539
20104.0 4774.0 15330.0
0


HOST: 73
0.5062499999988276 0.5062499999985448 0.5062499999988429
9506.362499977984 488.0249999985972 9018.337499979387
18778.0 964.0 17814.0
0


HOST: 74
0.5562011427662377 0.5792884417626327 0.5062500000003638
12338.209949983451 8788.3849499809 3549.825000002551
22183.0 15171.0 7012.0
0


HOST: 75
0.5693551959790573 0.5693551959790573 0.0
11330.16839998324 11330.16839998324 0.0
19900.0 19900.0 0.0
0


HOST: 76
0.5269652098846347 0.5269652098846347 0.0
11599.558199980578 11599.558199980578 0.0
22012.0 22012.0 0.0
0


HOST: 77
0.5188286917784349 0.5123053467138814 0.5295525348724063
9145.393349978473 5614.86659998414 3530.526749994333
17627.0 10960.0 6667.0
0


HOST: 78
0.5369273701515929 0.5443724851325464 0.5062500000003638
10771.836899981256 8788.34939997983 1983.4875000014254
20062.0 16144.0 3918.0
0


HOST: 79
0.5062499999985827 0.5062499999985448 0.5062499999986458
8199.224999977045 5126.287499985265 3072.93749999178
16196.0 10126.0 6070.0
0


HOST: 80
0.5400745544542055 0.5400745544542055 0.0
9000.342449979335 9000.342449979335 0.0
16665.0 16665.0 0.0
0


HOST: 81
0.5062499999992234 0.5062499999985448 0.5062499999994704
12805.593749980355 3417.693749990176 9387.899999990179
25295.0 6751.0 18544.0
0


HOST: 82
0.513330292120933 0.5247433791903138 0.5068706829417505
9910.867949978852 3661.6592999900095 6249.208649988843
19307.0 6978.0 12329.0
0


HOST: 83
0.5067327768932098 0.5072522002185695 0.5062499999987804
8605.842749977382 4149.830249988117 4456.012499989265
16983.0 8181.0 8802.0
0


HOST: 84
0.5176429964970557 0.5326178751244364 0.5102283595102749
9312.91514997853 3173.337299991392 6139.577849987138
17991.0 5958.0 12033.0
0


HOST: 85
0.5062499999990699 0.5062499999985448 0.5062499999992339
11287.349999979264 2685.1499999922817 8602.199999986982
22296.0 5304.0 16992.0
0


HOST: 86
0.5241235259834027 0.5241235259834027 0.0
8996.056199979124 8996.056199979124 0.0
17164.0 17164.0 0.0
0


HOST: 87
0.5496400827181757 0.5496400827181757 0.0
12226.1939999831 12226.1939999831 0.0
22244.0 22244.0 0.0
0


HOST: 88
0.5561760070599481 0.572282849363347 0.5321628297634264
12288.152699982493 7567.8683999809 4720.284300001593
22094.0 13224.0 8870.0
0


HOST: 89
0.5737057092300417 0.5737057092300417 0.0
8918.255249980999 8918.255249980999 0.0
15545.0 15545.0 0.0
0


HOST: 90
0.5724177913393991 0.5904838341993205 0.5062500000003638
9941.752199982684 8055.970949981329 1885.7812500013551
17368.0 13643.0 3725.0
0


HOST: 91
0.5762140126758469 0.5762140126758469 0.0
8908.84484998127 8908.84484998127 0.0
15461.0 15461.0 0.0
0


HOST: 92
0.544039749151784 0.5757712264137416 0.5100169008147147
12036.879449983222 6591.428999984513 5445.450449998709
22125.0 11448.0 10677.0
0


HOST: 93
0.6575583774296359 0.6575583774296359 0.0
11059.474349989045 11059.474349989045 0.0
16819.0 16819.0 0.0
0


HOST: 94
0.574650742311034 0.574650742311034 0.0
13005.49559998332 13005.49559998332 0.0
22632.0 22632.0 0.0
0


HOST: 95
0.5655680978043728 0.5655680978043728 0.0
11750.24279998365 11750.24279998365 0.0
20776.0 20776.0 0.0
0


HOST: 96
0.5667201639335342 0.5667201639335342 0.0
10889.52794998286 10889.52794998286 0.0
19215.0 19215.0 0.0
0


HOST: 97
0.5228943017146532 0.5299988950911614 0.5082420364599463
20027.37464997293 13670.791499981417 6356.583150004548
38301.0 25794.0 12507.0
0


HOST: 98
0.5105150395299656 0.5105438851947244 0.5102983114450172
18532.206449977282 16356.294449983387 2175.9120000015537
36301.0 32037.0 4264.0
0


HOST: 99
0.5272878901701035 0.5296709966398981 0.5062500000003638
16774.609649981503 15135.87839998173 1638.7312500011776
31813.0 28576.0 3237.0
0


HOST: 100
0.5205188590814023 0.5231957249778568 0.5062500000003638
19325.824199974304 16356.667949982737 2969.1562500021337
37128.0 31263.0 5865.0
0


HOST: 101
0.5158181222454762 0.522751487658018 0.5088502038739606
18262.02479997884 9276.747899979187 8985.276900006396
35404.0 17746.0 17658.0
0


HOST: 102
0.5319950245492073 0.5333827468729818 0.5062500000003638
19502.937599973942 18553.71884997667 949.2187500006821
36660.0 34785.0 1875.0
0


HOST: 103
0.5321831920968517 0.534784012974293 0.5062500000002297
20849.873099970457 19042.054349975653 1807.8187500008203
39178.0 35607.0 3571.0
0


HOST: 104
0.5123941678061102 0.5168058571261768 0.5067787362678962
16855.206149981997 9520.597499978428 7334.608650005261
32895.0 18422.0 14473.0
0


HOST: 105
0.515598107911817 0.522732537892529 0.5073715645510755
17085.890099981792 9276.934349978714 7808.955750005602
33138.0 17747.0 15391.0
0


HOST: 106
0.521936094131484 0.519893291109418 0.5227018341105374
17077.748999982156 4637.968049987117 12439.780949996679
32720.0 8921.0 23799.0
0


HOST: 107
0.5204810998316216 0.5213465931034185 0.5202241356925124
22355.70419996781 5126.401049985914 17229.303150000316
42952.0 9833.0 33119.0
0


HOST: 108
0.5115263002292281 0.5062499999985448 0.5115815518469488
23791.599749961628 244.0124999992986 23547.587249963202
46511.0 482.0 46029.0
0


HOST: 109
0.5121206833053702 0.5467668035833153 0.510892266648425
20025.967199973195 732.1207499980592 19293.84644997777
39104.0 1339.0 37765.0
0


HOST: 110
0.5147868929103091 0.510266062831093 0.5177618372794585
20478.222599972098 8056.0805999772965 12422.142000008767
39780.0 15788.0 23992.0
0


HOST: 111
0.5223815884198406 0.5308683351129886 0.5062500000003638
20896.308299970464 13915.120799981656 6981.187500005017
40002.0 26212.0 13790.0
0


HOST: 112
0.5062499999993589 0.5062499999985448 0.5062499999997102
18666.956249976363 2197.1249999936845 16469.831249990573
36873.0 4340.0 32533.0
0


HOST: 113
0.5762317030992582 0.6114211218451175 0.5093927357685503
9832.241549982642 6834.465299984724 2997.776249997918
17063.0 11178.0 5885.0
0


HOST: 114
0.564458525608059 0.564458525608059 0.0
12354.303749983586 12354.303749983586 0.0
21887.0 21887.0 0.0
0


HOST: 115
0.6090579044109302 0.6168454408120382 0.5062500000003638
11927.789999983657 11229.671249983156 698.1187500005017
19584.0 18205.0 1379.0
0


HOST: 116
0.5932470530712418 0.5932470530712418 0.0
13044.909449983537 13044.909449983537 0.0
21989.0 21989.0 0.0
0


HOST: 117
0.5230918821568213 0.5230918821568213 0.0
10094.104049980182 10094.104049980182 0.0
19297.0 19297.0 0.0
0


HOST: 118
0.5085326189422396 0.5091201866066704 0.5062499999985448
5825.241149983354 4638.084899986767 1187.1562499965876
11455.0 9110.0 2345.0
0


HOST: 119
0.5459897576106573 0.5459897576106573 0.0
11082.500099981122 11082.500099981122 0.0
20298.0 20298.0 0.0
0


HOST: 120
0.5441020735102008 0.5441020735102008 0.0
11309.705699983033 11309.705699983033 0.0
20786.0 20786.0 0.0
0


HOST: 121
0.5343165892181964 0.5343165892181964 0.0
9198.794399980468 9198.794399980468 0.0
17216.0 17216.0 0.0
0


HOST: 122
0.5820290744898636 0.5805491593840167 0.7802500000004026
10602.823649981845 10497.48989998179 105.33375000005435
18217.0 18082.0 135.0
0


HOST: 123
0.5445113753930818 0.5445113753930818 0.0
8630.505299980347 8630.505299980347 0.0
15850.0 15850.0 0.0
0


HOST: 124
0.5875885007489008 0.5875885007489008 0.0
11757.645899985506 11757.645899985506 0.0
20010.0 20010.0 0.0
0


HOST: 125
0.5814925966080742 0.5814925966080742 0.0
11797.32179998461 11797.32179998461 0.0
20288.0 20288.0 0.0
0


HOST: 126
0.5917057423623499 0.6057480976002169 0.5062500000003638
9995.093399984813 8788.193399983946 1206.9000000008673
16892.0 14508.0 2384.0
0


HOST: 127
0.5357130306922376 0.5357130306922376 0.0
6649.805849982746 6649.805849982746 0.0
12413.0 12413.0 0.0
0


HOST: 128
0.5550974421338971 0.5550974421338971 0.0
11295.677849982672 11295.677849982672 0.0
20349.0 20349.0 0.0
0


HOST: 129
0.5472342655296718 0.5472342655296718 0.0
12200.587949984034 12200.587949984034 0.0
22295.0 22295.0 0.0
0


HOST: 130
0.5062499999987986 0.5062499999985448 0.5062499999988459
9330.693749977858 1464.5812499957901 7866.112499982068
18431.0 2893.0 15538.0
0


HOST: 131
0.5207200856840892 0.5299933267844554 0.5062499999986816
8264.869199977864 5126.625449986037 3138.243749991827
15872.0 9673.0 6199.0
0


HOST: 132
0.5117620411013295 0.5117620411013295 0.0
10956.825299979464 10956.825299979464 0.0
21410.0 21410.0 0.0
0


HOST: 133
0.5368075730765567 0.5368075730765567 0.0
12138.829649980176 12138.829649980176 0.0
22613.0 22613.0 0.0
0


HOST: 134
0.5177787394253828 0.5177787394253828 0.0
10038.694199979322 10038.694199979322 0.0
19388.0 19388.0 0.0
0


HOST: 135
0.5655553301380809 0.6106203189037297 0.5069415235861215
14398.473149985402 8788.658249981381 5609.814900004021
25459.0 14393.0 11066.0
0


HOST: 136
0.5184005290239305 0.5184005290239305 0.0
10877.07989998011 10877.07989998011 0.0
20982.0 20982.0 0.0
0


HOST: 137
0.5368424011837685 0.5368424011837685 0.0
10512.447899980554 10512.447899980554 0.0
19582.0 19582.0 0.0
0


HOST: 138
0.5062499999990898 0.5062499999985448 0.5062499999994602
11463.01874997939 4638.2624999866675 6824.756249992723
22643.0 9162.0 13481.0
0


HOST: 139
0.5231801264486448 0.5291406641884806 0.5073020208967063
13943.27354998283 10253.158649980189 3690.1149000026417
26651.0 19377.0 7274.0
0


HOST: 140
0.5062499999985828 0.5062499999985448 0.5062499999986039
8199.731249977045 2929.1624999915803 5270.568749985465
16197.0 5786.0 10411.0
0


HOST: 141
0.506249999998869 0.5062499999985448 0.5062499999990633
9769.612499978173 3661.7062499894746 6107.906249988699
19298.0 7233.0 12065.0
0


HOST: 142
0.5281460833943933 0.5281460833943933 0.0
10639.502849980054 10639.502849980054 0.0
20145.0 20145.0 0.0
0


HOST: 143
0.5331995283180911 0.5412703259815033 0.5213881215473273
14978.1079499835 9032.719199979327 5945.388750004173
28091.0 16688.0 11403.0
0


HOST: 144
0.5150330774428962 0.5150330774428962 0.0
9124.325999978348 9124.325999978348 0.0
17716.0 17716.0 0.0
0


HOST: 145
0.5147005222342274 0.5147005222342274 0.0
9560.047499978538 9560.047499978538 0.0
18574.0 18574.0 0.0
0


HOST: 146
0.5094260729969253 0.5114944211614669 0.508270601661882
13566.525749981118 4882.214249986202 8684.311499994916
26631.0 9545.0 17086.0
0


HOST: 147
0.5289002583618911 0.5289002583618911 0.0
11668.597499980042 11668.597499980042 0.0
22062.0 22062.0 0.0
0


HOST: 148
0.5140203118973594 0.5184957710673644 0.5062499999997991
10679.28599997954 6835.329749981065 3843.956249998475
20776.0 13183.0 7593.0
0


HOST: 149
0.52106799988638 0.52106799988638 0.0
9269.278649978813 9269.278649978813 0.0
17789.0 17789.0 0.0
0


HOST: 150
0.5528559907823241 0.5528559907823241 0.0
10077.458999980203 10077.458999980203 0.0
18228.0 18228.0 0.0
0


HOST: 151
0.5089868520776887 0.5089868520776887 0.0
9132.24209997789 9132.24209997789 0.0
17942.0 17942.0 0.0
0


HOST: 152
0.5517064879278654 0.5517064879278654 0.0
10854.825149980752 10854.825149980752 0.0
19675.0 19675.0 0.0
0


HOST: 153
0.5062499999985448 0.5062499999985448 0.0
7585.143749978197 7585.143749978197 0.0
14983.0 14983.0 0.0
0


HOST: 154
0.509038420315564 0.5062499999985448 0.5148061394091945
8739.171599977602 5858.831249983159 2880.3403499944434
17168.0 11573.0 5595.0
0


HOST: 155
0.547573931945742 0.547573931945742 0.0
8689.998299978926 8689.998299978926 0.0
15870.0 15870.0 0.0
0


HOST: 156
0.5417667140815344 0.5417667140815344 0.0
10664.135999980925 10664.135999980925 0.0
19684.0 19684.0 0.0
0


HOST: 157
0.5233411512018109 0.5353180921038873 0.5208161927869488
10965.043799980342 1952.8403999949805 9012.203399985361
20952.0 3648.0 17304.0
0


HOST: 158
0.5062499999989877 0.5062499999985448 0.5062499999993314
10612.012499978779 4638.2624999866675 5973.749999992111
20962.0 9162.0 11800.0
0


HOST: 159
0.5179624712867872 0.5179624712867872 0.0
11500.320749980536 11500.320749980536 0.0
22203.0 22203.0 0.0
0


HOST: 160
0.5066889857720022 0.5062499999985448 0.5068568517037716
8832.602399977543 2441.137499992983 6391.464899984559
17432.0 4822.0 12610.0
0


HOST: 161
0.5062499999988334 0.5062499999985448 0.5062499999988573
9542.30624997801 732.0374999978958 8810.268749980114
18849.0 1446.0 17403.0
0


HOST: 162
0.5358248611800732 0.5358248611800732 0.0
9553.221449979525 9553.221449979525 0.0
17829.0 17829.0 0.0
0


HOST: 163
0.5691967801077278 0.6051455875048107 0.5342224676825319
11640.643349983142 6102.893249986017 5537.750099997125
20451.0 10085.0 10366.0
0


HOST: 164
0.5241316420387193 0.5241316420387193 0.0
9116.221649979445 9116.221649979445 0.0
17393.0 17393.0 0.0
0


HOST: 165
0.5073422459090129 0.5073422459090129 0.0
8590.826249977315 8590.826249977315 0.0
16933.0 16933.0 0.0
0


HOST: 166
0.506249999998809 0.506249999998809 0.0
9392.962499977903 9392.962499977903 0.0
18554.0 18554.0 0.0
0


HOST: 167
0.5160158025676269 0.5287469279229858 0.5119810615981135
10888.449449979495 2684.976899992922 8203.472549986573
21101.0 5078.0 16023.0
0


HOST: 168
0.5466008353214065 0.5659953309867904 0.5192239758492677
11680.313249983135 7079.4695999827745 4600.843650000361
21369.0 12508.0 8861.0
0


HOST: 169
0.5372780350425722 0.6993846704856782 0.5141625229814306
9014.98814997932 1464.51149999701 7550.476649982309
16779.0 2094.0 14685.0
0


HOST: 170
0.5773806531238024 0.5892305595163357 0.5062500000003638
12279.154349983904 10741.6730999828 1537.4812500011049
21267.0 18230.0 3037.0
0


HOST: 171
0.5178481452844943 0.5178481452844943 0.0
4020.5729999888135 4020.5729999888135 0.0
7764.0 7764.0 0.0
0


HOST: 172
0.5265823936114714 0.5438613210647235 0.5062499999998622
11804.924099981965 6591.055349983384 5213.868749998581
22418.0 12119.0 10299.0
0


HOST: 173
0.5433273381076327 0.5515684918435969 0.5062500000001164
9405.53954998123 7811.864549980863 1593.6750000003667
17311.0 14163.0 3148.0
0


HOST: 174
0.5497338513287051 0.6785266203194904 0.5068823678021289
10294.316099981332 3172.1119499936176 7122.204149987714
18726.0 4675.0 14051.0
0


HOST: 175
0.5476035751965769 0.5476035751965769 0.0
8301.670199980106 8301.670199980106 0.0
15160.0 15160.0 0.0
0


HOST: 176
0.6066070884133029 0.6066070884133029 0.0
6366.947999986027 6366.947999986027 0.0
10496.0 10496.0 0.0
0


HOST: 177
0.5398906364628497 0.5671174188984124 0.5062499999999243
11773.934999981826 6835.4662499825645 4938.4687499992615
21808.0 12053.0 9755.0
0


HOST: 178
0.5685439234176766 0.5685439234176766 0.0
12294.193799983837 12294.193799983837 0.0
21624.0 21624.0 0.0
0


HOST: 179
0.5472491082457749 0.5472491082457749 0.0
12396.286799983292 12396.286799983292 0.0
22652.0 22652.0 0.0
0


HOST: 180
0.56649322283983 0.56649322283983 0.0
11706.582449985086 11706.582449985086 0.0
20665.0 20665.0 0.0
0


HOST: 181
0.5791601159583065 0.5791601159583065 0.0
7591.630799981482 7591.630799981482 0.0
13108.0 13108.0 0.0
0


HOST: 182
0.6108840104969794 0.6263319566057719 0.5062500000003638
12569.549399985848 11229.505649984885 1340.043750000963
20576.0 17929.0 2647.0
0


HOST: 183
0.5640258511970956 0.5640258511970956 0.0
10734.539999983122 10734.539999983122 0.0
19032.0 19032.0 0.0
0


HOST: 184
0.5104080544799184 0.5251477660088171 0.5077487102165342
20180.003249972535 3173.467949991282 17006.535299992596
39537.0 6043.0 33494.0
0


HOST: 185
0.5541421950782109 0.5397258435531346 0.5723757123838451
18850.2550499755 10253.171849978899 8597.083200005354
34017.0 18997.0 15020.0
0


HOST: 186
0.5487073958379939 0.5497240885688996 0.5222592050208332
21255.827099972208 20506.907399974232 748.9196999998749
38738.0 37304.0 1434.0
0


HOST: 187
0.5263441765609821 0.5376437751914197 0.5078143747874156
20390.573399972447 12938.397449981516 7452.175950005325
38740.0 24065.0 14675.0
0


HOST: 188
0.5062499999992813 0.5062499999985448 0.506249999999312
20634.749999970707 244.0124999992986 20390.73749997229
40760.0 482.0 40278.0
0


HOST: 189
0.5433407573938817 0.5433407573938817 0.0
20904.492299972204 20904.492299972204 0.0
38474.0 38474.0 0.0
0


HOST: 190
0.5241396031779436 0.5371592413299364 0.5062500000003638
20578.769099972422 12206.406599981476 8372.362500006016
39262.0 22724.0 16538.0
0


HOST: 191
0.5339088986895693 0.5347824315436817 0.5262714986833483
21728.490449969402 19530.254399975252 2198.236050000346
40697.0 36520.0 4177.0
0


HOST: 192
0.5064635051992197 0.5154850580767115 0.5062499999993388
20745.758099970437 488.1643499986458 20257.593749973545
40962.0 947.0 40015.0
0


HOST: 193
0.5222132292431624 0.5365905138054186 0.5152184590452193
23228.566649965105 7811.684699979283 15416.881950010098
44481.0 14558.0 29923.0
0


HOST: 194
0.5279574907617055 0.5308984251133939 0.5227641777643777
23575.94174996396 15135.91409998286 8440.027650005877
44655.0 28510.0 16145.0
0


HOST: 195
0.5515858279003341 0.5582696288653319 0.5070688764048576
16922.653199982247 14891.84234998273 2030.810850001455
30680.0 26675.0 4005.0
0


HOST: 196
0.5062499999993234 0.5062499999985448 0.5062499999995727
19518.974999973914 1708.5937499950887 17810.381249984966
38556.0 3375.0 35181.0
0


HOST: 197
0.5320196215990102 0.5266932874026566 0.5712566115705321
21005.19869997212 18309.43874997855 2695.759950001341
39482.0 34763.0 4719.0
0


HOST: 198
0.5610328045172059 0.5610328045172059 0.0
16143.718949982602 16143.718949982602 0.0
28775.0 28775.0 0.0
0


HOST: 199
0.5214410257709028 0.5323239166734741 0.5081989669191853
20475.94619997181 11473.709699980061 9002.23650000645
39268.0 21554.0 17714.0
0


HOST: 200
0.5099578978939789 0.5142855207691724 0.5095267708267069
18699.13619997642 1708.4564999951908 16990.67969998737
36668.0 3322.0 33346.0
0


HOST: 201
0.5302691260737363 0.5320415235109036 0.506249999999909
22207.670999968075 20750.683499972263 1456.9874999997382
41880.0 39002.0 2878.0
0


HOST: 202
0.5114613016703432 0.5234341572349975 0.5083721378737582
20935.133999970487 4394.229749987804 16540.90424999847
40932.0 8395.0 32537.0
0


HOST: 203
0.5214233456868653 0.5214233456868653 0.0
20258.86124997178 20258.86124997178 0.0
38853.0 38853.0 0.0
0


HOST: 204
0.5596169947788396 0.5616146312600677 0.5520895541798395
21546.933149969664 17088.809999981342 4458.123150002204
38503.0 30428.0 8075.0
0


HOST: 205
0.5505499946724413 0.5505499946724413 0.0
20670.95009997148 20670.95009997148 0.0
37546.0 37546.0 0.0
0


HOST: 206
0.5179270869789498 0.5282821904293753 0.5063673716988821
20418.239549971142 10985.62814997886 9432.611400006776
39423.0 20795.0 18628.0
0


HOST: 207
0.5245146468527875 0.5245146468527875 0.0
21796.206149967584 21796.206149967584 0.0
41555.0 41555.0 0.0
0


HOST: 208
0.5261266878425284 0.5294585242804338 0.5062500000003638
19544.55419997424 16844.722949982002 2699.83125000194
37148.0 31815.0 5333.0
0


HOST: 209
0.5292998668203077 0.5442298605502545 0.5150517653452815
22852.521749966785 11473.998149981015 11378.523600007959
43175.0 21083.0 22092.0
0


HOST: 210
0.5378366992164567 0.5364734276950603 0.5825672675525244
19166.886449976868 18552.86054997827 614.0259000003607
35637.0 34583.0 1054.0
0


HOST: 211
0.5069029651009784 0.5062499999985448 0.5070362269111541
20189.94509997197 3417.693749990176 16772.25134999407
39830.0 6751.0 33079.0
0


HOST: 212
0.5062499999992695 0.5062499999985448 0.50624999999933
20974.44374996973 488.0249999985972 20486.418749972887
41431.0 964.0 40467.0
0


HOST: 213
0.531418416221948 0.5307895806796398 0.5342966306514484
20847.013049970796 17088.770549981004 3758.2425000022877
39229.0 32195.0 7034.0
0


HOST: 214
0.5086398194348521 0.5165326171860656 0.5073616605162427
22422.877799966023 3173.576399991187 19249.301399986245
44084.0 6144.0 37940.0
0


HOST: 215
0.515706550170522 0.5208736226458309 0.5133376467302274
21529.201349968782 6835.424549981239 14693.77680000603
41747.0 13123.0 28624.0
0


HOST: 216
0.5366870725878425 0.5373643129915453 0.506249999999967
20687.139899970978 20262.3961499722 424.74374999997235
38546.0 37707.0 839.0
0


HOST: 217
0.5062499999993234 0.5062499999985448 0.5062499999995727
19518.974999973914 1708.5937499950887 17810.381249984966
38556.0 3375.0 35181.0
0


HOST: 218
0.5167633062259253 0.535762900761939 0.5094291226196624
19445.28644997534 5614.795199985121 13830.491250001216
37629.0 10480.0 27149.0
0


HOST: 219
0.539838732835331 0.539838732835331 0.0
17219.77589998139 17219.77589998139 0.0
31898.0 31898.0 0.0
0


HOST: 220
0.5333297692326942 0.5333297692326942 0.0
16547.622749982802 16547.622749982802 0.0
31027.0 31027.0 0.0
0


HOST: 221
0.5220317275739338 0.5220317275739338 0.0
12256.260899980816 12256.260899980816 0.0
23478.0 23478.0 0.0
0


HOST: 222
0.5520290638290776 0.5520290638290776 0.0
19459.024499974985 19459.024499974985 0.0
35250.0 35250.0 0.0
0


HOST: 223
0.5529395048879185 0.5554712182677963 0.5062499999999337
21263.841599969797 20262.479099972676 1001.3624999998688
38456.0 36478.0 1978.0
0


HOST: 224
0.5062499999994703 0.5062499999985448 0.5062499999995655
16421.23124998282 1464.5812499957901 14956.649999987163
32437.0 2893.0 29544.0
0


HOST: 225
0.5369729527044517 0.5554473346810394 0.5062500000003638
23808.84374996268 15379.781249983298 8429.062500006057
44339.0 27689.0 16650.0
0


HOST: 226
0.5189911379016331 0.5224335107269974 0.5164795833679342
21846.931949969243 9276.851849979294 12570.080100008781
42095.0 17757.0 24338.0
0


HOST: 227
0.5440745071531947 0.5576392865133033 0.5062500000003638
16503.956099985007 12450.412349982522 4053.543750002913
30334.0 22327.0 8007.0
0


HOST: 228
0.531733492741589 0.5388515067169571 0.5062500000003638
14176.546649983504 11229.665399981386 2946.8812500021177
26661.0 20840.0 5821.0
0


HOST: 229
0.5062499999993147 0.5062499999985448 0.5062499999994052
13920.862499981156 1464.5812499957901 12456.281249985366
27498.0 2893.0 24605.0
0


HOST: 230
0.5304445739528885 0.5304445739528885 0.0
14585.634449982575 14585.634449982575 0.0
27497.0 27497.0 0.0
0


HOST: 231
0.5146571476147367 0.5146571476147367 0.0
13133.535749980467 13133.535749980467 0.0
25519.0 25519.0 0.0
0


HOST: 232
0.5062499999993479 0.5062499999985448 0.5062499999994563
14376.487499981484 1708.5937499950887 12667.893749986395
28398.0 3375.0 25023.0
0


HOST: 233
0.5546051621897823 0.5546051621897823 0.0
19080.63599997727 19080.63599997727 0.0
34404.0 34404.0 0.0
0


HOST: 234
0.5778243821867125 0.5778243821867125 0.0
14169.409499982565 14169.409499982565 0.0
24522.0 24522.0 0.0
0


HOST: 235
0.5724790566678486 0.5933101593838693 0.5062500000003638
13314.717899980824 10497.4366499788 2817.2812500020245
23258.0 17693.0 5565.0
0


HOST: 236
0.5382161369292175 0.564129479729335 0.5183706856453061
18796.122149979063 8544.30509998051 10251.817050007217
34923.0 15146.0 19777.0
0


HOST: 237
0.5545042116471647 0.5655884303495237 0.5236465331903689
15614.838599984158 11717.861099981432 3896.9775000027257
28160.0 20718.0 7442.0
0


HOST: 238
0.9040791071157005 2.8075308729246387 0.5062499999993264
55477.00624994073 29782.287499984566 25694.71874996581
61363.0 10608.0 50755.0
2


HOST: 239
0.5273611039094961 0.5791064309430259 0.5181058064511219
14646.927299982344 2440.3544999939113 12206.572799988433
27774.0 4214.0 23560.0
0


HOST: 240
0.5389962179972141 0.5457498051921621 0.506250000000358
20358.426149972773 17089.06364998217 3269.362500002312
37771.0 31313.0 6458.0
0


HOST: 241
0.5200473546380895 0.5369450540946038 0.5062500000003638
19462.25219997586 9032.489699979425 10429.762500007495
37424.0 16822.0 20602.0
0


HOST: 242
0.5533745981291657 0.5572117028045749 0.506249999999909
22548.354749969112 20995.179749973577 1553.174999999721
40747.0 37679.0 3068.0
0


HOST: 243
0.5291900190923073 0.5328043221807325 0.5062500000000714
22173.061799967676 19285.918049975975 2887.143750000407
41900.0 36197.0 5703.0
0


HOST: 244
0.5269867529796208 0.5670136236919525 0.5067840393937317
20290.57094997434 7322.980949981567 12967.590000006807
38503.0 12915.0 25588.0
0


HOST: 245
0.5460074045457242 0.5460074045457242 0.0
22265.635949970085 22265.635949970085 0.0
40779.0 40779.0 0.0
0


HOST: 246
0.5383301096776449 0.5454621440859064 0.5062500000001837
21792.67949997042 18065.160749981136 3727.518750001353
40482.0 33119.0 7363.0
0


HOST: 247
0.5510998988531378 0.5510998988531378 0.0
16345.622999984067 16345.622999984067 0.0
29660.0 29660.0 0.0
0


HOST: 248
0.5255482262805342 0.5468321200329063 0.5123982660374838
20888.965349972394 8300.364749979484 12588.600600008902
39747.0 15179.0 24568.0
0


HOST: 249
0.5350757690382938 0.5402317183990152 0.5180340842599748
23621.45489996452 18309.533399979424 5311.921500001781
44146.0 33892.0 10254.0
0


HOST: 250
0.5292215085155497 0.5381054298300686 0.5218537292821301
23831.37374996372 10985.42234998085 12845.951400008917
45031.0 20415.0 24616.0
0


HOST: 251
0.5139326579472882 0.5217335106373393 0.5065919914197415
22321.12319996662 10985.620799979817 11335.502400008136
43432.0 21056.0 22376.0
0


HOST: 252
0.5366293528159797 0.5366293528159797 0.0
19518.81944997563 19518.81944997563 0.0
36373.0 36373.0 0.0
0


HOST: 253
0.5368459364739023 0.5368459364739023 0.0
20451.14594997331 20451.14594997331 0.0
38095.0 38095.0 0.0
0


HOST: 254
0.5417218709107843 0.5282226595172153 0.5623677820271346
18632.523749976426 10985.446649979525 7647.077100004975
34395.0 20797.0 13598.0
0


HOST: 255
0.5297378182755698 0.5503368736541072 0.5104962598711462
21408.2944499706 10741.475099980866 10666.8193500076
40413.0 19518.0 20895.0
0


HOST: 256
0.5102081671800973 0.514625966266993 0.509004427955917
20343.53024997202 4393.876499987586 15949.65374999866
39873.0 8538.0 31335.0
0


HOST: 257
0.5240065269253448 0.5355353024121804 0.5108503882705173
21961.637549968123 11962.252049980872 9999.385500007105
41911.0 22337.0 19574.0
0


HOST: 258
0.5343295917388549 0.5473271736840335 0.5068174328937344
22458.941399967545 15624.001499984419 6834.939900004902
42032.0 28546.0 13486.0
0


HOST: 259
0.5457703324568309 0.5772619129152156 0.5064170878340707
24099.034799963825 14159.080199984406 9939.954600007139
44156.0 24528.0 19628.0
0


HOST: 260
0.5324089701289378 0.5365167500277558 0.5236734004838354
20658.00044997292 14159.213549982502 6498.7869000043975
38801.0 26391.0 12410.0
0


HOST: 261
0.5107389824886084 0.5247585729628154 0.5093853693656029
21583.829399968592 1952.626649994636 19631.20274998097
42260.0 3721.0 38539.0
0


HOST: 262
0.5119904834312848 0.5196904258324881 0.5083300296908964
22388.831849966657 7322.438099979758 15066.393750008476
43729.0 14090.0 29639.0
0


HOST: 263
0.5283725396505002 0.5287828361475903 0.5247509680543468
21454.03859996891 19285.76759997491 2168.2710000005613
40604.0 36472.0 4132.0
0


HOST: 264
0.5516196220198054 0.5558417240954723 0.5322205677222779
22124.359799970356 18308.870549980762 3815.4892500010105
40108.0 32939.0 7169.0
0


HOST: 265
0.5196411248334594 0.5283857402583338 0.515986724799299
20363.696399973604 6102.855299983756 14260.841100003025
39188.0 11550.0 27638.0
0


HOST: 266
0.523934359989898 0.5325728811396164 0.5084937122249693
22471.544699966726 14647.35194998287 7824.192750005603
42890.0 27503.0 15387.0
0


HOST: 267
0.5601409019189634 0.562650990711538 0.5062500000003638
17041.72679998254 16356.26429998441 685.4625000004926
30424.0 29070.0 1354.0
0


HOST: 268
0.5217952494315421 0.5372951658529975 0.5148103768908653
21369.08084996994 6835.469099981834 14533.611750006017
40953.0 12722.0 28231.0
0


HOST: 269
0.5086338751090428 0.5177930429849745 0.5068982006481668
22578.766349965517 3661.83239998974 18916.93394998894
44391.0 7072.0 37319.0
0


HOST: 270
0.5462022944018204 0.5462022944018204 0.0
21877.586699970518 21877.586699970518 0.0
40054.0 40054.0 0.0
0


HOST: 271
0.5419148064031054 0.5419148064031054 0.0
21595.846949970153 21595.846949970153 0.0
39851.0 39851.0 0.0
0


HOST: 272
0.5062499999991432 0.5062499999985448 0.5062499999991964
11964.71249997975 976.0499999971944 10988.662499982556
23634.0 1928.0 21706.0
0


HOST: 273
0.506249999999437 0.5062499999985448 0.5062499999995649
17033.793749981058 976.0499999971944 16057.743749986199
33647.0 1928.0 31719.0
0


HOST: 274
0.5276623331906194 0.5289787474527077 0.5062500000003638
17318.93309998251 16356.551849985175 962.3812500006916
32822.0 30921.0 1901.0
0


HOST: 275
0.5469413725946719 0.5469413725946719 0.0
18536.93699997862 18536.93699997862 0.0
33892.0 33892.0 0.0
0


HOST: 276
0.5820325322616944 0.6239135759549147 0.5062500000003638
17679.82019998123 12206.245199981951 5473.575000003933
30376.0 19564.0 10812.0
0


HOST: 277
0.5544292742115324 0.5572256908772496 0.5062500000003638
14391.875099982959 13670.975099982441 720.900000000518
25958.0 24534.0 1424.0
0


HOST: 278
0.5296475401940645 0.5354645264197799 0.5150450193971865
14857.143149983702 10741.418399980785 4115.724750002917
28051.0 20060.0 7991.0
0


HOST: 279
0.5805448160727602 0.5805448160727602 0.0
9563.895299982652 9563.895299982652 0.0
16474.0 16474.0 0.0
0


HOST: 280
0.572290407509432 0.572290407509432 0.0
9661.978949981742 9661.978949981742 0.0
16883.0 16883.0 0.0
0


HOST: 281
0.580868816478497 0.580868816478497 0.0
11631.898049981903 11631.898049981903 0.0
20025.0 20025.0 0.0
0


HOST: 282
0.5562367974421956 0.5562367974421956 0.0
10094.585399980964 10094.585399980964 0.0
18148.0 18148.0 0.0
0


HOST: 283
0.5871580150612832 0.630223077630937 0.5775555384232586
17464.427999982807 3417.699749992571 14046.728249992071
29744.0 5423.0 24321.0
0


HOST: 284
0.542127779289178 0.542127779289178 0.0
15936.388199984676 15936.388199984676 0.0
29396.0 29396.0 0.0
0


HOST: 285
0.5462721745556663 0.5462721745556663 0.0
14771.199599985217 14771.199599985217 0.0
27040.0 27040.0 0.0
0


HOST: 286
0.5429754603044668 0.5874021545739256 0.5062500000003638
16455.41429998717 8056.22054998139 8399.193750006036
30306.0 13715.0 16591.0
0


HOST: 287
0.5342193566093462 0.5540220670376852 0.519045799612018
14107.130549983003 6346.876799983722 7760.253749999281
26407.0 11456.0 14951.0
0


HOST: 288
0.5417242275553159 0.5891255908851989 0.5062500000003638
17830.852949983222 8300.190449981566 9530.662500006849
32915.0 14089.0 18826.0
0


HOST: 289
0.5410493840056085 0.5410493840056085 0.0
14756.039849984962 14756.039849984962 0.0
27273.0 27273.0 0.0
0


HOST: 290
0.564606045462166 0.564606045462166 0.0
15648.056549983929 15648.056549983929 0.0
27715.0 27715.0 0.0
0


HOST: 291
0.5346449367083006 0.5925779838152118 0.513980440638561
15078.5911499842 4393.965749989795 10684.625399994406
28203.0 7415.0 20788.0
0


HOST: 292
0.5365322883186593 0.543863227512395 0.5062500000003638
14358.677099983961 11718.077099982063 2640.6000000018976
26762.0 21546.0 5216.0
0


HOST: 293
0.5352352009256091 0.5491644881051749 0.5078729785637337
16875.43064998353 11473.69364998142 5401.737000003872
31529.0 20893.0 10636.0
0


HOST: 294
0.506249999998789 0.5062499999985448 0.5062499999987955
9272.981249977816 244.0124999992986 9028.968749978518
18317.0 482.0 17835.0
0


HOST: 295
0.6405141154807108 0.6405141154807108 0.0
19834.160099975692 19834.160099975692 0.0
30966.0 30966.0 0.0
0


HOST: 296
0.556553710994597 0.6054278210791719 0.5454432748063984
16962.087449982333 3417.6400499919255 13544.447399992485
30477.0 5645.0 24832.0
0


HOST: 297
0.5573252844428271 0.5576844303250076 0.5062500000003638
15723.818249985483 15624.086999985411 99.73125000007167
28213.0 28016.0 197.0
0


HOST: 298
0.5421782509923451 0.5515409999994628 0.5105671189199592
18974.6122499791 14891.606999985495 4083.005250002914
34997.0 27000.0 7997.0
0


HOST: 299
0.5315082185931627 0.5366305352519598 0.5169984433378497
13086.263849982259 9765.065849979912 3321.198000002347
24621.0 18197.0 6424.0
0


HOST: 300
0.6112957400081775 0.6201747627256381 0.5826305942436288
16703.044799983443 12938.085899982261 3764.9589000023298
27324.0 20862.0 6462.0
0


HOST: 301
0.5752496185302485 0.5752496185302485 0.0
13571.864249984154 13571.864249984154 0.0
23593.0 23593.0 0.0
0


HOST: 302
0.5711729024556106 0.5640965903584334 0.5960751512862401
13649.318849981726 10497.273449980088 3152.045400001638
23897.0 18609.0 5288.0
0


HOST: 303
0.6179993061538023 0.6179993061538023 0.0
15765.162299983496 15765.162299983496 0.0
25510.0 25510.0 0.0
0


HOST: 304
0.5698193752211466 0.5738353511311757 0.5062500000001328
20876.472449977147 19774.366199980315 1102.106250000289
36637.0 34460.0 2177.0
0


HOST: 305
0.5743043540893136 0.5743043540893136 0.0
14350.717199983766 14350.717199983766 0.0
24988.0 24988.0 0.0
0


HOST: 306
0.5475953785054795 0.5439127480092477 0.5500315961251175
12962.67779998171 5126.37764998716 7836.300149994549
23672.0 9425.0 14247.0
0


HOST: 307
0.5411724267559842 0.5486281113750321 0.5062500000003638
14611.114349984817 12206.426849983089 2404.687500001728
26999.0 22249.0 4750.0
0


HOST: 308
0.5445064746374961 0.5472340413602418 0.5062500000003638
16134.271349983646 15135.946349982929 998.3250000007174
29631.0 27659.0 1972.0
0


HOST: 309
0.5199746089350801 0.5062499999985448 0.5209398121460828
15257.614949982053 976.0499999971944 14281.564949984859
29343.0 1928.0 27415.0
0


HOST: 310
0.5145319940469857 0.5226465458164472 0.511852639268173
14522.150999982125 3661.661699990029 10860.489299992096
28224.0 7006.0 21218.0
0


HOST: 311
0.5732371129701035 0.569099485760516 0.5830836125316472
17810.477099981115 12450.189449982809 5360.287650003433
31070.0 21877.0 9193.0
0


HOST: 312
0.5791222747886879 0.5791222747886879 0.0
13403.785049984182 13403.785049984182 0.0
23145.0 23145.0 0.0
0


HOST: 313
0.5294212829921016 0.643952800323344 0.5082585039367163
16728.653699984425 3173.399399993439 13555.254299992224
31598.0 4928.0 26670.0
0


HOST: 314
0.5062499999994224 0.5062499999985448 0.5062499999997429
15513.0187499823 4149.731249988072 11363.287499994229
30643.0 8197.0 22446.0
0


HOST: 315
0.5273273262026302 0.596947584835063 0.5181369688037567
14791.531499983777 1952.6155499954912 12838.915949988286
28050.0 3271.0 24779.0
0


HOST: 316
0.5445949313473 0.5445949313473 0.0
14080.501949984442 14080.501949984442 0.0
25855.0 25855.0 0.0
0


HOST: 317
0.5268674008274489 0.559731166064748 0.510956038139985
19723.281149975548 6835.436999982703 12887.844150004843
37435.0 12212.0 25223.0
0


HOST: 318
0.5507019603611104 0.5553761011023531 0.506249999999909
23007.22649996647 20994.882749972254 2012.3437499996385
41778.0 37803.0 3975.0
0


HOST: 319
0.5502477619133563 0.5502477619133563 0.0
17111.604899981554 17111.604899981554 0.0
31098.0 31098.0 0.0
0


HOST: 320
0.5259989431381806 0.5426172223632822 0.516863497509239
17344.815149981507 6346.993649983313 10997.821500001588
32975.0 11697.0 21278.0
0


HOST: 321
0.5379977729694878 0.5398908748880604 0.5062500000000302
21137.932499971175 20018.613749974393 1119.3187500000668
39290.0 37079.0 2211.0
0


HOST: 322
0.5264797668361241 0.530932860165151 0.5062500000001791
21857.333999968527 18065.521499979426 3791.812500001341
41516.0 34026.0 7490.0
0


HOST: 323
0.523576456673436 0.5312245682992891 0.5075217895826228
22024.243649968084 15135.650399983344 6888.59325000494
42065.0 28492.0 13573.0
0


HOST: 324
0.5344455970235805 0.5452706044525498 0.5062500000003638
21193.440149970083 15624.183899983362 5569.256250004002
39655.0 28654.0 11001.0
0


HOST: 325
0.521250702789303 0.5294468798082655 0.5171244690595818
22250.628749966978 7567.913699979348 14682.715050008706
42687.0 14294.0 28393.0
0


HOST: 326
0.5071169797336084 0.5084973636230732 0.5067870877410355
20193.90524997202 3905.768249988825 16288.136999996881
39821.0 7681.0 32140.0
0


HOST: 327
0.5300431777715798 0.5300431777715798 0.0
16673.038199982817 16673.038199982817 0.0
31456.0 31456.0 0.0
0


HOST: 328
0.5293677523141241 0.5293677523141241 0.0
10117.805849979855 10117.805849979855 0.0
19113.0 19113.0 0.0
0


HOST: 329
0.5239842100375651 0.522970738823836 0.529137227647566
8486.972249978442 7078.408949980621 1408.5632999978206
16197.0 13535.0 2662.0
0


HOST: 330
0.5405809090900571 0.5412908271465248 0.5062500000003638
11446.800749981958 11229.619499981802 217.18125000015607
21175.0 20746.0 429.0
0


HOST: 331
0.5369455008478418 0.5369455008478418 0.0
10120.348799980122 10120.348799980122 0.0
18848.0 18848.0 0.0
0


HOST: 332
0.5541256867593981 0.5541256867593981 0.0
14321.932499983403 14321.932499983403 0.0
25846.0 25846.0 0.0
0


HOST: 333
0.556324421562977 0.556324421562977 0.0
9617.736599980746 9617.736599980746 0.0
17288.0 17288.0 0.0
0


HOST: 334
0.5200834985280244 0.5214991321747876 0.5189936168024446
13432.716599981813 5859.042749983739 7573.673849998075
25828.0 11235.0 14593.0
0


HOST: 335
0.525906954207681 0.525906954207681 0.0
11071.3931999801 11071.3931999801 0.0
21052.0 21052.0 0.0
0


HOST: 336
0.5062499999989875 0.5062499999985448 0.5062499999990725
10610.999999978778 1708.5937499950887 8902.40624998369
20960.0 3375.0 17585.0
0


HOST: 337
0.5526623724050509 0.5526623724050509 0.0
9853.970099982058 9853.970099982058 0.0
17830.0 17830.0 0.0
0


HOST: 338
0.5433224940660835 0.5646123020801671 0.5062499999994281
9615.721499981546 6347.371499985238 3268.349999996308
17698.0 11242.0 6456.0
0


HOST: 339
0.6292220878502319 0.5681231026185481 0.7277452184967953
13579.871099983706 7567.96784998168 6011.903250002026
21582.0 13321.0 8261.0
0


HOST: 340
0.5672812000753036 0.5672812000753036 0.0
11931.058199983785 11931.058199983785 0.0
21032.0 21032.0 0.0
0


HOST: 341
0.5595438736854429 0.5595438736854429 0.0
11818.685699983926 11818.685699983926 0.0
21122.0 21122.0 0.0
0


HOST: 342
0.539634326838354 0.539634326838354 0.0
11134.814699982597 11134.814699982597 0.0
20634.0 20634.0 0.0
0


HOST: 343
0.5716805184885752 0.5716805184885752 0.0
11610.259649984473 11610.259649984473 0.0
20309.0 20309.0 0.0
0


HOST: 344
0.5062499999985448 0.5062499999985448 0.5062499999985448
7900.031249977292 244.0124999992986 7656.018749977993
15605.0 482.0 15123.0
0


HOST: 345
0.5339966708422598 0.5339966708422598 0.0
11933.757599982822 11933.757599982822 0.0
22348.0 22348.0 0.0
0


HOST: 346
0.575760524522155 0.575760524522155 0.0
10142.597399982282 10142.597399982282 0.0
17616.0 17616.0 0.0
0


HOST: 347
0.5682979466993361 0.8309085476536759 0.5212780761147031
9894.63554998214 2196.9221999963193 7697.713349985821
17411.0 2644.0 14767.0
0


HOST: 348
0.534505494770425 0.5348732910602435 0.506249999999909
21006.600449972473 20750.944199973208 255.65624999995407
39301.0 38796.0 505.0
0


HOST: 349
0.5091531718602065 0.5103720488300352 0.5086093870755175
22103.866649967145 6835.412849980661 15268.453800007037
43413.0 13393.0 30020.0
0


HOST: 350
0.5307311494299951 0.5307311494299951 0.0
22329.451649968185 22329.451649968185 0.0
42073.0 42073.0 0.0
0


HOST: 351
0.5086677349389963 0.514164167677778 0.5064950336216897
22165.196549966764 6347.356649982168 15817.839900005369
43575.0 12345.0 31230.0
0


HOST: 352
0.5223181610156209 0.5268776887407213 0.5062500000003638
16777.38164998276 13183.006649981588 3594.375000002583
32121.0 25021.0 7100.0
0


HOST: 353
0.5275307165744224 0.5318307606119315 0.5105043438080317
21231.528749970777 17088.78599998258 4142.742750002177
40247.0 32132.0 8115.0
0


HOST: 354
0.5400298988920401 0.5400298988920401 0.0
17946.273599980275 17946.273599980275 0.0
33232.0 33232.0 0.0
0


HOST: 355
0.5272435071173406 0.5390070713236356 0.5088501109676284
21924.89399996749 13670.83634998137 8254.057650005901
41584.0 25363.0 16221.0
0


HOST: 356
0.5300908291379848 0.536630518918311 0.5062500000003638
18745.071899977418 14891.496899983133 3853.5750000027692
35362.0 27750.0 7612.0
0


HOST: 357
0.5435189834699128 0.5357673943398836 0.5680753449914185
21504.87209997057 16112.132849983322 5392.739250003537
39566.0 30073.0 9493.0
0


HOST: 358
0.5117983897895194 0.5140865397565937 0.5062500000003638
17163.670799981322 12206.47079998056 4957.200000003562
33536.0 23744.0 9792.0
0


HOST: 359
0.5215921218080363 0.5319833519572649 0.5100697026025949
17753.43104998013 9520.906049979169 8232.52500000588
34037.0 17897.0 16140.0
0


HOST: 360
0.5238051146653938 0.5354992426115939 0.5073957111334146
21675.57944996866 12938.73269998133 8736.846750006267
41381.0 24162.0 17219.0
0


HOST: 361
0.5124165641495871 0.5143205994276724 0.5109981774000347
17660.94929997967 7567.713299978772 10093.236000005485
34466.0 14714.0 19752.0
0


HOST: 362
0.5524504092525937 0.5524504092525937 0.0
9719.260049980881 9719.260049980881 0.0
17593.0 17593.0 0.0
0


HOST: 363
0.508118669975346 0.5156920385514905 0.5062499999989414
9722.850749978246 1952.9257499944943 7769.924999983752
19135.0 3787.0 15348.0
0


HOST: 364
0.5641107460370759 0.5641107460370759 0.0
11674.835999983323 11674.835999983323 0.0
20696.0 20696.0 0.0
0


HOST: 365
0.5062499999986662 0.5062499999986662 0.0
8602.706249977335 8602.706249977335 0.0
16993.0 16993.0 0.0
0


HOST: 366
0.5069904428241331 0.5069904428241331 0.0
10853.65139997904 10853.65139997904 0.0
21408.0 21408.0 0.0
0


HOST: 367
0.5749334517633536 0.5749334517633536 0.0
9547.34489998225 9547.34489998225 0.0
16606.0 16606.0 0.0
0


HOST: 368
0.531739977587992 0.5523588149321653 0.5062499999994552
10202.494949980803 5858.869949985477 4343.624999995325
19187.0 10607.0 8580.0
0


HOST: 369
0.50624999999879 0.50624999999879 0.0
9279.05624997782 9279.05624997782 0.0
18329.0 18329.0 0.0
0


HOST: 370
0.5062499999986382 0.5062499999985448 0.5062499999986618
8462.981249977234 1708.5937499950887 6754.3874999821455
16717.0 3375.0 13342.0
0


HOST: 371
0.5062499999987757 0.5062499999987757 0.0
9196.031249977761 9196.031249977761 0.0
18165.0 18165.0 0.0
0


HOST: 372
0.5062499999990072 0.5062499999985448 0.506249999999041
10765.406249978889 732.0374999978958 10033.368749980993
21265.0 1446.0 19819.0
0


HOST: 373
0.5062499999991494 0.5062499999985448 0.5062499999992667
12025.968749979795 1952.6062499943873 10073.362499985407
23755.0 3857.0 19898.0
0


HOST: 374
0.5384497573245467 0.5384497573245467 0.0
8875.267349980502 8875.267349980502 0.0
16483.0 16483.0 0.0
0


HOST: 375
0.5062499999985448 0.5062499999985448 0.0
7864.087499977395 7864.087499977395 0.0
15534.0 15534.0 0.0
0


HOST: 376
0.5241636018785597 0.5241636018785597 0.0
10709.186549980854 10709.186549980854 0.0
20431.0 20431.0 0.0
0


HOST: 377
0.5987988826578585 0.5987988826578585 0.0
7476.004049983363 7476.004049983363 0.0
12485.0 12485.0 0.0
0


HOST: 378
0.6238227004189677 0.6238227004189677 0.0
12037.90664998482 12037.90664998482 0.0
19297.0 19297.0 0.0
0


HOST: 379
0.5771257188490724 0.5771257188490724 0.0
12644.824499983175 12644.824499983175 0.0
21910.0 21910.0 0.0
0


HOST: 380
0.5521080268416797 0.5838865462793941 0.5062500000000723
11724.013949983068 7323.688949982439 4400.325000000628
21235.0 12543.0 8692.0
0


HOST: 381
0.5685972656240526 0.5993731728031251 0.527036840091487
10480.384799982536 6347.361899985095 4133.022899997441
18432.0 10590.0 7842.0
0


HOST: 382
0.5614441321184664 0.5632743430317776 0.5179152439027958
9127.958699982028 8788.206299981794 339.75240000023405
16258.0 15602.0 656.0
0


HOST: 383
0.567787801382357 0.567787801382357 0.0
8124.475649980146 8124.475649980146 0.0
14309.0 14309.0 0.0
0


HOST: 384
0.5836643771432163 0.5836643771432163 0.0
11399.548949984157 11399.548949984157 0.0
19531.0 19531.0 0.0
0


HOST: 385
0.5501109913580225 0.5501109913580225 0.0
11586.43769998267 11586.43769998267 0.0
21062.0 21062.0 0.0
0


HOST: 386
0.5200288131575994 0.5248369797434278 0.5062500000003638
20882.79704996972 15623.872049982101 5258.925000003779
40157.0 29769.0 10388.0
0


HOST: 387
0.5266921457353674 0.527328779426731 0.5062500000003638
19862.614199972173 19285.99544997383 576.6187500004144
37712.0 36573.0 1139.0
0


HOST: 388
0.5289939914990137 0.5345075310703651 0.5062500000003524
20412.291149972443 16600.7348999834 3811.556250002653
38587.0 31058.0 7529.0
0


HOST: 389
0.5358004963033169 0.5449199269475057 0.5151334214765599
22833.138149965853 16112.192399983847 6720.945750004677
42615.0 29568.0 13047.0
0


HOST: 390
0.5117699580139872 0.516202979871691 0.5096923196918592
20477.963099971683 6591.395849981622 13886.567250004704
40014.0 12769.0 27245.0
0


HOST: 391
0.5253220169983631 0.5343260287150878 0.5212547931662795
19283.520599975913 6103.071899983734 13180.448700002546
36708.0 11422.0 25286.0
0


HOST: 392
0.506249999999327 0.5062499999985448 0.506249999999394
19430.887499974167 488.0249999985972 18942.862499977324
38382.0 964.0 37418.0
0


HOST: 393
0.5667162572246287 0.5755722608079055 0.5062500000003489
20392.71779997104 18065.48654997773 2327.231250001604
35984.0 31387.0 4597.0
0


HOST: 394
0.5382418321795347 0.5557347673424778 0.506781011033602
21706.754849968456 14403.53369998234 7303.221150005238
40329.0 25918.0 14411.0
0


HOST: 395
0.5416738627169058 0.5416738627169058 0.0
18087.0319499802 18087.0319499802 0.0
33391.0 33391.0 0.0
0


HOST: 396
0.5245377934521666 0.5471685084547289 0.5093892589228466
19259.97869997665 8055.961949978973 11204.016750008012
36718.0 14723.0 21995.0
0


HOST: 397
0.525259714944193 0.53369528419679 0.5062500000003638
21853.955699968094 15380.030699983095 6473.925000004652
41606.0 28818.0 12788.0
0


HOST: 398
0.5493250964198938 0.5493250964198938 0.0
17233.97624998133 17233.97624998133 0.0
31373.0 31373.0 0.0
0


HOST: 399
0.5362869399432026 0.5363737790866455 0.536049927312743
22011.897449968754 16112.131949983745 5899.76550000405
41045.0 30039.0 11006.0
0


HOST: 400
0.5086564659559305 0.5117890835564971 0.508296354058665
16472.83964998281 1708.8637499951437 14763.975899987985
32385.0 3339.0 29046.0
0


HOST: 401
0.5388289034941887 0.5317015790510468 0.7823230552425877
16806.073499983744 16112.152949983869 693.9205500001754
31190.0 30303.0 887.0
0


HOST: 402
0.5130612225387294 0.525673511202398 0.5062500000003355
21743.021549968813 7812.034049978836 13930.987500009232
42379.0 14861.0 27518.0
0


HOST: 403
0.5255581502765742 0.5458336500824136 0.5108913343445218
17919.95624998035 7811.971199979504 10107.985050006364
34097.0 14312.0 19785.0
0


HOST: 404
0.5249061326651667 0.5394241179922497 0.5169501009084366
20131.199999974473 7323.761249980773 12807.438750006517
38352.0 13577.0 24775.0
0


HOST: 405
0.5276315801347186 0.5323585972289177 0.5065872077125686
21036.67109997123 17331.998849981872 3704.672250002014
39870.0 32557.0 7313.0
0


HOST: 406
0.5461021060194927 0.5518134294318146 0.5298320605516447
18605.152649978096 13915.079249982067 4690.073400003159
34069.0 25217.0 8852.0
0


HOST: 407
0.5506837879244917 0.5506837879244917 0.0
21562.574399971396 21562.574399971396 0.0
39156.0 39156.0 0.0
0


HOST: 408
0.541581407740461 0.541581407740461 0.0
21394.090349971433 21394.090349971433 0.0
39503.0 39503.0 0.0
0


HOST: 409
0.5084344568166135 0.5062499999985448 0.5089798640775544
19633.19654997353 3905.718749988773 15727.477799996428
38615.0 7715.0 30900.0
0


HOST: 410
0.5335459478049843 0.5371515460329708 0.5070373563220847
20935.275899971974 18553.21439997881 2382.061500001154
39238.0 34540.0 4698.0
0


HOST: 411
0.5324721127133742 0.5353568128645544 0.5279057278411293
17828.76374998191 10985.521799980655 6843.24195000456
33483.0 20520.0 12963.0
0


HOST: 412
0.5392676422534873 0.5451906993838278 0.5097103153030176
23768.760599964706 20018.31209997539 3750.4484999996034
44076.0 36718.0 7358.0
0


HOST: 413
0.5232572605887614 0.547561742998347 0.5097265971162245
20222.323349973864 7567.850849980154 12654.472500007389
38647.0 13821.0 24826.0
0


HOST: 414
0.5062499999993286 0.5062499999985448 0.5062499999995415
19388.86874997429 1464.5812499957901 17924.287499983766
38299.0 2893.0 35406.0
0


HOST: 415
0.5131763895028878 0.5339620508266153 0.5062500000000019
19712.644649974427 5126.569649986333 14586.075000000053
38413.0 9601.0 28812.0
0


HOST: 416
0.537068829409957 0.5640532943266656 0.5191366567610467
18049.272149980425 7567.903049980872 10481.369100005533
33607.0 13417.0 20190.0
0


HOST: 417
0.506249999999292 0.5062499999985448 0.5062499999993497
13626.224999980945 976.0499999971944 12650.17499998375
26916.0 1928.0 24988.0
0


HOST: 418
0.5215472504982943 0.5975156875821014 0.5079320099696949
15421.630649984063 2685.2354999939635 12736.3951499901
29569.0 4494.0 25075.0
0


HOST: 419
0.5717837069594682 0.5717837069594682 0.0
16323.853049985857 16323.853049985857 0.0
28549.0 28549.0 0.0
0


HOST: 420
0.5332839337043374 0.5393317747187597 0.5075152777781408
18179.64929998086 14890.950299984956 3288.6990000023525
34090.0 27610.0 6480.0
0


HOST: 421
0.5529380646064367 0.5529380646064367 0.0
17664.712349981834 17664.712349981834 0.0
31947.0 31947.0 0.0
0


HOST: 422
0.5406617710700649 0.7256245222915695 0.5101563239710634
8993.36789997946 1708.8457499966462 7284.522149982813
16634.0 2355.0 14279.0
0


HOST: 423
0.5572166094035471 0.5572166094035471 0.0
13947.688949980187 13947.688949980187 0.0
25031.0 25031.0 0.0
0


HOST: 424
0.5611378958852178 0.5719831477074436 0.5062500000003638
19790.772449975746 16844.903699984214 2945.868750002117
35269.0 29450.0 5819.0
0


HOST: 425
0.5311601598212868 0.5587292134817706 0.5136143911803169
13127.623349983105 5370.505199986779 7757.118149996326
24715.0 9612.0 15103.0
0


HOST: 426
0.5199675319996168 0.5279423668387688 0.5080776570334343
10846.002749980007 6591.3604499820285 4254.642299997979
20859.0 12485.0 8374.0
0


HOST: 427
0.5452490659654367 0.5452490659654367 0.0
14010.174749981896 14010.174749981896 0.0
25695.0 25695.0 0.0
0


HOST: 428
0.5148496599531738 0.5148496599531738 0.0
9689.985449978683 9689.985449978683 0.0
18821.0 18821.0 0.0
0


HOST: 429
0.5372680283873669 0.5372680283873669 0.0
13815.847349981139 13815.847349981139 0.0
25715.0 25715.0 0.0
0


HOST: 430
0.5184115980761886 0.5184115980761886 0.0
8628.96104997816 8628.96104997816 0.0
16645.0 16645.0 0.0
0


HOST: 431
0.5118672836609828 0.5118672836609828 0.0
8766.239099977991 8766.239099977991 0.0
17126.0 17126.0 0.0
0


HOST: 432
0.5120935309763448 0.5120935309763448 0.0
10389.86564997906 10389.86564997906 0.0
20289.0 20289.0 0.0
0


HOST: 433
0.5090369305328546 0.5090369305328546 0.0
10134.416249978602 10134.416249978602 0.0
19909.0 19909.0 0.0
0


HOST: 434
0.5226616436106746 0.5226616436106746 0.0
9597.113099979206 9597.113099979206 0.0
18362.0 18362.0 0.0
0


HOST: 435
0.5729236349915693 0.5729236349915693 0.0
11395.451099982314 11395.451099982314 0.0
19890.0 19890.0 0.0
0


HOST: 436
0.5249770554854942 0.5249770554854942 0.0
12214.641149980995 12214.641149980995 0.0
23267.0 23267.0 0.0
0


HOST: 437
0.523670607635531 0.5286911567362028 0.5073090091340471
16115.962949983465 12450.14804998084 3665.814900002624
30775.0 23549.0 7226.0
0


HOST: 438
0.543453365078357 0.5585594569845463 0.5092323773323386
10271.268599980947 7323.831599981371 2947.436999999576
18900.0 13112.0 5788.0
0


HOST: 439
0.5462274587068835 0.6140471771926655 0.5082020802312699
10880.304749982412 4394.1215999907145 6486.183149991697
19919.0 7156.0 12763.0
0


HOST: 440
0.5471636916889213 0.5471636916889213 0.0
8316.340949979915 8316.340949979915 0.0
15199.0 15199.0 0.0
0


HOST: 441
0.5563831040487741 0.6785491313398245 0.5091512627613421
11485.972799982892 3905.72879999203 7580.243999990862
20644.0 5756.0 14888.0
0


HOST: 442
0.6603484026633936 0.6603484026633936 0.0
11699.392649987343 11699.392649987343 0.0
17717.0 17717.0 0.0
0


HOST: 443
0.5807609384597152 0.5807609384597152 0.0
10390.393949982765 10390.393949982765 0.0
17891.0 17891.0 0.0
0


HOST: 444
0.5062499999985448 0.5062499999985448 0.5062499999985448
6243.074999982055 1220.5687499964915 5022.506249985563
12332.0 2411.0 9921.0
0


HOST: 445
0.53973969942449 0.53973969942449 0.0
4794.507749987744 4794.507749987744 0.0
8883.0 8883.0 0.0
0


HOST: 446
0.5653784297891293 0.5653784297891293 0.0
9808.184999981815 9808.184999981815 0.0
17348.0 17348.0 0.0
0


HOST: 447
0.550113675706035 0.550113675706035 0.0
11440.163999982704 11440.163999982704 0.0
20796.0 20796.0 0.0
0


HOST: 448
0.5533825096286263 0.5916818181803815 0.5180737463318553
7613.9899499802705 3905.099999990518 3708.8899499897525
13759.0 6600.0 7159.0
0


HOST: 449
0.5062499999990391 0.5062499999985448 0.5062499999991983
11024.606249979075 2685.1499999922817 8339.456249986793
21777.0 5304.0 16473.0
0


HOST: 450
0.5237034390471361 0.5237034390471361 0.0
7926.251549978406 7926.251549978406 0.0
15135.0 15135.0 0.0
0


HOST: 451
0.5228874609701667 0.5351400037566539 0.5068763218206286
14737.060199983178 8544.045299978738 6193.01490000444
28184.0 15966.0 12218.0
0


HOST: 452
0.5234367434854451 0.5162859724123565 0.5323363355453947
10266.164849980036 5614.609949984377 4651.554899995659
19613.0 10875.0 8738.0
0


HOST: 453
0.5179009864171484 0.5179009864171484 0.0
10448.134499979553 10448.134499979553 0.0
20174.0 20174.0 0.0
0


HOST: 454
0.5198795733666705 0.536941829036896 0.5163499869967149
9651.044399978871 1708.5488999954032 7942.495499983468
18564.0 3182.0 15382.0
0


HOST: 455
0.5330000768976865 0.5330000768976865 0.0
14902.149149982417 14902.149149982417 0.0
27959.0 27959.0 0.0
0


HOST: 456
0.5062499999986487 0.5062499999985448 0.5062499999986585
8515.124999977272 732.0374999978958 7783.087499979376
16820.0 1446.0 15374.0
0


HOST: 457
0.5162331774602619 0.5176382711535628 0.5062499999999964
8886.954149978408 7811.679149978416 1075.2749999999924
17215.0 15091.0 2124.0
0


HOST: 458
0.7780439332868889 1.0025698369443403 0.5062499999999936
69882.34999996179 49312.39999994432 20569.949999999742
89818.0 49186.0 40632.0
2


HOST: 459
0.520800660791744 0.520800660791744 0.0
9221.29649997862 9221.29649997862 0.0
17706.0 17706.0 0.0
0


HOST: 460
0.5340910191074667 0.5340910191074667 0.0
12577.843499980841 12577.843499980841 0.0
23550.0 23550.0 0.0
0


HOST: 461
0.5062499999985784 0.5062499999985784 0.0
8179.987499977031 8179.987499977031 0.0
16158.0 16158.0 0.0
0


HOST: 462
0.5103452897577423 0.5103452897577423 0.0
7714.379399978032 7714.379399978032 0.0
15116.0 15116.0 0.0
0


HOST: 463
0.6146037897604025 0.6146037897604025 0.0
9892.66259998344 9892.66259998344 0.0
16096.0 16096.0 0.0
0


HOST: 464
0.508186243717454 0.508186243717454 0.0
9708.38999997824 9708.38999997824 0.0
19104.0 19104.0 0.0
0


HOST: 465
0.5317766705578261 0.5431419390709579 0.5132141928716684
10019.20424998 6347.156699983214 3672.047549996787
18841.0 11686.0 7155.0
0


HOST: 466
0.5130029325085306 0.5161634948082369 0.5084630332725586
9052.962749978038 5370.164999984896 3682.797749993142
17647.0 10404.0 7243.0
0


HOST: 467
0.5399464651438025 0.5405516883467053 0.5371478242324271
14236.228499981496 11718.079499979878 2518.1490000016183
26366.0 21678.0 4688.0
0


HOST: 468
0.5229838393011463 0.5229838393011463 0.0
8337.931349978177 8337.931349978177 0.0
15943.0 15943.0 0.0
0


HOST: 469
0.5120658109084304 0.5175520139904962 0.5062500000001742
14081.809799981836 7323.878549979512 6757.931250002324
27500.0 14151.0 13349.0
0


HOST: 470
0.5360091531324035 0.5360091531324035 0.0
12608.007299980394 12608.007299980394 0.0
23522.0 23522.0 0.0
0


HOST: 471
0.5062499999987978 0.5062499999985448 0.5062499999989442
9325.631249977854 3417.693749990176 5907.937499987678
18421.0 6751.0 11670.0
0


HOST: 472
0.5409887750192539 0.5409887750192539 0.0
13513.899599980963 13513.899599980963 0.0
24980.0 24980.0 0.0
0


HOST: 473
0.5062499999990342 0.5062499999985448 0.5062499999991741
10983.599999979046 2441.137499992983 8542.462499986063
21696.0 4822.0 16874.0
0


HOST: 474
0.5062499999985448 0.5062499999985448 0.0
4384.631249987397 4384.631249987397 0.0
8661.0 8661.0 0.0
0


HOST: 475
0.5088680213302198 0.5062499999985448 0.5100115158138818
9685.285049978072 2929.1624999915803 6756.122549986492
19033.0 5786.0 13247.0
0


HOST: 476
0.5193074415612832 0.5301194699422972 0.5085124618108097
10530.5162999797 5370.640349985413 5159.875949994286
20278.0 10131.0 10147.0
0


HOST: 477
0.5215287143144091 0.5222409081170738 0.5208525388435944
10011.265199979396 4882.4302499865225 5128.834949992874
19196.0 9349.0 9847.0
0


HOST: 478
0.50624999999871 0.5062499999985448 0.5062499999987429
8830.518749977498 1464.5812499957901 7365.937499981708
17443.0 2893.0 14550.0
0


HOST: 479
0.5112404822525627 0.5141753180540006 0.5062499999993725
9636.371849978554 6102.746849982934 3533.62499999562
18849.0 11869.0 6980.0
0


HOST: 480
0.5270912208824355 0.5360903294103234 0.5077260506325504
9843.428549979484 6835.151699981623 3008.276849997861
18675.0 12750.0 5925.0
0


HOST: 481
0.5139250908438557 0.5426357738246183 0.5062499999987422
8768.589899977867 1952.946149994801 6815.643749983066
17062.0 3599.0 13463.0
0


HOST: 482
0.523241436001315 0.523241436001315 0.0
11266.434599980315 11266.434599980315 0.0
21532.0 21532.0 0.0
0


HOST: 483
0.506249999999452 0.5062499999985448 0.5062499999997445
16016.231249982662 3905.718749988773 12110.512499993889
31637.0 7715.0 23922.0
0


HOST: 484
0.53687661631343 0.53687661631343 0.0
21324.739199969437 21324.739199969437 0.0
39720.0 39720.0 0.0
0


HOST: 485
0.5440088574956855 0.546749394474976 0.5062500000000948
21103.191599972633 19774.285349976453 1328.9062500002487
38792.0 36167.0 2625.0
0


HOST: 486
0.5525107608439142 0.5528315309258426 0.5436447598252452
21741.850949968866 20994.883049970726 746.9678999998869
39351.0 37977.0 1374.0
0


HOST: 487
0.5667489522309171 0.5404221498190603 0.6549891096222135
20608.69214997284 15135.603149982422 5473.089000003216
36363.0 28007.0 8356.0
0


HOST: 488
0.5575590062503434 0.5613357627495226 0.5494422229426892
21673.9912499696 14891.676449982084 6782.314800004555
38873.0 26529.0 12344.0
0


HOST: 489
0.5311069126261552 0.5359959683410367 0.5179330534354712
20563.9285499721 15135.990149982534 5427.938400003739
38719.0 28239.0 10480.0
0


HOST: 490
0.5440687191567743 0.5440687191567743 0.0
9922.72529998125 9922.72529998125 0.0
18238.0 18238.0 0.0
0


HOST: 491
0.7576939906853835 0.7576939906853835 0.0
12690.616649989488 12690.616649989488 0.0
16749.0 16749.0 0.0
0


HOST: 492
0.5568890334564057 0.5568890334564057 0.0
11684.645699982304 11684.645699982304 0.0
20982.0 20982.0 0.0
0


HOST: 493
0.5722624367134516 0.5722624367134516 0.0
9607.714049982138 9607.714049982138 0.0
16789.0 16789.0 0.0
0


HOST: 494
0.5555352431009176 0.5577047055207893 0.5062500000003638
10409.063849981892 10009.126349981605 399.9375000002874
18737.0 17947.0 790.0
0


HOST: 495
0.5479942960116451 0.5479942960116451 0.0
10870.562849983004 10870.562849983004 0.0
19837.0 19837.0 0.0
0


HOST: 496
0.5143114002361131 0.5143114002361131 0.0
9101.768849978493 9101.768849978493 0.0
17697.0 17697.0 0.0
0


HOST: 497
0.5062499999989889 0.5062499999985448 0.5062499999990218
10622.137499978786 732.0374999978958 9890.09999998089
20982.0 1446.0 19536.0
0


HOST: 498
0.5562508461845951 0.5742911440587795 0.5062500000003638
12226.949849983584 9276.524849981464 2950.42500000212
21981.0 16153.0 5828.0
0


HOST: 499
0.5402545080570916 0.5402545080570916 0.0
9587.356499981148 9587.356499981148 0.0
17746.0 17746.0 0.0
0


HOST: 500
0.5603827828770078 0.5603827828770078 0.0
10316.086649982837 10316.086649982837 0.0
18409.0 18409.0 0.0
0


HOST: 501
0.5539756401098425 0.5539756401098425 0.0
12419.02589998245 12419.02589998245 0.0
22418.0 22418.0 0.0
0


HOST: 502
0.517304044749094 0.517304044749094 0.0
8716.055849977485 8716.055849977485 0.0
16849.0 16849.0 0.0
0


HOST: 503
0.5679612286768824 0.6582815056166603 0.5062499999985448
6226.558949984661 2929.3526999941387 3297.2062499905223
10963.0 4450.0 6513.0
0


HOST: 504
0.5524904817908541 0.5650481747226089 0.5215293086584452
11742.632699982814 8544.09344998057 3198.5392500022444
21254.0 15121.0 6133.0
0


HOST: 505
0.5415989905583172 0.5415989905583172 0.0
11186.727149982042 11186.727149982042 0.0
20655.0 20655.0 0.0
0


HOST: 506
0.5062499999985448 0.5062499999985448 0.0
7807.893749977557 7807.893749977557 0.0
15423.0 15423.0 0.0
0


HOST: 507
0.5292665496528953 0.5292665496528953 0.0
10930.942049981248 10930.942049981248 0.0
20653.0 20653.0 0.0
0


HOST: 508
0.5091268421039766 0.5091268421039766 0.0
8802.803099977757 8802.803099977757 0.0
17290.0 17290.0 0.0
0


HOST: 509
0.5124202958208106 0.5124202958208106 0.0
10081.356899978628 10081.356899978628 0.0
19674.0 19674.0 0.0
0


HOST: 510
0.5699290742518941 0.5699290742518941 0.0
12411.345449983499 12411.345449983499 0.0
21777.0 21777.0 0.0
0


HOST: 511
0.5062499999991195 0.5062499999985448 0.5062499999991317
11736.393749979587 244.0124999992986 11492.381249980288
23183.0 482.0 22701.0
0


HOST: 512
0.5112473831149882 0.5281981125256544 0.5062499999988784
9338.444699978374 2196.7759499941967 7141.668749984177
18266.0 4159.0 14107.0
0


HOST: 513
0.6176325138733252 0.6176325138733252 0.0
12687.407099985847 12687.407099985847 0.0
20542.0 20542.0 0.0
0


HOST: 514
0.5645873405371225 0.609833425297909 0.5125158519045614
10134.907349981884 5857.450049986415 4277.457299995469
17951.0 9605.0 8346.0
0


HOST: 515
0.5553079898382541 0.5553079898382541 0.0
10602.495449981787 10602.495449981787 0.0
19093.0 19093.0 0.0
0


HOST: 516
0.5221782830140042 0.596769266053664 0.5138033168507132
8457.721649977826 975.7177499977406 7482.003899980085
16197.0 1635.0 14562.0
0


HOST: 517
0.5403810356355112 0.5788052578527804 0.5062499999991733
9689.572349980352 4882.222349988202 4807.34999999215
17931.0 8435.0 9496.0
0


HOST: 518
0.5517711916799257 0.5756930756024281 0.5062500000003638
11779.211399983054 8056.248899980379 3722.9625000026754
21348.0 13994.0 7354.0
0


HOST: 519
0.5860404648634612 0.5860404648634612 0.0
5420.874299987016 5420.874299987016 0.0
9250.0 9250.0 0.0
0


HOST: 520
0.5071658660977799 0.5077899666929664 0.5070816097112221
10241.707499978567 1219.7114999965052 9021.995999982062
20194.0 2402.0 17792.0
0


HOST: 521
0.5614146494698772 0.5614146494698772 0.0
10186.307399981451 10186.307399981451 0.0
18144.0 18144.0 0.0
0


HOST: 522
0.6560666028674169 0.6560666028674169 0.0
11483.133749988398 11483.133749988398 0.0
17503.0 17503.0 0.0
0


HOST: 523
0.5494004912827076 0.5494004912827076 0.0
10400.151299981655 10400.151299981655 0.0
18930.0 18930.0 0.0
0


HOST: 524
0.5474709988400076 0.5474709988400076 0.0
10392.094499981025 10392.094499981025 0.0
18982.0 18982.0 0.0
0


HOST: 525
0.5292386884048889 0.5292386884048889 0.0
8066.126849978911 8066.126849978911 0.0
15241.0 15241.0 0.0
0


HOST: 526
0.5103808301872491 0.5103808301872491 0.0
8115.0551999772615 8115.0551999772615 0.0
15900.0 15900.0 0.0
0


HOST: 527
0.5062499999987364 0.5062499999985448 0.5062499999988184
8974.293749977602 2685.1499999922817 6289.14374998532
17727.0 5304.0 12423.0
0


HOST: 528
0.5120289857770037 0.5120289857770037 0.0
5472.565799984615 5472.565799984615 0.0
10688.0 10688.0 0.0
0


HOST: 529
0.5161043934469834 0.5161043934469834 0.0
9074.66354997831 9074.66354997831 0.0
17583.0 17583.0 0.0
0


HOST: 530
0.5062499999986813 0.5062499999985448 0.5062499999986938
8679.65624997739 732.0374999978958 7947.618749979494
17145.0 1446.0 15699.0
0


HOST: 531
0.5428690628014042 0.5428690628014042 0.0
9534.409349981062 9534.409349981062 0.0
17563.0 17563.0 0.0
0


HOST: 532
0.5767037203897861 0.6768782439912021 0.5354064428858875
10688.050049983905 3661.9112999924037 7026.138749991502
18533.0 5410.0 13123.0
0


HOST: 533
0.5062499999985659 0.5062499999985448 0.5062499999985763
8122.78124997699 2685.1499999922817 5437.631249984708
16045.0 5304.0 10741.0
0


HOST: 534
0.5756144334833021 0.5766708407141594 0.5695967889911985
12604.229249983866 10741.647749982647 1862.581500001219
21897.0 18627.0 3270.0
0


HOST: 535
0.5459377093197736 0.5459377093197736 0.0
10367.3570999825 10367.3570999825 0.0
18990.0 18990.0 0.0
0


HOST: 536
0.5612770156797959 0.5714531894646083 0.5062500000000552
9091.565099981335 7811.765099981196 1279.8000000001393
16198.0 13670.0 2528.0
0


HOST: 537
0.5965592341240556 0.5965592341240556 0.0
9845.613599983415 9845.613599983415 0.0
16504.0 16504.0 0.0
0


HOST: 538
0.5680944645399643 0.5680944645399643 0.0
11935.664699984649 11935.664699984649 0.0
21010.0 21010.0 0.0
0


HOST: 539
0.557614684519795 0.5894008293078196 0.5062499999988922
8598.97604997976 5614.63229998629 2984.34374999347
15421.0 9526.0 5895.0
0


HOST: 540
0.5993414834456448 0.5993414834456448 0.0
7114.782749983249 7114.782749983249 0.0
11871.0 11871.0 0.0
0


HOST: 541
0.6743506810703105 0.6743506810703105 0.0
11485.540799989529 11485.540799989529 0.0
17032.0 17032.0 0.0
0


HOST: 542
0.5431507700960555 0.5431507700960555 0.0
12060.662849982913 12060.662849982913 0.0
22205.0 22205.0 0.0
0


HOST: 543
0.5062499999990485 0.5062499999985448 0.5062499999992092
11103.074999979131 2685.1499999922817 8417.92499998685
21932.0 5304.0 16628.0
0


HOST: 544
0.5226091964898624 0.5226091964898624 0.0
10484.58569997962 10484.58569997962 0.0
20062.0 20062.0 0.0
0


HOST: 545
0.5183829309247873 0.5314085328675188 0.5062499999992177
9876.231599979046 4882.581599986763 4993.6499999922835
19052.0 9188.0 9864.0
0


HOST: 546
0.519810403321574 0.519810403321574 0.0
8196.890249977901 8196.890249977901 0.0
15769.0 15769.0 0.0
0


HOST: 547
0.5239159277244576 0.5239159277244576 0.0
10351.530899979834 10351.530899979834 0.0
19758.0 19758.0 0.0
0


HOST: 548
0.5621498507700293 0.5621498507700293 0.0
10170.977249982141 10170.977249982141 0.0
18093.0 18093.0 0.0
0


HOST: 549
0.5062499999990926 0.5062499999985448 0.5062499999991578
11488.331249979408 1220.5687499964915 10267.762499982917
22693.0 2411.0 20282.0
0


HOST: 550
0.5947620138479053 0.5947620138479053 0.0
10307.2256999842 10307.2256999842 0.0
17330.0 17330.0 0.0
0


HOST: 551
0.5864465940045037 0.5864465940045037 0.0
10330.843199983337 10330.843199983337 0.0
17616.0 17616.0 0.0
0


HOST: 552
0.5576289267557653 0.5576289267557653 0.0
11960.582849984408 11960.582849984408 0.0
21449.0 21449.0 0.0
0


HOST: 553
0.5993348763648303 0.6205520759767847 0.5062500000003638
10422.4334999844 8788.258499983225 1634.1750000011743
17390.0 14162.0 3228.0
0


HOST: 554
0.6784743060759421 0.724179397803979 0.5062500000003638
14470.499999987693 12206.043749986065 2264.4562500016273
21328.0 16855.0 4473.0
0


HOST: 555
0.5399435255615896 0.5559898256485042 0.5062499999998014
10149.3184499812 7079.418449982404 3069.8999999987955
18797.0 12733.0 6064.0
0


HOST: 556
0.5495593005161835 0.5495593005161835 0.0
12012.816749983256 12012.816749983256 0.0
21859.0 21859.0 0.0
0


HOST: 557
0.5062499999989111 0.5062499999985448 0.5062499999989399
10053.112499978377 732.0374999978958 9321.074999980481
19858.0 1446.0 18412.0
0


HOST: 558
0.6702043400568857 0.6702043400568857 0.0
11628.045299986967 11628.045299986967 0.0
17350.0 17350.0 0.0
0


HOST: 559
0.5297809595640888 0.5300603677554289 0.5062499999985448
7900.623449979255 7812.02969997951 88.59374999974534
14913.0 14738.0 175.0
0


HOST: 560
0.5322551159162722 0.5322551159162722 0.0
8219.083499979075 8219.083499979075 0.0
15442.0 15442.0 0.0
0


HOST: 561
0.6556829847136343 0.5785320183653512 0.7474073139234328
12225.209249985712 5858.793749985911 6366.415499999801
18645.0 10127.0 8518.0
0


HOST: 562
0.5495046542885462 0.5495046542885462 0.0
6334.140149984072 6334.140149984072 0.0
11527.0 11527.0 0.0
0


HOST: 563
0.5734895114934563 0.5734895114934563 0.0
11974.460999983366 11974.460999983366 0.0
20880.0 20880.0 0.0
0


HOST: 564
0.5281969982565202 0.5281969982565202 0.0
10003.522949980237 10003.522949980237 0.0
18939.0 18939.0 0.0
0


HOST: 565
0.5412301649318738 0.5412301649318738 0.0
10041.443249981055 10041.443249981055 0.0
18553.0 18553.0 0.0
0


HOST: 566
0.5393355343816792 0.5393355343816792 0.0
9764.669849980302 9764.669849980302 0.0
18105.0 18105.0 0.0
0


HOST: 567
0.5062499999986734 0.5062499999985448 0.5062499999987393
8639.15624997736 2929.1624999915803 5709.993749985781
17065.0 5786.0 11279.0
0


HOST: 568
0.5363461882001086 0.5363461882001086 0.0
10327.882199981292 10327.882199981292 0.0
19256.0 19256.0 0.0
0


HOST: 569
0.5557440479171522 0.5557440479171522 0.0
11064.308249982583 11064.308249982583 0.0
19909.0 19909.0 0.0
0


HOST: 570
0.5468303812431097 0.5468303812431097 0.0
11790.209849982688 11790.209849982688 0.0
21561.0 21561.0 0.0
0


HOST: 571
0.5341155542298449 0.5341155542298449 0.0
6721.844249982598 6721.844249982598 0.0
12585.0 12585.0 0.0
0


HOST: 572
0.5695984584322563 0.5695984584322563 0.0
9736.146449982558 9736.146449982558 0.0
17093.0 17093.0 0.0
0


HOST: 573
0.5062499999988704 0.5062499999985448 0.5062499999989065
9779.23124997818 976.0499999971944 8803.181249980986
19317.0 1928.0 17389.0
0


HOST: 574
0.5238965412467264 0.5704178776277151 0.5062499999988165
8967.013199978968 2684.956949993655 6282.056249985313
17116.0 4707.0 12409.0
0


HOST: 575
0.5619959309747973 0.5619959309747973 0.0
10552.035599982793 10552.035599982793 0.0
18776.0 18776.0 0.0
0


HOST: 576
0.5062499999990279 0.5062499999990279 0.0
10931.456249979008 10931.456249979008 0.0
21593.0 21593.0 0.0
0


HOST: 577
0.5062499999985448 0.5062499999985448 0.5062499999985448
7658.043749977987 2929.1624999915803 4728.881249986407
15127.0 5786.0 9341.0
0


HOST: 578
0.5307101683640071 0.5330379420137041 0.5062500000003638
9582.502799980512 8788.19654997994 794.3062500005708
18056.0 16487.0 1569.0
0


HOST: 579
0.55781298430276 0.55781298430276 0.0
11229.890999983165 11229.890999983165 0.0
20132.0 20132.0 0.0
0


HOST: 580
0.6196694349513716 0.6196694349513716 0.0
12874.871849984649 12874.871849984649 0.0
20777.0 20777.0 0.0
0


HOST: 581
0.5518164105364217 0.5518164105364217 0.0
4524.342749988122 4524.342749988122 0.0
8199.0 8199.0 0.0
0


HOST: 582
0.6335668885766005 0.6335668885766005 0.0
10849.199399985706 10849.199399985706 0.0
17124.0 17124.0 0.0
0


HOST: 583
0.72194548937093 0.72194548937093 0.0
12532.251749989973 12532.251749989973 0.0
17359.0 17359.0 0.0
0


HOST: 584
0.5348406099701118 0.5348406099701118 0.0
11232.18764998232 11232.18764998232 0.0
21001.0 21001.0 0.0
0


HOST: 585
0.658628803195112 0.658628803195112 0.0
12118.111349986864 12118.111349986864 0.0
18399.0 18399.0 0.0
0


HOST: 586
0.6117396837118908 0.6117396837118908 0.0
12417.09209998396 12417.09209998396 0.0
20298.0 20298.0 0.0
0


HOST: 587
0.5206685485783465 0.5206685485783465 0.0
8724.322199978775 8724.322199978775 0.0
16756.0 16756.0 0.0
0


HOST: 588
0.5619557016556964 0.5674375843291005 0.5416331021441004
12586.121849982634 10009.031549981004 2577.0903000016297
22397.0 17639.0 4758.0
0


HOST: 589
0.5678898504991543 0.6105147749120151 0.5244713991767849
11699.666699983576 6346.911599985309 5352.755099998267
20602.0 10396.0 10206.0
0


HOST: 590
0.5426108750602298 0.5426108750602298 0.0
16742.258549983388 16742.258549983388 0.0
30855.0 30855.0 0.0
0


HOST: 591
0.5117891117595673 0.5310027063325393 0.5062499999998497
17873.21114997937 4149.786149988795 13723.424999995925
34923.0 7815.0 27108.0
0


HOST: 592
0.5184441138054617 0.5238486910562467 0.5140078863940206
21438.18254996965 9765.063449979494 11673.119100008207
41351.0 18641.0 22710.0
0


HOST: 593
0.5277582171455246 0.5349418222447784 0.5184627934675221
21348.875399970762 12206.302499981353 9142.572900006286
40452.0 22818.0 17634.0
0


HOST: 594
0.5205394424857037 0.5302527883002135 0.5096476210708822
19495.243199974575 10497.414449979326 8997.828750006425
37452.0 19797.0 17655.0
0


HOST: 595
0.5216500346344468 0.5320661641832679 0.5121595151418462
18073.608749979678 8788.668899979219 9284.93985000653
34647.0 16518.0 18129.0
0


HOST: 596
0.5461008552928418 0.560153893359966 0.5124810708376915
21261.890699971504 15380.145449984588 5881.745250004185
38934.0 27457.0 11477.0
0


HOST: 597
0.5285254829116145 0.5544451791325888 0.5152907392169429
21341.858999970995 7567.6222499807045 13774.236750008102
40380.0 13649.0 26731.0
0


HOST: 598
0.611797340512781 0.611797340512781 0.0
11076.5908499839 11076.5908499839 0.0
18105.0 18105.0 0.0
0


HOST: 599
0.5170655558305026 0.5170655558305026 0.0
8316.482399977804 8316.482399977804 0.0
16084.0 16084.0 0.0
0


HOST: 600
0.5156923534534182 0.5170263049692805 0.5062499999985448
4724.257649986765 4150.170149988415 574.0874999983498
9161.0 8027.0 1134.0
0


HOST: 601
0.5062499999986213 0.506249999998551 0.5062500000003638
8380.968749977175 8055.956249976942 325.01250000023356
16555.0 15913.0 642.0
0


HOST: 602
0.5234423003891776 0.5234423003891776 0.0
9925.512899979585 9925.512899979585 0.0
18962.0 18962.0 0.0
0


HOST: 603
0.5138244690027721 0.5174265578620508 0.5081658712542448
11902.229999980214 7323.655499979468 4578.574500000746
23164.0 14154.0 9010.0
0


HOST: 604
0.5387773919581055 0.5189049328622358 0.5832615353374984
15035.12189998289 10009.157249979668 5025.964650003223
27906.0 19289.0 8617.0
0


HOST: 605
0.5156693765267629 0.5156693765267629 0.0
8436.350999977842 8436.350999977842 0.0
16360.0 16360.0 0.0
0


HOST: 606
0.5621507941841966 0.576273662319107 0.5062500000003638
12528.654749983189 10253.060999981553 2275.5937500016353
22287.0 17792.0 4495.0
0


HOST: 607
0.6068114789907403 0.6068114789907403 0.0
10831.584899984715 10831.584899984715 0.0
17850.0 17850.0 0.0
0


HOST: 608
0.5299224360146437 0.5299224360146437 0.0
11512.034999982121 11512.034999982121 0.0
21724.0 21724.0 0.0
0


HOST: 609
0.72693447568172 0.7327682622426489 0.5062500000003638
14169.406799988086 13915.269299987904 254.13750000018263
19492.0 18990.0 502.0
0


HOST: 610
0.546811990948915 0.546811990948915 0.0
8338.336049980004 8338.336049980004 0.0
15249.0 15249.0 0.0
0


HOST: 611
0.5307586235731815 0.5307586235731815 0.0
10469.213849981004 10469.213849981004 0.0
19725.0 19725.0 0.0
0


HOST: 612
0.5164886555497716 0.5221389169731167 0.5097821486261015
9788.492999979273 5370.720899985477 4417.772099993796
18952.0 10286.0 8666.0
0


HOST: 613
0.5261746658557637 0.5276820615282302 0.5062500000003638
11259.085499981631 10497.179249981084 761.9062500005475
21398.0 19893.0 1505.0
0


HOST: 614
0.5112563603154203 0.5112563603154203 0.0
10079.930399978828 10079.930399978828 0.0
19716.0 19716.0 0.0
0


HOST: 615
0.5264631004702389 0.5199070356462462 0.5489135527004805
13414.279799981688 10253.086649979621 3161.1931500020673
25480.0 19721.0 5759.0
0


HOST: 616
0.508608196720362 0.5062499999985448 0.508966001467633
11169.035999979149 1464.5812499957901 9704.454749983359
21960.0 2893.0 19067.0
0


HOST: 617
0.5273673122921919 0.5299489203073026 0.5062500000003638
10360.13084998011 9276.755849979332 1083.3750000007785
19645.0 17505.0 2140.0
0


HOST: 618
0.5181419981737915 0.5154155039456879 0.5200707272725552
13624.025699981674 5614.936499984324 8009.08919999735
26294.0 10894.0 15400.0
0


HOST: 619
0.5133271347521534 0.516977651926952 0.5062500000003638
12125.300249980617 8056.062749977693 4069.237500002924
23621.0 15583.0 8038.0
0


HOST: 620
0.6338509394792585 0.6338509394792585 0.0
11604.542999986264 11604.542999986264 0.0
18308.0 18308.0 0.0
0


HOST: 621
0.5906978335872292 0.5906978335872292 0.0
11983.486949984117 11983.486949984117 0.0
20287.0 20287.0 0.0
0


HOST: 622
0.720053721082013 0.720053721082013 0.0
13197.144599991136 13197.144599991136 0.0
18328.0 18328.0 0.0
0


HOST: 623
0.571867243848976 0.571867243848976 0.0
9577.632599982651 9577.632599982651 0.0
16748.0 16748.0 0.0
0


HOST: 624
0.5072813963851073 0.5072813963851073 0.0
9096.569999977744 9096.569999977744 0.0
17932.0 17932.0 0.0
0


