records: 20
      Record Time
Host  UsedBuffer

  16870.0 33740.0 50610.0 67480.0 84350.0 101220.0 118090.0 134960.0 151830.0 168700.0 185570.0 202440.0 219310.0 236180.0 253050.0 269920.0 286790.0 303660.0 320530.0 337400.0
0 1.0E8 1.0E8 1.0E8 3.0E8 3.0E8 3.0E8 3.0E8 3.0E8 4.0E8 4.0E8 4.0E8 4.0E8 4.0E8 4.0E8 4.0E8 4.0E8 4.0E8 4.0E8 4.0E8 4.0E8
1 4.0E8 8.0E8 8.0E8 1.05032704E8 2.005032704E9 -1.989934592E9 -1.689934592E9 -1.689934592E9 -1.184901888E9 5.15098112E8 9.15098112E8 1.115098112E9 1.115098112E9 5.20130816E8 1.520130816E9 2.020130816E9 2.020130816E9 -1.67483648E9 1.72516352E9 -1.869803776E9
2 5.0E8 6.0E8 -1.394967296E9 1.05032704E8 1.905032704E9 -2.089934592E9 -1.889934592E9 -1.689934592E9 -1.184901888E9 2.15098112E8 5.15098112E8 7.15098112E8 7.15098112E8 3.20130816E8 1.420130816E9 1.620130816E9 -1.67483648E9 -1.07483648E9 1.92516352E9 2.12516352E9
3 2.0E8 2.0E8 3.0E8 3.05032704E8 1.905032704E9 -2.089934592E9 -1.789934592E9 -1.189934592E9 -9.84901888E8 5.15098112E8 6.15098112E8 7.15098112E8 1.515098112E9 6.20130816E8 1.620130816E9 -2.07483648E9 -1.67483648E9 -1.37483648E9 2.12516352E9 -1.769803776E9
4 1.0E8 1.0E8 1.0E8 1.0E8 1.0E8 2.0E8 2.0E8 2.0E8 2.0E8 2.0E8 3.0E8 3.0E8 3.0E8 3.0E8 4.0E8 4.0E8 4.0E8 5.0E8 6.0E8 6.0E8
5 0.0 0.0 0.0 2.05032704E8 2.105032704E9 -1.889934592E9 -1.589934592E9 -1.589934592E9 -1.184901888E9 5.15098112E8 9.15098112E8 1.115098112E9 1.115098112E9 8.20130816E8 1.720130816E9 2.020130816E9 2.120130816E9 -1.67483648E9 1.72516352E9 1.72516352E9
6 0.0 0.0 0.0 2.05032704E8 1.405032704E9 -1.989934592E9 -1.989934592E9 -7.89934592E8 -1.184901888E9 2.15098112E8 6.15098112E8 7.15098112E8 1.015098112E9 4.20130816E8 1.520130816E9 1.620130816E9 -1.77483648E9 -1.77483648E9 6.2516352E8 6.2516352E8
7 0.0 0.0 1.0E8 1.0E8 1.0E8 1.0E8 1.0E8 1.0E8 1.0E8 1.0E8 1.0E8 1.0E8 1.0E8 1.0E8 1.0E8 1.0E8 2.0E8 2.0E8 2.0E8 3.0E8
8 0.0 0.0 0.0 0.0 0.0 0.0 0.0 0.0 0.0 0.0 0.0 0.0 0.0 0.0 0.0 0.0 0.0 1.0E8 1.0E8 1.0E8
9 0.0 1.0E8 1.0E8 2.05032704E8 2.005032704E9 -1.989934592E9 -1.689934592E9 -1.689934592E9 -1.184901888E9 5.15098112E8 9.15098112E8 1.115098112E9 1.115098112E9 8.20130816E8 1.720130816E9 2.020130816E9 2.120130816E9 -1.67483648E9 2.02516352E9 -1.769803776E9
10 0.0 0.0 0.0 0.0 0.0 0.0 0.0 0.0 1.0E8 2.0E8 3.0E8 3.0E8 3.0E8 3.0E8 3.0E8 3.0E8 3.0E8 3.0E8 3.0E8 4.0E8
11 0.0 0.0 0.0 0.0 0.0 3.0E8 3.0E8 3.0E8 3.0E8 3.0E8 3.0E8 3.0E8 3.0E8 3.0E8 3.0E8 3.0E8 3.0E8 3.0E8 3.0E8 3.0E8
12 0.0 0.0 0.0 0.0 0.0 0.0 0.0 0.0 0.0 0.0 0.0 0.0 0.0 0.0 0.0 0.0 1.0E8 1.0E8 1.0E8 2.0E8
13 0.0 1.0E8 2.0E8 2.0E8 2.0E8 2.0E8 2.0E8 2.0E8 2.0E8 2.0E8 3.0E8 3.0E8 3.0E8 3.0E8 3.0E8 3.0E8 3.0E8 4.0E8 4.0E8 4.0E8
14 1.0E8 1.0E8 -1.294967296E9 2.05032704E8 1.805032704E9 2.105032704E9 2.105032704E9 -1.989934592E9 -1.084901888E9 3.15098112E8 6.15098112E8 6.15098112E8 9.15098112E8 3.20130816E8 6.20130816E8 6.20130816E8 6.20130816E8 7.20130816E8 7.20130816E8 7.20130816E8
15 0.0 0.0 0.0 0.0 0.0 0.0 0.0 0.0 0.0 0.0 0.0 0.0 0.0 0.0 0.0 0.0 0.0 0.0 0.0 0.0
16 0.0 0.0 0.0 0.0 0.0 0.0 0.0 0.0 0.0 0.0 0.0 0.0 0.0 0.0 0.0 0.0 0.0 0.0 0.0 0.0
17 1.0E8 1.0E8 1.0E8 2.0E8 2.0E8 2.0E8 2.0E8 2.0E8 2.0E8 2.0E8 2.0E8 3.0E8 3.0E8 3.0E8 3.0E8 3.0E8 3.0E8 3.0E8 4.0E8 4.0E8
18 0.0 0.0 0.0 1.0E8 1.0E8 1.0E8 1.0E8 1.0E8 1.0E8 2.0E8 2.0E8 2.0E8 2.0E8 2.0E8 3.0E8 3.0E8 3.0E8 3.0E8 3.0E8 3.0E8
19 0.0 7.0E8 7.0E8 8.0E8 1.0E9 1.0E9 1.1E9 1.3E9 -1.994967296E9 -1.994967296E9 -1.894967296E9 -1.794967296E9 -1.794967296E9 -1.794967296E9 -1.594967296E9 -1.594967296E9 -1.494967296E9 -1.494967296E9 -1.494967296E9 -1.494967296E9
20 4.0E8 4.0E8 4.0E8 4.0E8 4.0E8 4.0E8 4.0E8 4.0E8 -3.94967296E8 1.005032704E9 1.005032704E9 8.15098112E8 8.15098112E8 9.15098112E8 1.620130816E9 1.620130816E9 1.620130816E9 1.620130816E9 -1.47483648E9 -2.069803776E9
21 0.0 0.0 0.0 0.0 0.0 0.0 0.0 2.0E8 2.0E8 2.0E8 2.0E8 2.0E8 2.0E8 2.0E8 2.0E8 2.0E8 2.0E8 2.0E8 2.0E8 2.0E8
22 0.0 0.0 0.0 0.0 0.0 0.0 0.0 0.0 0.0 0.0 0.0 0.0 0.0 0.0 1.0E8 1.0E8 2.0E8 2.0E8 2.0E8 2.0E8
23 1.0E8 3.0E8 -1.394967296E9 1.05032704E8 1.905032704E9 2.005032704E9 -1.989934592E9 -1.989934592E9 -9.84901888E8 -5.84901888E8 9.15098112E8 1.015098112E9 1.015098112E9 6.20130816E8 8.20130816E8 1.720130816E9 1.720130816E9 -9.7483648E8 2.02516352E9 -1.969803776E9
24 0.0 0.0 1.0E8 2.0E8 2.0E8 2.0E8 2.0E8 2.0E8 2.0E8 2.0E8 2.0E8 2.0E8 2.0E8 2.0E8 2.0E8 2.0E8 2.0E8 3.0E8 3.0E8 3.0E8
25 6.0E8 1.2E9 1.2E9 1.2E9 1.905032704E9 -2.089934592E9 -1.889934592E9 -1.789934592E9 -9.84901888E8 4.15098112E8 1.015098112E9 1.015098112E9 1.015098112E9 5.20130816E8 1.420130816E9 1.620130816E9 1.620130816E9 1.620130816E9 1.82516352E9 -1.969803776E9
26 7.0E8 1.1E9 -1.494967296E9 3.05032704E8 2.005032704E9 -2.089934592E9 -1.789934592E9 -1.789934592E9 -1.184901888E9 2.15098112E8 2.15098112E8 2.15098112E8 3.15098112E8 6.20130816E8 1.220130816E9 1.220130816E9 1.220130816E9 1.220130816E9 1.220130816E9 1.220130816E9
27 0.0 1.0E8 1.0E8 1.0E8 1.0E8 1.0E8 1.0E8 1.0E8 2.0E8 2.0E8 2.0E8 2.0E8 2.0E8 3.0E8 3.0E8 3.0E8 3.0E8 3.0E8 3.0E8 3.0E8
28 1.0E8 1.0E8 -1.394967296E9 2.05032704E8 1.805032704E9 2.105032704E9 2.105032704E9 -1.989934592E9 -9.84901888E8 4.15098112E8 6.15098112E8 6.15098112E8 6.15098112E8 6.15098112E8 7.15098112E8 7.15098112E8 7.15098112E8 7.15098112E8 2.02516352E9 -1.869803776E9
29 0.0 0.0 0.0 0.0 0.0 0.0 0.0 0.0 0.0 0.0 0.0 0.0 0.0 0.0 0.0 0.0 0.0 0.0 1.0E8 2.0E8
30 0.0 0.0 0.0 0.0 0.0 0.0 1.0E8 2.0E8 4.0E8 4.0E8 4.0E8 4.0E8 4.0E8 4.0E8 4.0E8 5.0E8 5.0E8 5.0E8 5.0E8 5.0E8
31 0.0 0.0 0.0 0.0 1.0E8 1.0E8 1.0E8 1.0E8 1.0E8 1.0E8 1.0E8 1.0E8 1.0E8 1.0E8 1.0E8 1.0E8 1.0E8 2.0E8 3.0E8 4.0E8
32 0.0 0.0 0.0 0.0 0.0 0.0 0.0 1.0E8 1.0E8 1.0E8 1.0E8 1.0E8 2.0E8 2.0E8 3.0E8 3.0E8 3.0E8 3.0E8 4.0E8 4.0E8
33 1.0E8 1.0E8 -1.194967296E9 3.05032704E8 6.05032704E8 7.05032704E8 7.05032704E8 9.05032704E8 -7.84901888E8 5.15098112E8 1.115098112E9 1.115098112E9 1.215098112E9 1.215098112E9 1.315098112E9 1.315098112E9 1.415098112E9 1.415098112E9 1.415098112E9 1.415098112E9
34 0.0 0.0 0.0 0.0 0.0 0.0 1.0E8 1.0E8 3.0E8 3.0E8 3.0E8 3.0E8 3.0E8 3.0E8 3.0E8 3.0E8 3.0E8 3.0E8 3.0E8 3.0E8
35 7.0E8 1.1E9 -1.194967296E9 2.05032704E8 1.405032704E9 1.405032704E9 1.505032704E9 2.105032704E9 -7.84901888E8 -2.84901888E8 1.215098112E9 1.215098112E9 1.715098112E9 5.20130816E8 1.820130816E9 2.020130816E9 2.020130816E9 2.020130816E9 -1.969803776E9 -1.569803776E9
36 1.0E8 2.0E8 -1.194967296E9 3.05032704E8 6.05032704E8 7.05032704E8 7.05032704E8 8.05032704E8 -8.84901888E8 5.15098112E8 1.115098112E9 1.115098112E9 1.215098112E9 1.215098112E9 1.315098112E9 1.315098112E9 1.415098112E9 1.415098112E9 1.515098112E9 1.515098112E9
37 3.0E8 3.0E8 -1.194967296E9 3.05032704E8 2.005032704E9 -1.889934592E9 -1.789934592E9 -1.689934592E9 -1.084901888E9 6.15098112E8 1.115098112E9 1.115098112E9 1.315098112E9 4.20130816E8 1.620130816E9 -1.77483648E9 -1.77483648E9 -1.37483648E9 1.42516352E9 -1.769803776E9
38 1.0E8 2.0E8 2.0E8 3.0E8 2.005032704E9 -1.989934592E9 -1.989934592E9 -1.389934592E9 -1.184901888E9 -2.84901888E8 7.15098112E8 7.15098112E8 1.415098112E9 -2.79869184E8 8.20130816E8 1.320130816E9 1.420130816E9 1.420130816E9 1.420130816E9 1.420130816E9
39 0.0 0.0 0.0 1.0E8 1.0E8 1.0E8 1.0E8 2.0E8 2.0E8 2.0E8 2.0E8 2.0E8 2.0E8 2.0E8 2.0E8 2.0E8 2.0E8 2.0E8 2.0E8 2.0E8
40 0.0 0.0 0.0 0.0 0.0 0.0 0.0 0.0 0.0 0.0 0.0 0.0 0.0 0.0 0.0 1.0E8 1.0E8 1.0E8 1.0E8 1.0E8
41 0.0 1.0E8 1.0E8 1.0E8 1.0E8 1.0E8 1.0E8 1.0E8 1.0E8 1.0E8 1.0E8 1.0E8 1.0E8 1.0E8 3.0E8 3.0E8 3.0E8 4.0E8 4.0E8 4.0E8
42 7.0E8 1.0E9 -1.194967296E9 -1.94967296E8 -1.94967296E8 -9.4967296E7 1.05032704E8 -7.89934592E8 -9.84901888E8 4.15098112E8 1.115098112E9 1.115098112E9 1.115098112E9 7.20130816E8 1.620130816E9 1.620130816E9 1.820130816E9 1.820130816E9 2.12516352E9 -1.769803776E9
43 6.0E8 1.1E9 -1.294967296E9 -6.94967296E8 3.05032704E8 3.05032704E8 5.05032704E8 -6.89934592E8 -8.84901888E8 5.15098112E8 1.115098112E9 1.115098112E9 2.015098112E9 6.20130816E8 1.720130816E9 2.020130816E9 -1.97483648E9 -1.67483648E9 2.02516352E9 -2.069803776E9
44 0.0 0.0 1.0E8 1.0E8 1.0E8 1.0E8 1.0E8 1.0E8 1.0E8 1.0E8 1.0E8 1.0E8 1.0E8 1.0E8 1.0E8 1.0E8 1.0E8 1.0E8 1.0E8 1.0E8
45 0.0 1.0E8 1.0E8 1.0E8 1.0E8 1.0E8 1.0E8 1.0E8 1.0E8 2.0E8 3.0E8 3.0E8 4.0E8 5.0E8 5.0E8 5.0E8 5.0E8 5.0E8 5.0E8 5.0E8
46 0.0 0.0 1.0E8 1.0E8 1.0E8 1.0E8 1.0E8 1.0E8 1.0E8 1.0E8 2.0E8 2.0E8 2.0E8 2.0E8 2.0E8 2.0E8 2.0E8 2.0E8 2.0E8 2.0E8
47 0.0 0.0 0.0 0.0 0.0 0.0 0.0 0.0 0.0 0.0 0.0 0.0 0.0 0.0 0.0 0.0 0.0 0.0 0.0 0.0
48 0.0 0.0 0.0 0.0 1.0E8 1.0E8 1.0E8 1.0E8 1.0E8 1.0E8 1.0E8 1.0E8 1.0E8 2.0E8 2.0E8 2.0E8 2.0E8 2.0E8 2.0E8 2.0E8
49 0.0 0.0 0.0 0.0 0.0 0.0 0.0 0.0 0.0 0.0 0.0 0.0 0.0 0.0 0.0 0.0 0.0 0.0 0.0 0.0
50 7.0E8 1.2E9 -1.194967296E9 -1.94967296E8 -9.4967296E7 -9.4967296E7 5032704.0 1.05032704E8 -8.84901888E8 5.15098112E8 1.115098112E9 1.115098112E9 2.015098112E9 6.20130816E8 1.720130816E9 1.720130816E9 1.720130816E9 1.720130816E9 -2.069803776E9 -1.769803776E9
51 7.0E8 1.2E9 -1.294967296E9 2.05032704E8 1.905032704E9 -2.089934592E9 -1.889934592E9 -1.689934592E9 -9.84901888E8 3.15098112E8 3.15098112E8 3.15098112E8 7.15098112E8 6.20130816E8 1.320130816E9 -1.87483648E9 -1.67483648E9 -1.67483648E9 1.92516352E9 1.92516352E9
52 6.0E8 1.1E9 -1.294967296E9 2.05032704E8 2.005032704E9 -1.989934592E9 -1.889934592E9 -1.289934592E9 -8.84901888E8 5.15098112E8 1.215098112E9 1.315098112E9 1.315098112E9 5.20130816E8 1.720130816E9 -1.67483648E9 -1.67483648E9 -1.57483648E9 2.02516352E9 -1.969803776E9
53 5.0E8 1.1E9 1.2E9 1.2E9 1.4E9 1.4E9 1.7E9 -5.89934592E8 -7.84901888E8 6.15098112E8 1.215098112E9 1.415098112E9 1.415098112E9 9.20130816E8 1.620130816E9 1.620130816E9 1.620130816E9 1.620130816E9 -1.969803776E9 -1.869803776E9
54 1.0E8 1.0E8 -1.194967296E9 3.05032704E8 2.005032704E9 2.105032704E9 -2.089934592E9 -1.689934592E9 -1.184901888E9 -3.84901888E8 -3.84901888E8 -2.84901888E8 1.215098112E9 5.20130816E8 8.20130816E8 9.20130816E8 9.20130816E8 1.420130816E9 2.02516352E9 -2.069803776E9
55 0.0 0.0 0.0 0.0 0.0 0.0 0.0 0.0 0.0 0.0 0.0 0.0 0.0 0.0 0.0 1.0E8 1.0E8 1.0E8 2.0E8 2.0E8
56 0.0 0.0 0.0 0.0 0.0 0.0 1.0E8 1.0E8 1.0E8 1.0E8 1.0E8 1.0E8 1.0E8 1.0E8 1.0E8 1.0E8 1.0E8 1.0E8 1.0E8 1.0E8
57 4.0E8 1.2E9 -1.194967296E9 -1.94967296E8 -1.94967296E8 -1.889934592E9 -1.789934592E9 -1.089934592E9 -8.84901888E8 5.15098112E8 1.115098112E9 1.215098112E9 1.915098112E9 8.20130816E8 1.720130816E9 -1.97483648E9 -1.97483648E9 -6.7483648E8 -2.069803776E9 -1.869803776E9
58 0.0 0.0 0.0 0.0 0.0 0.0 0.0 0.0 0.0 0.0 1.0E8 1.0E8 1.0E8 1.0E8 1.0E8 1.0E8 2.0E8 2.0E8 3.0E8 3.0E8
59 0.0 0.0 1.0E8 1.0E8 2.0E8 2.0E8 2.0E8 2.0E8 2.0E8 2.0E8 2.0E8 2.0E8 3.0E8 3.0E8 3.0E8 3.0E8 4.0E8 4.0E8 4.0E8 4.0E8
60 0.0 0.0 0.0 1.0E8 1.0E8 2.0E8 2.0E8 2.0E8 2.0E8 2.0E8 2.0E8 2.0E8 2.0E8 3.0E8 3.0E8 3.0E8 3.0E8 3.0E8 3.0E8 3.0E8
61 3.0E8 3.0E8 4.0E8 2.05032704E8 1.805032704E9 -1.889934592E9 -1.489934592E9 -1.289934592E9 -8.84901888E8 5.15098112E8 8.15098112E8 8.15098112E8 8.15098112E8 3.20130816E8 3.20130816E8 3.20130816E8 3.20130816E8 3.20130816E8 3.20130816E8 3.20130816E8
62 0.0 0.0 0.0 0.0 0.0 0.0 0.0 0.0 0.0 0.0 0.0 0.0 0.0 0.0 0.0 0.0 0.0 0.0 0.0 1.0E8
63 0.0 0.0 0.0 0.0 0.0 0.0 0.0 0.0 0.0 0.0 0.0 0.0 0.0 0.0 0.0 0.0 0.0 0.0 0.0 1.0E8
64 3.0E8 3.0E8 3.0E8 1.1E9 1.105032704E9 1.105032704E9 1.105032704E9 -6.89934592E8 -6.84901888E8 5.15098112E8 8.15098112E8 8.15098112E8 8.15098112E8 6.20130816E8 1.820130816E9 -1.87483648E9 -1.77483648E9 -9.7483648E8 2.02516352E9 -1.769803776E9
65 8.0E8 1.2E9 -1.194967296E9 3.05032704E8 2.105032704E9 -1.889934592E9 -1.789934592E9 -1.589934592E9 -7.84901888E8 5.15098112E8 1.115098112E9 1.215098112E9 1.215098112E9 8.20130816E8 1.720130816E9 1.720130816E9 1.720130816E9 1.720130816E9 1.820130816E9 1.820130816E9
66 6.0E8 1.1E9 1.1E9 1.1E9 2.105032704E9 -1.989934592E9 -1.889934592E9 -6.89934592E8 -9.84901888E8 5.15098112E8 1.115098112E9 1.215098112E9 1.415098112E9 6.20130816E8 1.520130816E9 1.520130816E9 -1.77483648E9 -1.77483648E9 2.02516352E9 -1.869803776E9
67 3.0E8 4.0E8 4.0E8 4.0E8 1.805032704E9 1.805032704E9 1.805032704E9 2.105032704E9 -2.089934592E9 6.15098112E8 9.15098112E8 9.15098112E8 2.015098112E9 6.20130816E8 1.420130816E9 1.420130816E9 1.520130816E9 1.520130816E9 1.620130816E9 1.620130816E9
68 0.0 0.0 0.0 0.0 0.0 0.0 0.0 0.0 0.0 1.0E8 1.0E8 1.0E8 1.0E8 1.0E8 1.0E8 2.0E8 2.0E8 2.0E8 2.0E8 3.0E8
69 0.0 0.0 0.0 0.0 0.0 0.0 1.0E8 1.0E8 1.0E8 1.0E8 1.0E8 1.0E8 1.0E8 1.0E8 2.0E8 2.0E8 2.0E8 2.0E8 2.0E8 2.0E8
70 8.0E8 1.1E9 1.1E9 4.05032704E8 4.05032704E8 4.05032704E8 5.05032704E8 -2.089934592E9 -8.84901888E8 5.15098112E8 1.115098112E9 1.315098112E9 1.315098112E9 6.20130816E8 1.420130816E9 1.420130816E9 1.420130816E9 1.420130816E9 1.520130816E9 1.520130816E9
71 0.0 0.0 0.0 0.0 0.0 0.0 0.0 0.0 0.0 0.0 0.0 0.0 1.0E8 1.0E8 1.0E8 1.0E8 1.0E8 1.0E8 2.0E8 2.0E8
72 7.0E8 7.0E8 8.0E8 3.05032704E8 2.005032704E9 -1.989934592E9 -1.989934592E9 -8.89934592E8 -1.084901888E9 3.15098112E8 9.15098112E8 9.15098112E8 1.815098112E9 4.20130816E8 6.20130816E8 6.20130816E8 6.20130816E8 2.020130816E9 5.2516352E8 5.2516352E8
73 0.0 0.0 0.0 0.0 0.0 0.0 1.0E8 1.0E8 1.0E8 1.0E8 1.0E8 1.0E8 1.0E8 1.0E8 1.0E8 1.0E8 1.0E8 2.0E8 2.0E8 2.0E8
74 6.0E8 6.0E8 1.5E9 3.05032704E8 2.005032704E9 -2.089934592E9 -1.989934592E9 -1.289934592E9 -9.84901888E8 4.15098112E8 7.15098112E8 7.15098112E8 7.15098112E8 7.15098112E8 1.620130816E9 1.620130816E9 -1.77483648E9 -1.67483648E9 -1.67483648E9 -1.67483648E9
75 0.0 1.0E8 -1.194967296E9 3.05032704E8 2.105032704E9 -1.889934592E9 -1.789934592E9 -4.89934592E8 -8.84901888E8 5.15098112E8 1.115098112E9 1.215098112E9 1.215098112E9 6.20130816E8 9.20130816E8 9.20130816E8 9.20130816E8 9.20130816E8 1.42516352E9 -1.969803776E9
76 8.0E8 1.0E9 -1.194967296E9 3.05032704E8 2.105032704E9 -1.789934592E9 -1.789934592E9 -9.89934592E8 -7.84901888E8 6.15098112E8 1.215098112E9 1.215098112E9 1.215098112E9 6.20130816E8 1.720130816E9 -1.87483648E9 -1.87483648E9 -1.87483648E9 2.12516352E9 -1.569803776E9
77 1.0E8 1.0E8 1.0E8 1.0E8 1.0E8 1.0E8 1.0E8 1.0E8 2.0E8 2.0E8 2.0E8 2.0E8 2.0E8 2.0E8 2.0E8 2.0E8 2.0E8 2.0E8 2.0E8 2.0E8
78 0.0 0.0 0.0 0.0 0.0 0.0 0.0 0.0 0.0 0.0 0.0 0.0 0.0 0.0 0.0 0.0 0.0 0.0 0.0 0.0
79 2.0E8 2.0E8 2.0E8 3.0E8 3.0E8 3.0E8 3.0E8 3.0E8 3.0E8 3.0E8 3.0E8 3.0E8 3.0E8 3.0E8 3.0E8 3.0E8 4.0E8 5.0E8 5.0E8 5.0E8
80 6.0E8 1.1E9 1.2E9 2.05032704E8 2.005032704E9 -2.089934592E9 -1.989934592E9 -6.89934592E8 -8.84901888E8 5.15098112E8 1.115098112E9 1.215098112E9 1.415098112E9 4.20130816E8 1.720130816E9 1.720130816E9 1.720130816E9 -1.27483648E9 -2.069803776E9 -1.669803776E9
81 0.0 0.0 0.0 0.0 0.0 0.0 0.0 0.0 0.0 0.0 0.0 0.0 0.0 0.0 0.0 0.0 0.0 0.0 0.0 0.0
82 0.0 1.0E8 1.0E8 1.0E8 1.0E8 1.0E8 1.0E8 2.0E8 2.0E8 2.0E8 3.0E8 3.0E8 3.0E8 3.0E8 3.0E8 3.0E8 3.0E8 3.0E8 3.0E8 3.0E8
83 0.0 1.0E8 1.0E8 1.0E8 2.0E8 3.0E8 3.0E8 4.0E8 4.0E8 4.0E8 5.0E8 5.0E8 5.0E8 5.0E8 5.0E8 5.0E8 5.0E8 5.0E8 5.0E8 5.0E8
84 0.0 0.0 0.0 0.0 0.0 0.0 0.0 0.0 0.0 0.0 0.0 1.0E8 1.0E8 1.0E8 1.0E8 1.0E8 1.0E8 2.0E8 2.0E8 3.0E8
85 6.0E8 1.1E9 -1.194967296E9 4.05032704E8 2.105032704E9 -1.889934592E9 -1.689934592E9 -1.189934592E9 -8.84901888E8 6.15098112E8 1.315098112E9 1.315098112E9 1.315098112E9 1.315098112E9 1.415098112E9 -1.77483648E9 -1.77483648E9 -1.77483648E9 2.12516352E9 -1.769803776E9
86 4.0E8 4.0E8 5.0E8 2.05032704E8 1.905032704E9 -2.089934592E9 -1.889934592E9 -1.289934592E9 -9.84901888E8 3.15098112E8 1.015098112E9 1.015098112E9 1.015098112E9 1.115098112E9 1.215098112E9 1.215098112E9 1.215098112E9 1.215098112E9 1.215098112E9 1.215098112E9
87 6.0E8 1.1E9 -1.194967296E9 3.05032704E8 2.005032704E9 2.105032704E9 -2.089934592E9 -5.89934592E8 -8.84901888E8 5.15098112E8 1.115098112E9 1.115098112E9 1.615098112E9 2.20130816E8 2.20130816E8 2.20130816E8 2.20130816E8 2.20130816E8 2.20130816E8 2.20130816E8
88 7.0E8 1.2E9 -1.194967296E9 3.05032704E8 2.005032704E9 -1.989934592E9 -1.889934592E9 -7.89934592E8 -7.84901888E8 4.15098112E8 1.115098112E9 1.115098112E9 1.715098112E9 5.20130816E8 1.620130816E9 1.820130816E9 -1.67483648E9 -1.67483648E9 2.12516352E9 -1.969803776E9
89 5.0E8 1.2E9 1.7E9 3.05032704E8 2.105032704E9 -1.989934592E9 -1.889934592E9 -1.189934592E9 -8.84901888E8 4.15098112E8 1.015098112E9 1.215098112E9 1.315098112E9 4.20130816E8 1.620130816E9 -1.77483648E9 -1.77483648E9 -1.47483648E9 2.02516352E9 -1.969803776E9
90 5.0E8 1.2E9 1.2E9 3.05032704E8 2.105032704E9 -1.989934592E9 -1.889934592E9 -4.89934592E8 -8.84901888E8 4.15098112E8 1.015098112E9 1.015098112E9 1.015098112E9 5.20130816E8 1.620130816E9 -2.07483648E9 -2.07483648E9 -2.07483648E9 1.42516352E9 1.42516352E9
91 7.0E8 1.1E9 1.1E9 -3.94967296E8 -3.94967296E8 -2.94967296E8 3.05032704E8 1.905032704E9 -1.184901888E9 -1.84901888E8 -1.84901888E8 -8.4901888E7 -8.4901888E7 -8.4901888E7 -8.4901888E7 -8.4901888E7 -8.4901888E7 -8.4901888E7 -8.4901888E7 -8.4901888E7
92 6.0E8 1.2E9 1.2E9 3.05032704E8 2.105032704E9 -1.989934592E9 -1.689934592E9 -5.89934592E8 -9.84901888E8 4.15098112E8 1.015098112E9 1.015098112E9 1.115098112E9 5.20130816E8 1.420130816E9 1.420130816E9 -1.87483648E9 -1.87483648E9 1.82516352E9 2.12516352E9
93 1.0E8 1.0E8 2.0E8 2.0E8 2.0E8 3.0E8 3.0E8 3.0E8 3.0E8 3.0E8 3.0E8 3.0E8 4.0E8 4.0E8 4.0E8 4.0E8 4.0E8 4.0E8 4.0E8 4.0E8
94 7.0E8 7.0E8 7.0E8 3.05032704E8 2.105032704E9 -1.889934592E9 -1.789934592E9 -5.89934592E8 -8.84901888E8 4.15098112E8 4.15098112E8 4.15098112E8 4.15098112E8 4.15098112E8 4.15098112E8 4.15098112E8 5.15098112E8 5.15098112E8 5.15098112E8 5.15098112E8
95 2.0E8 2.0E8 2.0E8 3.05032704E8 2.105032704E9 -1.889934592E9 -1.789934592E9 -1.189934592E9 2.010065408E9 2.010065408E9 2.010065408E9 2.110065408E9 2.110065408E9 2.110065408E9 2.110065408E9 2.110065408E9 2.110065408E9 2.110065408E9 2.110065408E9 2.110065408E9
96 8.0E8 1.2E9 1.2E9 1.2E9 1.3E9 -1.889934592E9 -1.689934592E9 -1.689934592E9 -1.689934592E9 -1.689934592E9 -1.689934592E9 -1.689934592E9 -1.689934592E9 1.010065408E9 1.520130816E9 1.720130816E9 1.720130816E9 1.720130816E9 1.920130816E9 2.120130816E9
97 7.0E8 1.1E9 -1.194967296E9 3.05032704E8 2.105032704E9 -1.889934592E9 -1.889934592E9 -1.889934592E9 -1.889934592E9 -1.889934592E9 -1.889934592E9 -1.889934592E9 -1.789934592E9 -1.589934592E9 -1.589934592E9 -1.489934592E9 -1.489934592E9 -1.489934592E9 -1.489934592E9 -1.489934592E9
