0 3350
1 1980
2 4464
3 3280
4 2958
5 2677
6 762
7 1053
8 1528
9 2872
10 545
11 435
12 4373
13 4087
14 2319
15 4024
16 3453
17 976
18 676
19 1394
20 1351
21 2371
22 2488
23 3024
24 3229
25 3092
26 2432
27 2933
28 1995
29 2815
30 3280
31 4082
32 2387
33 2636
34 2410
35 2737
36 2826
37 3206
38 2585
39 3485
40 2590
41 2131
42 4114
43 3608
44 2965
45 2627
46 3218
47 3968
48 3118
49 3943
50 4118
51 3638
52 4257
53 3048
54 1892
55 3720
56 3355
57 3782
58 2783
59 5385
60 3592
61 2390
62 1494
63 3542
64 2375
65 5049
66 3277
67 1991
68 1388
69 3979
70 3167
71 4676
72 3604
73 4766
74 4497
75 4970
76 5460
77 5270
78 5059
79 3919
80 4183
81 5285
82 1441
83 5441
84 2749
85 4155
86 4106
87 5653
88 5244
89 5122
90 4184
91 2013
92 5285
93 1845
94 4157
95 2372
96 657
97 3953
