records: 20
      Record Time
Host  UsedBuffer

  49376.0 98752.0 148128.0 197504.0 246880.0 296256.0 345632.0 395008.0 444384.0 493760.0 543136.0 592512.0 641888.0 691264.0 740640.0 790016.0 839392.0 888768.0 938144.0 987520.0
0 0.0 1.0E9 1.0E9 1.25E9 1.75E9 1.75E9 -2.044967296E9 -1.794967296E9 -1.544967296E9 -1.544967296E9 -1.544967296E9 -1.544967296E9 -1.294967296E9 -7.94967296E8 -2.94967296E8 -2.94967296E8 -2.94967296E8 -2.94967296E8 -4.4967296E7 2.05032704E8
1 0.0 0.0 2.5E8 2.5E8 2.5E8 2.5E8 5.0E8 7.5E8 1.0E9 1.0E9 1.0E9 1.25E9 1.5E9 1.75E9 1.75E9 1.75E9 -2.044967296E9 -2.044967296E9 -1.044967296E9 -7.94967296E8
2 2.5E8 5.0E8 7.5E8 1.0E9 1.25E9 1.5E9 1.75E9 2.0E9 -1.794967296E9 -1.794967296E9 -1.544967296E9 -7.94967296E8 -5.44967296E8 -5.44967296E8 -2.94967296E8 -2.94967296E8 4.55032704E8 4.55032704E8 4.55032704E8 1.205032704E9
3 0.0 0.0 2.5E8 5.0E8 5.0E8 5.0E8 5.0E8 5.0E8 5.0E8 7.5E8 7.5E8 1.25E9 1.5E9 1.75E9 2.0E9 -2.044967296E9 -1.794967296E9 -1.794967296E9 -1.794967296E9 -1.794967296E9
4 0.0 0.0 2.5E8 5.0E8 7.5E8 1.75E9 1.75E9 2.0E9 2.0E9 2.0E9 -1.794967296E9 -1.544967296E9 -7.94967296E8 -5.44967296E8 -4.4967296E7 2.05032704E8 2.05032704E8 2.05032704E8 7.05032704E8 1.205032704E9
5 5.0E8 1.5E9 1.455032704E9 -1.339934592E9 1.820130816E9 -2.2483648E8 4.80196224E8 4.35228928E8 -1.69967296E9 -4.4967296E8 -4.4967296E8 1.005359744E9 1.210392448E9 1.710392448E9 6.65425152E8 6.65425152E8 -1.719476736E9 9.40588672E8 9.40588672E8 1.190588672E9
6 2.5E8 7.5E8 1.0E9 1.25E9 1.25E9 1.5E9 1.75E9 2.0E9 2.0E9 -1.794967296E9 -1.044967296E9 -5.44967296E8 -2.94967296E8 -2.94967296E8 -2.94967296E8 2.05032704E8 2.05032704E8 4.55032704E8 4.55032704E8 4.55032704E8
7 2.5E8 7.5E8 1.0E9 1.0E9 1.25E9 1.5E9 2.0E9 -2.044967296E9 -2.044967296E9 -1.294967296E9 -1.294967296E9 -1.294967296E9 -1.044967296E9 -7.94967296E8 -7.94967296E8 -5.44967296E8 -2.94967296E8 -2.94967296E8 2.05032704E8 2.05032704E8
8 0.0 2.5E8 5.0E8 5.0E8 5.0E8 7.5E8 1.0E9 1.5E9 1.5E9 1.75E9 1.75E9 2.0E9 -2.044967296E9 -2.044967296E9 -2.044967296E9 -1.794967296E9 -1.044967296E9 -7.94967296E8 -7.94967296E8 -5.44967296E8
9 0.0 2.5E8 2.5E8 5.0E8 5.0E8 7.5E8 7.5E8 7.5E8 1.0E9 1.0E9 1.25E9 1.25E9 1.75E9 1.75E9 1.75E9 1.75E9 1.75E9 2.0E9 2.0E9 -2.044967296E9
10 7.5E8 1.25E9 -1.794967296E9 -1.794967296E9 1.705032704E9 1.27516352E9 1.77516352E9 1.435228928E9 -1.904705664E9 1.095294336E9 2.120457856E9 2.120457856E9 5.30523264E8 7.80523264E8 -2.64444032E8 -2.64444032E8 -2.64444032E8 -7.39280512E8 -4.89280512E8 -2.39280512E8
11 0.0 5.0E8 5.0E8 5.0E8 5.0E8 5.0E8 7.5E8 1.5E9 -2.044967296E9 -1.294967296E9 -1.044967296E9 -5.44967296E8 -5.44967296E8 -5.44967296E8 -2.94967296E8 -4.4967296E7 2.05032704E8 2.05032704E8 2.05032704E8 2.05032704E8
12 0.0 2.5E8 2.5E8 2.5E8 2.5E8 2.5E8 5.0E8 7.5E8 1.0E9 1.0E9 1.0E9 1.5E9 2.0E9 -2.044967296E9 -2.044967296E9 -1.294967296E9 -1.044967296E9 -1.044967296E9 -7.94967296E8 -5.44967296E8
13 2.5E8 2.5E8 5.0E8 7.5E8 7.5E8 7.5E8 7.5E8 1.0E9 1.0E9 1.0E9 1.0E9 1.0E9 1.0E9 1.0E9 1.0E9 1.25E9 1.5E9 1.75E9 -1.294967296E9 -7.94967296E8
14 2.5E8 5.0E8 5.0E8 7.5E8 1.0E9 1.0E9 1.25E9 1.5E9 1.5E9 2.0E9 -2.044967296E9 -2.044967296E9 -1.794967296E9 -1.544967296E9 -1.294967296E9 -7.94967296E8 -7.94967296E8 -2.94967296E8 -2.94967296E8 -4.4967296E7
15 5.0E8 5.0E8 5.0E8 5.0E8 5.0E8 1.0E9 1.5E9 1.75E9 -2.044967296E9 -2.044967296E9 -2.044967296E9 -1.794967296E9 -1.544967296E9 -1.544967296E9 -1.544967296E9 -1.544967296E9 -1.544967296E9 -1.544967296E9 -1.544967296E9 -1.544967296E9
16 2.5E8 2.5E8 2.5E8 2.5E8 2.5E8 2.5E8 7.5E8 1.25E9 1.5E9 1.5E9 1.75E9 2.0E9 -1.794967296E9 -1.544967296E9 -7.94967296E8 -2.94967296E8 2.05032704E8 7.05032704E8 1.455032704E9 1.705032704E9
17 2.5E8 7.5E8 1.0E9 1.25E9 1.75E9 2.0E9 2.0E9 -1.794967296E9 -1.544967296E9 -1.544967296E9 -1.544967296E9 -1.544967296E9 -1.294967296E9 -7.94967296E8 -2.94967296E8 2.05032704E8 2.05032704E8 4.55032704E8 9.55032704E8 1.705032704E9
18 0.0 2.5E8 2.5E8 5.0E8 7.5E8 1.25E9 1.25E9 1.25E9 1.25E9 2.0E9 2.0E9 2.0E9 2.0E9 2.0E9 -2.044967296E9 -1.794967296E9 -1.544967296E9 -1.044967296E9 -1.044967296E9 -1.044967296E9
19 2.5E8 2.5E8 7.5E8 1.0E9 1.25E9 1.25E9 1.25E9 1.5E9 1.5E9 2.0E9 -2.044967296E9 -1.544967296E9 -1.044967296E9 -1.044967296E9 -1.044967296E9 -1.044967296E9 -1.044967296E9 -1.044967296E9 -1.044967296E9 -7.94967296E8
20 0.0 2.5E8 5.0E8 7.5E8 7.5E8 7.5E8 1.0E9 1.0E9 1.0E9 1.0E9 1.25E9 1.25E9 1.25E9 1.25E9 1.25E9 1.25E9 1.5E9 2.0E9 2.0E9 2.0E9
21 2.5E8 7.5E8 7.5E8 7.5E8 7.5E8 7.5E8 1.25E9 1.75E9 2.0E9 2.0E9 -1.794967296E9 -1.794967296E9 -1.544967296E9 -1.544967296E9 -1.544967296E9 -1.294967296E9 -1.044967296E9 -7.94967296E8 -5.44967296E8 -5.44967296E8
22 2.5E8 2.5E8 5.0E8 5.0E8 1.25E9 1.5E9 1.5E9 1.75E9 1.75E9 2.0E9 -2.044967296E9 -2.044967296E9 -1.794967296E9 -1.794967296E9 -1.794967296E9 -1.794967296E9 -1.794967296E9 -1.794967296E9 -1.544967296E9 -1.544967296E9
23 0.0 2.5E8 1.0E9 1.5E9 2.0E9 2.0E9 2.0E9 2.0E9 2.0E9 2.0E9 2.0E9 -2.044967296E9 -2.044967296E9 -2.044967296E9 -1.794967296E9 -1.794967296E9 -1.544967296E9 -1.294967296E9 -1.044967296E9 -5.44967296E8
24 0.0 0.0 0.0 0.0 2.5E8 2.5E8 1.0E9 1.0E9 1.25E9 1.75E9 2.0E9 2.0E9 -2.044967296E9 -1.794967296E9 -1.294967296E9 -1.294967296E9 -1.294967296E9 -1.294967296E9 -7.94967296E8 -2.94967296E8
25 2.5E8 5.0E8 5.0E8 7.5E8 1.25E9 1.25E9 1.75E9 2.0E9 -1.794967296E9 -1.794967296E9 -1.544967296E9 -1.544967296E9 -1.544967296E9 -1.294967296E9 -1.294967296E9 -1.294967296E9 -1.294967296E9 -1.044967296E9 -7.94967296E8 -7.94967296E8
26 0.0 5.0E8 5.0E8 1.0E9 1.5E9 1.75E9 2.0E9 -2.044967296E9 -1.544967296E9 -1.544967296E9 -7.94967296E8 -7.94967296E8 -5.44967296E8 -5.44967296E8 -2.94967296E8 2.05032704E8 4.55032704E8 4.55032704E8 4.55032704E8 7.05032704E8
27 1.5E9 1.5E9 2.05032704E8 -3.84901888E8 6.15098112E8 -1.97483648E9 -1.814771072E9 -1.09738368E8 3.90261632E8 -2.44640256E8 -3.34574848E8 1.65425152E8 7.80523264E8 1.530523264E9 9.85555968E8 -2.059411328E9 9.40588672E8 7.60719488E8 1.510719488E9 1.965752192E9
28 2.5E8 2.5E8 5.0E8 1.0E9 1.0E9 1.5E9 1.5E9 1.75E9 2.0E9 -1.794967296E9 -1.544967296E9 -1.294967296E9 -1.294967296E9 -1.044967296E9 -7.94967296E8 -4.4967296E7 -4.4967296E7 -4.4967296E7 4.55032704E8 9.55032704E8
29 0.0 5.0E8 1.25E9 1.25E9 1.5E9 1.75E9 1.75E9 1.75E9 2.0E9 2.0E9 -2.044967296E9 -2.044967296E9 -1.794967296E9 -1.794967296E9 -1.294967296E9 -1.294967296E9 -1.044967296E9 -7.94967296E8 -5.44967296E8 -5.44967296E8
30 2.5E8 2.5E8 2.5E8 5.0E8 1.0E9 1.5E9 2.0E9 2.0E9 -1.544967296E9 -1.294967296E9 -5.44967296E8 -4.4967296E7 -4.4967296E7 -4.4967296E7 2.05032704E8 4.55032704E8 4.55032704E8 7.05032704E8 7.05032704E8 7.05032704E8
31 7.5E8 7.5E8 1.25E9 1.5E9 2.0E9 2.0E9 2.0E9 -2.044967296E9 -1.794967296E9 -1.544967296E9 -7.94967296E8 -5.44967296E8 -5.44967296E8 -2.94967296E8 -2.94967296E8 -2.94967296E8 -4.4967296E7 2.05032704E8 2.05032704E8 2.05032704E8
32 5.0E8 5.0E8 5.0E8 1.0E9 1.5E9 1.75E9 1.75E9 2.0E9 -2.044967296E9 -1.794967296E9 -1.294967296E9 -1.044967296E9 -1.044967296E9 -4.4967296E7 -4.4967296E7 2.05032704E8 4.55032704E8 9.55032704E8 1.205032704E9 1.455032704E9
33 1.5E9 1.75E9 1.60065408E8 -1.34901888E8 1.365098112E9 -1.9803776E7 -1.814771072E9 -1.09738368E8 1.345294336E9 5359744.0 2.120457856E9 -1.92450944E9 1.030523264E9 1.030523264E9 1.735555968E9 -1.559411328E9 1.145621376E9 1.510719488E9 1.510719488E9 -8.29215104E8
34 2.5E8 2.5E8 7.5E8 1.25E9 1.25E9 1.25E9 1.25E9 1.25E9 1.25E9 1.25E9 1.25E9 1.5E9 1.5E9 1.5E9 1.5E9 1.75E9 1.75E9 -2.044967296E9 -1.794967296E9 -1.794967296E9
35 7.5E8 7.5E8 7.5E8 1.0E9 1.25E9 1.25E9 1.5E9 2.0E9 -2.044967296E9 -1.544967296E9 -1.544967296E9 -1.294967296E9 -1.294967296E9 -7.94967296E8 -5.44967296E8 -5.44967296E8 -2.94967296E8 -2.94967296E8 -4.4967296E7 2.05032704E8
36 2.5E8 2.5E8 7.5E8 7.5E8 1.0E9 1.25E9 1.75E9 2.0E9 2.0E9 -2.044967296E9 -2.044967296E9 -1.544967296E9 -1.544967296E9 -1.294967296E9 -1.044967296E9 -1.044967296E9 -7.94967296E8 -7.94967296E8 -7.94967296E8 -7.94967296E8
37 5.0E8 5.0E8 5.0E8 5.0E8 7.5E8 1.0E9 1.0E9 1.5E9 2.0E9 -1.544967296E9 -1.044967296E9 -5.44967296E8 -2.94967296E8 -4.4967296E7 2.05032704E8 7.05032704E8 1.205032704E9 1.205032704E9 1.205032704E9 1.205032704E9
38 0.0 7.5E8 7.5E8 1.0E9 2.0E9 -2.044967296E9 -2.044967296E9 -1.794967296E9 -1.544967296E9 -1.294967296E9 -1.044967296E9 -7.94967296E8 -5.44967296E8 -4.4967296E7 4.55032704E8 7.05032704E8 7.05032704E8 7.05032704E8 9.55032704E8 9.55032704E8
39 7.5E8 7.5E8 7.5E8 7.5E8 1.5E9 2.0E9 -2.044967296E9 -2.044967296E9 -2.044967296E9 -1.794967296E9 -1.544967296E9 -1.544967296E9 -1.294967296E9 -1.044967296E9 -1.044967296E9 -1.044967296E9 -1.044967296E9 -7.94967296E8 -7.94967296E8 -2.94967296E8
40 5.0E8 7.5E8 1.5E9 1.75E9 2.0E9 2.0E9 2.0E9 2.0E9 2.0E9 2.0E9 2.0E9 -2.044967296E9 -1.794967296E9 -1.794967296E9 -1.544967296E9 -1.544967296E9 -1.294967296E9 -7.94967296E8 -5.44967296E8 -2.94967296E8
41 5.0E8 7.5E8 1.0E9 1.5E9 1.5E9 1.75E9 -2.044967296E9 -1.544967296E9 -1.544967296E9 -1.294967296E9 -1.294967296E9 -1.294967296E9 -7.94967296E8 -7.94967296E8 -5.44967296E8 -4.4967296E7 -4.4967296E7 2.05032704E8 2.05032704E8 2.05032704E8
42 0.0 2.5E8 2.5E8 1.0E9 1.0E9 1.0E9 1.0E9 1.25E9 1.5E9 1.5E9 2.0E9 -2.044967296E9 -2.044967296E9 -1.794967296E9 -1.544967296E9 -1.544967296E9 -1.294967296E9 -7.94967296E8 -5.44967296E8 -2.94967296E8
43 2.5E8 2.5E8 5.0E8 5.0E8 5.0E8 5.0E8 7.5E8 1.25E9 1.75E9 1.75E9 2.0E9 2.0E9 2.0E9 -2.044967296E9 -1.794967296E9 -1.544967296E9 -7.94967296E8 -5.44967296E8 -5.44967296E8 -4.4967296E7
44 0.0 0.0 0.0 0.0 0.0 2.5E8 5.0E8 5.0E8 7.5E8 7.5E8 1.0E9 1.25E9 1.25E9 1.5E9 2.0E9 -2.044967296E9 -1.794967296E9 -1.794967296E9 -1.794967296E9 -1.544967296E9
45 2.5E8 2.5E8 5.0E8 7.5E8 7.5E8 1.5E9 1.5E9 1.5E9 1.5E9 1.5E9 1.5E9 1.5E9 1.75E9 2.0E9 2.0E9 -2.044967296E9 -2.044967296E9 -1.794967296E9 -1.544967296E9 -1.044967296E9
46 5.0E8 5.0E8 1.0E9 1.0E9 1.0E9 1.25E9 1.25E9 1.25E9 1.5E9 1.75E9 1.75E9 1.75E9 1.75E9 -2.044967296E9 -1.544967296E9 -1.544967296E9 -1.294967296E9 -1.044967296E9 -1.044967296E9 -1.044967296E9
47 0.0 0.0 5.0E8 5.0E8 5.0E8 5.0E8 1.0E9 1.25E9 1.25E9 1.25E9 1.25E9 1.5E9 1.5E9 1.75E9 1.75E9 2.0E9 -2.044967296E9 -2.044967296E9 -1.794967296E9 -1.794967296E9
48 0.0 0.0 2.5E8 5.0E8 5.0E8 7.5E8 1.0E9 1.0E9 1.0E9 1.25E9 1.25E9 1.25E9 1.25E9 1.5E9 1.5E9 1.5E9 1.75E9 2.0E9 2.0E9 -2.044967296E9
49 0.0 2.5E8 5.0E8 5.0E8 5.0E8 5.0E8 7.5E8 7.5E8 7.5E8 1.0E9 1.0E9 1.25E9 2.0E9 -1.794967296E9 -1.544967296E9 -1.044967296E9 -7.94967296E8 -5.44967296E8 -5.44967296E8 -2.94967296E8
50 0.0 7.5E8 1.0E9 1.75E9 1.75E9 2.0E9 -1.544967296E9 -1.544967296E9 -1.294967296E9 -1.044967296E9 -7.94967296E8 -5.44967296E8 -2.94967296E8 -2.94967296E8 -4.4967296E7 -4.4967296E7 -4.4967296E7 2.05032704E8 4.55032704E8 7.05032704E8
51 5.0E8 5.0E8 5.0E8 5.0E8 7.5E8 -1.544967296E9 -1.544967296E9 -1.544967296E9 -1.544967296E9 9.55032704E8 1.205032704E9 1.455032704E9 -5.89934592E8 -5.89934592E8 -3.39934592E8 -3.39934592E8 -8.9934592E7 -8.84901888E8 -6.34901888E8 -6.34901888E8
