records: 20
      Record Time
Host  UsedBuffer

  49376.0 98752.0 148128.0 197504.0 246880.0 296256.0 345632.0 395008.0 444384.0 493760.0 543136.0 592512.0 641888.0 691264.0 740640.0 790016.0 839392.0 888768.0 938144.0 987520.0
0 0.0 4000000.0 4000000.0 5000000.0 7000000.0 7000000.0 9000000.0 1.0E7 1.1E7 1.1E7 1.1E7 1.1E7 1.2E7 1.4E7 1.6E7 1.6E7 1.6E7 1.6E7 1.7E7 1.8E7
1 0.0 0.0 1000000.0 1000000.0 1000000.0 1000000.0 2000000.0 3000000.0 4000000.0 4000000.0 4000000.0 5000000.0 6000000.0 7000000.0 7000000.0 7000000.0 9000000.0 9000000.0 1.3E7 1.4E7
2 1000000.0 2000000.0 3000000.0 4000000.0 5000000.0 6000000.0 7000000.0 8000000.0 1.0E7 1.0E7 1.1E7 1.4E7 1.5E7 1.5E7 1.6E7 1.6E7 1.9E7 1.9E7 1.9E7 2.2E7
3 0.0 0.0 1000000.0 2000000.0 2000000.0 2000000.0 2000000.0 2000000.0 2000000.0 3000000.0 3000000.0 5000000.0 6000000.0 7000000.0 8000000.0 9000000.0 1.0E7 1.0E7 1.0E7 1.0E7
4 0.0 0.0 1000000.0 2000000.0 3000000.0 7000000.0 7000000.0 8000000.0 8000000.0 8000000.0 1.0E7 1.1E7 1.4E7 1.5E7 1.7E7 1.8E7 1.8E7 1.8E7 2.0E7 2.2E7
5 1000000.0 3000000.0 4000000.0 5000000.0 6000000.0 7000000.0 7000000.0 7000000.0 8000000.0 8000000.0 8000000.0 8000000.0 1.0E7 1.2E7 1.3E7 1.3E7 1.4E7 1.7E7 1.7E7 1.8E7
6 1000000.0 3000000.0 4000000.0 5000000.0 5000000.0 6000000.0 7000000.0 8000000.0 8000000.0 1.0E7 1.3E7 1.5E7 1.6E7 1.6E7 1.6E7 1.8E7 1.8E7 1.9E7 1.9E7 1.9E7
7 1000000.0 3000000.0 4000000.0 4000000.0 5000000.0 6000000.0 8000000.0 9000000.0 9000000.0 1.2E7 1.2E7 1.2E7 1.3E7 1.4E7 1.4E7 1.5E7 1.6E7 1.6E7 1.8E7 1.8E7
8 0.0 1000000.0 2000000.0 2000000.0 2000000.0 3000000.0 4000000.0 6000000.0 6000000.0 7000000.0 7000000.0 8000000.0 9000000.0 9000000.0 9000000.0 1.0E7 1.3E7 1.4E7 1.4E7 1.5E7
9 1000000.0 2000000.0 7000000.0 8000000.0 1.4E7 7.4E7 8.7E7 9.7E7 1.01E8 1.01E8 1.6E8 1.61E8 1.87E8 1.87E8 1.87E8 1.87E8 1.87E8 1.88E8 1.88E8 1.89E8
10 0.0 1000000.0 1000000.0 1000000.0 1000000.0 2000000.0 3000000.0 3000000.0 5000000.0 5000000.0 5000000.0 5000000.0 6000000.0 7000000.0 8000000.0 8000000.0 8000000.0 9000000.0 1.0E7 1.1E7
11 0.0 2000000.0 2000000.0 2000000.0 2000000.0 2000000.0 3000000.0 6000000.0 9000000.0 1.2E7 1.3E7 1.5E7 1.5E7 1.5E7 1.6E7 1.7E7 1.8E7 1.8E7 1.8E7 1.8E7
12 3000000.0 4000000.0 9000000.0 9000000.0 1.5E7 7.0E7 8.4E7 1.52E8 1.86E8 1.86E8 1.86E8 1.88E8 1.94E8 1.95E8 2.04E8 2.07E8 2.14E8 4.17E8 4.41E8 4.47E8
13 1000000.0 1000000.0 2000000.0 3000000.0 3000000.0 3000000.0 3000000.0 4000000.0 4000000.0 4000000.0 4000000.0 4000000.0 4000000.0 4000000.0 4000000.0 5000000.0 6000000.0 7000000.0 1.2E7 1.4E7
14 1000000.0 2000000.0 2000000.0 3000000.0 4000000.0 4000000.0 5000000.0 6000000.0 6000000.0 8000000.0 9000000.0 9000000.0 1.0E7 1.1E7 1.2E7 1.4E7 1.4E7 1.6E7 1.6E7 1.7E7
15 2000000.0 2000000.0 2000000.0 2000000.0 2000000.0 4000000.0 6000000.0 7000000.0 9000000.0 9000000.0 9000000.0 1.0E7 1.1E7 1.1E7 1.1E7 1.1E7 1.1E7 1.1E7 1.1E7 1.1E7
16 1000000.0 1000000.0 1000000.0 1000000.0 1000000.0 1000000.0 3000000.0 5000000.0 6000000.0 6000000.0 7000000.0 8000000.0 1.0E7 1.1E7 1.4E7 1.6E7 1.8E7 2.0E7 2.3E7 2.4E7
17 1000000.0 3000000.0 4000000.0 5000000.0 7000000.0 8000000.0 8000000.0 1.0E7 1.1E7 1.1E7 1.1E7 1.1E7 1.2E7 1.4E7 1.6E7 1.8E7 1.8E7 1.9E7 2.1E7 2.4E7
18 0.0 1000000.0 1000000.0 2000000.0 3000000.0 5000000.0 5000000.0 5000000.0 5000000.0 8000000.0 8000000.0 8000000.0 8000000.0 8000000.0 9000000.0 1.0E7 1.1E7 1.3E7 1.3E7 1.3E7
19 1000000.0 1000000.0 3000000.0 4000000.0 5000000.0 5000000.0 5000000.0 6000000.0 6000000.0 8000000.0 9000000.0 1.1E7 1.3E7 1.3E7 1.3E7 1.3E7 1.3E7 1.3E7 1.3E7 1.4E7
20 0.0 1000000.0 2000000.0 3000000.0 3000000.0 3000000.0 4000000.0 4000000.0 4000000.0 4000000.0 5000000.0 5000000.0 5000000.0 5000000.0 5000000.0 5000000.0 6000000.0 8000000.0 8000000.0 8000000.0
21 1000000.0 3000000.0 3000000.0 3000000.0 3000000.0 3000000.0 5000000.0 7000000.0 8000000.0 8000000.0 1.0E7 1.0E7 1.1E7 1.1E7 1.1E7 1.2E7 1.3E7 1.4E7 1.5E7 1.5E7
22 1000000.0 1000000.0 2000000.0 2000000.0 5000000.0 6000000.0 6000000.0 7000000.0 7000000.0 8000000.0 9000000.0 9000000.0 1.0E7 1.0E7 1.0E7 1.0E7 1.0E7 1.0E7 1.1E7 1.1E7
23 0.0 1000000.0 4000000.0 6000000.0 8000000.0 8000000.0 8000000.0 8000000.0 8000000.0 8000000.0 8000000.0 9000000.0 9000000.0 9000000.0 1.0E7 1.0E7 1.1E7 1.2E7 1.3E7 1.5E7
24 0.0 0.0 0.0 0.0 1000000.0 1000000.0 4000000.0 4000000.0 5000000.0 7000000.0 8000000.0 8000000.0 9000000.0 1.0E7 1.2E7 1.2E7 1.2E7 1.2E7 1.4E7 1.6E7
25 1000000.0 2000000.0 2000000.0 3000000.0 5000000.0 5000000.0 7000000.0 8000000.0 1.0E7 1.0E7 1.1E7 1.1E7 1.1E7 1.2E7 1.2E7 1.2E7 1.2E7 1.3E7 1.4E7 1.4E7
26 0.0 2000000.0 2000000.0 4000000.0 6000000.0 7000000.0 8000000.0 9000000.0 1.1E7 1.1E7 1.4E7 1.4E7 1.5E7 1.5E7 1.6E7 1.8E7 1.9E7 1.9E7 1.9E7 2.0E7
27 1000000.0 1000000.0 1000000.0 2000000.0 2000000.0 3000000.0 3000000.0 3000000.0 5000000.0 5000000.0 5000000.0 7000000.0 7000000.0 1.0E7 1.1E7 1.4E7 1.5E7 1.6E7 1.7E7 1.7E7
28 1000000.0 1000000.0 2000000.0 4000000.0 4000000.0 6000000.0 6000000.0 7000000.0 8000000.0 1.0E7 1.1E7 1.2E7 1.2E7 1.3E7 1.4E7 1.7E7 1.7E7 1.7E7 1.9E7 2.1E7
29 0.0 2000000.0 5000000.0 5000000.0 6000000.0 7000000.0 7000000.0 7000000.0 8000000.0 8000000.0 9000000.0 9000000.0 1.0E7 1.0E7 1.2E7 1.2E7 1.3E7 1.4E7 1.5E7 1.5E7
30 1000000.0 1000000.0 1000000.0 2000000.0 4000000.0 6000000.0 8000000.0 8000000.0 1.1E7 1.2E7 1.5E7 1.7E7 1.7E7 1.7E7 1.8E7 1.9E7 1.9E7 2.0E7 2.0E7 2.0E7
31 3000000.0 3000000.0 5000000.0 6000000.0 8000000.0 8000000.0 8000000.0 9000000.0 1.0E7 1.1E7 1.4E7 1.5E7 1.5E7 1.6E7 1.6E7 1.6E7 1.7E7 1.8E7 1.8E7 1.8E7
32 2000000.0 2000000.0 2000000.0 4000000.0 6000000.0 7000000.0 7000000.0 8000000.0 9000000.0 1.0E7 1.2E7 1.3E7 1.3E7 1.7E7 1.7E7 1.8E7 1.9E7 2.1E7 2.2E7 2.3E7
33 0.0 1000000.0 2000000.0 3000000.0 4000000.0 7000000.0 7000000.0 8000000.0 8000000.0 1.0E7 1.1E7 1.2E7 1.3E7 1.3E7 1.3E7 1.3E7 1.4E7 1.4E7 1.4E7 1.4E7
34 6000000.0 6000000.0 1.1E7 1.3E7 1.3E7 1.3E7 1.3E7 1.3E7 1.3E7 1.3E7 1.3E7 1.4E7 1.4E7 1.4E7 1.4E7 1.5E7 1.5E7 1.7E7 1.8E7 1.8E7
35 5000000.0 5000000.0 7000000.0 9000000.0 1.1E7 5.8E7 8.0E7 1.48E8 1.66E8 1.69E8 2.25E8 2.29E8 2.67E8 2.69E8 2.84E8 2.84E8 2.88E8 4.2E8 4.21E8 4.48E8
36 1000000.0 1000000.0 3000000.0 3000000.0 4000000.0 5000000.0 7000000.0 8000000.0 8000000.0 9000000.0 9000000.0 1.1E7 1.1E7 1.2E7 1.3E7 1.3E7 1.4E7 1.4E7 1.4E7 1.4E7
37 2000000.0 2000000.0 2000000.0 2000000.0 3000000.0 4000000.0 4000000.0 6000000.0 8000000.0 1.1E7 1.3E7 1.5E7 1.6E7 1.7E7 1.8E7 2.0E7 2.2E7 2.2E7 2.2E7 2.2E7
38 0.0 3000000.0 3000000.0 4000000.0 8000000.0 9000000.0 9000000.0 1.0E7 1.1E7 1.2E7 1.3E7 1.4E7 1.5E7 1.7E7 1.9E7 2.0E7 2.0E7 2.0E7 2.1E7 2.1E7
39 3000000.0 3000000.0 3000000.0 3000000.0 6000000.0 1.3E7 1.4E7 1.4E7 1.4E7 1.5E7 1.6E7 1.6E7 1.7E7 1.8E7 1.8E7 1.8E7 1.8E7 1.9E7 1.9E7 2.8E7
40 2000000.0 3000000.0 6000000.0 7000000.0 8000000.0 8000000.0 8000000.0 8000000.0 8000000.0 8000000.0 8000000.0 9000000.0 1.0E7 1.0E7 1.1E7 1.1E7 1.2E7 1.4E7 1.5E7 1.6E7
41 2000000.0 3000000.0 4000000.0 6000000.0 6000000.0 7000000.0 9000000.0 1.1E7 1.1E7 1.2E7 1.2E7 1.2E7 1.4E7 1.4E7 1.5E7 1.7E7 1.7E7 1.8E7 1.8E7 1.8E7
42 0.0 1000000.0 1000000.0 4000000.0 4000000.0 4000000.0 4000000.0 5000000.0 6000000.0 6000000.0 8000000.0 9000000.0 9000000.0 1.0E7 1.1E7 1.1E7 1.2E7 1.4E7 1.5E7 1.6E7
43 1000000.0 1000000.0 2000000.0 2000000.0 2000000.0 2000000.0 3000000.0 5000000.0 7000000.0 7000000.0 8000000.0 8000000.0 8000000.0 9000000.0 1.0E7 1.1E7 1.4E7 1.5E7 1.5E7 1.7E7
44 0.0 0.0 0.0 0.0 0.0 1000000.0 2000000.0 2000000.0 3000000.0 3000000.0 4000000.0 5000000.0 5000000.0 6000000.0 8000000.0 9000000.0 1.0E7 1.0E7 1.0E7 1.1E7
45 1000000.0 1000000.0 2000000.0 3000000.0 3000000.0 6000000.0 6000000.0 6000000.0 6000000.0 6000000.0 6000000.0 6000000.0 7000000.0 8000000.0 8000000.0 9000000.0 9000000.0 1.0E7 1.1E7 1.3E7
46 2000000.0 2000000.0 4000000.0 4000000.0 4000000.0 5000000.0 5000000.0 5000000.0 6000000.0 7000000.0 7000000.0 7000000.0 7000000.0 9000000.0 1.1E7 1.1E7 1.2E7 1.3E7 1.3E7 1.3E7
47 0.0 0.0 2000000.0 2000000.0 2000000.0 2000000.0 4000000.0 5000000.0 5000000.0 5000000.0 5000000.0 6000000.0 6000000.0 7000000.0 7000000.0 8000000.0 9000000.0 9000000.0 1.0E7 1.0E7
48 0.0 0.0 1000000.0 2000000.0 2000000.0 3000000.0 4000000.0 4000000.0 4000000.0 5000000.0 5000000.0 5000000.0 5000000.0 6000000.0 6000000.0 6000000.0 7000000.0 8000000.0 8000000.0 9000000.0
49 0.0 1000000.0 2000000.0 2000000.0 2000000.0 2000000.0 3000000.0 3000000.0 3000000.0 4000000.0 4000000.0 5000000.0 8000000.0 1.0E7 1.1E7 1.3E7 1.4E7 1.5E7 1.5E7 1.6E7
50 0.0 3000000.0 4000000.0 7000000.0 7000000.0 8000000.0 1.1E7 1.1E7 1.2E7 1.3E7 1.4E7 1.5E7 1.6E7 1.6E7 1.7E7 1.7E7 1.7E7 1.8E7 1.9E7 2.0E7
51 1000000.0 1000000.0 1000000.0 1000000.0 2000000.0 2000000.0 2000000.0 2000000.0 2000000.0 3000000.0 4000000.0 5000000.0 5000000.0 5000000.0 6000000.0 6000000.0 7000000.0 8000000.0 9000000.0 9000000.0
