0 3351
1 1984
2 4466
3 3279
4 2962
5 2677
6 762
7 1051
8 1526
9 2867
10 545
11 435
12 4371
13 4081
14 2319
15 4023
16 3451
17 976
18 676
19 1394
20 1350
21 2374
22 2488
23 3025
24 3232
25 3092
26 2434
27 2930
28 1994
29 2815
30 3281
31 4083
32 2387
33 2637
34 2410
35 2737
36 2825
37 3207
38 2584
39 3486
40 2589
41 2130
42 4114
43 3606
44 2968
45 2626
46 3217
47 3967
48 3119
49 3944
50 4119
51 3644
52 4258
53 3049
54 1892
55 3720
56 3355
57 3779
58 2781
59 5380
60 3592
61 2389
62 1494
63 3543
64 2375
65 5049
66 3276
67 1991
68 1388
69 3978
70 3167
71 4676
72 3605
73 4762
74 4496
75 4974
76 5466
77 5268
78 5058
79 3919
80 4185
81 5286
82 1441
83 5449
84 2749
85 4154
86 4107
87 5654
88 5246
89 5118
90 4186
91 2013
92 5285
93 1844
94 4160
95 2372
96 657
97 3954
