0 3349
1 1982
2 4466
3 3281
4 2960
5 2674
6 762
7 1053
8 1528
9 2867
10 545
11 435
12 4372
13 4086
14 2319
15 4024
16 3451
17 976
18 676
19 1394
20 1350
21 2372
22 2487
23 3020
24 3229
25 3092
26 2433
27 2931
28 1995
29 2814
30 3280
31 4085
32 2386
33 2637
34 2409
35 2740
36 2829
37 3204
38 2584
39 3484
40 2591
41 2131
42 4114
43 3606
44 2965
45 2627
46 3217
47 3967
48 3121
49 3943
50 4117
51 3639
52 4258
53 3047
54 1892
55 3722
56 3356
57 3779
58 2780
59 5385
60 3591
61 2390
62 1494
63 3542
64 2375
65 5049
66 3276
67 1992
68 1389
69 3978
70 3167
71 4675
72 3603
73 4765
74 4498
75 4974
76 5463
77 5268
78 5057
79 3919
80 4183
81 5282
82 1441
83 5451
84 2749
85 4153
86 4108
87 5654
88 5245
89 5120
90 4185
91 2013
92 5285
93 1844
94 4159
95 2371
96 657
97 3953
