0 3350
1 1981
2 4464
3 3279
4 2961
5 2675
6 762
7 1058
8 1526
9 2867
10 545
11 435
12 4372
13 4082
14 2319
15 4024
16 3450
17 976
18 676
19 1394
20 1350
21 2370
22 2488
23 3022
24 3230
25 3093
26 2433
27 2931
28 1997
29 2814
30 3279
31 4083
32 2386
33 2634
34 2411
35 2737
36 2826
37 3204
38 2585
39 3486
40 2589
41 2130
42 4115
43 3606
44 2966
45 2626
46 3218
47 3968
48 3117
49 3943
50 4116
51 3640
52 4258
53 3048
54 1892
55 3721
56 3355
57 3779
58 2782
59 5382
60 3591
61 2390
62 1495
63 3542
64 2375
65 5048
66 3276
67 1991
68 1388
69 3980
70 3167
71 4673
72 3604
73 4762
74 4497
75 4970
76 5465
77 5264
78 5060
79 3919
80 4183
81 5283
82 1441
83 5446
84 2749
85 4152
86 4105
87 5653
88 5245
89 5119
90 4187
91 2014
92 5285
93 1844
94 4158
95 2371
96 657
97 3947
