0 3350
1 1981
2 4469
3 3279
4 2960
5 2678
6 762
7 1051
8 1527
9 2866
10 545
11 435
12 4372
13 4087
14 2319
15 4023
16 3452
17 976
18 676
19 1394
20 1351
21 2371
22 2487
23 3023
24 3230
25 3094
26 2436
27 2930
28 1994
29 2814
30 3279
31 4083
32 2386
33 2636
34 2409
35 2738
36 2824
37 3204
38 2586
39 3485
40 2591
41 2129
42 4116
43 3607
44 2966
45 2626
46 3217
47 3969
48 3119
49 3945
50 4117
51 3640
52 4258
53 3050
54 1894
55 3720
56 3359
57 3779
58 2781
59 5386
60 3588
61 2390
62 1494
63 3543
64 2378
65 5046
66 3276
67 1991
68 1389
69 3976
70 3167
71 4673
72 3604
73 4764
74 4495
75 4970
76 5465
77 5267
78 5061
79 3919
80 4184
81 5286
82 1441
83 5446
84 2749
85 4153
86 4108
87 5654
88 5243
89 5118
90 4190
91 2014
92 5284
93 1848
94 4157
95 2371
96 657
97 3952
