records: 20
      Record Time
Host  UsedBuffer

  49376.0 98752.0 148128.0 197504.0 246880.0 296256.0 345632.0 395008.0 444384.0 493760.0 543136.0 592512.0 641888.0 691264.0 740640.0 790016.0 839392.0 888768.0 938144.0 987520.0
0 1000000.0 5000000.0 7000000.0 8000000.0 1.1E7 1.33E8 1.56E8 1.63E8 2.45E8 2.46E8 2.94E8 2.95E8 3.29E8 3.31E8 3.33E8 3.33E8 3.33E8 3.33E8 3.34E8 3.35E8
1 0.0 0.0 1000000.0 1000000.0 1000000.0 1000000.0 2000000.0 3000000.0 4000000.0 4000000.0 4000000.0 5000000.0 6000000.0 7000000.0 7000000.0 7000000.0 9000000.0 9000000.0 1.3E7 1.4E7
2 1000000.0 2000000.0 3000000.0 4000000.0 5000000.0 6000000.0 7000000.0 8000000.0 1.0E7 1.0E7 1.1E7 1.4E7 1.5E7 1.5E7 1.6E7 1.6E7 1.9E7 1.9E7 1.9E7 2.2E7
3 0.0 0.0 1000000.0 2000000.0 2000000.0 2000000.0 2000000.0 2000000.0 2000000.0 3000000.0 3000000.0 5000000.0 6000000.0 7000000.0 8000000.0 9000000.0 1.0E7 1.0E7 1.0E7 1.0E7
4 0.0 0.0 1000000.0 2000000.0 3000000.0 7000000.0 7000000.0 8000000.0 8000000.0 8000000.0 1.0E7 1.1E7 1.4E7 1.5E7 1.7E7 1.8E7 1.8E7 1.8E7 2.0E7 2.2E7
5 3000000.0 1.2E7 4.4E7 4.8E7 9.3E7 1.33E8 1.53E8 1.68E8 2.42E8 2.42E8 2.42E8 2.87E8 3.18E8 3.2E8 3.78E8 3.78E8 4.16E8 4.56E8 4.56E8 4.57E8
6 1000000.0 3000000.0 4000000.0 5000000.0 5000000.0 6000000.0 7000000.0 8000000.0 8000000.0 1.0E7 1.3E7 1.5E7 1.6E7 1.6E7 1.6E7 1.8E7 1.8E7 1.9E7 1.9E7 1.9E7
7 1000000.0 3000000.0 4000000.0 4000000.0 5000000.0 6000000.0 8000000.0 9000000.0 9000000.0 1.2E7 1.2E7 1.2E7 1.3E7 1.4E7 1.4E7 1.5E7 1.6E7 1.6E7 1.8E7 1.8E7
8 3000000.0 4000000.0 5000000.0 7000000.0 6.1E7 1.18E8 1.52E8 1.71E8 2.37E8 2.38E8 2.98E8 2.99E8 3.51E8 3.51E8 3.51E8 3.52E8 3.55E8 3.56E8 3.56E8 3.57E8
9 0.0 1000000.0 1000000.0 2000000.0 2000000.0 3000000.0 3000000.0 3000000.0 4000000.0 4000000.0 5000000.0 5000000.0 7000000.0 7000000.0 7000000.0 7000000.0 7000000.0 8000000.0 8000000.0 9000000.0
10 5000000.0 7000000.0 2.3E7 2.3E7 6.8E7 1.38E8 1.4E8 1.68E8 2.4E8 2.51E8 3.01E8 3.07E8 3.51E8 3.52E8 3.76E8 3.76E8 3.76E8 4.57E8 4.58E8 4.59E8
11 7000000.0 9000000.0 9000000.0 9000000.0 9000000.0 9000000.0 1.0E7 1.87E8 1.9E8 1.95E8 2.98E8 3.0E8 3.52E8 3.52E8 3.75E8 3.76E8 3.77E8 4.68E8 4.68E8 4.68E8
12 0.0 1000000.0 1000000.0 1000000.0 1000000.0 1000000.0 2000000.0 3000000.0 4000000.0 4000000.0 4000000.0 6000000.0 8000000.0 9000000.0 9000000.0 1.2E7 1.3E7 1.3E7 1.4E7 1.5E7
13 1000000.0 1000000.0 2000000.0 3000000.0 3000000.0 3000000.0 3000000.0 4000000.0 4000000.0 4000000.0 4000000.0 4000000.0 4000000.0 4000000.0 4000000.0 5000000.0 6000000.0 7000000.0 1.2E7 1.4E7
14 1000000.0 2000000.0 2000000.0 3000000.0 4000000.0 4000000.0 5000000.0 6000000.0 6000000.0 8000000.0 9000000.0 9000000.0 1.0E7 1.1E7 1.2E7 1.4E7 1.4E7 1.6E7 1.6E7 1.7E7
15 2000000.0 2000000.0 2000000.0 2000000.0 2000000.0 4000000.0 6000000.0 7000000.0 9000000.0 9000000.0 9000000.0 1.0E7 1.1E7 1.1E7 1.1E7 1.1E7 1.1E7 1.1E7 1.1E7 1.1E7
16 7000000.0 7000000.0 7000000.0 7000000.0 7000000.0 1.36E8 1.54E8 1.56E8 2.45E8 2.59E8 3.02E8 3.03E8 3.57E8 3.58E8 3.72E8 3.74E8 3.76E8 4.67E8 4.71E8 4.86E8
17 2000000.0 1.3E7 3.5E7 3.6E7 6.8E7 1.4E8 1.53E8 1.71E8 2.42E8 2.45E8 3.0E8 3.0E8 3.56E8 3.58E8 3.72E8 3.74E8 4.0E8 4.58E8 4.66E8 4.85E8
18 0.0 1000000.0 1000000.0 2000000.0 3000000.0 5000000.0 5000000.0 5000000.0 5000000.0 8000000.0 8000000.0 8000000.0 8000000.0 8000000.0 9000000.0 1.0E7 1.1E7 1.3E7 1.3E7 1.3E7
19 1000000.0 1000000.0 3000000.0 4000000.0 5000000.0 5000000.0 5000000.0 6000000.0 6000000.0 8000000.0 9000000.0 1.1E7 1.3E7 1.3E7 1.3E7 1.3E7 1.3E7 1.3E7 1.3E7 1.4E7
20 0.0 1000000.0 2000000.0 3000000.0 3000000.0 3000000.0 4000000.0 4000000.0 4000000.0 4000000.0 5000000.0 5000000.0 5000000.0 5000000.0 5000000.0 5000000.0 6000000.0 8000000.0 8000000.0 8000000.0
21 5000000.0 7000000.0 4.1E7 6.1E7 6.9E7 1.35E8 1.56E8 1.88E8 2.38E8 2.48E8 2.99E8 2.99E8 3.32E8 3.32E8 3.72E8 3.8E8 4.0E8 4.52E8 4.56E8 4.87E8
22 1000000.0 1000000.0 2000000.0 2000000.0 5000000.0 6000000.0 6000000.0 7000000.0 7000000.0 8000000.0 9000000.0 9000000.0 1.0E7 1.0E7 1.0E7 1.0E7 1.0E7 1.0E7 1.1E7 1.1E7
23 0.0 1000000.0 4000000.0 6000000.0 8000000.0 8000000.0 8000000.0 8000000.0 8000000.0 8000000.0 8000000.0 9000000.0 9000000.0 9000000.0 1.0E7 1.0E7 1.1E7 1.2E7 1.3E7 1.5E7
24 5000000.0 5000000.0 4.1E7 6.2E7 7.1E7 1.35E8 1.55E8 1.85E8 2.35E8 2.53E8 2.83E8 2.83E8 3.41E8 3.42E8 3.73E8 3.73E8 4.14E8 4.51E8 4.53E8 4.88E8
25 1000000.0 2000000.0 2000000.0 3000000.0 5000000.0 5000000.0 7000000.0 8000000.0 1.0E7 1.0E7 1.1E7 1.1E7 1.1E7 1.2E7 1.2E7 1.2E7 1.2E7 1.3E7 1.4E7 1.4E7
26 0.0 2000000.0 2000000.0 6.1E7 7.0E7 1.36E8 1.57E8 1.88E8 2.43E8 2.5E8 2.99E8 2.99E8 3.34E8 3.34E8 3.77E8 3.79E8 4.03E8 4.65E8 4.65E8 4.9E8
27 1000000.0 1000000.0 1000000.0 2000000.0 2000000.0 3000000.0 3000000.0 3000000.0 5000000.0 5000000.0 5000000.0 7000000.0 7000000.0 1.0E7 1.1E7 1.4E7 1.5E7 1.6E7 1.7E7 1.7E7
28 1000000.0 1000000.0 2000000.0 4000000.0 4000000.0 6000000.0 6000000.0 7000000.0 8000000.0 1.0E7 1.1E7 1.2E7 1.2E7 1.3E7 1.4E7 1.7E7 1.7E7 1.7E7 1.9E7 2.1E7
29 0.0 2000000.0 5000000.0 5000000.0 6000000.0 7000000.0 7000000.0 7000000.0 8000000.0 8000000.0 9000000.0 9000000.0 1.0E7 1.0E7 1.2E7 1.2E7 1.3E7 1.4E7 1.5E7 1.5E7
30 3000000.0 5000000.0 5000000.0 1.2E7 1.4E7 1.6E7 1.8E7 2.9E7 3.5E7 3.6E7 6.7E7 6.9E7 8.2E7 8.2E7 9.0E7 9.1E7 9.1E7 1.08E8 1.08E8 1.08E8
31 8000000.0 8000000.0 4.3E7 6.2E7 7.1E7 1.36E8 1.57E8 1.88E8 2.41E8 2.51E8 3.01E8 3.02E8 3.38E8 3.39E8 3.71E8 3.79E8 3.98E8 4.55E8 4.55E8 4.86E8
32 2000000.0 2000000.0 2000000.0 4000000.0 6000000.0 7000000.0 7000000.0 8000000.0 9000000.0 1.0E7 1.2E7 1.3E7 1.3E7 1.7E7 1.7E7 1.8E7 1.9E7 2.1E7 2.2E7 2.3E7
33 7000000.0 8000000.0 5.0E7 6.4E7 9.4E7 1.43E8 1.59E8 1.92E8 2.4E8 2.58E8 3.02E8 3.03E8 3.45E8 3.45E8 3.82E8 3.86E8 4.08E8 4.71E8 4.72E8 4.94E8
34 7000000.0 7000000.0 2.3E7 2.5E7 2.5E7 2.5E7 2.5E7 2.5E7 2.5E7 2.5E7 2.5E7 2.6E7 2.6E7 2.6E7 2.6E7 2.7E7 2.7E7 2.9E7 3.0E7 3.0E7
35 3000000.0 3000000.0 3000000.0 4000000.0 5000000.0 5000000.0 6000000.0 8000000.0 9000000.0 1.1E7 1.1E7 1.2E7 1.2E7 1.4E7 1.5E7 1.5E7 1.6E7 1.6E7 1.7E7 1.8E7
36 1000000.0 1000000.0 8000000.0 1.0E7 1.1E7 1.2E7 1.4E7 2.1E7 2.1E7 2.2E7 2.2E7 2.4E7 2.4E7 2.5E7 2.6E7 2.6E7 2.7E7 1.29E8 1.29E8 1.29E8
37 2000000.0 5000000.0 1.2E7 2.1E7 2.2E7 2.8E7 2.8E7 1.56E8 1.58E8 1.67E8 1.69E8 1.71E8 1.79E8 1.8E8 1.89E8 1.91E8 1.93E8 2.04E8 2.04E8 2.04E8
38 0.0 3000000.0 3000000.0 4000000.0 8000000.0 9000000.0 9000000.0 1.0E7 1.1E7 1.2E7 1.3E7 1.4E7 2.2E7 2.4E7 2.6E7 2.7E7 2.7E7 2.7E7 2.8E7 2.8E7
39 3000000.0 3000000.0 3000000.0 3000000.0 6000000.0 1.3E7 1.4E7 1.4E7 1.4E7 1.5E7 1.6E7 1.6E7 1.7E7 1.8E7 1.8E7 1.8E7 1.8E7 1.9E7 1.9E7 2.8E7
40 2000000.0 3000000.0 6000000.0 8000000.0 9000000.0 9000000.0 9000000.0 9000000.0 9000000.0 9000000.0 9000000.0 1.0E7 1.1E7 1.1E7 1.2E7 1.2E7 1.3E7 1.5E7 1.6E7 1.7E7
41 2000000.0 3000000.0 4000000.0 6000000.0 6000000.0 7000000.0 9000000.0 1.1E7 1.1E7 1.2E7 1.2E7 1.2E7 1.4E7 1.4E7 1.5E7 1.7E7 1.7E7 1.8E7 1.8E7 1.8E7
42 0.0 1000000.0 1000000.0 4000000.0 4000000.0 4000000.0 4000000.0 5000000.0 6000000.0 6000000.0 8000000.0 9000000.0 9000000.0 1.0E7 1.1E7 1.1E7 1.2E7 1.4E7 1.5E7 1.6E7
43 1000000.0 1000000.0 2000000.0 2000000.0 2000000.0 2000000.0 3000000.0 5000000.0 7000000.0 7000000.0 8000000.0 8000000.0 8000000.0 9000000.0 1.0E7 1.1E7 1.4E7 1.5E7 1.5E7 1.7E7
44 0.0 0.0 0.0 0.0 0.0 1000000.0 2000000.0 2000000.0 3000000.0 3000000.0 4000000.0 5000000.0 9000000.0 1.0E7 1.2E7 1.3E7 1.4E7 1.4E7 1.4E7 1.5E7
45 1000000.0 1000000.0 2000000.0 3000000.0 3000000.0 6000000.0 6000000.0 6000000.0 6000000.0 6000000.0 6000000.0 6000000.0 7000000.0 8000000.0 8000000.0 9000000.0 9000000.0 1.0E7 1.1E7 1.3E7
46 2000000.0 2000000.0 4000000.0 4000000.0 4000000.0 5000000.0 5000000.0 5000000.0 6000000.0 7000000.0 7000000.0 7000000.0 7000000.0 9000000.0 1.1E7 1.1E7 1.2E7 1.3E7 1.3E7 1.3E7
47 0.0 0.0 2000000.0 2000000.0 2000000.0 2000000.0 4000000.0 5000000.0 5000000.0 5000000.0 5000000.0 6000000.0 6000000.0 7000000.0 7000000.0 8000000.0 9000000.0 9000000.0 1.0E7 1.0E7
48 0.0 0.0 1000000.0 2000000.0 2000000.0 3000000.0 4000000.0 4000000.0 4000000.0 5000000.0 5000000.0 5000000.0 5000000.0 6000000.0 6000000.0 6000000.0 7000000.0 8000000.0 8000000.0 9000000.0
49 0.0 1000000.0 2000000.0 2000000.0 2000000.0 2000000.0 3000000.0 3000000.0 3000000.0 4000000.0 4000000.0 5000000.0 8000000.0 1.0E7 1.1E7 1.3E7 1.4E7 1.5E7 1.5E7 1.6E7
50 0.0 3000000.0 4000000.0 7000000.0 7000000.0 8000000.0 1.1E7 1.1E7 1.2E7 1.3E7 1.4E7 1.5E7 1.6E7 1.6E7 3.1E7 3.1E7 3.1E7 3.2E7 3.3E7 3.4E7
51 3000000.0 3000000.0 3000000.0 3000000.0 4000000.0 1.36E8 1.36E8 1.37E8 1.37E8 1.93E8 1.94E8 1.95E8 1.98E8 1.98E8 1.99E8 1.99E8 2.04E8 2.44E8 2.45E8 2.45E8
