0 3354
1 1983
2 4464
3 3280
4 2962
5 2677
6 762
7 1054
8 1526
9 2865
10 546
11 435
12 4374
13 4081
14 2319
15 4024
16 3455
17 976
18 676
19 1394
20 1350
21 2372
22 2488
23 3022
24 3229
25 3093
26 2435
27 2931
28 1996
29 2817
30 3283
31 4084
32 2385
33 2635
34 2415
35 2739
36 2826
37 3205
38 2584
39 3485
40 2594
41 2131
42 4117
43 3606
44 2964
45 2626
46 3218
47 3969
48 3118
49 3945
50 4119
51 3640
52 4258
53 3050
54 1895
55 3721
56 3355
57 3782
58 2783
59 5381
60 3592
61 2391
62 1495
63 3543
64 2377
65 5049
66 3276
67 1991
68 1391
69 3980
70 3167
71 4674
72 3607
73 4767
74 4497
75 4969
76 5464
77 5270
78 5060
79 3919
80 4183
81 5286
82 1441
83 5446
84 2749
85 4153
86 4109
87 5657
88 5245
89 5119
90 4188
91 2014
92 5284
93 1845
94 4155
95 2373
96 657
97 3952
