records: 20
      Record Time
Host  UsedBuffer

  49376.0 98752.0 148128.0 197504.0 246880.0 296256.0 345632.0 395008.0 444384.0 493760.0 543136.0 592512.0 641888.0 691264.0 740640.0 790016.0 839392.0 888768.0 938144.0 987520.0
0 0.0 4000000.0 4000000.0 5000000.0 7000000.0 7000000.0 9000000.0 1.0E7 1.1E7 1.1E7 1.1E7 1.1E7 1.2E7 1.4E7 1.6E7 1.6E7 1.6E7 1.6E7 1.7E7 1.8E7
1 0.0 0.0 1000000.0 1000000.0 1000000.0 1000000.0 2000000.0 3000000.0 4000000.0 4000000.0 4000000.0 5000000.0 6000000.0 7000000.0 7000000.0 7000000.0 9000000.0 9000000.0 1.3E7 1.4E7
2 1000000.0 2000000.0 3000000.0 4000000.0 5000000.0 6000000.0 7000000.0 8000000.0 1.0E7 1.0E7 1.1E7 1.4E7 1.5E7 1.5E7 1.6E7 1.6E7 1.9E7 1.9E7 1.9E7 2.2E7
3 2000000.0 2000000.0 3.7E7 3.8E7 4.0E7 1.29E8 1.51E8 1.53E8 2.27E8 2.29E8 2.83E8 2.9E8 3.29E8 3.3E8 3.31E8 3.32E8 3.33E8 3.33E8 3.33E8 3.33E8
4 3000000.0 1.4E7 1.9E7 2.0E7 7.2E7 1.34E8 1.44E8 1.84E8 2.26E8 2.27E8 2.87E8 2.93E8 3.43E8 3.44E8 3.46E8 3.47E8 3.47E8 4.52E8 4.54E8 4.56E8
5 3000000.0 1.2E7 4.0E7 4.4E7 7.8E7 1.29E8 1.51E8 1.85E8 2.27E8 2.27E8 2.27E8 2.95E8 3.24E8 3.26E8 3.28E8 3.28E8 3.86E8 4.54E8 4.54E8 4.55E8
6 1000000.0 3000000.0 4000000.0 5000000.0 5000000.0 6000000.0 7000000.0 8000000.0 8000000.0 1.0E7 1.3E7 1.5E7 1.6E7 1.6E7 1.6E7 1.8E7 1.8E7 1.9E7 1.9E7 1.9E7
7 1000000.0 3000000.0 4000000.0 4000000.0 5000000.0 6000000.0 8000000.0 9000000.0 9000000.0 1.2E7 1.2E7 1.2E7 1.3E7 1.4E7 1.4E7 1.5E7 1.6E7 1.6E7 1.8E7 1.8E7
8 0.0 1000000.0 2000000.0 2000000.0 2000000.0 3000000.0 4000000.0 6000000.0 6000000.0 7000000.0 7000000.0 8000000.0 9000000.0 9000000.0 9000000.0 1.0E7 1.3E7 1.4E7 1.4E7 1.5E7
9 0.0 1000000.0 1000000.0 2000000.0 2000000.0 3000000.0 3000000.0 3000000.0 4000000.0 4000000.0 5000000.0 5000000.0 7000000.0 7000000.0 7000000.0 7000000.0 7000000.0 8000000.0 8000000.0 9000000.0
10 5000000.0 7000000.0 1.5E7 1.5E7 1.7E7 1.25E8 1.49E8 1.56E8 2.26E8 2.26E8 2.87E8 2.93E8 3.42E8 3.43E8 3.44E8 3.44E8 3.59E8 4.55E8 4.56E8 4.57E8
11 0.0 2000000.0 2000000.0 2000000.0 2000000.0 2000000.0 3000000.0 6000000.0 9000000.0 1.2E7 1.3E7 1.5E7 1.5E7 1.5E7 1.6E7 1.7E7 1.8E7 1.8E7 1.8E7 1.8E7
12 0.0 1000000.0 1000000.0 1000000.0 1000000.0 1000000.0 2000000.0 3000000.0 4000000.0 4000000.0 4000000.0 6000000.0 8000000.0 9000000.0 9000000.0 1.2E7 1.3E7 1.3E7 1.4E7 1.5E7
13 2000000.0 2000000.0 4.1E7 4.2E7 4.2E7 1.31E8 1.53E8 1.56E8 2.28E8 2.28E8 2.83E8 2.83E8 3.43E8 3.43E8 3.59E8 3.6E8 3.75E8 4.5E8 4.61E8 4.97E8
14 1000000.0 2000000.0 3.9E7 4.0E7 7.1E7 1.33E8 1.55E8 1.9E8 2.3E8 2.33E8 2.87E8 2.93E8 3.4E8 3.41E8 3.42E8 3.44E8 3.82E8 4.49E8 4.49E8 4.5E8
15 6000000.0 6000000.0 8000000.0 9000000.0 1.9E7 1.23E8 1.46E8 1.81E8 2.22E8 2.23E8 2.86E8 2.87E8 3.29E8 3.29E8 3.29E8 3.29E8 3.29E8 4.5E8 4.5E8 4.5E8
16 3000000.0 3000000.0 3000000.0 3000000.0 3000000.0 1.32E8 1.51E8 1.53E8 2.33E8 2.34E8 2.88E8 2.89E8 3.48E8 3.49E8 3.63E8 3.65E8 3.67E8 4.65E8 4.69E8 5.04E8
17 2000000.0 1.4E7 4.4E7 4.5E7 7.1E7 1.33E8 1.52E8 1.88E8 2.3E8 2.3E8 2.87E8 2.87E8 3.48E8 3.5E8 3.64E8 3.66E8 3.73E8 4.57E8 4.68E8 5.04E8
18 0.0 1000000.0 1000000.0 2000000.0 3000000.0 5000000.0 5000000.0 5000000.0 5000000.0 8000000.0 8000000.0 8000000.0 8000000.0 8000000.0 9000000.0 1.0E7 1.1E7 1.3E7 1.3E7 1.3E7
19 2000000.0 2000000.0 4.2E7 4.6E7 7.1E7 1.32E8 1.52E8 1.83E8 2.26E8 2.28E8 2.86E8 2.94E8 3.42E8 3.42E8 3.57E8 3.57E8 3.71E8 4.53E8 4.64E8 5.0E8
20 0.0 1000000.0 2000000.0 3000000.0 3000000.0 3000000.0 4000000.0 4000000.0 4000000.0 4000000.0 5000000.0 5000000.0 5000000.0 5000000.0 5000000.0 5000000.0 6000000.0 8000000.0 8000000.0 8000000.0
21 1000000.0 3000000.0 3000000.0 3000000.0 3000000.0 3000000.0 5000000.0 7000000.0 8000000.0 8000000.0 1.0E7 1.0E7 1.1E7 1.1E7 1.1E7 1.2E7 1.3E7 1.4E7 1.5E7 1.5E7
22 1000000.0 1000000.0 2000000.0 2000000.0 5000000.0 6000000.0 6000000.0 7000000.0 7000000.0 8000000.0 9000000.0 9000000.0 1.0E7 1.0E7 1.0E7 1.0E7 1.0E7 1.0E7 1.1E7 1.1E7
23 0.0 1000000.0 4000000.0 6000000.0 8000000.0 8000000.0 8000000.0 8000000.0 8000000.0 8000000.0 8000000.0 9000000.0 9000000.0 9000000.0 1.0E7 1.0E7 1.1E7 1.2E7 1.3E7 1.5E7
24 5000000.0 5000000.0 4.1E7 4.2E7 4.3E7 1.25E8 1.46E8 1.8E8 2.21E8 2.24E8 2.76E8 2.76E8 3.28E8 3.29E8 3.38E8 3.38E8 3.85E8 4.5E8 4.52E8 4.98E8
25 1000000.0 2000000.0 2000000.0 3000000.0 5000000.0 5000000.0 7000000.0 8000000.0 1.0E7 1.0E7 1.1E7 1.1E7 1.1E7 1.2E7 1.2E7 1.2E7 1.2E7 1.3E7 1.4E7 1.4E7
26 0.0 2000000.0 2000000.0 4000000.0 6000000.0 7000000.0 8000000.0 9000000.0 1.1E7 1.1E7 1.4E7 1.4E7 1.5E7 1.5E7 1.6E7 1.8E7 1.9E7 1.9E7 1.9E7 2.0E7
27 7000000.0 7000000.0 9000000.0 1.1E7 1.1E7 1.23E8 1.48E8 1.79E8 1.81E8 1.82E8 2.86E8 2.88E8 3.35E8 3.38E8 3.39E8 3.42E8 3.43E8 4.54E8 4.57E8 4.98E8
28 6000000.0 7000000.0 4.1E7 4.5E7 4.5E7 1.24E8 1.47E8 1.5E8 1.57E8 1.59E8 2.87E8 2.98E8 3.41E8 3.43E8 3.44E8 3.47E8 3.47E8 4.56E8 4.58E8 4.6E8
29 0.0 2000000.0 5000000.0 5000000.0 6000000.0 7000000.0 7000000.0 7000000.0 8000000.0 8000000.0 9000000.0 9000000.0 1.0E7 1.0E7 1.2E7 1.2E7 1.3E7 1.4E7 1.5E7 1.5E7
30 3000000.0 5000000.0 5000000.0 1.2E7 1.4E7 1.6E7 1.8E7 2.3E7 3.0E7 3.1E7 8.0E7 8.2E7 9.4E7 9.4E7 1.02E8 1.03E8 1.03E8 1.23E8 1.23E8 1.23E8
31 8000000.0 8000000.0 1.2E7 1.4E7 1.7E7 1.21E8 1.46E8 1.8E8 2.26E8 2.27E8 2.86E8 2.87E8 3.23E8 3.24E8 3.24E8 3.24E8 3.25E8 4.53E8 4.53E8 4.94E8
32 2000000.0 2000000.0 2000000.0 4000000.0 6000000.0 7000000.0 7000000.0 8000000.0 9000000.0 1.0E7 1.2E7 1.3E7 1.3E7 1.7E7 1.7E7 1.8E7 1.9E7 2.1E7 2.2E7 2.3E7
33 0.0 1000000.0 2000000.0 3000000.0 4000000.0 7000000.0 7000000.0 8000000.0 8000000.0 1.0E7 1.1E7 1.2E7 1.3E7 1.3E7 1.3E7 1.3E7 1.4E7 1.4E7 1.4E7 1.4E7
34 7000000.0 7000000.0 1.5E7 1.7E7 1.7E7 1.7E7 1.7E7 1.7E7 1.7E7 1.7E7 1.7E7 1.8E7 1.8E7 1.8E7 1.8E7 1.9E7 1.9E7 2.1E7 2.2E7 2.2E7
35 6000000.0 6000000.0 8000000.0 1.0E7 1.8E7 1.22E8 1.47E8 1.81E8 2.24E8 2.27E8 2.87E8 2.88E8 3.29E8 3.31E8 3.44E8 3.44E8 3.6E8 4.55E8 4.56E8 5.0E8
36 1000000.0 1000000.0 7000000.0 9000000.0 1.0E7 1.1E7 1.3E7 1.22E8 1.22E8 1.23E8 1.23E8 1.25E8 1.25E8 1.26E8 1.27E8 1.27E8 1.28E8 1.46E8 1.46E8 1.46E8
37 2000000.0 2000000.0 2000000.0 2000000.0 3000000.0 4000000.0 4000000.0 6000000.0 8000000.0 1.1E7 1.3E7 1.5E7 1.6E7 1.7E7 1.8E7 2.0E7 2.2E7 2.2E7 2.2E7 2.2E7
38 0.0 3000000.0 3000000.0 4000000.0 8000000.0 9000000.0 9000000.0 1.0E7 1.1E7 1.2E7 1.3E7 1.4E7 2.2E7 2.4E7 2.6E7 2.7E7 2.7E7 2.7E7 2.8E7 2.8E7
39 3000000.0 3000000.0 3000000.0 3000000.0 6000000.0 1.4E7 1.5E7 1.5E7 1.5E7 1.6E7 1.7E7 1.7E7 1.8E7 1.9E7 1.9E7 1.9E7 1.9E7 2.0E7 2.0E7 2.9E7
40 2000000.0 3000000.0 6000000.0 8000000.0 9000000.0 9000000.0 9000000.0 9000000.0 9000000.0 9000000.0 9000000.0 1.0E7 1.1E7 1.1E7 1.2E7 1.2E7 1.3E7 1.5E7 1.6E7 1.7E7
41 2000000.0 3000000.0 4000000.0 6000000.0 6000000.0 7000000.0 9000000.0 1.1E7 1.1E7 1.2E7 1.2E7 1.2E7 1.4E7 1.4E7 1.5E7 1.7E7 1.7E7 1.8E7 1.8E7 1.8E7
42 0.0 1000000.0 1000000.0 4000000.0 4000000.0 4000000.0 4000000.0 5000000.0 6000000.0 6000000.0 8000000.0 9000000.0 9000000.0 1.0E7 1.1E7 1.1E7 1.2E7 1.4E7 1.5E7 1.6E7
43 1000000.0 1000000.0 2000000.0 2000000.0 2000000.0 2000000.0 3000000.0 5000000.0 7000000.0 7000000.0 8000000.0 8000000.0 8000000.0 9000000.0 1.0E7 1.1E7 1.4E7 1.5E7 1.5E7 1.7E7
44 0.0 0.0 0.0 0.0 0.0 1000000.0 2000000.0 2000000.0 3000000.0 3000000.0 4000000.0 5000000.0 5000000.0 6000000.0 8000000.0 9000000.0 1.0E7 1.0E7 1.0E7 1.1E7
45 1000000.0 1000000.0 2000000.0 3000000.0 3000000.0 6000000.0 6000000.0 6000000.0 6000000.0 6000000.0 6000000.0 6000000.0 7000000.0 8000000.0 8000000.0 9000000.0 9000000.0 1.0E7 1.1E7 1.3E7
46 2000000.0 2000000.0 4000000.0 4000000.0 4000000.0 5000000.0 5000000.0 5000000.0 6000000.0 7000000.0 7000000.0 7000000.0 7000000.0 9000000.0 1.1E7 1.1E7 1.2E7 1.3E7 1.3E7 1.3E7
47 0.0 0.0 2000000.0 2000000.0 2000000.0 2000000.0 4000000.0 5000000.0 5000000.0 5000000.0 5000000.0 6000000.0 6000000.0 7000000.0 7000000.0 8000000.0 9000000.0 9000000.0 1.0E7 1.0E7
48 6000000.0 6000000.0 7000000.0 8000000.0 8000000.0 9000000.0 1.0E7 1.0E7 1.0E7 1.1E7 1.1E7 1.1E7 1.1E7 1.2E7 1.2E7 1.2E7 1.3E7 1.4E7 1.4E7 1.5E7
49 0.0 1000000.0 2000000.0 2000000.0 2000000.0 2000000.0 3000000.0 3000000.0 3000000.0 4000000.0 4000000.0 5000000.0 8000000.0 1.0E7 1.1E7 1.3E7 1.4E7 1.5E7 1.5E7 1.6E7
50 0.0 3000000.0 4000000.0 7000000.0 7000000.0 8000000.0 1.1E7 1.1E7 1.2E7 1.3E7 1.4E7 1.5E7 1.6E7 1.6E7 3.1E7 3.1E7 3.1E7 3.2E7 3.3E7 3.4E7
51 3000000.0 3000000.0 3000000.0 3000000.0 4000000.0 1.32E8 1.32E8 1.33E8 1.33E8 1.44E8 1.45E8 1.46E8 1.5E8 1.5E8 1.51E8 1.51E8 1.54E8 1.94E8 1.95E8 1.95E8
