0 3350
1 1981
2 4464
3 3281
4 2960
5 2676
6 762
7 1050
8 1526
9 2866
10 545
11 435
12 4371
13 4081
14 2319
15 4023
16 3451
17 976
18 676
19 1394
20 1350
21 2371
22 2488
23 3022
24 3230
25 3093
26 2433
27 2930
28 1996
29 2815
30 3281
31 4085
32 2386
33 2634
34 2411
35 2738
36 2827
37 3206
38 2585
39 3486
40 2589
41 2130
42 4114
43 3604
44 2966
45 2627
46 3218
47 3968
48 3119
49 3944
50 4117
51 3639
52 4257
53 3048
54 1891
55 3722
56 3354
57 3779
58 2784
59 5381
60 3592
61 2391
62 1495
63 3542
64 2375
65 5046
66 3276
67 1991
68 1388
69 3980
70 3167
71 4673
72 3604
73 4763
74 4498
75 4970
76 5463
77 5266
78 5057
79 3919
80 4184
81 5286
82 1441
83 5446
84 2749
85 4152
86 4108
87 5654
88 5245
89 5118
90 4186
91 2014
92 5285
93 1844
94 4158
95 2371
96 657
97 3953
