records: 20
      Record Time
Host  UsedBuffer

  16870.0 33740.0 50610.0 67480.0 84350.0 101220.0 118090.0 134960.0 151830.0 168700.0 185570.0 202440.0 219310.0 236180.0 253050.0 269920.0 286790.0 303660.0 320530.0 337400.0
0 9000000.0 1.3E7 3.2E7 4.7E7 6.5E7 6.8E7 7.6E7 9.8E7 1.17E8 1.37E8 1.4E8 1.42E8 1.52E8 1.83E8 1.91E8 1.93E8 1.93E8 2.07E8 2.39E8 2.46E8
1 1000000.0 1.3E7 1.3E7 4.7E7 6.4E7 6.7E7 7.3E7 8.8E7 1.17E8 1.37E8 1.44E8 1.46E8 1.46E8 1.83E8 1.91E8 1.94E8 1.94E8 2.13E8 2.38E8 2.43E8
2 8000000.0 1.3E7 3.3E7 4.7E7 6.3E7 6.7E7 7.5E7 9.6E7 1.15E8 1.34E8 1.37E8 1.39E8 1.45E8 1.8E8 1.88E8 1.9E8 1.92E8 2.06E8 2.37E8 2.42E8
3 9000000.0 1.3E7 3.2E7 4.7E7 6.5E7 6.9E7 7.6E7 9.8E7 1.17E8 1.37E8 1.4E8 1.42E8 1.51E8 1.83E8 1.9E8 1.92E8 1.93E8 2.04E8 2.38E8 2.45E8
4 8000000.0 1.2E7 3.1E7 4.6E7 6.4E7 6.8E7 7.6E7 9.8E7 1.17E8 1.37E8 1.4E8 1.42E8 1.51E8 1.83E8 1.91E8 1.93E8 1.94E8 2.09E8 2.4E8 2.47E8
5 0.0 0.0 0.0 4.8E7 6.5E7 6.8E7 7.4E7 8.9E7 1.17E8 1.37E8 1.44E8 1.46E8 1.46E8 1.82E8 1.9E8 1.93E8 1.94E8 2.12E8 2.38E8 2.41E8
6 0.0 0.0 0.0 0.0 0.0 0.0 0.0 0.0 1000000.0 2000000.0 2000000.0 2000000.0 2000000.0 2000000.0 2000000.0 2000000.0 2000000.0 2000000.0 2000000.0 2000000.0
7 0.0 0.0 1000000.0 1000000.0 1000000.0 1000000.0 1000000.0 1000000.0 1000000.0 1000000.0 1000000.0 1000000.0 1000000.0 1000000.0 1000000.0 1000000.0 2000000.0 2000000.0 2000000.0 3000000.0
8 0.0 0.0 1000000.0 4.7E7 6.4E7 6.7E7 7.2E7 8.7E7 1.15E8 1.35E8 1.42E8 1.44E8 1.44E8 1.8E8 1.88E8 1.91E8 1.92E8 2.1E8 2.37E8 2.4E8
9 0.0 1000000.0 1000000.0 4.8E7 6.4E7 6.7E7 7.3E7 8.8E7 1.17E8 1.37E8 1.44E8 1.46E8 1.46E8 1.83E8 1.91E8 1.94E8 1.95E8 2.13E8 2.4E8 2.44E8
10 0.0 0.0 3.3E7 4.3E7 6.4E7 6.4E7 6.5E7 8.9E7 1.17E8 1.38E8 1.39E8 1.39E8 1.41E8 1.82E8 1.91E8 1.92E8 1.92E8 2.03E8 2.39E8 2.44E8
11 0.0 0.0 0.0 4.6E7 6.2E7 6.8E7 7.2E7 7.9E7 1.1E8 1.34E8 1.37E8 1.37E8 1.44E8 1.8E8 1.88E8 1.89E8 1.89E8 1.98E8 2.35E8 2.37E8
12 0.0 0.0 0.0 0.0 0.0 0.0 0.0 0.0 0.0 0.0 0.0 0.0 0.0 0.0 0.0 0.0 1000000.0 1000000.0 1000000.0 2000000.0
13 0.0 1000000.0 2000000.0 2000000.0 2000000.0 2000000.0 2000000.0 2000000.0 2000000.0 2000000.0 3000000.0 3000000.0 3000000.0 3000000.0 3000000.0 3000000.0 3000000.0 4000000.0 4000000.0 4000000.0
14 0.0 0.0 0.0 0.0 1000000.0 1000000.0 1000000.0 1000000.0 2000000.0 2000000.0 2000000.0 2000000.0 2000000.0 2000000.0 3000000.0 3000000.0 3000000.0 4000000.0 4000000.0 4000000.0
15 0.0 0.0 0.0 0.0 0.0 0.0 0.0 0.0 0.0 0.0 0.0 0.0 0.0 0.0 0.0 0.0 0.0 0.0 0.0 0.0
16 0.0 0.0 0.0 0.0 0.0 0.0 0.0 0.0 0.0 0.0 0.0 0.0 0.0 0.0 0.0 0.0 0.0 0.0 0.0 0.0
17 1000000.0 1000000.0 1000000.0 2000000.0 2000000.0 2000000.0 2000000.0 2000000.0 2000000.0 2000000.0 2000000.0 3000000.0 3000000.0 3000000.0 3000000.0 3000000.0 3000000.0 3000000.0 4000000.0 4000000.0
18 0.0 0.0 0.0 1000000.0 1000000.0 1000000.0 1000000.0 1000000.0 1000000.0 2000000.0 2000000.0 2000000.0 2000000.0 2000000.0 3000000.0 3000000.0 3000000.0 3000000.0 3000000.0 3000000.0
19 0.0 6000000.0 6000000.0 4.1E7 5.8E7 6.5E7 6.6E7 6.8E7 7.5E7 1.27E8 1.28E8 1.29E8 1.31E8 1.31E8 1.32E8 1.32E8 1.4E8 1.4E8 1.46E8 1.46E8
20 0.0 0.0 0.0 0.0 0.0 0.0 0.0 0.0 0.0 0.0 0.0 0.0 0.0 1000000.0 1000000.0 1000000.0 1000000.0 1000000.0 1000000.0 2000000.0
21 0.0 0.0 0.0 0.0 0.0 0.0 0.0 2000000.0 2000000.0 2000000.0 2000000.0 2000000.0 2000000.0 2000000.0 2000000.0 2000000.0 2000000.0 2000000.0 2000000.0 2000000.0
22 0.0 0.0 0.0 0.0 0.0 0.0 0.0 0.0 0.0 0.0 0.0 0.0 0.0 0.0 1000000.0 1000000.0 2000000.0 2000000.0 2000000.0 2000000.0
23 5000000.0 1.3E7 3.1E7 4.6E7 6.3E7 6.4E7 7.1E7 7.9E7 1.15E8 1.25E8 1.41E8 1.42E8 1.42E8 1.81E8 1.84E8 1.85E8 1.85E8 2.07E8 2.38E8 2.41E8
24 1.0E7 1.0E7 1.1E7 1.2E7 6.4E7 6.6E7 7.1E7 9.8E7 1.17E8 1.31E8 1.31E8 1.31E8 1.31E8 1.81E8 1.87E8 1.92E8 1.92E8 2.07E8 2.37E8 2.38E8
25 0.0 0.0 0.0 0.0 1000000.0 1000000.0 1000000.0 1000000.0 1000000.0 2000000.0 2000000.0 2000000.0 2000000.0 3000000.0 3000000.0 4000000.0 4000000.0 4000000.0 4000000.0 4000000.0
26 1.0E7 1.2E7 3.3E7 4.9E7 6.5E7 6.6E7 7.4E7 7.5E7 1.18E8 1.33E8 1.33E8 1.33E8 1.46E8 1.83E8 1.87E8 1.87E8 1.87E8 1.87E8 1.87E8 1.87E8
27 8000000.0 1.3E7 1.3E7 2.1E7 6.5E7 6.7E7 6.9E7 8.4E7 8.5E7 1.33E8 1.43E8 1.43E8 1.48E8 1.81E8 1.85E8 1.85E8 1.85E8 1.85E8 1.85E8 1.85E8
28 9000000.0 1.1E7 3.1E7 4.7E7 5.9E7 6.4E7 6.5E7 8.0E7 1.16E8 1.36E8 1.39E8 1.39E8 1.39E8 1.39E8 1.4E8 1.4E8 1.4E8 1.45E8 2.38E8 2.45E8
29 1000000.0 1.2E7 3.3E7 4.9E7 6.4E7 6.6E7 6.6E7 6.6E7 6.6E7 6.6E7 6.6E7 6.6E7 6.7E7 1.81E8 1.89E8 1.9E8 1.9E8 2.05E8 2.37E8 2.44E8
30 6000000.0 1.2E7 2.8E7 4.7E7 5.5E7 5.5E7 7.7E7 9.7E7 1.16E8 1.36E8 1.43E8 1.45E8 1.45E8 1.82E8 1.9E8 1.92E8 1.93E8 1.93E8 1.93E8 2.44E8
31 8000000.0 1.4E7 3.2E7 4.8E7 5.8E7 5.8E7 5.9E7 6.0E7 1.14E8 1.33E8 1.38E8 1.39E8 1.39E8 1.78E8 1.84E8 1.84E8 1.84E8 1.85E8 2.34E8 2.38E8
32 3000000.0 4000000.0 3.2E7 4.0E7 4.0E7 4.1E7 4.2E7 4.4E7 1.17E8 1.37E8 1.43E8 1.44E8 1.45E8 1.8E8 1.89E8 1.9E8 1.9E8 2.01E8 2.38E8 2.45E8
33 1000000.0 1.3E7 3.3E7 4.9E7 5.4E7 5.5E7 5.5E7 5.7E7 1.17E8 1.37E8 1.43E8 1.43E8 1.44E8 1.44E8 1.45E8 1.45E8 1.46E8 1.46E8 1.46E8 1.46E8
34 8000000.0 1.1E7 3.2E7 4.6E7 6.2E7 6.2E7 6.5E7 6.5E7 1.17E8 1.35E8 1.41E8 1.43E8 1.44E8 1.8E8 1.84E8 1.84E8 1.84E8 1.84E8 2.33E8 2.44E8
35 0.0 0.0 1000000.0 1000000.0 2000000.0 2000000.0 2000000.0 2000000.0 3000000.0 3000000.0 4000000.0 4000000.0 5000000.0 5000000.0 5000000.0 5000000.0 5000000.0 5000000.0 5000000.0 5000000.0
36 4000000.0 1.6E7 3.3E7 4.9E7 5.4E7 5.5E7 5.5E7 5.6E7 1.17E8 1.37E8 1.43E8 1.43E8 1.44E8 1.44E8 1.45E8 1.45E8 1.46E8 1.46E8 1.47E8 1.47E8
37 0.0 0.0 1000000.0 1000000.0 1000000.0 1000000.0 1000000.0 1000000.0 1000000.0 2000000.0 2000000.0 2000000.0 2000000.0 2000000.0 2000000.0 2000000.0 2000000.0 2000000.0 2000000.0 2000000.0
38 0.0 0.0 0.0 1000000.0 1000000.0 1000000.0 1000000.0 1000000.0 1000000.0 1000000.0 1000000.0 1000000.0 2000000.0 2000000.0 2000000.0 2000000.0 3000000.0 3000000.0 3000000.0 3000000.0
39 0.0 0.0 0.0 1000000.0 1000000.0 1000000.0 1000000.0 2000000.0 2000000.0 2000000.0 2000000.0 2000000.0 2000000.0 2000000.0 2000000.0 2000000.0 2000000.0 2000000.0 2000000.0 2000000.0
40 1000000.0 1000000.0 3.3E7 3.7E7 5.0E7 5.0E7 7.7E7 8.9E7 1.18E8 1.38E8 1.45E8 1.45E8 1.45E8 1.83E8 1.91E8 1.94E8 1.97E8 2.03E8 2.38E8 2.45E8
41 8000000.0 1.1E7 3.1E7 3.1E7 3.1E7 3.1E7 3.1E7 3.6E7 1.17E8 1.36E8 1.37E8 1.37E8 1.47E8 1.82E8 1.85E8 1.85E8 1.85E8 2.08E8 2.39E8 2.46E8
42 0.0 0.0 0.0 0.0 0.0 0.0 0.0 0.0 0.0 0.0 1000000.0 1000000.0 1000000.0 1000000.0 1000000.0 1000000.0 3000000.0 3000000.0 3000000.0 3000000.0
43 2000000.0 3000000.0 3.2E7 3.6E7 4.9E7 4.9E7 7.6E7 8.5E7 1.17E8 1.37E8 1.43E8 1.44E8 1.44E8 1.83E8 1.91E8 1.94E8 1.95E8 2.01E8 2.38E8 2.41E8
44 9000000.0 9000000.0 1.0E7 3.5E7 6.0E7 6.5E7 7.6E7 8.3E7 1.16E8 1.36E8 1.43E8 1.43E8 1.44E8 1.8E8 1.88E8 1.9E8 1.9E8 1.91E8 2.37E8 2.43E8
45 1000000.0 2000000.0 2000000.0 3000000.0 6.5E7 6.7E7 6.8E7 8.2E7 1.17E8 1.37E8 1.44E8 1.45E8 1.47E8 1.83E8 1.89E8 1.93E8 1.94E8 2.12E8 2.38E8 2.41E8
46 1.0E7 1.2E7 2.0E7 4.9E7 6.3E7 6.7E7 6.7E7 6.8E7 1.18E8 1.38E8 1.44E8 1.44E8 1.44E8 1.84E8 1.88E8 1.89E8 1.89E8 1.89E8 2.4E8 2.41E8
47 9000000.0 1.2E7 3.2E7 4.7E7 6.3E7 6.6E7 7.4E7 8.1E7 1.17E8 1.37E8 1.43E8 1.44E8 1.44E8 1.83E8 1.91E8 1.92E8 1.92E8 1.92E8 2.39E8 2.46E8
48 0.0 0.0 0.0 0.0 1000000.0 1000000.0 1000000.0 1000000.0 1000000.0 1000000.0 1000000.0 1000000.0 1000000.0 2000000.0 2000000.0 2000000.0 2000000.0 2000000.0 2000000.0 2000000.0
49 1000000.0 1.4E7 3.3E7 4.8E7 6.4E7 6.5E7 7.0E7 8.5E7 1.17E8 1.37E8 1.37E8 1.38E8 1.38E8 1.83E8 1.91E8 1.93E8 1.93E8 1.93E8 2.39E8 2.46E8
50 0.0 1000000.0 1000000.0 1000000.0 2000000.0 2000000.0 3000000.0 3000000.0 3000000.0 3000000.0 3000000.0 3000000.0 4000000.0 4000000.0 4000000.0 4000000.0 4000000.0 4000000.0 4000000.0 4000000.0
51 0.0 0.0 0.0 0.0 1000000.0 1000000.0 2000000.0 2000000.0 2000000.0 2000000.0 2000000.0 2000000.0 3000000.0 3000000.0 3000000.0 4000000.0 4000000.0 4000000.0 4000000.0 4000000.0
52 9000000.0 1.1E7 3.2E7 4.8E7 6.4E7 6.6E7 6.7E7 8.5E7 1.17E8 1.37E8 1.44E8 1.45E8 1.46E8 1.83E8 1.91E8 1.95E8 1.95E8 1.96E8 2.39E8 2.43E8
53 1000000.0 1000000.0 1000000.0 1000000.0 3000000.0 3000000.0 3000000.0 3000000.0 3000000.0 3000000.0 3000000.0 5000000.0 5000000.0 5000000.0 6000000.0 6000000.0 6000000.0 6000000.0 6000000.0 6000000.0
54 4000000.0 7000000.0 3.3E7 4.7E7 6.5E7 6.6E7 6.7E7 6.8E7 1.18E8 1.27E8 1.27E8 1.45E8 1.46E8 1.82E8 1.84E8 1.85E8 1.85E8 2.05E8 2.38E8 2.39E8
55 1.0E7 1.2E7 1.2E7 4.9E7 6.5E7 6.7E7 7.0E7 7.0E7 1.16E8 1.36E8 1.43E8 1.43E8 1.43E8 1.8E8 1.88E8 1.92E8 1.92E8 1.95E8 2.35E8 2.4E8
56 1.0E7 1.6E7 3.3E7 4.9E7 6.4E7 6.6E7 6.7E7 6.7E7 6.7E7 6.7E7 1.44E8 1.44E8 1.44E8 1.77E8 1.89E8 1.93E8 1.93E8 1.93E8 2.34E8 2.34E8
57 4000000.0 1.2E7 3.3E7 4.3E7 4.3E7 6.8E7 6.9E7 8.6E7 1.17E8 1.37E8 1.43E8 1.44E8 1.51E8 1.83E8 1.91E8 1.93E8 1.93E8 2.1E8 2.39E8 2.4E8
58 0.0 0.0 0.0 0.0 0.0 0.0 0.0 0.0 0.0 0.0 1000000.0 1000000.0 1000000.0 1000000.0 1000000.0 1000000.0 2000000.0 2000000.0 3000000.0 3000000.0
59 8000000.0 1.5E7 3.3E7 4.9E7 6.5E7 6.7E7 6.8E7 8.2E7 1.18E8 1.37E8 1.45E8 1.45E8 1.46E8 1.84E8 1.91E8 1.93E8 1.94E8 2.07E8 2.41E8 2.46E8
60 0.0 0.0 0.0 1000000.0 1000000.0 2000000.0 2000000.0 2000000.0 2000000.0 2000000.0 2000000.0 2000000.0 2000000.0 3000000.0 3000000.0 3000000.0 3000000.0 3000000.0 3000000.0 3000000.0
61 1000000.0 1000000.0 1000000.0 1000000.0 1000000.0 1000000.0 1000000.0 1000000.0 1000000.0 1000000.0 1000000.0 1000000.0 1000000.0 1000000.0 1000000.0 1000000.0 1000000.0 1000000.0 1000000.0 1000000.0
62 1.0E7 1.2E7 3.3E7 4.7E7 6.0E7 6.0E7 6.1E7 6.8E7 1.18E8 1.36E8 1.38E8 1.45E8 1.48E8 1.83E8 1.9E8 1.9E8 1.9E8 1.9E8 2.34E8 2.42E8
63 9000000.0 9000000.0 1.0E7 3.5E7 3.5E7 6.6E7 7.7E7 8.5E7 1.18E8 1.37E8 1.44E8 1.44E8 1.45E8 1.83E8 1.91E8 1.93E8 1.93E8 1.94E8 2.4E8 2.46E8
64 8000000.0 8000000.0 8000000.0 4.8E7 5.7E7 5.7E7 5.7E7 6.0E7 1.18E8 1.38E8 1.4E8 1.4E8 1.4E8 1.84E8 1.92E8 1.94E8 1.95E8 2.09E8 2.38E8 2.43E8
65 1.0E7 1.3E7 3.3E7 4.9E7 6.5E7 6.7E7 7.7E7 8.3E7 1.18E8 1.37E8 1.44E8 1.45E8 1.48E8 1.83E8 1.91E8 1.93E8 1.93E8 1.93E8 1.94E8 2.01E8
66 8000000.0 1.2E7 1.2E7 4.2E7 6.5E7 6.7E7 8.1E7 8.9E7 1.17E8 1.37E8 1.44E8 1.45E8 1.47E8 1.81E8 1.89E8 1.9E8 1.9E8 1.9E8 2.38E8 2.43E8
67 8000000.0 9000000.0 9000000.0 4.1E7 6.3E7 6.3E7 6.3E7 6.6E7 6.7E7 1.38E8 1.4E8 1.4E8 1.52E8 1.83E8 1.89E8 1.89E8 1.9E8 1.9E8 1.91E8 1.91E8
68 0.0 0.0 0.0 0.0 0.0 0.0 0.0 0.0 0.0 1000000.0 1000000.0 1000000.0 1000000.0 1000000.0 1000000.0 2000000.0 2000000.0 2000000.0 2000000.0 3000000.0
69 9000000.0 1.3E7 3.1E7 4.7E7 6.3E7 6.4E7 6.5E7 6.5E7 1.16E8 1.29E8 1.42E8 1.43E8 1.45E8 1.78E8 1.85E8 1.86E8 1.86E8 1.86E8 2.33E8 2.35E8
70 1.0E7 1.2E7 1.2E7 4.9E7 4.9E7 4.9E7 5.0E7 8.3E7 1.17E8 1.37E8 1.44E8 1.46E8 1.46E8 1.83E8 1.89E8 1.89E8 1.89E8 1.97E8 1.98E8 1.98E8
71 8000000.0 1.4E7 2.0E7 4.9E7 6.5E7 6.7E7 6.9E7 8.5E7 1.17E8 1.37E8 1.44E8 1.44E8 1.49E8 1.8E8 1.82E8 1.83E8 1.83E8 2.06E8 2.35E8 2.35E8
72 0.0 0.0 0.0 0.0 0.0 0.0 0.0 2000000.0 2000000.0 4000000.0 4000000.0 4000000.0 4000000.0 4000000.0 4000000.0 4000000.0 4000000.0 4000000.0 4000000.0 4000000.0
73 6000000.0 1.4E7 3.3E7 4.9E7 6.5E7 6.6E7 7.7E7 8.5E7 1.17E8 1.37E8 1.44E8 1.45E8 1.45E8 1.83E8 1.91E8 1.93E8 1.93E8 1.94E8 2.31E8 2.46E8
74 0.0 0.0 0.0 0.0 0.0 1000000.0 1000000.0 1000000.0 2000000.0 2000000.0 2000000.0 2000000.0 2000000.0 2000000.0 2000000.0 2000000.0 2000000.0 3000000.0 3000000.0 3000000.0
75 1000000.0 1.3E7 3.3E7 4.9E7 6.5E7 6.7E7 7.7E7 8.3E7 1.17E8 1.37E8 1.44E8 1.45E8 1.48E8 1.83E8 1.85E8 1.85E8 1.85E8 1.85E8 2.4E8 2.4E8
76 0.0 0.0 0.0 0.0 0.0 0.0 0.0 0.0 0.0 0.0 0.0 0.0 0.0 0.0 0.0 0.0 0.0 0.0 0.0 0.0
77 3000000.0 1.4E7 3.3E7 4.7E7 6.3E7 6.5E7 7.5E7 8.1E7 1.16E8 1.36E8 1.42E8 1.43E8 1.46E8 1.81E8 1.89E8 1.9E8 1.91E8 1.91E8 2.38E8 2.45E8
78 0.0 0.0 0.0 0.0 0.0 0.0 0.0 0.0 0.0 0.0 0.0 0.0 0.0 0.0 0.0 0.0 0.0 0.0 0.0 0.0
79 2000000.0 2000000.0 2000000.0 3000000.0 3000000.0 3000000.0 3000000.0 3000000.0 3000000.0 3000000.0 3000000.0 3000000.0 3000000.0 3000000.0 3000000.0 3000000.0 4000000.0 5000000.0 5000000.0 5000000.0
80 0.0 0.0 0.0 0.0 0.0 0.0 0.0 0.0 0.0 0.0 0.0 0.0 1000000.0 1000000.0 1000000.0 1000000.0 1000000.0 1000000.0 1000000.0 1000000.0
81 0.0 0.0 0.0 0.0 0.0 0.0 0.0 0.0 0.0 0.0 0.0 0.0 0.0 0.0 0.0 0.0 0.0 0.0 0.0 0.0
82 1.0E7 1.3E7 3.3E7 4.9E7 5.6E7 5.6E7 5.6E7 5.9E7 5.9E7 1.36E8 1.37E8 1.37E8 1.37E8 1.37E8 1.37E8 1.37E8 1.37E8 1.37E8 2.35E8 2.37E8
83 0.0 1000000.0 1000000.0 1000000.0 2000000.0 3000000.0 3000000.0 4000000.0 4000000.0 4000000.0 5000000.0 5000000.0 5000000.0 5000000.0 5000000.0 5000000.0 5000000.0 5000000.0 5000000.0 5000000.0
84 8000000.0 1.6E7 3.2E7 4.9E7 5.7E7 5.7E7 8.1E7 8.2E7 1.17E8 1.37E8 1.39E8 1.41E8 1.41E8 1.41E8 1.9E8 1.91E8 1.91E8 2.12E8 2.39E8 2.46E8
85 8000000.0 1.2E7 3.3E7 4.3E7 6.5E7 6.7E7 7.0E7 9.9E7 1.18E8 1.38E8 1.45E8 1.45E8 1.45E8 1.45E8 1.46E8 1.48E8 1.48E8 1.48E8 2.4E8 2.47E8
86 8000000.0 1.4E7 2.0E7 4.8E7 6.3E7 6.5E7 6.7E7 8.3E7 1.16E8 1.36E8 1.42E8 1.42E8 1.42E8 1.43E8 1.44E8 1.44E8 1.44E8 1.44E8 1.44E8 1.44E8
87 0.0 0.0 0.0 0.0 0.0 0.0 0.0 1000000.0 1000000.0 1000000.0 1000000.0 1000000.0 1000000.0 1000000.0 1000000.0 1000000.0 1000000.0 1000000.0 1000000.0 1000000.0
88 9000000.0 1.4E7 3.3E7 4.9E7 6.4E7 6.6E7 7.3E7 9.8E7 1.17E8 1.37E8 1.44E8 1.44E8 1.47E8 1.82E8 1.88E8 1.92E8 1.93E8 1.93E8 2.39E8 2.46E8
89 9000000.0 1.4E7 3.3E7 4.9E7 6.5E7 6.7E7 6.9E7 9.9E7 1.18E8 1.36E8 1.43E8 1.45E8 1.46E8 1.82E8 1.9E8 1.92E8 1.92E8 2.08E8 2.39E8 2.4E8
90 0.0 0.0 0.0 0.0 0.0 0.0 0.0 0.0 0.0 1000000.0 1000000.0 1000000.0 1000000.0 1000000.0 1000000.0 1000000.0 1000000.0 1000000.0 1000000.0 1000000.0
91 1.0E7 1.2E7 1.2E7 4.1E7 4.1E7 4.2E7 4.8E7 8.0E7 1.14E8 1.28E8 1.28E8 1.29E8 1.29E8 1.29E8 1.29E8 1.29E8 1.29E8 1.29E8 1.29E8 1.29E8
92 0.0 0.0 0.0 0.0 0.0 0.0 0.0 0.0 0.0 0.0 0.0 0.0 0.0 1000000.0 1000000.0 1000000.0 1000000.0 1000000.0 1000000.0 1000000.0
93 1000000.0 1000000.0 2000000.0 2000000.0 2000000.0 3000000.0 3000000.0 3000000.0 3000000.0 3000000.0 3000000.0 3000000.0 4000000.0 4000000.0 4000000.0 4000000.0 4000000.0 4000000.0 4000000.0 4000000.0
94 9000000.0 1.6E7 1.9E7 4.9E7 6.5E7 6.9E7 7.1E7 8.9E7 1.18E8 1.36E8 1.36E8 1.36E8 1.36E8 1.36E8 1.36E8 1.36E8 1.37E8 1.37E8 1.37E8 1.37E8
95 4000000.0 1.4E7 1.4E7 4.9E7 6.5E7 6.7E7 6.8E7 9.9E7 1.1E8 1.1E8 1.1E8 1.11E8 1.11E8 1.11E8 1.11E8 1.11E8 1.11E8 1.11E8 1.11E8 1.11E8
96 1000000.0 1000000.0 1000000.0 1000000.0 1000000.0 1000000.0 2000000.0 2000000.0 2000000.0 2000000.0 2000000.0 2000000.0 2000000.0 2000000.0 2000000.0 2000000.0 2000000.0 2000000.0 2000000.0 2000000.0
97 1.0E7 1.4E7 3.3E7 4.9E7 6.5E7 6.8E7 6.8E7 6.8E7 6.8E7 6.8E7 6.8E7 6.8E7 6.9E7 7.1E7 7.1E7 7.2E7 7.2E7 7.2E7 7.2E7 7.2E7
