0 3350
1 1982
2 4464
3 3280
4 2960
5 2675
6 762
7 1057
8 1527
9 2866
10 545
11 435
12 4370
13 4082
14 2319
15 4023
16 3449
17 976
18 676
19 1394
20 1350
21 2371
22 2488
23 3021
24 3229
25 3093
26 2433
27 2931
28 1994
29 2815
30 3280
31 4085
32 2386
33 2636
34 2411
35 2738
36 2825
37 3205
38 2585
39 3487
40 2589
41 2130
42 4114
43 3605
44 2964
45 2628
46 3218
47 3966
48 3118
49 3943
50 4117
51 3640
52 4257
53 3048
54 1892
55 3720
56 3353
57 3779
58 2783
59 5381
60 3592
61 2390
62 1495
63 3542
64 2375
65 5047
66 3276
67 1991
68 1388
69 3979
70 3167
71 4673
72 3604
73 4763
74 4499
75 4970
76 5465
77 5265
78 5058
79 3919
80 4184
81 5285
82 1441
83 5446
84 2749
85 4151
86 4107
87 5654
88 5244
89 5120
90 4186
91 2014
92 5284
93 1844
94 4161
95 2371
96 657
97 3954
