0 3350
1 1981
2 4464
3 3281
4 2960
5 2675
6 762
7 1053
8 1526
9 2866
10 545
11 435
12 4369
13 4082
14 2319
15 4023
16 3450
17 976
18 676
19 1394
20 1350
21 2371
22 2487
23 3022
24 3229
25 3092
26 2433
27 2931
28 1997
29 2814
30 3280
31 4085
32 2386
33 2635
34 2411
35 2737
36 2826
37 3204
38 2585
39 3486
40 2589
41 2130
42 4115
43 3604
44 2966
45 2628
46 3217
47 3968
48 3118
49 3944
50 4116
51 3639
52 4257
53 3048
54 1891
55 3722
56 3355
57 3779
58 2782
59 5382
60 3591
61 2390
62 1495
63 3542
64 2375
65 5047
66 3276
67 1991
68 1388
69 3980
70 3168
71 4674
72 3603
73 4763
74 4496
75 4970
76 5465
77 5265
78 5060
79 3919
80 4184
81 5287
82 1441
83 5445
84 2749
85 4152
86 4108
87 5653
88 5246
89 5118
90 4187
91 2014
92 5284
93 1845
94 4156
95 2371
96 657
97 3953
