records: 20
      Record Time
Host  UsedBuffer

  16870.0 33740.0 50610.0 67480.0 84350.0 101220.0 118090.0 134960.0 151830.0 168700.0 185570.0 202440.0 219310.0 236180.0 253050.0 269920.0 286790.0 303660.0 320530.0 337400.0
0 7000000.0 1.4E7 3.0E7 4.7E7 6.6E7 7.0E7 8.6E7 1.04E8 1.22E8 1.36E8 1.47E8 1.53E8 1.58E8 1.84E8 1.92E8 1.99E8 1.99E8 2.07E8 2.38E8 2.44E8
1 8000000.0 1.4E7 1.4E7 4.5E7 6.4E7 7.0E7 7.8E7 7.8E7 1.14E8 1.35E8 1.41E8 1.52E8 1.52E8 1.79E8 1.9E8 1.93E8 1.93E8 2.1E8 2.29E8 2.4E8
2 7000000.0 1.3E7 3.2E7 4.6E7 6.3E7 6.9E7 8.5E7 1.02E8 1.2E8 1.33E8 1.45E8 1.5E8 1.53E8 1.81E8 1.89E8 1.92E8 2.02E8 2.06E8 2.36E8 2.4E8
3 7000000.0 1.4E7 3.0E7 4.7E7 6.6E7 7.0E7 8.6E7 1.04E8 1.22E8 1.36E8 1.47E8 1.53E8 1.56E8 1.84E8 1.9E8 1.98E8 2.01E8 2.04E8 2.37E8 2.43E8
4 7000000.0 1.3E7 2.9E7 4.6E7 6.5E7 7.0E7 8.6E7 1.04E8 1.22E8 1.36E8 1.48E8 1.53E8 1.58E8 1.84E8 1.92E8 1.97E8 2.02E8 2.06E8 2.39E8 2.45E8
5 0.0 0.0 0.0 0.0 0.0 0.0 2000000.0 2000000.0 2000000.0 2000000.0 3000000.0 4000000.0 4000000.0 5000000.0 5000000.0 6000000.0 6000000.0 7000000.0 7000000.0 7000000.0
6 0.0 0.0 0.0 0.0 0.0 0.0 0.0 0.0 1000000.0 2000000.0 2000000.0 2000000.0 2000000.0 2000000.0 2000000.0 2000000.0 2000000.0 2000000.0 2000000.0 2000000.0
7 0.0 0.0 1000000.0 1000000.0 1000000.0 1000000.0 1000000.0 1000000.0 1000000.0 1000000.0 1000000.0 1000000.0 1000000.0 1000000.0 1000000.0 1000000.0 2000000.0 2000000.0 2000000.0 3000000.0
8 0.0 0.0 1000000.0 4.7E7 6.4E7 7.0E7 8.5E7 1.0E8 1.2E8 1.34E8 1.45E8 1.51E8 1.53E8 1.81E8 1.89E8 1.93E8 1.96E8 1.98E8 2.34E8 2.38E8
9 0.0 1000000.0 1000000.0 4.8E7 6.4E7 7.1E7 8.6E7 1.03E8 1.22E8 1.36E8 1.47E8 1.53E8 1.55E8 1.84E8 1.92E8 1.96E8 1.99E8 2.01E8 2.37E8 2.42E8
10 0.0 0.0 1000000.0 4.5E7 4.5E7 4.5E7 8.2E7 1.01E8 1.22E8 1.37E8 1.38E8 1.38E8 1.58E8 1.81E8 1.92E8 1.93E8 1.93E8 1.94E8 2.33E8 2.41E8
11 0.0 0.0 0.0 4.5E7 6.0E7 6.3E7 6.4E7 9.1E7 9.1E7 1.33E8 1.37E8 1.37E8 1.55E8 1.81E8 1.89E8 1.9E8 1.9E8 2.08E8 2.27E8 2.27E8
12 0.0 0.0 0.0 0.0 0.0 0.0 0.0 0.0 0.0 0.0 0.0 0.0 0.0 0.0 0.0 0.0 1000000.0 1000000.0 1000000.0 2000000.0
13 0.0 1000000.0 2000000.0 2000000.0 2000000.0 2000000.0 2000000.0 2000000.0 2000000.0 2000000.0 3000000.0 3000000.0 3000000.0 3000000.0 3000000.0 3000000.0 3000000.0 4000000.0 4000000.0 4000000.0
14 0.0 0.0 0.0 0.0 1000000.0 1000000.0 1000000.0 1000000.0 2000000.0 2000000.0 2000000.0 2000000.0 2000000.0 2000000.0 3000000.0 3000000.0 3000000.0 4000000.0 4000000.0 4000000.0
15 9000000.0 1.4E7 3.0E7 4.8E7 6.6E7 7.2E7 8.7E7 1.04E8 1.23E8 1.37E8 1.49E8 1.54E8 1.56E8 1.85E8 1.93E8 1.96E8 2.05E8 2.05E8 2.4E8 2.46E8
16 9000000.0 1.4E7 3.0E7 4.8E7 6.5E7 7.1E7 8.6E7 1.03E8 1.22E8 1.36E8 1.48E8 1.53E8 1.55E8 1.83E8 1.91E8 1.95E8 1.98E8 2.0E8 2.36E8 2.4E8
17 1000000.0 1.3E7 2.4E7 4.1E7 5.3E7 6.5E7 7.2E7 8.1E7 1.03E8 1.32E8 1.37E8 1.47E8 1.54E8 1.61E8 1.69E8 1.91E8 1.98E8 1.98E8 1.99E8 1.99E8
18 0.0 0.0 0.0 1000000.0 1000000.0 1000000.0 1000000.0 1000000.0 1000000.0 2000000.0 2000000.0 2000000.0 2000000.0 2000000.0 3000000.0 3000000.0 3000000.0 3000000.0 3000000.0 3000000.0
19 0.0 1.3E7 1.7E7 4.1E7 5.2E7 7.0E7 7.2E7 8.1E7 1.03E8 1.32E8 1.37E8 1.47E8 1.54E8 1.68E8 1.92E8 1.92E8 1.99E8 1.99E8 1.99E8 1.99E8
20 8000000.0 8000000.0 8000000.0 8000000.0 6.2E7 6.2E7 6.3E7 6.3E7 1.13E8 1.32E8 1.32E8 1.47E8 1.49E8 1.5E8 1.91E8 1.92E8 1.92E8 1.92E8 2.32E8 2.39E8
21 0.0 0.0 0.0 0.0 0.0 0.0 0.0 2000000.0 2000000.0 2000000.0 2000000.0 2000000.0 2000000.0 2000000.0 2000000.0 2000000.0 2000000.0 2000000.0 2000000.0 2000000.0
22 9000000.0 1.4E7 3.2E7 4.7E7 5.4E7 7.1E7 7.1E7 1.01E8 1.22E8 1.34E8 1.34E8 1.34E8 1.34E8 1.34E8 1.35E8 1.35E8 1.36E8 1.36E8 1.36E8 1.36E8
23 0.0 2000000.0 3000000.0 3000000.0 3000000.0 3000000.0 3000000.0 3000000.0 3000000.0 3000000.0 3000000.0 4000000.0 4000000.0 4000000.0 4000000.0 4000000.0 4000000.0 4000000.0 4000000.0 4000000.0
24 9000000.0 9000000.0 1.0E7 1.1E7 6.4E7 6.9E7 7.0E7 1.04E8 1.22E8 1.32E8 1.48E8 1.49E8 1.49E8 1.82E8 1.88E8 1.99E8 1.99E8 2.0E8 2.36E8 2.37E8
25 0.0 0.0 0.0 0.0 1000000.0 1000000.0 1000000.0 1000000.0 1000000.0 2000000.0 2000000.0 2000000.0 2000000.0 3000000.0 3000000.0 4000000.0 4000000.0 4000000.0 4000000.0 4000000.0
26 0.0 0.0 0.0 2000000.0 3000000.0 4000000.0 4000000.0 4000000.0 4000000.0 4000000.0 4000000.0 4000000.0 4000000.0 4000000.0 4000000.0 4000000.0 4000000.0 4000000.0 4000000.0 4000000.0
27 0.0 1000000.0 1000000.0 1000000.0 1000000.0 1000000.0 1000000.0 1000000.0 2000000.0 2000000.0 2000000.0 2000000.0 2000000.0 3000000.0 3000000.0 3000000.0 3000000.0 3000000.0 3000000.0 3000000.0
28 1000000.0 1000000.0 3.0E7 4.6E7 6.2E7 6.9E7 7.2E7 1.0E8 1.21E8 1.35E8 1.39E8 1.39E8 1.39E8 1.39E8 1.4E8 1.4E8 1.4E8 1.45E8 2.34E8 2.43E8
29 8000000.0 1.4E7 3.2E7 4.7E7 6.4E7 6.8E7 6.8E7 6.8E7 6.8E7 6.8E7 1.46E8 1.46E8 1.46E8 1.82E8 1.9E8 1.92E8 1.92E8 2.05E8 2.36E8 2.42E8
30 0.0 0.0 0.0 0.0 0.0 0.0 1000000.0 2000000.0 4000000.0 4000000.0 4000000.0 4000000.0 4000000.0 4000000.0 4000000.0 5000000.0 5000000.0 5000000.0 5000000.0 5000000.0
31 9000000.0 1.3E7 3.1E7 4.7E7 5.8E7 6.3E7 8.1E7 8.2E7 1.19E8 1.32E8 1.42E8 1.48E8 1.48E8 1.79E8 1.84E8 1.89E8 1.89E8 1.9E8 2.33E8 2.36E8
32 4000000.0 1.4E7 3.1E7 3.8E7 3.8E7 7.0E7 8.3E7 8.4E7 1.22E8 1.36E8 1.45E8 1.47E8 1.57E8 1.8E8 1.89E8 1.92E8 1.92E8 1.92E8 2.37E8 2.43E8
33 0.0 0.0 0.0 0.0 0.0 0.0 0.0 1000000.0 1000000.0 1000000.0 1000000.0 1000000.0 2000000.0 2000000.0 2000000.0 2000000.0 2000000.0 2000000.0 2000000.0 2000000.0
34 0.0 0.0 0.0 0.0 0.0 0.0 1000000.0 1000000.0 3000000.0 3000000.0 3000000.0 3000000.0 3000000.0 3000000.0 3000000.0 3000000.0 3000000.0 3000000.0 3000000.0 3000000.0
35 9000000.0 1.3E7 3.2E7 4.7E7 6.4E7 6.4E7 8.2E7 9.4E7 1.23E8 1.27E8 1.46E8 1.46E8 1.59E8 1.85E8 1.93E8 1.94E8 1.94E8 1.94E8 2.4E8 2.44E8
36 0.0 1000000.0 1000000.0 1000000.0 1000000.0 2000000.0 2000000.0 2000000.0 2000000.0 3000000.0 3000000.0 3000000.0 3000000.0 3000000.0 4000000.0 4000000.0 5000000.0 5000000.0 6000000.0 6000000.0
37 0.0 0.0 1000000.0 1000000.0 1000000.0 1000000.0 1000000.0 1000000.0 1000000.0 2000000.0 2000000.0 2000000.0 2000000.0 2000000.0 2000000.0 2000000.0 2000000.0 2000000.0 2000000.0 2000000.0
38 2000000.0 3000000.0 3000000.0 2.3E7 6.4E7 7.0E7 7.0E7 1.01E8 1.19E8 1.28E8 1.39E8 1.45E8 1.53E8 1.74E8 1.86E8 1.89E8 1.9E8 1.9E8 2.23E8 2.23E8
39 0.0 0.0 0.0 1000000.0 1000000.0 1000000.0 1000000.0 2000000.0 2000000.0 2000000.0 2000000.0 2000000.0 2000000.0 2000000.0 2000000.0 2000000.0 2000000.0 2000000.0 2000000.0 2000000.0
40 0.0 0.0 0.0 0.0 0.0 0.0 0.0 0.0 0.0 0.0 0.0 0.0 0.0 0.0 0.0 1000000.0 1000000.0 1000000.0 1000000.0 1000000.0
41 9000000.0 1.2E7 3.0E7 3.0E7 3.0E7 4.4E7 4.4E7 9.3E7 1.22E8 1.36E8 1.37E8 1.37E8 1.55E8 1.83E8 1.86E8 1.86E8 1.86E8 2.08E8 2.38E8 2.44E8
42 1.0E7 1.3E7 3.2E7 4.2E7 6.6E7 7.2E7 8.2E7 9.5E7 1.21E8 1.35E8 1.45E8 1.45E8 1.45E8 1.83E8 1.91E8 1.92E8 1.94E8 2.1E8 2.38E8 2.44E8
43 8000000.0 1.2E7 3.1E7 3.6E7 5.7E7 6.8E7 8.6E7 1.02E8 1.22E8 1.36E8 1.47E8 1.48E8 1.59E8 1.84E8 1.92E8 1.96E8 1.98E8 2.03E8 2.37E8 2.39E8
44 9000000.0 1.3E7 1.4E7 1.4E7 1.4E7 1.4E7 1.7E7 9.4E7 1.21E8 1.35E8 1.46E8 1.49E8 1.49E8 1.81E8 1.89E8 1.95E8 1.95E8 1.96E8 2.36E8 2.41E8
45 0.0 1000000.0 1000000.0 1000000.0 1000000.0 1000000.0 1000000.0 1000000.0 1000000.0 2000000.0 3000000.0 3000000.0 4000000.0 5000000.0 5000000.0 5000000.0 5000000.0 5000000.0 5000000.0 5000000.0
46 1.0E7 1.2E7 1.3E7 4.8E7 6.6E7 6.9E7 6.9E7 8.8E7 1.23E8 1.37E8 1.46E8 1.46E8 1.46E8 1.85E8 1.88E8 2.01E8 2.01E8 2.01E8 2.39E8 2.41E8
47 0.0 0.0 0.0 0.0 0.0 0.0 0.0 0.0 0.0 0.0 0.0 0.0 0.0 0.0 0.0 0.0 0.0 0.0 0.0 0.0
48 0.0 0.0 0.0 0.0 1000000.0 1000000.0 1000000.0 1000000.0 1000000.0 1000000.0 1000000.0 1000000.0 1000000.0 2000000.0 2000000.0 2000000.0 2000000.0 2000000.0 2000000.0 2000000.0
49 0.0 0.0 0.0 0.0 0.0 0.0 0.0 0.0 0.0 0.0 0.0 0.0 0.0 0.0 0.0 0.0 0.0 0.0 0.0 0.0
50 0.0 1000000.0 1000000.0 1000000.0 2000000.0 2000000.0 3000000.0 3000000.0 3000000.0 3000000.0 3000000.0 3000000.0 4000000.0 4000000.0 4000000.0 4000000.0 4000000.0 4000000.0 4000000.0 4000000.0
51 9000000.0 1.3E7 3.1E7 4.7E7 6.3E7 6.7E7 6.9E7 1.01E8 1.21E8 1.34E8 1.34E8 1.34E8 1.55E8 1.82E8 1.9E8 1.99E8 2.01E8 2.05E8 2.36E8 2.36E8
52 0.0 0.0 1000000.0 1000000.0 2000000.0 2000000.0 2000000.0 2000000.0 2000000.0 3000000.0 3000000.0 3000000.0 3000000.0 3000000.0 4000000.0 4000000.0 4000000.0 5000000.0 5000000.0 6000000.0
53 1000000.0 1000000.0 1000000.0 1000000.0 3000000.0 3000000.0 3000000.0 3000000.0 3000000.0 3000000.0 3000000.0 5000000.0 5000000.0 5000000.0 6000000.0 6000000.0 6000000.0 6000000.0 6000000.0 6000000.0
54 0.0 0.0 0.0 0.0 0.0 0.0 0.0 0.0 0.0 0.0 0.0 1000000.0 1000000.0 1000000.0 1000000.0 2000000.0 2000000.0 2000000.0 2000000.0 3000000.0
55 0.0 0.0 0.0 0.0 0.0 0.0 0.0 0.0 0.0 0.0 0.0 0.0 0.0 0.0 0.0 1000000.0 1000000.0 1000000.0 2000000.0 2000000.0
56 1.0E7 1.3E7 3.2E7 4.8E7 6.4E7 6.9E7 7.0E7 7.0E7 1.1E8 1.1E8 1.19E8 1.19E8 1.19E8 1.79E8 1.9E8 1.93E8 1.93E8 1.93E8 2.32E8 2.32E8
57 0.0 0.0 0.0 0.0 0.0 0.0 0.0 0.0 0.0 0.0 0.0 0.0 0.0 0.0 0.0 0.0 0.0 0.0 0.0 0.0
58 0.0 0.0 0.0 0.0 0.0 0.0 0.0 0.0 0.0 0.0 1000000.0 1000000.0 1000000.0 1000000.0 1000000.0 1000000.0 2000000.0 2000000.0 3000000.0 3000000.0
59 0.0 0.0 1000000.0 1000000.0 2000000.0 2000000.0 2000000.0 2000000.0 2000000.0 2000000.0 2000000.0 2000000.0 3000000.0 3000000.0 3000000.0 3000000.0 4000000.0 4000000.0 4000000.0 4000000.0
60 0.0 0.0 0.0 1000000.0 1000000.0 2000000.0 2000000.0 2000000.0 2000000.0 2000000.0 2000000.0 2000000.0 2000000.0 3000000.0 3000000.0 3000000.0 3000000.0 3000000.0 3000000.0 3000000.0
61 1000000.0 1000000.0 1000000.0 1000000.0 1000000.0 1000000.0 1000000.0 1000000.0 1000000.0 1000000.0 1000000.0 1000000.0 1000000.0 1000000.0 1000000.0 1000000.0 1000000.0 1000000.0 1000000.0 1000000.0
62 9000000.0 1.3E7 3.2E7 4.5E7 5.6E7 5.6E7 5.7E7 5.8E7 1.23E8 1.34E8 1.34E8 1.35E8 1.48E8 1.75E8 1.91E8 1.91E8 1.91E8 1.91E8 1.92E8 2.4E8
63 0.0 0.0 0.0 0.0 0.0 0.0 0.0 0.0 0.0 0.0 0.0 0.0 0.0 0.0 0.0 0.0 0.0 0.0 0.0 1000000.0
64 7000000.0 7000000.0 7000000.0 4.8E7 5.1E7 7.1E7 7.1E7 1.02E8 1.23E8 1.37E8 1.38E8 1.52E8 1.52E8 1.85E8 1.93E8 2.0E8 2.01E8 2.02E8 2.38E8 2.41E8
65 1.0E7 1.3E7 3.2E7 4.8E7 6.5E7 6.9E7 8.3E7 1.03E8 1.23E8 1.36E8 1.45E8 1.53E8 1.53E8 1.84E8 1.92E8 1.98E8 1.98E8 1.98E8 1.99E8 2.0E8
66 0.0 0.0 0.0 0.0 0.0 0.0 0.0 0.0 0.0 0.0 0.0 1000000.0 2000000.0 2000000.0 2000000.0 2000000.0 2000000.0 2000000.0 2000000.0 2000000.0
67 0.0 1000000.0 1000000.0 1000000.0 1000000.0 1000000.0 1000000.0 1000000.0 2000000.0 2000000.0 2000000.0 2000000.0 2000000.0 2000000.0 2000000.0 2000000.0 3000000.0 3000000.0 4000000.0 4000000.0
68 0.0 0.0 0.0 0.0 0.0 0.0 0.0 0.0 0.0 1000000.0 1000000.0 1000000.0 1000000.0 1000000.0 1000000.0 2000000.0 2000000.0 2000000.0 2000000.0 3000000.0
69 0.0 0.0 0.0 0.0 0.0 0.0 1000000.0 1000000.0 1000000.0 1000000.0 1000000.0 1000000.0 1000000.0 1000000.0 2000000.0 2000000.0 2000000.0 2000000.0 2000000.0 2000000.0
70 1.0E7 1.3E7 1.3E7 4.8E7 4.8E7 6.9E7 8.3E7 9.5E7 1.22E8 1.36E8 1.47E8 1.51E8 1.51E8 1.84E8 1.9E8 1.9E8 1.9E8 2.05E8 2.06E8 2.06E8
71 0.0 0.0 0.0 0.0 0.0 0.0 0.0 0.0 0.0 0.0 0.0 0.0 1000000.0 1000000.0 1000000.0 1000000.0 1000000.0 1000000.0 2000000.0 2000000.0
72 9000000.0 1.3E7 1.4E7 4.7E7 6.5E7 7.0E7 8.3E7 1.02E8 1.2E8 1.34E8 1.45E8 1.45E8 1.58E8 1.82E8 1.83E8 1.83E8 1.83E8 2.03E8 2.27E8 2.27E8
73 0.0 0.0 0.0 0.0 0.0 0.0 1000000.0 1000000.0 1000000.0 1000000.0 1000000.0 1000000.0 1000000.0 1000000.0 1000000.0 1000000.0 1000000.0 2000000.0 2000000.0 2000000.0
74 9000000.0 9000000.0 3.2E7 4.8E7 6.4E7 6.9E7 8.0E7 8.8E7 1.21E8 1.35E8 1.39E8 1.5E8 1.5E8 1.5E8 1.91E8 1.91E8 1.91E8 1.92E8 1.92E8 1.92E8
75 8000000.0 1.4E7 3.2E7 4.8E7 6.5E7 6.9E7 8.3E7 1.03E8 1.22E8 1.36E8 1.45E8 1.53E8 1.53E8 1.84E8 1.85E8 1.85E8 1.85E8 1.85E8 2.39E8 2.39E8
76 0.0 0.0 0.0 0.0 0.0 0.0 0.0 0.0 0.0 0.0 0.0 0.0 0.0 0.0 0.0 0.0 0.0 0.0 0.0 0.0
77 1000000.0 1000000.0 1000000.0 1000000.0 1000000.0 1000000.0 1000000.0 1000000.0 2000000.0 2000000.0 2000000.0 2000000.0 2000000.0 2000000.0 2000000.0 2000000.0 2000000.0 2000000.0 2000000.0 2000000.0
78 1.0E7 1.3E7 3.2E7 4.8E7 6.5E7 6.9E7 8.2E7 1.03E8 1.23E8 1.36E8 1.45E8 1.45E8 1.58E8 1.8E8 1.87E8 1.87E8 1.87E8 1.87E8 1.87E8 1.87E8
79 1.0E7 1.3E7 1.3E7 4.7E7 6.5E7 6.8E7 8.3E7 1.01E8 1.22E8 1.36E8 1.37E8 1.53E8 1.53E8 1.84E8 1.92E8 1.99E8 2.0E8 2.11E8 2.39E8 2.45E8
80 0.0 0.0 0.0 0.0 0.0 0.0 0.0 0.0 0.0 0.0 0.0 0.0 1000000.0 1000000.0 1000000.0 1000000.0 1000000.0 1000000.0 1000000.0 1000000.0
81 0.0 0.0 0.0 0.0 0.0 0.0 0.0 0.0 0.0 0.0 0.0 0.0 0.0 0.0 0.0 0.0 0.0 0.0 0.0 0.0
82 0.0 1000000.0 1000000.0 1000000.0 1000000.0 1000000.0 1000000.0 2000000.0 2000000.0 2000000.0 3000000.0 3000000.0 3000000.0 3000000.0 3000000.0 3000000.0 3000000.0 3000000.0 3000000.0 3000000.0
83 9000000.0 1.4E7 3.2E7 4.8E7 6.5E7 7.0E7 8.7E7 1.03E8 1.23E8 1.37E8 1.47E8 1.54E8 1.54E8 1.54E8 1.93E8 1.93E8 1.93E8 1.93E8 2.29E8 2.29E8
84 0.0 0.0 0.0 0.0 0.0 0.0 0.0 0.0 0.0 0.0 0.0 1000000.0 1000000.0 1000000.0 1000000.0 1000000.0 1000000.0 2000000.0 2000000.0 3000000.0
85 9000000.0 1.4E7 3.2E7 4.8E7 6.5E7 7.1E7 8.7E7 1.05E8 1.23E8 1.37E8 1.47E8 1.47E8 1.47E8 1.47E8 1.48E8 2.0E8 2.0E8 2.0E8 2.37E8 2.45E8
86 8000000.0 8000000.0 9000000.0 4.7E7 6.3E7 6.7E7 7.1E7 1.0E8 1.21E8 1.35E8 1.42E8 1.42E8 1.42E8 1.43E8 1.44E8 1.44E8 1.44E8 1.44E8 1.44E8 1.44E8
87 0.0 0.0 0.0 0.0 0.0 0.0 0.0 1000000.0 1000000.0 1000000.0 1000000.0 1000000.0 1000000.0 1000000.0 1000000.0 1000000.0 1000000.0 1000000.0 1000000.0 1000000.0
88 9000000.0 1.3E7 3.2E7 4.8E7 6.4E7 7.0E7 8.3E7 1.04E8 1.22E8 1.36E8 1.47E8 1.47E8 1.58E8 1.83E8 1.91E8 1.94E8 2.01E8 2.01E8 2.38E8 2.44E8
89 1.0E7 1.3E7 3.2E7 4.8E7 6.5E7 7.1E7 8.2E7 1.05E8 1.22E8 1.33E8 1.46E8 1.52E8 1.53E8 1.82E8 1.91E8 2.0E8 2.0E8 2.07E8 2.38E8 2.39E8
90 0.0 0.0 0.0 0.0 0.0 0.0 0.0 0.0 0.0 1000000.0 1000000.0 1000000.0 1000000.0 1000000.0 1000000.0 1000000.0 1000000.0 1000000.0 1000000.0 1000000.0
91 1000000.0 1000000.0 1000000.0 1000000.0 1000000.0 2000000.0 2000000.0 2000000.0 2000000.0 3000000.0 3000000.0 4000000.0 4000000.0 4000000.0 4000000.0 4000000.0 4000000.0 4000000.0 4000000.0 4000000.0
92 9000000.0 1.4E7 1.4E7 4.8E7 6.5E7 6.9E7 7.3E7 1.02E8 1.21E8 1.31E8 1.43E8 1.46E8 1.47E8 1.81E8 1.88E8 1.98E8 1.99E8 2.02E8 2.35E8 2.38E8
93 2000000.0 2000000.0 3.1E7 4.7E7 4.7E7 5.3E7 8.3E7 8.3E7 1.21E8 1.23E8 1.23E8 1.23E8 1.24E8 1.24E8 1.24E8 1.24E8 1.24E8 1.24E8 1.24E8 1.24E8
94 9000000.0 9000000.0 9000000.0 4.8E7 6.5E7 7.0E7 8.2E7 9.8E7 1.23E8 1.35E8 1.35E8 1.35E8 1.35E8 1.35E8 1.35E8 1.35E8 1.36E8 1.36E8 1.36E8 1.36E8
95 9000000.0 1.3E7 1.3E7 4.8E7 6.5E7 6.9E7 7.0E7 1.05E8 1.17E8 1.17E8 1.17E8 1.18E8 1.18E8 1.18E8 1.18E8 1.18E8 1.18E8 1.18E8 1.18E8 1.18E8
96 1.0E7 1.4E7 1.4E7 1.4E7 6.6E7 7.1E7 7.3E7 7.3E7 7.3E7 7.3E7 1.37E8 1.47E8 1.47E8 1.82E8 1.9E8 1.92E8 1.92E8 1.92E8 2.35E8 2.43E8
97 9000000.0 1.3E7 3.2E7 4.8E7 6.5E7 6.9E7 6.9E7 6.9E7 6.9E7 6.9E7 6.9E7 6.9E7 7.0E7 7.2E7 7.2E7 7.3E7 7.3E7 7.3E7 7.3E7 7.3E7
