records: 20
      Record Time
Host  UsedBuffer

  49376.0 98752.0 148128.0 197504.0 246880.0 296256.0 345632.0 395008.0 444384.0 493760.0 543136.0 592512.0 641888.0 691264.0 740640.0 790016.0 839392.0 888768.0 938144.0 987520.0
0 1.0E8 5.0E8 1.0E9 1.1E9 1.4E9 -2.84901888E8 1.315098112E9 1.715098112E9 9.2516352E8 1.12516352E9 1.730196224E9 1.830196224E9 -6.59738368E8 -4.59738368E8 -2.59738368E8 -2.59738368E8 -2.59738368E8 -2.59738368E8 -1.59738368E8 -5.9738368E7
1 0.0 0.0 1.0E8 1.0E8 1.0E8 1.0E8 2.0E8 3.0E8 4.0E8 4.0E8 4.0E8 5.0E8 6.0E8 7.0E8 7.0E8 7.0E8 9.0E8 9.0E8 1.3E9 1.4E9
2 8.0E8 9.0E8 1.7E9 -1.894967296E9 -1.294967296E9 -1.684901888E9 4.15098112E8 1.615098112E9 2.2516352E8 3.2516352E8 -3.64771072E8 -6.4771072E7 -9.59738368E8 -9.59738368E8 -8.59738368E8 -8.59738368E8 -5.59738368E8 1.45032704E9 1.55032704E9 -5.44640256E8
3 1.0E8 1.0E8 1.0E9 1.1E9 1.3E9 -6.84901888E8 9.15098112E8 1.215098112E9 6.2516352E8 8.2516352E8 1.430196224E9 1.630196224E9 -9.59738368E8 -8.59738368E8 -7.59738368E8 -6.59738368E8 -5.59738368E8 -5.59738368E8 -5.59738368E8 -5.59738368E8
4 2.0E8 2.0E8 2.0E9 2.1E9 -1.794967296E9 -1.84901888E8 2.15098112E8 3.15098112E8 -7.7483648E8 -6.7483648E8 -7.64771072E8 -6.64771072E8 1.40261632E8 2.40261632E8 4.40261632E8 5.40261632E8 5.40261632E8 5.5032704E8 7.5032704E8 9.5032704E8
5 1.0E8 3.0E8 4.0E8 5.0E8 6.0E8 7.0E8 7.0E8 7.0E8 8.0E8 8.0E8 8.0E8 8.0E8 1.0E9 1.2E9 1.3E9 1.3E9 1.4E9 1.7E9 1.7E9 1.8E9
6 1.0E8 3.0E8 4.0E8 5.0E8 5.0E8 6.0E8 7.0E8 8.0E8 8.0E8 1.0E9 1.3E9 1.5E9 1.6E9 1.6E9 1.6E9 1.8E9 1.8E9 1.9E9 1.9E9 1.9E9
7 1.0E8 3.0E8 4.0E8 4.0E8 5.0E8 6.0E8 8.0E8 9.0E8 9.0E8 1.2E9 1.2E9 1.2E9 1.3E9 1.4E9 1.4E9 1.5E9 1.6E9 1.6E9 1.8E9 1.8E9
8 0.0 1.0E8 2.0E8 2.0E8 2.0E8 3.0E8 4.0E8 6.0E8 6.0E8 7.0E8 7.0E8 8.0E8 9.0E8 9.0E8 9.0E8 1.0E9 1.3E9 1.4E9 1.4E9 1.5E9
9 0.0 1.0E8 1.0E8 2.0E8 2.0E8 3.0E8 3.0E8 3.0E8 4.0E8 4.0E8 5.0E8 5.0E8 7.0E8 7.0E8 7.0E8 7.0E8 7.0E8 8.0E8 8.0E8 9.0E8
10 3.0E8 5.0E8 1.6E9 1.6E9 1.8E9 -1.784901888E9 -1.584901888E9 1.915098112E9 1.2516352E8 1.2516352E8 -6.64771072E8 -6.64771072E8 -2.59738368E8 -1.59738368E8 -5.9738368E7 -5.9738368E7 2.40261632E8 1.345294336E9 1.445294336E9 1.545294336E9
11 0.0 2.0E8 2.0E8 2.0E8 2.0E8 2.0E8 3.0E8 6.0E8 9.0E8 1.2E9 1.3E9 1.5E9 1.5E9 1.5E9 1.6E9 1.7E9 1.8E9 1.8E9 1.8E9 1.8E9
12 0.0 1.0E8 1.0E8 1.0E8 1.0E8 1.0E8 2.0E8 3.0E8 4.0E8 4.0E8 4.0E8 6.0E8 8.0E8 9.0E8 9.0E8 1.2E9 1.3E9 1.3E9 1.4E9 1.5E9
13 1.0E8 1.0E8 2.0E8 3.0E8 3.0E8 3.0E8 3.0E8 4.0E8 4.0E8 4.0E8 4.0E8 4.0E8 4.0E8 4.0E8 4.0E8 5.0E8 6.0E8 7.0E8 1.2E9 1.4E9
14 1.0E8 2.0E8 2.0E8 3.0E8 4.0E8 4.0E8 5.0E8 6.0E8 6.0E8 8.0E8 9.0E8 9.0E8 1.0E9 1.1E9 1.2E9 1.4E9 1.4E9 1.6E9 1.6E9 1.7E9
15 2.0E8 2.0E8 2.0E8 2.0E8 2.0E8 4.0E8 6.0E8 7.0E8 9.0E8 9.0E8 9.0E8 1.0E9 1.1E9 1.1E9 1.1E9 1.1E9 1.1E9 1.1E9 1.1E9 1.1E9
16 1.0E8 1.0E8 1.0E8 1.0E8 1.0E8 1.0E8 3.0E8 5.0E8 6.0E8 6.0E8 7.0E8 8.0E8 1.0E9 1.1E9 1.4E9 1.6E9 1.8E9 2.0E9 -1.994967296E9 -1.894967296E9
17 2.0E8 1.5E9 -1.194967296E9 -1.094967296E9 -6.94967296E8 -1.84901888E8 8.15098112E8 1.015098112E9 -2.7483648E8 -2.7483648E8 1.830196224E9 1.830196224E9 6.40261632E8 8.40261632E8 -2.054705664E9 -1.854705664E9 -1.854705664E9 1.85032704E9 -1.644640256E9 -3.44640256E8
18 4.0E8 7.0E8 -1.594967296E9 -1.494967296E9 -1.194967296E9 -1.484901888E9 1.415098112E9 1.915098112E9 -2.7483648E8 2.516352E7 2.030196224E9 2.030196224E9 1.40261632E8 1.40261632E8 -2.054705664E9 -1.954705664E9 -1.254705664E9 1.25032704E9 1.35032704E9 1.755359744E9
19 1.0E8 1.0E8 3.0E8 4.0E8 5.0E8 5.0E8 5.0E8 6.0E8 6.0E8 8.0E8 9.0E8 1.1E9 1.3E9 1.3E9 1.3E9 1.3E9 1.3E9 1.3E9 1.3E9 1.4E9
20 0.0 1.0E8 2.0E8 3.0E8 3.0E8 3.0E8 4.0E8 4.0E8 4.0E8 4.0E8 5.0E8 5.0E8 5.0E8 5.0E8 5.0E8 5.0E8 6.0E8 8.0E8 8.0E8 8.0E8
21 3.0E8 5.0E8 7.0E8 8.0E8 8.0E8 -1.084901888E9 4.15098112E8 -1.279869184E9 2.516352E7 2.516352E7 -1.064771072E9 -1.064771072E9 -1.459738368E9 -1.459738368E9 -1.359738368E9 -1.259738368E9 -1.159738368E9 -1.34967296E9 -1.04967296E9 8.55359744E8
22 2.0E8 2.0E8 3.0E8 3.0E8 6.0E8 -3.84901888E8 3.15098112E8 4.15098112E8 4.2516352E8 6.2516352E8 1.630196224E9 1.630196224E9 2.40261632E8 2.40261632E8 8.40261632E8 8.40261632E8 8.40261632E8 1.55032704E9 -2.144640256E9 -8.44640256E8
23 4.0E8 7.0E8 1.0E9 1.2E9 1.4E9 1.7E9 1.9E9 1.9E9 1.9E9 1.9E9 1.9E9 2.0E9 2.0E9 2.0E9 2.1E9 2.1E9 -2.094967296E9 -1.494967296E9 -1.394967296E9 -1.194967296E9
24 4.0E8 4.0E8 -1.294967296E9 -1.194967296E9 -1.094967296E9 -1.084901888E9 4.15098112E8 -1.379869184E9 -2.7483648E8 2.516352E7 -6.9803776E7 -6.9803776E7 -1.059738368E9 -9.59738368E8 -7.59738368E8 -7.59738368E8 -2.59738368E8 -6.4967296E8 -4.4967296E8 1.055359744E9
25 1.0E8 2.0E8 2.0E8 3.0E8 5.0E8 5.0E8 7.0E8 8.0E8 1.0E9 1.0E9 1.1E9 1.1E9 1.1E9 1.2E9 1.2E9 1.2E9 1.2E9 1.3E9 1.4E9 1.4E9
26 0.0 2.0E8 2.0E8 7.0E8 9.0E8 1.3E9 -1.389934592E9 -1.279869184E9 -7.483648E7 2.516352E7 -9.64771072E8 -9.64771072E8 -1.159738368E9 -1.159738368E9 -9.59738368E8 -7.59738368E8 -6.59738368E8 -2.59738368E8 -2.59738368E8 1.155359744E9
27 1.0E8 1.0E8 1.0E8 2.0E8 2.0E8 3.0E8 3.0E8 3.0E8 5.0E8 5.0E8 5.0E8 7.0E8 7.0E8 1.0E9 1.1E9 1.4E9 1.5E9 1.6E9 1.7E9 1.7E9
28 1.0E8 1.0E8 2.0E8 4.0E8 4.0E8 6.0E8 6.0E8 7.0E8 8.0E8 1.0E9 1.1E9 1.2E9 1.2E9 1.3E9 1.4E9 1.7E9 1.7E9 1.7E9 1.9E9 2.1E9
29 1.0E8 3.0E8 -1.094967296E9 -1.094967296E9 -5.94967296E8 -1.784901888E9 7.15098112E8 7.15098112E8 -1.27483648E9 -1.27483648E9 1.730196224E9 1.730196224E9 -4.59738368E8 -4.59738368E8 1.840261632E9 1.840261632E9 1.940261632E9 5.032704E7 8.5032704E8 1.355359744E9
30 1.0E8 1.0E8 1.0E8 2.0E8 4.0E8 6.0E8 8.0E8 8.0E8 1.1E9 1.2E9 1.5E9 1.7E9 1.7E9 1.7E9 1.8E9 1.9E9 1.9E9 2.0E9 2.0E9 2.0E9
31 3.0E8 3.0E8 5.0E8 6.0E8 8.0E8 8.0E8 8.0E8 9.0E8 1.0E9 1.1E9 1.4E9 1.5E9 1.5E9 1.6E9 1.6E9 1.6E9 1.7E9 1.8E9 1.8E9 1.8E9
32 2.0E8 2.0E8 2.0E8 4.0E8 6.0E8 7.0E8 7.0E8 8.0E8 9.0E8 1.0E9 1.2E9 1.3E9 1.3E9 1.7E9 1.7E9 1.8E9 1.9E9 2.1E9 -2.094967296E9 -1.994967296E9
33 0.0 1.0E8 2.0E8 3.0E8 4.0E8 7.0E8 7.0E8 8.0E8 8.0E8 1.0E9 1.1E9 1.2E9 1.3E9 1.3E9 1.3E9 1.3E9 1.4E9 1.4E9 1.4E9 1.4E9
34 5.0E8 5.0E8 1.6E9 1.8E9 1.8E9 1.8E9 1.8E9 1.8E9 1.8E9 1.8E9 1.8E9 1.9E9 1.9E9 1.9E9 1.9E9 2.0E9 2.0E9 -2.094967296E9 -1.994967296E9 -1.994967296E9
35 5.0E8 5.0E8 7.0E8 9.0E8 1.9E9 2.010065408E9 4.15098112E8 -1.279869184E9 1.2516352E8 4.2516352E8 -8.64771072E8 -7.64771072E8 -9.59738368E8 -7.59738368E8 -6.59738368E8 -6.59738368E8 2.40261632E8 1.345294336E9 1.445294336E9 1.255359744E9
36 1.0E8 1.0E8 8.0E8 8.0E8 9.0E8 1.0E9 1.2E9 1.9E9 1.9E9 2.0E9 2.0E9 -2.094967296E9 -2.094967296E9 -1.994967296E9 -1.894967296E9 -1.894967296E9 -1.794967296E9 -1.094967296E9 -1.094967296E9 -1.094967296E9
37 2.0E8 3.0E8 3.0E8 7.0E8 8.0E8 1.5E9 1.5E9 -1.994967296E9 -1.794967296E9 -1.94967296E8 5032704.0 2.05032704E8 9.05032704E8 1.005032704E9 1.105032704E9 1.305032704E9 1.505032704E9 -1.489934592E9 -1.489934592E9 -1.489934592E9
38 0.0 3.0E8 3.0E8 4.0E8 8.0E8 9.0E8 9.0E8 1.0E9 1.1E9 1.2E9 1.3E9 1.4E9 1.5E9 1.7E9 1.9E9 2.0E9 2.0E9 2.0E9 2.1E9 2.1E9
39 3.0E8 3.0E8 3.0E8 3.0E8 6.0E8 8.0E8 9.0E8 9.0E8 9.0E8 1.0E9 1.1E9 1.1E9 1.2E9 1.3E9 1.3E9 1.3E9 1.3E9 1.4E9 1.4E9 1.6E9
40 2.0E8 3.0E8 6.0E8 7.0E8 8.0E8 8.0E8 8.0E8 8.0E8 8.0E8 8.0E8 8.0E8 9.0E8 1.0E9 1.0E9 1.1E9 1.1E9 1.2E9 1.4E9 1.5E9 1.6E9
41 2.0E8 3.0E8 4.0E8 6.0E8 6.0E8 7.0E8 9.0E8 1.1E9 1.1E9 1.2E9 1.2E9 1.2E9 1.4E9 1.4E9 1.5E9 1.7E9 1.7E9 1.8E9 1.8E9 1.8E9
42 0.0 1.0E8 1.0E8 4.0E8 4.0E8 4.0E8 4.0E8 5.0E8 6.0E8 6.0E8 8.0E8 9.0E8 9.0E8 1.0E9 1.1E9 1.1E9 1.2E9 1.4E9 1.5E9 1.6E9
43 1.0E8 1.0E8 2.0E8 2.0E8 2.0E8 2.0E8 3.0E8 5.0E8 7.0E8 7.0E8 8.0E8 8.0E8 8.0E8 9.0E8 1.0E9 1.1E9 1.4E9 1.5E9 1.5E9 1.7E9
44 0.0 0.0 0.0 0.0 0.0 1.0E8 2.0E8 2.0E8 3.0E8 3.0E8 4.0E8 5.0E8 5.0E8 6.0E8 8.0E8 9.0E8 1.0E9 1.0E9 1.0E9 1.1E9
45 1.0E8 1.0E8 2.0E8 3.0E8 3.0E8 6.0E8 6.0E8 6.0E8 6.0E8 6.0E8 6.0E8 6.0E8 7.0E8 8.0E8 8.0E8 9.0E8 9.0E8 1.0E9 1.1E9 1.3E9
46 2.0E8 2.0E8 4.0E8 4.0E8 4.0E8 5.0E8 5.0E8 5.0E8 6.0E8 7.0E8 7.0E8 7.0E8 7.0E8 9.0E8 1.1E9 1.1E9 1.2E9 1.3E9 1.3E9 1.3E9
47 0.0 0.0 2.0E8 2.0E8 2.0E8 2.0E8 4.0E8 5.0E8 5.0E8 5.0E8 5.0E8 6.0E8 6.0E8 7.0E8 7.0E8 8.0E8 9.0E8 9.0E8 1.0E9 1.0E9
48 0.0 0.0 1.0E8 2.0E8 2.0E8 3.0E8 4.0E8 4.0E8 4.0E8 5.0E8 5.0E8 5.0E8 5.0E8 6.0E8 6.0E8 6.0E8 7.0E8 8.0E8 8.0E8 9.0E8
49 0.0 1.0E8 2.0E8 2.0E8 2.0E8 2.0E8 3.0E8 3.0E8 3.0E8 4.0E8 4.0E8 5.0E8 8.0E8 1.0E9 1.1E9 1.3E9 1.4E9 1.5E9 1.5E9 1.6E9
50 0.0 3.0E8 4.0E8 7.0E8 7.0E8 8.0E8 1.1E9 1.1E9 1.2E9 1.3E9 1.4E9 1.5E9 1.6E9 1.6E9 1.7E9 1.7E9 1.7E9 1.8E9 1.9E9 2.0E9
51 1.0E8 1.0E8 1.0E8 1.0E8 2.0E8 2.0E8 2.0E8 2.0E8 2.0E8 3.0E8 4.0E8 5.0E8 5.0E8 5.0E8 6.0E8 6.0E8 7.0E8 8.0E8 9.0E8 9.0E8
