0 3350
1 1983
2 4464
3 3279
4 2960
5 2675
6 762
7 1055
8 1525
9 2865
10 545
11 435
12 4370
13 4082
14 2319
15 4023
16 3450
17 976
18 676
19 1394
20 1350
21 2371
22 2488
23 3021
24 3229
25 3093
26 2433
27 2931
28 1994
29 2814
30 3280
31 4084
32 2386
33 2637
34 2412
35 2739
36 2825
37 3204
38 2585
39 3488
40 2590
41 2129
42 4114
43 3605
44 2966
45 2627
46 3218
47 3967
48 3118
49 3943
50 4116
51 3640
52 4257
53 3048
54 1892
55 3722
56 3354
57 3779
58 2784
59 5383
60 3592
61 2390
62 1494
63 3542
64 2375
65 5047
66 3276
67 1991
68 1388
69 3978
70 3168
71 4673
72 3604
73 4763
74 4498
75 4971
76 5464
77 5266
78 5058
79 3919
80 4184
81 5285
82 1441
83 5449
84 2749
85 4152
86 4107
87 5657
88 5245
89 5120
90 4186
91 2014
92 5284
93 1845
94 4161
95 2371
96 657
97 3954
