records: 20
      Record Time
Host  UsedBuffer

  49376.0 98752.0 148128.0 197504.0 246880.0 296256.0 345632.0 395008.0 444384.0 493760.0 543136.0 592512.0 641888.0 691264.0 740640.0 790016.0 839392.0 888768.0 938144.0 987520.0
0 1.0E9 -1.294967296E9 -8.9934592E7 4.10065408E8 1.910065408E9 -1.97483648E9 -1.334574848E9 9.85555968E8 2.1258176E9 1.535883008E9 -8.4901888E8 -3.4901888E8 1.881177344E9 -1.413789952E9 -4.13789952E8 -4.13789952E8 -4.13789952E8 -4.13789952E8 8.6210048E7 5.86210048E8
1 -1.794967296E9 -1.794967296E9 6.15098112E8 6.15098112E8 8.20130816E8 -1.42450944E9 -7.19476736E8 9.85555968E8 1.6258176E9 1.6258176E9 -3.4901888E8 1.5098112E8 -2.028888064E9 -1.528888064E9 -1.528888064E9 -1.528888064E9 -5.28888064E8 -5.28888064E8 1.471111936E9 1.971111936E9
2 5.0E8 1.0E9 1.5E9 2.0E9 -1.794967296E9 -1.294967296E9 -7.94967296E8 -2.94967296E8 7.05032704E8 7.05032704E8 1.205032704E9 -1.589934592E9 -1.089934592E9 -1.089934592E9 -5.89934592E8 -5.89934592E8 9.10065408E8 9.10065408E8 9.10065408E8 -1.884901888E9
3 1.0E9 1.0E9 -8.9934592E7 4.10065408E8 1.410065408E9 1.55032704E9 -2.129542144E9 7.80523264E8 6.258176E8 3.5883008E7 1.445948416E9 -1.84901888E9 -7.08757248E8 -2.08757248E8 2.91242752E8 7.91242752E8 1.291242752E9 1.291242752E9 1.291242752E9 1.291242752E9
4 0.0 0.0 5.0E8 1.0E9 1.5E9 -7.94967296E8 -7.94967296E8 -2.94967296E8 -2.94967296E8 -2.94967296E8 7.05032704E8 1.205032704E9 -1.589934592E9 -1.089934592E9 -8.9934592E7 4.10065408E8 4.10065408E8 4.10065408E8 1.410065408E9 -1.884901888E9
5 2.0E9 -1.294967296E9 4.10065408E8 1.15098112E8 1.40261632E8 -1.334574848E9 -1.42450944E9 -1.4444032E7 1.1258176E9 1.1258176E9 1.1258176E9 -2.143986176E9 9.71111936E8 1.971111936E9 1.7614464E8 1.7614464E8 -1.29869184E9 -1.27352832E9 -1.27352832E9 -7.7352832E8
6 -2.94967296E8 7.05032704E8 9.10065408E8 1.410065408E9 6.15098112E8 -7.44640256E8 -1.719476736E9 -6.04378624E8 -8.741824E8 -1.759084288E9 3.56013824E8 1.356013824E9 -2.08757248E8 -2.08757248E8 -2.9869184E8 7.0130816E8 -5.93659136E8 1.341569792E9 1.341569792E9 1.341569792E9
7 5.0E8 1.5E9 -7.94967296E8 -7.94967296E8 -2.94967296E8 -1.089934592E9 -8.9934592E7 -2.129542144E9 -2.129542144E9 -6.29542144E8 -1.219476736E9 -1.219476736E9 -2.19476736E8 2.80523264E8 2.80523264E8 7.80523264E8 1.280523264E9 1.895621376E9 -1.39934592E9 -1.39934592E9
8 2.0E9 -1.794967296E9 -1.294967296E9 -1.294967296E9 -1.294967296E9 1.755359744E9 -2.039607552E9 7.549056E7 -1.89934592E9 -1.39934592E9 8.30850304E8 1.330850304E9 -1.84901888E9 -1.84901888E9 -1.84901888E9 -1.34901888E9 1.5098112E8 6.5098112E8 6.5098112E8 1.15098112E9
9 1.0E9 1.5E9 1.205032704E9 1.705032704E9 -1.679869184E9 7.55359744E8 1.665425152E9 -9.2450944E8 -1.719476736E9 -1.719476736E9 -7.9215104E7 -1.759084288E9 -2.8888064E7 -2.8888064E7 -2.8888064E7 -2.8888064E7 -2.8888064E7 4.71111936E8 4.71111936E8 9.71111936E8
10 -1.794967296E9 -7.94967296E8 -2.089934592E9 -2.089934592E9 -1.47483648E9 -1.154705664E9 -1.54705664E8 9.60392448E8 1.870457856E9 1.870457856E9 1.0065408E8 1.0065408E8 2.1258176E9 -4.64116992E8 3.5883008E7 3.5883008E7 -9.38953472E8 1.291242752E9 1.791242752E9 -2.003724544E9
11 -7.94967296E8 2.05032704E8 2.05032704E8 2.05032704E8 2.05032704E8 2.05032704E8 7.05032704E8 -2.69803776E8 1.230196224E9 -1.564771072E9 6.0065408E8 1.60065408E9 8.05686784E8 8.05686784E8 -2.079215104E9 -1.579215104E9 -1.079215104E9 -7.9869184E8 -7.9869184E8 -7.9869184E8
12 2.0E9 -1.794967296E9 -1.794967296E9 -1.794967296E9 -6.79869184E8 -1.859738368E9 -8.59738368E8 -2.104378624E9 -7.84247808E8 -7.84247808E8 -7.84247808E8 2.15752192E8 1.215752192E9 1.715752192E9 1.715752192E9 -1.079215104E9 -1.759084288E9 9.06340864E8 1.406340864E9 -1.068495616E9
13 1.5E9 1.5E9 1.910065408E9 -1.884901888E9 -1.884901888E9 -2.129542144E9 -2.014444032E9 -1.514444032E9 2.1258176E9 2.1258176E9 1.445948416E9 1.445948416E9 -5.28888064E8 -5.28888064E8 -5.28888064E8 -2.8888064E7 -2.118822656E9 1.611373568E9 -4.78561024E8 1.7516352E9
14 5.0E8 1.0E9 1.0E9 1.5E9 2.0E9 2.0E9 -1.794967296E9 -1.294967296E9 -1.294967296E9 -2.94967296E8 2.05032704E8 2.05032704E8 7.05032704E8 1.205032704E9 1.705032704E9 -1.589934592E9 -1.589934592E9 -5.89934592E8 -5.89934592E8 -8.9934592E7
15 -1.294967296E9 -1.294967296E9 1.705032704E9 1.705032704E9 1.52516352E9 -1.039607552E9 1.07549056E9 -1.04378624E8 -6.69149696E8 3.5883008E7 -1.438953472E9 -9.38953472E8 2.086210048E9 2.086210048E9 -1.003724544E9 -1.003724544E9 -1.003724544E9 7.2647168E8 7.2647168E8 7.2647168E8
16 -7.94967296E8 -7.94967296E8 -7.94967296E8 -7.94967296E8 -7.94967296E8 -2.94967296E8 7.05032704E8 1.705032704E9 1.665425152E9 1.57549056E9 3.05686784E8 8.05686784E8 -1.413789952E9 -9.13789952E8 9.96275456E8 1.996275456E9 -1.29869184E9 1.136537088E9 -1.658430208E9 -4.3332096E7
17 1.5E9 -2.94967296E8 -1.384901888E9 -8.84901888E8 -1.47483648E9 -1.629542144E9 -1.629542144E9 -5.14444032E8 2.1258176E9 2.1258176E9 2.035883008E9 2.035883008E9 -2.08757248E8 1.291242752E9 7.0130816E8 1.70130816E9 1.70130816E9 -1.453397504E9 -4.53397504E8 3.66733312E8
18 -1.794967296E9 -1.294967296E9 -2.089934592E9 -1.589934592E9 -1.884901888E9 1.55032704E9 -2.039607552E9 5.7549056E8 6.258176E8 2.1258176E9 1.65098112E9 1.65098112E9 9.71111936E8 9.71111936E8 1.67614464E9 -2.118822656E9 -1.003724544E9 -9.53397504E8 -9.53397504E8 1.866733312E9
19 1.5E9 1.5E9 -1.794967296E9 1.15098112E8 -1.269803776E9 1.165425152E9 -9.2450944E8 9.85555968E8 -1.669149696E9 -6.69149696E8 -2.143986176E9 -1.143986176E9 1.381177344E9 1.381177344E9 -1.003724544E9 -1.003724544E9 -1.003724544E9 -7.7352832E8 -1.158430208E9 1.2516352E9
20 0.0 5.0E8 1.0E9 1.5E9 1.5E9 1.5E9 2.0E9 2.0E9 2.0E9 2.0E9 -1.794967296E9 -1.794967296E9 -1.794967296E9 -1.794967296E9 -1.794967296E9 -1.794967296E9 -1.294967296E9 -2.94967296E8 -2.94967296E8 -2.94967296E8
21 -1.794967296E9 -7.94967296E8 1.705032704E9 1.705032704E9 2.516352E7 -1.29542144E8 -9.2450944E8 -6.04378624E8 -3.741824E8 -1.169149696E9 5.61046528E8 5.61046528E8 1.881177344E9 1.881177344E9 1.996275456E9 -1.79869184E9 1.11373568E8 1.431504384E9 -3.63462912E8 5.71766016E8
22 1.5E9 1.5E9 2.0E9 2.0E9 -7.94967296E8 -1.384901888E9 -1.384901888E9 -8.84901888E8 -2.129542144E9 -1.29542144E8 -6.94313216E8 -1.8741824E9 1.381177344E9 1.381177344E9 -2.9869184E8 -2.9869184E8 -2.9869184E8 5.46602496E8 1.046602496E9 -1.633266688E9
23 -1.294967296E9 2.05032704E8 1.705032704E9 -1.589934592E9 -5.89934592E8 1.15098112E8 -5.64771072E8 1.140261632E9 1.140261632E9 1.140261632E9 1.140261632E9 1.640261632E9 1.640261632E9 1.640261632E9 2.140261632E9 2.140261632E9 -1.654705664E9 1.345294336E9 5.032704E7 1.05032704E9
24 -1.794967296E9 -1.794967296E9 -5.89934592E8 -5.89934592E8 2.02516352E9 -1.154705664E9 -1.539607552E9 -6.04378624E8 9.20784896E8 5.35883008E8 9.45948416E8 9.45948416E8 -1.208757248E9 -7.08757248E8 1.996275456E9 1.996275456E9 -8.88626432E8 -1.363462912E9 -3.63462912E8 1.571766016E9
25 -7.94967296E8 2.05032704E8 1.205032704E9 1.705032704E9 3.20130816E8 -1.97483648E9 -1.064771072E9 1.140261632E9 3.45294336E8 3.45294336E8 8.45294336E8 8.45294336E8 8.45294336E8 1.345294336E9 1.345294336E9 1.345294336E9 1.345294336E9 1.845294336E9 5.5032704E8 5.5032704E8
26 0.0 1.0E9 1.0E9 2.115098112E9 -2.69803776E8 -9.4967296E8 2.55359744E8 -6.04378624E8 -8.741824E8 -9.64116992E8 -1.938953472E9 -1.938953472E9 -4.13789952E8 -4.13789952E8 -2.003724544E9 -1.003724544E9 1.111373568E9 -1.58430208E8 -1.58430208E8 2.071766016E9
27 -2.94967296E8 -2.94967296E8 1.205032704E9 -5.89934592E8 1.320130816E9 1.255359744E9 3.70457856E8 3.95621376E8 1.395621376E9 -6.94313216E8 -1.438953472E9 -4.38953472E8 -7.08757248E8 7.91242752E8 -1.29869184E9 1.20130816E9 -8.88626432E8 -1.863462912E9 6.36537088E8 -1.543332096E9
28 -1.294967296E9 -7.94967296E8 -2.94967296E8 -2.089934592E9 -2.089934592E9 -6.4771072E7 -1.154705664E9 2.05032704E9 -2.129542144E9 -1.129542144E9 -3.4901888E8 1.5098112E8 9.71111936E8 1.67614464E9 -6.18822656E8 8.81177344E8 8.81177344E8 9.06340864E8 1.906340864E9 -1.388626432E9
29 -1.294967296E9 -2.94967296E8 6.15098112E8 6.15098112E8 3.20130816E8 4.35228928E8 -1.834574848E9 -1.834574848E9 -1.514444032E9 -1.514444032E9 -1.079215104E9 -1.079215104E9 -1.028888064E9 -1.028888064E9 1.67614464E9 1.67614464E9 -1.208757248E9 -4.78561024E8 -5.68495616E8 7.516352E8
30 2.0E9 -1.294967296E9 -1.294967296E9 -7.94967296E8 2.05032704E8 1.205032704E9 -2.089934592E9 -2.089934592E9 1.115098112E9 1.615098112E9 -1.97483648E9 -9.7483648E8 -9.7483648E8 -9.7483648E8 -4.7483648E8 2.516352E7 2.516352E7 -2.064771072E9 -2.064771072E9 -2.064771072E9
31 -2.94967296E8 -2.94967296E8 -1.089934592E9 6.15098112E8 -1.269803776E9 6.65425152E8 1.870457856E9 -1.04378624E8 6.258176E8 -9.64116992E8 5.61046528E8 1.061046528E9 5.86210048E8 1.086210048E9 -2.08757248E8 1.996275456E9 9.06340864E8 4.31504384E8 4.31504384E8 -4.28233984E8
32 -1.794967296E9 -1.794967296E9 -6.79869184E8 3.20130816E8 -2.69803776E8 -3.34574848E8 -3.34574848E8 7.549056E7 8.30850304E8 1.035883008E9 6.5098112E8 3.56013824E8 1.291242752E9 -1.003724544E9 9.96275456E8 1.496275456E9 1.11373568E8 -1.953397504E9 -1.453397504E9 8.66733312E8
33 -7.94967296E8 -2.94967296E8 2.115098112E9 -1.679869184E9 -2.69803776E8 -1.92450944E9 -1.92450944E9 3.95621376E8 -3.741824E8 -1.759084288E9 -4.38953472E8 6.1046528E7 2.91242752E8 2.91242752E8 -2.093659136E9 -2.093659136E9 -1.183593728E9 1.136537088E9 1.136537088E9 -2.2320128E8
34 -7.94967296E8 -7.94967296E8 -2.089934592E9 -1.089934592E9 -1.089934592E9 -1.089934592E9 -1.089934592E9 -1.089934592E9 -1.089934592E9 -1.089934592E9 -1.089934592E9 -5.89934592E8 -5.89934592E8 -5.89934592E8 -5.89934592E8 -8.9934592E7 -8.9934592E7 9.10065408E8 1.410065408E9 1.410065408E9
35 -1.294967296E9 -1.294967296E9 1.205032704E9 -1.679869184E9 2.02516352E9 -1.154705664E9 1.07549056E9 -6.04378624E8 1.920784896E9 2.035883008E9 1.061046528E9 1.561046528E9 -2.08757248E8 7.91242752E8 -7.9869184E8 -7.9869184E8 1.611373568E9 -1.658430208E9 -1.158430208E9 -7.2320128E8
36 5.0E8 5.0E8 2.0E9 2.0E9 -1.794967296E9 -1.294967296E9 -2.94967296E8 2.05032704E8 2.05032704E8 7.05032704E8 7.05032704E8 1.705032704E9 1.705032704E9 -2.089934592E9 -1.589934592E9 -1.589934592E9 -1.089934592E9 -1.089934592E9 -1.089934592E9 -1.089934592E9
37 1.0E9 -1.294967296E9 -1.294967296E9 -2.94967296E8 2.05032704E8 7.05032704E8 7.05032704E8 1.705032704E9 -1.589934592E9 9.10065408E8 1.910065408E9 -1.384901888E9 -8.84901888E8 -3.84901888E8 1.15098112E8 1.115098112E9 2.115098112E9 2.115098112E9 2.115098112E9 2.115098112E9
38 0.0 1.5E9 1.5E9 2.0E9 -2.94967296E8 2.05032704E8 2.05032704E8 7.05032704E8 1.205032704E9 1.705032704E9 -2.089934592E9 -1.589934592E9 -1.089934592E9 -8.9934592E7 9.10065408E8 1.410065408E9 1.410065408E9 1.410065408E9 1.910065408E9 1.910065408E9
39 1.5E9 1.5E9 1.5E9 1.5E9 -1.294967296E9 -2.94967296E8 2.05032704E8 2.05032704E8 2.05032704E8 7.05032704E8 1.205032704E9 1.205032704E9 1.705032704E9 -2.089934592E9 -2.089934592E9 -2.089934592E9 -2.089934592E9 -1.589934592E9 -1.589934592E9 -5.89934592E8
40 1.0E9 1.5E9 -1.294967296E9 -7.94967296E8 -2.94967296E8 -2.94967296E8 -2.94967296E8 -2.94967296E8 -2.94967296E8 -2.94967296E8 -2.94967296E8 2.05032704E8 7.05032704E8 7.05032704E8 1.205032704E9 1.205032704E9 1.705032704E9 -1.589934592E9 -1.089934592E9 -5.89934592E8
41 1.0E9 1.5E9 2.0E9 -1.294967296E9 -1.294967296E9 -7.94967296E8 2.05032704E8 1.205032704E9 1.205032704E9 1.705032704E9 1.705032704E9 1.705032704E9 -1.589934592E9 -1.589934592E9 -1.089934592E9 -8.9934592E7 -8.9934592E7 4.10065408E8 4.10065408E8 4.10065408E8
42 0.0 5.0E8 5.0E8 2.0E9 2.0E9 2.0E9 2.0E9 -1.794967296E9 -1.294967296E9 -1.294967296E9 -2.94967296E8 2.05032704E8 2.05032704E8 7.05032704E8 1.205032704E9 1.205032704E9 1.705032704E9 -1.589934592E9 -1.089934592E9 -5.89934592E8
43 5.0E8 5.0E8 1.0E9 1.0E9 1.0E9 1.0E9 1.5E9 -1.794967296E9 -7.94967296E8 -7.94967296E8 -2.94967296E8 -2.94967296E8 -2.94967296E8 2.05032704E8 7.05032704E8 1.205032704E9 -1.589934592E9 -1.089934592E9 -1.089934592E9 -8.9934592E7
44 0.0 0.0 0.0 0.0 0.0 5.0E8 1.0E9 1.0E9 1.5E9 1.5E9 2.0E9 -1.794967296E9 1.705032704E9 -2.089934592E9 -1.089934592E9 -5.89934592E8 -8.9934592E7 -8.9934592E7 -8.9934592E7 4.10065408E8
45 5.0E8 5.0E8 1.0E9 1.5E9 1.5E9 -1.294967296E9 -1.294967296E9 -1.294967296E9 -1.294967296E9 -1.294967296E9 -1.294967296E9 -1.294967296E9 -7.94967296E8 -2.94967296E8 -2.94967296E8 2.05032704E8 2.05032704E8 7.05032704E8 1.205032704E9 -2.089934592E9
46 1.0E9 1.0E9 2.0E9 2.0E9 2.0E9 -1.794967296E9 -1.794967296E9 -1.794967296E9 -1.294967296E9 -7.94967296E8 -7.94967296E8 -7.94967296E8 -7.94967296E8 2.05032704E8 1.205032704E9 1.205032704E9 1.705032704E9 -2.089934592E9 -2.089934592E9 -2.089934592E9
47 0.0 0.0 1.0E9 1.0E9 1.0E9 1.0E9 2.0E9 -1.794967296E9 -1.794967296E9 -2.089934592E9 -2.089934592E9 -1.589934592E9 -1.589934592E9 -1.089934592E9 -1.089934592E9 -5.89934592E8 -8.9934592E7 -8.9934592E7 4.10065408E8 4.10065408E8
48 0.0 0.0 5.0E8 1.0E9 1.0E9 1.5E9 2.0E9 2.0E9 2.0E9 -1.794967296E9 -1.794967296E9 -1.794967296E9 -1.794967296E9 -1.294967296E9 -1.294967296E9 -1.294967296E9 -7.94967296E8 -2.94967296E8 -2.94967296E8 2.05032704E8
49 0.0 5.0E8 1.0E9 1.0E9 1.0E9 1.0E9 1.5E9 1.5E9 1.5E9 2.0E9 2.0E9 -1.794967296E9 -2.94967296E8 7.05032704E8 1.205032704E9 -2.089934592E9 -1.589934592E9 -1.089934592E9 -1.089934592E9 -5.89934592E8
50 0.0 1.5E9 2.0E9 -7.94967296E8 -7.94967296E8 -2.94967296E8 1.205032704E9 1.205032704E9 1.705032704E9 -2.089934592E9 -1.589934592E9 -1.089934592E9 -5.89934592E8 -5.89934592E8 -8.9934592E7 -8.9934592E7 -8.9934592E7 4.10065408E8 9.10065408E8 1.410065408E9
51 -1.294967296E9 -1.294967296E9 -1.294967296E9 -1.294967296E9 -7.94967296E8 -2.089934592E9 -2.089934592E9 -2.089934592E9 -2.089934592E9 -1.089934592E9 -5.89934592E8 -8.9934592E7 -1.884901888E9 -1.884901888E9 -1.384901888E9 -1.384901888E9 -8.84901888E8 2.115098112E9 -1.679869184E9 -1.679869184E9
