0 3351
1 1982
2 4466
3 3281
4 2963
5 2677
6 764
7 1054
8 1528
9 2867
10 545
11 435
12 4374
13 4080
14 2318
15 4025
16 3453
17 976
18 676
19 1394
20 1350
21 2375
22 2489
23 3025
24 3231
25 3095
26 2436
27 2931
28 1994
29 2817
30 3278
31 4085
32 2387
33 2635
34 2410
35 2736
36 2826
37 3203
38 2584
39 3486
40 2590
41 2133
42 4114
43 3607
44 2962
45 2628
46 3220
47 3971
48 3121
49 3942
50 4116
51 3639
52 4259
53 3051
54 1892
55 3723
56 3356
57 3774
58 2782
59 5384
60 3591
61 2394
62 1495
63 3544
64 2377
65 5048
66 3276
67 1992
68 1388
69 3977
70 3167
71 4673
72 3603
73 4769
74 4494
75 4975
76 5464
77 5270
78 5065
79 3919
80 4183
81 5284
82 1439
83 5443
84 2749
85 4153
86 4106
87 5655
88 5247
89 5119
90 4190
91 2013
92 5281
93 1844
94 4159
95 2374
96 657
97 3953
