0 3351
1 1982
2 4465
3 3280
4 2961
5 2677
6 762
7 1053
8 1528
9 2866
10 546
11 435
12 4368
13 4083
14 2319
15 4023
16 3452
17 976
18 676
19 1394
20 1350
21 2371
22 2486
23 3023
24 3229
25 3092
26 2434
27 2931
28 1994
29 2813
30 3281
31 4082
32 2386
33 2636
34 2411
35 2738
36 2824
37 3205
38 2584
39 3486
40 2590
41 2130
42 4114
43 3607
44 2966
45 2627
46 3217
47 3967
48 3118
49 3944
50 4117
51 3642
52 4258
53 3048
54 1895
55 3721
56 3353
57 3779
58 2782
59 5386
60 3592
61 2390
62 1494
63 3542
64 2375
65 5047
66 3276
67 1991
68 1388
69 3978
70 3167
71 4675
72 3603
73 4764
74 4497
75 4972
76 5464
77 5266
78 5065
79 3919
80 4184
81 5283
82 1441
83 5450
84 2749
85 4153
86 4108
87 5653
88 5245
89 5118
90 4188
91 2013
92 5285
93 1844
94 4158
95 2372
96 657
97 3952
