records: 20
      Record Time
Host  UsedBuffer

  16870.0 33740.0 50610.0 67480.0 84350.0 101220.0 118090.0 134960.0 151830.0 168700.0 185570.0 202440.0 219310.0 236180.0 253050.0 269920.0 286790.0 303660.0 320530.0 337400.0
0 1.0E8 1.0E8 1.0E8 3.0E8 3.0E8 3.0E8 3.0E8 3.0E8 4.0E8 4.0E8 4.0E8 4.0E8 4.0E8 4.0E8 4.0E8 4.0E8 4.0E8 4.0E8 4.0E8 4.0E8
1 1.0E8 2.0E8 2.0E8 -1.894967296E9 -8.94967296E8 -9.4967296E7 1.105032704E9 1.105032704E9 -1.484901888E9 1.5098112E7 9.15098112E8 1.615098112E9 1.615098112E9 2.015098112E9 1.620130816E9 1.720130816E9 1.720130816E9 2.020130816E9 4.2516352E8 7.2516352E8
2 0.0 0.0 0.0 0.0 0.0 2.0E8 2.0E8 3.0E8 3.0E8 3.0E8 3.0E8 4.0E8 4.0E8 4.0E8 4.0E8 5.0E8 6.0E8 6.0E8 6.0E8 6.0E8
3 0.0 0.0 0.0 0.0 0.0 0.0 1.0E8 1.0E8 1.0E8 1.0E8 1.0E8 1.0E8 1.0E8 1.0E8 1.0E8 2.0E8 2.0E8 2.0E8 2.0E8 2.0E8
4 1.0E8 1.0E8 1.0E8 1.0E8 1.0E8 2.0E8 2.0E8 2.0E8 2.0E8 2.0E8 3.0E8 3.0E8 3.0E8 3.0E8 4.0E8 4.0E8 4.0E8 5.0E8 6.0E8 6.0E8
5 0.0 0.0 0.0 0.0 0.0 0.0 2.0E8 2.0E8 2.0E8 2.0E8 3.0E8 4.0E8 4.0E8 5.0E8 5.0E8 6.0E8 6.0E8 7.0E8 7.0E8 7.0E8
6 0.0 0.0 0.0 -9.4967296E7 1.305032704E9 1.305032704E9 1.305032704E9 -1.589934592E9 -1.384901888E9 3.15098112E8 5.15098112E8 7.15098112E8 1.115098112E9 2.20130816E8 1.620130816E9 1.920130816E9 2.020130816E9 2.020130816E9 2.2516352E8 2.2516352E8
7 0.0 0.0 1.0E8 1.0E8 1.0E8 1.0E8 1.0E8 1.0E8 1.0E8 1.0E8 1.0E8 1.0E8 1.0E8 1.0E8 1.0E8 1.0E8 2.0E8 2.0E8 2.0E8 3.0E8
8 0.0 0.0 9.0E8 1.1E9 1.5E9 1.5E9 1.8E9 1.8E9 2.1E9 3.15098112E8 5.15098112E8 6.15098112E8 6.15098112E8 -7.79869184E8 1.320130816E9 1.720130816E9 1.720130816E9 1.920130816E9 1.12516352E9 1.12516352E9
9 0.0 1.0E8 1.0E8 1.0E8 1.0E8 1.0E8 2.0E8 2.0E8 2.0E8 2.0E8 2.0E8 2.0E8 2.0E8 3.0E8 3.0E8 4.0E8 4.0E8 4.0E8 4.0E8 5.0E8
10 0.0 0.0 1.0E8 -1.394967296E9 -6.94967296E8 -6.94967296E8 5.05032704E8 1.905032704E9 2.110065408E9 5.15098112E8 6.15098112E8 6.15098112E8 8.15098112E8 2.0130816E7 2.0130816E7 2.0130816E7 2.0130816E7 1.20130816E8 1.92516352E9 -2.069803776E9
11 0.0 0.0 0.0 5.0E8 8.0E8 1.1E9 1.2E9 1.2E9 1.2E9 2.15098112E8 4.15098112E8 4.15098112E8 1.815098112E9 1.20130816E8 1.020130816E9 1.620130816E9 1.620130816E9 -1.57483648E9 -1.07483648E9 -1.07483648E9
12 0.0 0.0 0.0 0.0 0.0 0.0 0.0 0.0 0.0 0.0 0.0 0.0 0.0 0.0 0.0 0.0 1.0E8 1.0E8 1.0E8 2.0E8
13 0.0 1.0E8 2.0E8 2.0E8 2.0E8 2.0E8 2.0E8 2.0E8 2.0E8 2.0E8 3.0E8 3.0E8 3.0E8 3.0E8 3.0E8 3.0E8 3.0E8 4.0E8 4.0E8 4.0E8
14 1.0E8 1.0E8 -1.494967296E9 -9.4967296E7 1.605032704E9 1.605032704E9 1.605032704E9 1.10065408E8 -1.484901888E9 2.15098112E8 6.15098112E8 6.15098112E8 1.815098112E9 2.0130816E7 5.20130816E8 5.20130816E8 5.20130816E8 6.20130816E8 6.20130816E8 6.20130816E8
15 4.0E8 8.0E8 -1.494967296E9 1.05032704E8 1.805032704E9 -1.589934592E9 -8.9934592E7 2.10065408E8 -1.084901888E9 6.15098112E8 1.815098112E9 -2.079869184E9 -1.879869184E9 5.20130816E8 1.820130816E9 2.120130816E9 -1.57483648E9 -1.57483648E9 1.12516352E9 -1.469803776E9
16 4.0E8 8.0E8 -1.494967296E9 1.05032704E8 1.805032704E9 -1.689934592E9 -1.89934592E8 1.10065408E8 -1.284901888E9 5.15098112E8 1.715098112E9 2.115098112E9 -1.979869184E9 3.20130816E8 1.620130816E9 2.020130816E9 -1.87483648E9 -1.77483648E9 -5.7483648E8 1.52516352E9
17 1.0E8 1.0E8 1.0E8 2.0E8 2.0E8 2.0E8 2.0E8 2.0E8 2.0E8 2.0E8 2.0E8 3.0E8 3.0E8 3.0E8 3.0E8 3.0E8 3.0E8 3.0E8 4.0E8 4.0E8
18 0.0 0.0 0.0 1.0E8 1.0E8 1.0E8 1.0E8 1.0E8 1.0E8 2.0E8 2.0E8 2.0E8 2.0E8 2.0E8 3.0E8 3.0E8 3.0E8 3.0E8 3.0E8 3.0E8
19 0.0 0.0 0.0 0.0 0.0 0.0 1.0E8 3.0E8 3.0E8 3.0E8 3.0E8 3.0E8 3.0E8 3.0E8 3.0E8 3.0E8 3.0E8 3.0E8 3.0E8 3.0E8
20 0.0 0.0 0.0 0.0 0.0 0.0 0.0 0.0 0.0 0.0 0.0 0.0 0.0 1.0E8 1.0E8 1.0E8 1.0E8 1.0E8 1.0E8 2.0E8
21 0.0 0.0 0.0 0.0 0.0 0.0 0.0 2.0E8 2.0E8 2.0E8 2.0E8 2.0E8 2.0E8 2.0E8 2.0E8 2.0E8 2.0E8 2.0E8 2.0E8 2.0E8
22 4.0E8 6.0E8 -1.394967296E9 5032704.0 1.005032704E9 -1.689934592E9 -1.689934592E9 -1.589934592E9 -1.384901888E9 3.15098112E8 3.15098112E8 3.15098112E8 3.15098112E8 3.15098112E8 4.15098112E8 4.15098112E8 5.15098112E8 5.15098112E8 5.15098112E8 5.15098112E8
23 0.0 2.0E8 3.0E8 3.0E8 3.0E8 3.0E8 3.0E8 3.0E8 3.0E8 3.0E8 3.0E8 4.0E8 4.0E8 4.0E8 4.0E8 4.0E8 4.0E8 4.0E8 4.0E8 4.0E8
24 4.0E8 4.0E8 5.0E8 6.0E8 1.705032704E9 -1.789934592E9 -1.689934592E9 -1.189934592E9 -1.184901888E9 1.5098112E7 1.715098112E9 1.815098112E9 1.815098112E9 3.20130816E8 1.520130816E9 2.020130816E9 2.020130816E9 2.120130816E9 1.42516352E9 1.92516352E9
25 0.0 0.0 0.0 0.0 1.0E8 1.0E8 1.0E8 1.0E8 1.0E8 2.0E8 2.0E8 2.0E8 2.0E8 3.0E8 3.0E8 4.0E8 4.0E8 4.0E8 4.0E8 4.0E8
26 0.0 0.0 0.0 2.0E8 3.0E8 4.0E8 4.0E8 4.0E8 4.0E8 4.0E8 4.0E8 4.0E8 4.0E8 4.0E8 4.0E8 4.0E8 4.0E8 4.0E8 4.0E8 4.0E8
27 0.0 1.0E8 1.0E8 1.0E8 1.0E8 1.0E8 1.0E8 1.0E8 2.0E8 2.0E8 2.0E8 2.0E8 2.0E8 3.0E8 3.0E8 3.0E8 3.0E8 3.0E8 3.0E8 3.0E8
28 0.0 0.0 0.0 0.0 0.0 0.0 0.0 0.0 1.0E8 1.0E8 1.0E8 1.0E8 1.0E8 1.0E8 2.0E8 2.0E8 2.0E8 2.0E8 3.0E8 3.0E8
29 0.0 0.0 0.0 0.0 0.0 0.0 0.0 0.0 0.0 0.0 0.0 0.0 0.0 0.0 0.0 0.0 0.0 0.0 1.0E8 2.0E8
30 0.0 0.0 0.0 0.0 0.0 0.0 1.0E8 2.0E8 4.0E8 4.0E8 4.0E8 4.0E8 4.0E8 4.0E8 4.0E8 5.0E8 5.0E8 5.0E8 5.0E8 5.0E8
31 0.0 0.0 0.0 0.0 1.0E8 1.0E8 1.0E8 1.0E8 1.0E8 1.0E8 1.0E8 1.0E8 1.0E8 1.0E8 1.0E8 1.0E8 1.0E8 2.0E8 3.0E8 4.0E8
32 0.0 8.0E8 -1.494967296E9 -8.94967296E8 -8.94967296E8 -1.789934592E9 -3.89934592E8 -2.89934592E8 -1.384901888E9 5.15098112E8 1.115098112E9 1.115098112E9 1.215098112E9 1.415098112E9 1.420130816E9 1.720130816E9 1.720130816E9 1.720130816E9 8.2516352E8 -1.769803776E9
33 0.0 0.0 0.0 0.0 0.0 0.0 0.0 1.0E8 1.0E8 1.0E8 1.0E8 1.0E8 2.0E8 2.0E8 2.0E8 2.0E8 2.0E8 2.0E8 2.0E8 2.0E8
34 0.0 0.0 0.0 0.0 0.0 0.0 1.0E8 1.0E8 3.0E8 3.0E8 3.0E8 3.0E8 3.0E8 3.0E8 3.0E8 3.0E8 3.0E8 3.0E8 3.0E8 3.0E8
35 0.0 0.0 1.0E8 1.0E8 2.0E8 2.0E8 2.0E8 2.0E8 3.0E8 3.0E8 4.0E8 4.0E8 5.0E8 5.0E8 5.0E8 5.0E8 5.0E8 5.0E8 5.0E8 5.0E8
36 0.0 1.0E8 1.0E8 1.0E8 1.0E8 2.0E8 2.0E8 2.0E8 2.0E8 3.0E8 3.0E8 3.0E8 3.0E8 3.0E8 4.0E8 4.0E8 5.0E8 5.0E8 6.0E8 6.0E8
37 1.0E8 1.0E9 -1.394967296E9 5032704.0 1.805032704E9 -1.689934592E9 -8.89934592E8 4.10065408E8 -1.184901888E9 5.15098112E8 1.315098112E9 1.315098112E9 2.115098112E9 4.20130816E8 1.620130816E9 2.120130816E9 2.120130816E9 -2.07483648E9 1.32516352E9 2.02516352E9
38 0.0 0.0 0.0 1.0E8 1.0E8 1.0E8 1.0E8 1.0E8 1.0E8 1.0E8 1.0E8 1.0E8 2.0E8 2.0E8 2.0E8 2.0E8 3.0E8 3.0E8 3.0E8 3.0E8
39 0.0 0.0 0.0 1.0E8 1.0E8 1.0E8 1.0E8 2.0E8 2.0E8 2.0E8 2.0E8 2.0E8 2.0E8 2.0E8 2.0E8 2.0E8 2.0E8 2.0E8 2.0E8 2.0E8
40 0.0 0.0 0.0 0.0 0.0 0.0 0.0 0.0 0.0 0.0 0.0 0.0 0.0 0.0 0.0 1.0E8 1.0E8 1.0E8 1.0E8 1.0E8
41 0.0 1.0E8 1.0E8 1.0E8 1.0E8 1.0E8 1.0E8 1.0E8 1.0E8 1.0E8 1.0E8 1.0E8 1.0E8 1.0E8 3.0E8 3.0E8 3.0E8 4.0E8 4.0E8 4.0E8
42 5.0E8 8.0E8 -1.394967296E9 -2.94967296E8 1.805032704E9 -1.589934592E9 -5.89934592E8 1.10065408E8 -1.284901888E9 4.15098112E8 1.415098112E9 1.415098112E9 1.415098112E9 3.20130816E8 1.520130816E9 1.820130816E9 2.020130816E9 -1.37483648E9 1.32516352E9 -1.669803776E9
43 1.0E8 2.0E8 -1.494967296E9 -1.094967296E9 8.05032704E8 1.405032704E9 -3.89934592E8 8.10065408E8 -1.184901888E9 5.15098112E8 1.415098112E9 1.715098112E9 2.115098112E9 4.20130816E8 1.620130816E9 -2.07483648E9 -1.87483648E9 -1.87483648E9 1.82516352E9 2.12516352E9
44 4.0E8 5.0E8 6.0E8 -8.94967296E8 -8.94967296E8 -8.94967296E8 -8.94967296E8 -1.94967296E8 -1.484901888E9 4.15098112E8 1.315098112E9 1.815098112E9 1.815098112E9 1.20130816E8 1.420130816E9 1.820130816E9 1.820130816E9 1.920130816E9 1.32516352E9 -2.069803776E9
45 0.0 1.0E8 1.0E8 1.0E8 1.0E8 1.0E8 1.0E8 1.0E8 1.0E8 2.0E8 3.0E8 3.0E8 4.0E8 5.0E8 5.0E8 5.0E8 5.0E8 5.0E8 5.0E8 5.0E8
46 0.0 0.0 1.0E8 1.0E8 1.0E8 1.0E8 1.0E8 1.0E8 1.0E8 1.0E8 2.0E8 2.0E8 2.0E8 2.0E8 2.0E8 2.0E8 2.0E8 2.0E8 2.0E8 2.0E8
47 0.0 0.0 0.0 0.0 0.0 0.0 0.0 0.0 0.0 0.0 0.0 0.0 0.0 0.0 0.0 0.0 0.0 0.0 0.0 0.0
48 0.0 0.0 -1.494967296E9 5032704.0 1.605032704E9 -1.689934592E9 -1.589934592E9 4.10065408E8 -1.184901888E9 5.15098112E8 1.515098112E9 2.115098112E9 2.115098112E9 4.20130816E8 1.820130816E9 -1.97483648E9 -1.97483648E9 -1.97483648E9 1.52516352E9 -2.069803776E9
49 0.0 0.0 0.0 0.0 0.0 0.0 0.0 0.0 0.0 0.0 0.0 0.0 0.0 0.0 0.0 0.0 0.0 0.0 0.0 0.0
50 0.0 1.0E8 1.0E8 1.0E8 2.0E8 2.0E8 3.0E8 3.0E8 3.0E8 3.0E8 3.0E8 3.0E8 4.0E8 4.0E8 4.0E8 4.0E8 4.0E8 4.0E8 4.0E8 4.0E8
51 0.0 0.0 0.0 0.0 1.0E8 1.0E8 2.0E8 2.0E8 2.0E8 2.0E8 2.0E8 2.0E8 3.0E8 3.0E8 3.0E8 4.0E8 4.0E8 4.0E8 4.0E8 4.0E8
52 5.0E8 8.0E8 -1.394967296E9 -9.4967296E7 1.705032704E9 -1.689934592E9 -4.89934592E8 1.10065408E8 -1.184901888E9 4.15098112E8 1.115098112E9 2.115098112E9 2.115098112E9 3.20130816E8 1.620130816E9 -2.07483648E9 -2.07483648E9 -1.97483648E9 1.92516352E9 2.02516352E9
53 1.0E8 1.0E8 1.0E8 1.0E8 3.0E8 3.0E8 3.0E8 3.0E8 3.0E8 3.0E8 3.0E8 5.0E8 5.0E8 5.0E8 6.0E8 6.0E8 6.0E8 6.0E8 6.0E8 6.0E8
54 0.0 6.0E8 -1.394967296E9 5032704.0 1.805032704E9 1.805032704E9 1.905032704E9 4.10065408E8 -1.184901888E9 -6.84901888E8 -6.84901888E8 -5.84901888E8 1.715098112E9 2.20130816E8 7.20130816E8 8.20130816E8 9.20130816E8 1.420130816E9 1.82516352E9 1.92516352E9
55 0.0 0.0 0.0 0.0 0.0 0.0 0.0 0.0 0.0 0.0 0.0 0.0 0.0 0.0 0.0 1.0E8 1.0E8 1.0E8 2.0E8 2.0E8
56 0.0 0.0 0.0 0.0 0.0 0.0 1.0E8 1.0E8 1.0E8 1.0E8 1.0E8 1.0E8 1.0E8 1.0E8 1.0E8 1.0E8 1.0E8 1.0E8 1.0E8 1.0E8
57 0.0 0.0 0.0 0.0 0.0 0.0 0.0 0.0 0.0 0.0 0.0 0.0 0.0 0.0 0.0 0.0 0.0 0.0 0.0 0.0
58 5.0E8 5.0E8 -1.394967296E9 5032704.0 1.405032704E9 1.405032704E9 1.405032704E9 1.405032704E9 1.405032704E9 4.15098112E8 1.615098112E9 1.615098112E9 1.615098112E9 -4.79869184E8 1.620130816E9 1.920130816E9 2.020130816E9 -2.07483648E9 -7.7483648E8 -7.7483648E8
59 0.0 0.0 1.0E8 1.0E8 2.0E8 2.0E8 2.0E8 2.0E8 2.0E8 2.0E8 2.0E8 2.0E8 3.0E8 3.0E8 3.0E8 3.0E8 4.0E8 4.0E8 4.0E8 4.0E8
60 0.0 0.0 0.0 1.0E8 1.0E8 2.0E8 2.0E8 2.0E8 2.0E8 2.0E8 2.0E8 2.0E8 2.0E8 3.0E8 3.0E8 3.0E8 3.0E8 3.0E8 3.0E8 3.0E8
61 1.0E8 1.0E8 1.0E8 1.0E8 1.0E8 1.0E8 1.0E8 1.0E8 1.0E8 1.0E8 1.0E8 1.0E8 1.0E8 1.0E8 1.0E8 1.0E8 1.0E8 1.0E8 1.0E8 1.0E8
62 0.0 0.0 0.0 0.0 0.0 0.0 0.0 0.0 0.0 0.0 0.0 0.0 0.0 0.0 0.0 0.0 0.0 0.0 0.0 1.0E8
63 0.0 0.0 0.0 0.0 0.0 0.0 0.0 0.0 0.0 0.0 0.0 0.0 0.0 0.0 0.0 0.0 0.0 0.0 0.0 1.0E8
64 3.0E8 3.0E8 3.0E8 3.0E8 3.0E8 -5.94967296E8 -5.94967296E8 -4.94967296E8 -9.84901888E8 4.15098112E8 8.15098112E8 2.115098112E9 2.115098112E9 5.20130816E8 1.520130816E9 -2.07483648E9 -1.97483648E9 -1.87483648E9 1.52516352E9 1.62516352E9
65 0.0 0.0 0.0 0.0 1.0E8 1.0E8 1.0E8 1.0E8 1.0E8 1.0E8 1.0E8 1.0E8 1.0E8 1.0E8 1.0E8 1.0E8 1.0E8 1.0E8 2.0E8 2.0E8
66 4.0E8 5.0E8 5.0E8 -3.94967296E8 1.805032704E9 -1.789934592E9 -1.89934592E8 4.10065408E8 -1.184901888E9 4.15098112E8 1.415098112E9 1.515098112E9 1.715098112E9 -5.79869184E8 1.520130816E9 1.520130816E9 1.620130816E9 1.620130816E9 1.22516352E9 1.22516352E9
67 3.0E8 4.0E8 4.0E8 -5.94967296E8 1.605032704E9 1.605032704E9 1.605032704E9 7.10065408E8 8.10065408E8 5.15098112E8 1.215098112E9 2.015098112E9 -1.879869184E9 3.20130816E8 1.320130816E9 1.320130816E9 1.420130816E9 1.420130816E9 1.520130816E9 1.520130816E9
68 0.0 0.0 0.0 0.0 0.0 0.0 0.0 0.0 0.0 1.0E8 1.0E8 1.0E8 1.0E8 1.0E8 1.0E8 2.0E8 2.0E8 2.0E8 2.0E8 3.0E8
69 0.0 0.0 0.0 0.0 0.0 0.0 1.0E8 1.0E8 1.0E8 1.0E8 1.0E8 1.0E8 1.0E8 1.0E8 2.0E8 2.0E8 2.0E8 2.0E8 2.0E8 2.0E8
70 0.0 0.0 0.0 0.0 0.0 0.0 0.0 0.0 0.0 0.0 1.0E8 3.0E8 3.0E8 3.0E8 3.0E8 3.0E8 3.0E8 3.0E8 4.0E8 4.0E8
71 0.0 0.0 0.0 0.0 0.0 0.0 0.0 0.0 0.0 0.0 0.0 0.0 1.0E8 1.0E8 1.0E8 1.0E8 1.0E8 1.0E8 2.0E8 2.0E8
72 0.0 0.0 0.0 0.0 0.0 0.0 0.0 2.0E8 2.0E8 4.0E8 4.0E8 4.0E8 4.0E8 4.0E8 4.0E8 4.0E8 4.0E8 4.0E8 4.0E8 4.0E8
73 0.0 0.0 0.0 0.0 0.0 0.0 1.0E8 1.0E8 1.0E8 1.0E8 1.0E8 1.0E8 1.0E8 1.0E8 1.0E8 1.0E8 1.0E8 2.0E8 2.0E8 2.0E8
74 0.0 0.0 0.0 0.0 0.0 1.0E8 1.0E8 1.0E8 2.0E8 2.0E8 2.0E8 2.0E8 2.0E8 2.0E8 2.0E8 2.0E8 2.0E8 3.0E8 3.0E8 3.0E8
75 0.0 1.0E8 2.0E8 2.0E8 2.0E8 2.0E8 2.0E8 2.0E8 2.0E8 2.0E8 2.0E8 2.0E8 2.0E8 3.0E8 3.0E8 3.0E8 3.0E8 3.0E8 3.0E8 3.0E8
76 0.0 0.0 0.0 0.0 0.0 0.0 0.0 0.0 0.0 0.0 0.0 0.0 0.0 0.0 0.0 0.0 0.0 0.0 0.0 0.0
77 1.0E8 1.0E8 1.0E8 1.0E8 1.0E8 1.0E8 1.0E8 1.0E8 2.0E8 2.0E8 2.0E8 2.0E8 2.0E8 2.0E8 2.0E8 2.0E8 2.0E8 2.0E8 2.0E8 2.0E8
78 5.0E8 1.0E9 -1.394967296E9 2.05032704E8 1.805032704E9 -1.789934592E9 -1.489934592E9 7.10065408E8 -1.184901888E9 5.15098112E8 1.415098112E9 1.415098112E9 2.115098112E9 2.0130816E7 1.020130816E9 1.020130816E9 1.020130816E9 1.020130816E9 1.020130816E9 1.020130816E9
79 2.0E8 2.0E8 2.0E8 3.0E8 3.0E8 3.0E8 3.0E8 3.0E8 3.0E8 3.0E8 3.0E8 3.0E8 3.0E8 3.0E8 3.0E8 3.0E8 4.0E8 5.0E8 5.0E8 5.0E8
80 0.0 0.0 0.0 0.0 0.0 0.0 0.0 0.0 0.0 0.0 0.0 0.0 1.0E8 1.0E8 1.0E8 1.0E8 1.0E8 1.0E8 1.0E8 1.0E8
81 0.0 1.0E9 -1.394967296E9 5032704.0 1.705032704E9 -1.889934592E9 -2.89934592E8 2.10065408E8 -1.384901888E9 2.15098112E8 1.215098112E9 1.815098112E9 2.015098112E9 -7.79869184E8 1.520130816E9 1.920130816E9 1.920130816E9 1.920130816E9 1.82516352E9 -1.969803776E9
82 0.0 1.0E8 1.0E8 1.0E8 1.0E8 1.0E8 1.0E8 2.0E8 2.0E8 2.0E8 3.0E8 3.0E8 3.0E8 3.0E8 3.0E8 3.0E8 3.0E8 3.0E8 3.0E8 3.0E8
83 4.0E8 1.1E9 -1.394967296E9 2.05032704E8 1.805032704E9 -1.689934592E9 -8.9934592E7 9.10065408E8 -1.084901888E9 6.15098112E8 1.615098112E9 -2.079869184E9 -2.079869184E9 -2.079869184E9 1.720130816E9 1.720130816E9 1.720130816E9 1.720130816E9 -1.17483648E9 -1.17483648E9
84 4.0E8 1.1E9 -1.494967296E9 1.05032704E8 1.005032704E9 1.005032704E9 -8.9934592E7 1.0065408E7 1.910065408E9 4.15098112E8 7.15098112E8 1.715098112E9 1.715098112E9 1.715098112E9 1.520130816E9 1.620130816E9 1.620130816E9 1.720130816E9 1.52516352E9 -1.669803776E9
85 0.0 0.0 0.0 0.0 0.0 0.0 0.0 0.0 0.0 0.0 1.0E8 1.0E8 1.0E8 1.0E8 2.0E8 2.0E8 2.0E8 2.0E8 2.0E8 2.0E8
86 4.0E8 1.0E9 1.1E9 1.05032704E8 1.605032704E9 -1.989934592E9 -1.889934592E9 3.10065408E8 -1.184901888E9 2.15098112E8 1.015098112E9 1.015098112E9 1.015098112E9 1.115098112E9 1.215098112E9 1.215098112E9 1.215098112E9 1.215098112E9 1.215098112E9 1.215098112E9
87 4.0E8 1.0E9 -1.394967296E9 1.05032704E8 1.705032704E9 -1.689934592E9 -1.589934592E9 -1.489934592E9 -1.084901888E9 5.15098112E8 1.115098112E9 1.115098112E9 1.215098112E9 -1.79869184E8 -1.79869184E8 -1.79869184E8 -1.79869184E8 -1.79869184E8 -1.79869184E8 -1.79869184E8
88 0.0 0.0 0.0 0.0 0.0 0.0 0.0 0.0 0.0 0.0 0.0 0.0 0.0 0.0 0.0 0.0 0.0 0.0 0.0 0.0
89 2.0E8 2.0E8 2.0E8 2.0E8 2.0E8 2.0E8 2.0E8 2.0E8 2.0E8 2.0E8 2.0E8 3.0E8 4.0E8 5.0E8 5.0E8 5.0E8 5.0E8 6.0E8 6.0E8 6.0E8
90 0.0 0.0 0.0 0.0 0.0 0.0 0.0 0.0 0.0 1.0E8 1.0E8 1.0E8 1.0E8 1.0E8 1.0E8 1.0E8 1.0E8 1.0E8 1.0E8 1.0E8
91 1.0E8 1.0E8 1.0E8 1.0E8 1.0E8 2.0E8 2.0E8 2.0E8 2.0E8 3.0E8 3.0E8 4.0E8 4.0E8 4.0E8 4.0E8 4.0E8 4.0E8 4.0E8 4.0E8 4.0E8
92 0.0 0.0 0.0 0.0 0.0 0.0 0.0 0.0 0.0 0.0 0.0 0.0 0.0 1.0E8 1.0E8 1.0E8 1.0E8 1.0E8 1.0E8 1.0E8
93 1.0E8 1.0E8 2.0E8 2.0E8 2.0E8 3.0E8 3.0E8 3.0E8 3.0E8 3.0E8 3.0E8 3.0E8 4.0E8 4.0E8 4.0E8 4.0E8 4.0E8 4.0E8 4.0E8 4.0E8
94 5.0E8 1.1E9 1.4E9 1.05032704E8 1.805032704E9 -1.789934592E9 -7.89934592E8 4.10065408E8 -1.084901888E9 4.15098112E8 4.15098112E8 4.15098112E8 4.15098112E8 4.15098112E8 4.15098112E8 4.15098112E8 5.15098112E8 5.15098112E8 5.15098112E8 5.15098112E8
95 0.0 0.0 0.0 0.0 0.0 0.0 0.0 0.0 0.0 0.0 0.0 1.0E8 1.0E8 1.0E8 1.0E8 1.0E8 1.0E8 1.0E8 1.0E8 1.0E8
96 1.0E8 1.0E8 1.0E8 1.0E8 1.0E8 1.0E8 2.0E8 2.0E8 2.0E8 2.0E8 2.0E8 2.0E8 2.0E8 2.0E8 2.0E8 2.0E8 2.0E8 2.0E8 2.0E8 2.0E8
97 5.0E8 1.0E9 -1.394967296E9 2.05032704E8 1.805032704E9 -1.789934592E9 -1.789934592E9 -1.789934592E9 -1.789934592E9 -1.789934592E9 -1.789934592E9 -1.789934592E9 -1.689934592E9 -1.489934592E9 -1.489934592E9 -1.389934592E9 -1.389934592E9 -1.389934592E9 -1.389934592E9 -1.389934592E9
