0 3350
1 1982
2 4463
3 3279
4 2958
5 2676
6 762
7 1053
8 1528
9 2866
10 545
11 435
12 4371
13 4081
14 2319
15 4024
16 3452
17 976
18 676
19 1394
20 1350
21 2371
22 2488
23 3023
24 3229
25 3092
26 2434
27 2932
28 1995
29 2816
30 3280
31 4085
32 2385
33 2637
34 2410
35 2738
36 2826
37 3204
38 2586
39 3487
40 2592
41 2130
42 4116
43 3609
44 2967
45 2628
46 3217
47 3967
48 3120
49 3942
50 4119
51 3640
52 4259
53 3048
54 1892
55 3721
56 3354
57 3781
58 2783
59 5383
60 3591
61 2390
62 1495
63 3542
64 2376
65 5047
66 3276
67 1991
68 1389
69 3977
70 3168
71 4678
72 3603
73 4763
74 4497
75 4969
76 5463
77 5268
78 5061
79 3919
80 4185
81 5287
82 1441
83 5446
84 2749
85 4152
86 4109
87 5655
88 5245
89 5118
90 4188
91 2013
92 5285
93 1846
94 4157
95 2372
96 657
97 3952
