records: 20
      Record Time
Host  UsedBuffer

  49376.0 98752.0 148128.0 197504.0 246880.0 296256.0 345632.0 395008.0 444384.0 493760.0 543136.0 592512.0 641888.0 691264.0 740640.0 790016.0 839392.0 888768.0 938144.0 987520.0
0 2000000.0 6000000.0 1.0E7 1.1E7 1.4E7 1.2E8 1.48E8 1.52E8 2.37E8 2.39E8 2.92E8 2.95E8 3.49E8 3.51E8 3.53E8 3.53E8 3.53E8 3.53E8 3.54E8 3.55E8
1 2000000.0 4000000.0 7000000.0 7000000.0 6.1E7 1.23E8 1.45E8 1.5E8 2.32E8 2.32E8 2.92E8 3.01E8 3.43E8 3.44E8 3.52E8 3.52E8 3.54E8 3.54E8 3.58E8 3.59E8
2 1000000.0 2000000.0 3000000.0 4000000.0 5000000.0 6000000.0 7000000.0 8000000.0 1.0E7 1.0E7 1.1E7 1.4E7 1.5E7 1.5E7 1.6E7 1.6E7 1.9E7 1.9E7 1.9E7 2.2E7
3 2000000.0 2000000.0 1.0E7 1.1E7 1.3E7 1.19E8 1.44E8 1.47E8 2.33E8 2.35E8 2.89E8 3.01E8 3.46E8 3.47E8 3.48E8 3.49E8 3.5E8 3.5E8 3.5E8 3.5E8
4 2000000.0 5000000.0 7000000.0 8000000.0 5.1E7 1.27E8 1.27E8 1.62E8 2.29E8 2.3E8 2.93E8 3.04E8 3.45E8 3.46E8 3.48E8 3.49E8 3.49E8 4.62E8 4.64E8 4.66E8
5 2000000.0 6000000.0 9000000.0 1.7E7 6.0E7 1.22E8 1.45E8 1.61E8 2.3E8 2.35E8 2.35E8 3.06E8 3.41E8 3.43E8 3.45E8 3.45E8 3.79E8 4.63E8 4.63E8 4.64E8
6 1000000.0 3000000.0 4000000.0 5000000.0 5000000.0 6000000.0 7000000.0 8000000.0 8000000.0 1.0E7 1.3E7 1.5E7 1.6E7 1.6E7 1.6E7 1.8E7 1.8E7 1.9E7 1.9E7 1.9E7
7 1000000.0 3000000.0 4000000.0 4000000.0 5000000.0 6000000.0 8000000.0 9000000.0 9000000.0 1.2E7 1.2E7 1.2E7 1.3E7 1.4E7 1.4E7 1.5E7 1.6E7 1.6E7 1.8E7 1.8E7
8 0.0 1000000.0 2000000.0 2000000.0 2000000.0 3000000.0 4000000.0 6000000.0 6000000.0 7000000.0 7000000.0 8000000.0 9000000.0 9000000.0 9000000.0 1.0E7 1.3E7 1.4E7 1.4E7 1.5E7
9 0.0 1000000.0 1000000.0 2000000.0 2000000.0 3000000.0 3000000.0 3000000.0 4000000.0 4000000.0 5000000.0 5000000.0 7000000.0 7000000.0 7000000.0 7000000.0 7000000.0 8000000.0 8000000.0 9000000.0
10 3000000.0 5000000.0 1.2E7 1.2E7 1.5E7 1.23E8 1.25E8 1.58E8 2.33E8 2.33E8 2.94E8 2.99E8 3.45E8 3.46E8 3.48E8 3.48E8 3.52E8 4.63E8 4.64E8 4.65E8
11 0.0 2000000.0 2000000.0 2000000.0 2000000.0 2000000.0 3000000.0 6000000.0 9000000.0 1.2E7 1.3E7 1.5E7 1.5E7 1.5E7 1.6E7 1.7E7 1.8E7 1.8E7 1.8E7 1.8E7
12 0.0 1000000.0 1000000.0 1000000.0 1000000.0 1000000.0 2000000.0 3000000.0 4000000.0 4000000.0 4000000.0 6000000.0 8000000.0 9000000.0 9000000.0 1.2E7 1.3E7 1.3E7 1.4E7 1.5E7
13 1000000.0 1000000.0 2000000.0 3000000.0 3000000.0 3000000.0 3000000.0 4000000.0 4000000.0 4000000.0 4000000.0 4000000.0 4000000.0 4000000.0 4000000.0 5000000.0 6000000.0 7000000.0 1.2E7 1.4E7
14 1000000.0 2000000.0 2000000.0 3000000.0 4000000.0 4000000.0 5000000.0 6000000.0 6000000.0 8000000.0 9000000.0 9000000.0 1.0E7 1.1E7 1.2E7 1.4E7 1.4E7 1.6E7 1.6E7 1.7E7
15 4000000.0 4000000.0 6000000.0 7000000.0 1.4E7 1.21E8 1.43E8 1.62E8 2.3E8 2.31E8 2.91E8 2.92E8 3.45E8 3.45E8 3.45E8 3.45E8 3.45E8 4.28E8 4.28E8 4.28E8
16 1000000.0 1000000.0 1000000.0 1000000.0 1000000.0 1000000.0 3000000.0 5000000.0 6000000.0 6000000.0 7000000.0 8000000.0 1.0E7 1.1E7 1.4E7 1.6E7 1.8E7 2.0E7 2.3E7 2.4E7
17 1000000.0 3000000.0 4000000.0 5000000.0 7000000.0 8000000.0 8000000.0 1.0E7 1.1E7 1.1E7 1.1E7 1.1E7 1.2E7 1.4E7 1.6E7 1.8E7 1.8E7 1.9E7 2.1E7 2.4E7
18 0.0 1000000.0 1000000.0 2000000.0 3000000.0 5000000.0 5000000.0 5000000.0 5000000.0 8000000.0 8000000.0 8000000.0 8000000.0 8000000.0 9000000.0 1.0E7 1.1E7 1.3E7 1.3E7 1.3E7
19 2000000.0 2000000.0 9000000.0 1.8E7 4.9E7 1.23E8 1.46E8 1.59E8 2.29E8 2.31E8 2.92E8 3.05E8 3.45E8 3.45E8 3.49E8 3.49E8 3.69E8 4.63E8 4.69E8 5.05E8
20 0.0 1000000.0 2000000.0 3000000.0 3000000.0 3000000.0 4000000.0 4000000.0 4000000.0 4000000.0 5000000.0 5000000.0 5000000.0 5000000.0 5000000.0 5000000.0 6000000.0 8000000.0 8000000.0 8000000.0
21 3000000.0 5000000.0 1.0E7 1.1E7 1.1E7 1.21E8 1.44E8 1.64E8 2.32E8 2.32E8 2.91E8 2.91E8 3.42E8 3.42E8 3.43E8 3.44E8 3.45E8 4.59E8 4.63E8 5.01E8
22 2000000.0 2000000.0 3000000.0 3000000.0 6000000.0 2.1E7 2.1E7 2.2E7 2.31E8 2.33E8 2.91E8 3.04E8 3.5E8 3.5E8 3.53E8 3.53E8 3.53E8 4.64E8 4.7E8 5.02E8
23 0.0 1000000.0 4000000.0 6000000.0 8000000.0 8000000.0 8000000.0 8000000.0 8000000.0 8000000.0 8000000.0 9000000.0 9000000.0 9000000.0 1.0E7 1.0E7 1.1E7 1.2E7 1.3E7 1.5E7
24 3000000.0 3000000.0 8000000.0 9000000.0 1.0E7 1.2E8 1.43E8 1.64E8 2.3E8 2.33E8 2.81E8 2.81E8 3.45E8 3.46E8 3.48E8 3.48E8 3.79E8 4.6E8 4.62E8 5.03E8
25 1000000.0 2000000.0 2000000.0 3000000.0 5000000.0 5000000.0 7000000.0 8000000.0 1.0E7 1.0E7 1.1E7 1.1E7 1.1E7 1.2E7 1.2E7 1.2E7 1.2E7 1.3E7 1.4E7 1.4E7
26 0.0 2000000.0 2000000.0 7000000.0 9000000.0 1.3E7 1.44E8 1.63E8 2.31E8 2.32E8 2.91E8 3.04E8 3.44E8 3.44E8 3.46E8 3.48E8 3.49E8 3.53E8 3.53E8 5.04E8
27 6000000.0 6000000.0 1.1E7 1.3E7 1.3E7 1.23E8 1.45E8 1.61E8 1.63E8 1.64E8 2.98E8 3.0E8 3.46E8 3.49E8 3.5E8 3.53E8 3.54E8 4.62E8 4.66E8 5.03E8
28 1000000.0 1000000.0 2000000.0 4000000.0 4000000.0 6000000.0 6000000.0 7000000.0 8000000.0 1.0E7 1.1E7 1.2E7 1.2E7 1.3E7 1.4E7 1.7E7 1.7E7 1.7E7 1.9E7 2.1E7
29 0.0 2000000.0 5000000.0 5000000.0 6000000.0 7000000.0 7000000.0 7000000.0 8000000.0 8000000.0 9000000.0 9000000.0 1.0E7 1.0E7 1.2E7 1.2E7 1.3E7 1.4E7 1.5E7 1.5E7
30 1000000.0 1000000.0 1000000.0 2000000.0 4000000.0 6000000.0 8000000.0 8000000.0 1.1E7 1.2E7 1.5E7 1.7E7 1.7E7 1.7E7 1.8E7 1.9E7 1.9E7 2.0E7 2.0E7 2.0E7
31 6000000.0 6000000.0 1.0E7 1.2E7 1.5E7 1.19E8 1.43E8 1.62E8 2.29E8 2.3E8 2.92E8 2.93E8 3.4E8 3.41E8 3.41E8 3.41E8 3.42E8 4.61E8 4.61E8 4.99E8
32 3000000.0 6000000.0 8000000.0 1.2E7 5.6E7 1.27E8 1.27E8 1.63E8 2.33E8 2.35E8 2.93E8 3.07E8 3.49E8 3.53E8 3.61E8 3.62E8 3.63E8 4.67E8 4.68E8 5.09E8
33 0.0 1000000.0 2000000.0 3000000.0 4000000.0 7000000.0 7000000.0 8000000.0 8000000.0 1.0E7 1.1E7 1.2E7 1.3E7 1.3E7 1.3E7 1.3E7 1.4E7 1.4E7 1.4E7 1.4E7
34 1000000.0 1000000.0 3000000.0 5000000.0 5000000.0 5000000.0 5000000.0 5000000.0 5000000.0 5000000.0 5000000.0 6000000.0 6000000.0 6000000.0 6000000.0 7000000.0 7000000.0 9000000.0 1.0E7 1.0E7
35 5000000.0 5000000.0 7000000.0 9000000.0 1.6E7 1.2E8 1.44E8 1.63E8 2.33E8 2.36E8 2.93E8 2.95E8 3.46E8 3.48E8 3.49E8 3.49E8 3.53E8 4.63E8 4.64E8 5.05E8
36 1000000.0 1000000.0 3000000.0 3000000.0 4000000.0 5000000.0 7000000.0 8000000.0 8000000.0 9000000.0 9000000.0 1.1E7 1.1E7 1.2E7 1.3E7 1.3E7 1.4E7 1.4E7 1.4E7 1.4E7
37 2000000.0 3000000.0 7000000.0 1.6E7 1.7E7 5.6E7 5.6E7 1.65E8 1.67E8 1.73E8 1.75E8 1.77E8 1.83E8 1.84E8 2.99E8 3.01E8 3.03E8 3.1E8 3.1E8 3.1E8
38 0.0 3000000.0 3000000.0 4000000.0 8000000.0 9000000.0 9000000.0 1.0E7 1.1E7 1.2E7 1.3E7 1.4E7 2.2E7 2.4E7 2.6E7 2.7E7 2.7E7 2.7E7 2.8E7 2.8E7
39 3000000.0 3000000.0 3000000.0 3000000.0 6000000.0 1.3E7 1.4E7 1.4E7 1.4E7 1.5E7 1.6E7 1.6E7 1.7E7 1.8E7 1.8E7 1.8E7 1.8E7 1.9E7 1.9E7 2.1E7
40 2000000.0 3000000.0 6000000.0 9000000.0 1.0E7 1.0E7 1.0E7 1.0E7 1.0E7 1.0E7 1.0E7 1.1E7 1.2E7 1.2E7 1.3E7 1.3E7 1.4E7 1.6E7 1.7E7 1.8E7
41 2000000.0 3000000.0 4000000.0 6000000.0 6000000.0 7000000.0 9000000.0 1.1E7 1.1E7 1.2E7 1.2E7 1.2E7 1.4E7 1.4E7 1.5E7 1.7E7 1.7E7 1.8E7 1.8E7 1.8E7
42 0.0 1000000.0 1000000.0 4000000.0 4000000.0 4000000.0 4000000.0 5000000.0 6000000.0 6000000.0 8000000.0 9000000.0 9000000.0 1.0E7 1.1E7 1.1E7 1.2E7 1.4E7 1.5E7 1.6E7
43 1000000.0 1000000.0 2000000.0 2000000.0 2000000.0 2000000.0 3000000.0 5000000.0 7000000.0 7000000.0 8000000.0 8000000.0 8000000.0 9000000.0 1.0E7 1.1E7 1.4E7 1.5E7 1.5E7 1.7E7
44 0.0 0.0 0.0 0.0 0.0 1000000.0 2000000.0 2000000.0 3000000.0 3000000.0 4000000.0 5000000.0 5000000.0 6000000.0 8000000.0 9000000.0 1.0E7 1.0E7 1.0E7 1.1E7
45 1000000.0 1000000.0 2000000.0 3000000.0 3000000.0 6000000.0 6000000.0 6000000.0 6000000.0 6000000.0 6000000.0 6000000.0 7000000.0 8000000.0 8000000.0 9000000.0 9000000.0 1.0E7 1.1E7 1.3E7
46 2000000.0 2000000.0 4000000.0 4000000.0 4000000.0 5000000.0 5000000.0 5000000.0 6000000.0 7000000.0 7000000.0 7000000.0 7000000.0 9000000.0 1.1E7 1.1E7 1.2E7 1.3E7 1.3E7 1.3E7
47 0.0 0.0 2000000.0 2000000.0 2000000.0 2000000.0 4000000.0 5000000.0 6000000.0 2.29E8 2.29E8 2.3E8 2.3E8 2.31E8 2.31E8 2.32E8 2.33E8 2.33E8 2.34E8 2.34E8
48 0.0 0.0 1000000.0 2000000.0 2000000.0 3000000.0 4000000.0 4000000.0 4000000.0 5000000.0 5000000.0 5000000.0 5000000.0 6000000.0 6000000.0 6000000.0 7000000.0 8000000.0 8000000.0 9000000.0
49 0.0 1000000.0 2000000.0 2000000.0 2000000.0 2000000.0 3000000.0 3000000.0 3000000.0 4000000.0 1.1E7 1.2E7 1.5E7 1.7E7 1.8E7 2.0E7 2.1E7 2.2E7 2.2E7 2.3E7
50 0.0 3000000.0 4000000.0 7000000.0 7000000.0 8000000.0 1.1E7 1.1E7 1.2E7 1.3E7 1.4E7 1.5E7 1.6E7 1.6E7 2.1E7 2.1E7 2.1E7 2.2E7 2.3E7 2.4E7
51 1000000.0 1000000.0 1000000.0 1000000.0 2000000.0 2000000.0 2000000.0 2000000.0 2000000.0 3000000.0 4000000.0 5000000.0 5000000.0 5000000.0 6000000.0 6000000.0 7000000.0 8000000.0 9000000.0 9000000.0
