0 3350
1 1981
2 4465
3 3279
4 2960
5 2677
6 762
7 1056
8 1527
9 2866
10 545
11 435
12 4371
13 4083
14 2319
15 4023
16 3451
17 976
18 676
19 1394
20 1350
21 2371
22 2488
23 3021
24 3229
25 3093
26 2433
27 2931
28 1995
29 2815
30 3280
31 4084
32 2385
33 2635
34 2410
35 2737
36 2826
37 3205
38 2585
39 3486
40 2590
41 2130
42 4114
43 3605
44 2965
45 2627
46 3217
47 3967
48 3118
49 3944
50 4117
51 3640
52 4257
53 3048
54 1892
55 3720
56 3354
57 3779
58 2781
59 5383
60 3591
61 2390
62 1495
63 3542
64 2375
65 5048
66 3276
67 1991
68 1389
69 3978
70 3167
71 4673
72 3604
73 4763
74 4498
75 4971
76 5465
77 5267
78 5057
79 3919
80 4183
81 5286
82 1441
83 5446
84 2749
85 4154
86 4109
87 5654
88 5245
89 5118
90 4187
91 2014
92 5283
93 1844
94 4160
95 2372
96 657
97 3952
