records: 20
      Record Time
Host  UsedBuffer

  49376.0 98752.0 148128.0 197504.0 246880.0 296256.0 345632.0 395008.0 444384.0 493760.0 543136.0 592512.0 641888.0 691264.0 740640.0 790016.0 839392.0 888768.0 938144.0 987520.0
0 0.0 2.0E9 2.0E9 -1.794967296E9 -7.94967296E8 -7.94967296E8 2.05032704E8 7.05032704E8 1.205032704E9 1.205032704E9 1.205032704E9 1.205032704E9 1.705032704E9 -1.589934592E9 -5.89934592E8 -5.89934592E8 -5.89934592E8 -5.89934592E8 -8.9934592E7 4.10065408E8
1 0.0 0.0 5.0E8 5.0E8 5.0E8 5.0E8 1.0E9 1.5E9 2.0E9 2.0E9 2.0E9 -1.794967296E9 -1.294967296E9 -7.94967296E8 -7.94967296E8 -7.94967296E8 2.05032704E8 2.05032704E8 -2.089934592E9 -1.589934592E9
2 5.0E8 1.0E9 1.5E9 2.0E9 -1.794967296E9 -1.294967296E9 -7.94967296E8 -2.94967296E8 7.05032704E8 7.05032704E8 1.205032704E9 -1.589934592E9 -1.089934592E9 -1.089934592E9 -5.89934592E8 -5.89934592E8 9.10065408E8 9.10065408E8 9.10065408E8 -1.884901888E9
3 1.5E9 1.5E9 7.05032704E8 1.205032704E9 -2.089934592E9 5.5032704E8 4.60392448E8 1.960392448E9 1.395621376E9 -1.89934592E9 9.20784896E8 1.920784896E9 -6.43986176E8 -1.43986176E8 3.56013824E8 8.56013824E8 1.356013824E9 1.356013824E9 1.356013824E9 1.356013824E9
4 2.0E9 2.0E9 2.05032704E8 7.05032704E8 8.20130816E8 -2.44640256E8 -2.44640256E8 7.55359744E8 1.895621376E9 -1.89934592E9 -1.84901888E9 -2.143986176E9 1.766079232E9 -2.028888064E9 -1.028888064E9 -5.28888064E8 -5.28888064E8 1.996275456E9 -1.29869184E9 -2.9869184E8
5 2.0E9 -1.294967296E9 1.205032704E9 9.10065408E8 -1.269803776E9 -7.44640256E8 1.460392448E9 -4.2450944E8 1.0065408E8 -1.694313216E9 -1.694313216E9 3.30850304E8 -2.33920768E8 7.66079232E8 1.766079232E9 1.766079232E9 5.86210048E8 -1.683593728E9 -1.683593728E9 -1.183593728E9
6 5.0E8 1.5E9 2.0E9 -1.794967296E9 -1.794967296E9 -1.294967296E9 -7.94967296E8 -2.94967296E8 -2.94967296E8 7.05032704E8 -2.089934592E9 -1.089934592E9 -5.89934592E8 -5.89934592E8 -5.89934592E8 4.10065408E8 4.10065408E8 9.10065408E8 9.10065408E8 9.10065408E8
7 5.0E8 1.5E9 2.0E9 2.0E9 -1.794967296E9 -1.294967296E9 -2.94967296E8 2.05032704E8 2.05032704E8 1.705032704E9 1.705032704E9 1.705032704E9 -2.089934592E9 -1.589934592E9 -1.589934592E9 -1.089934592E9 -5.89934592E8 -5.89934592E8 4.10065408E8 4.10065408E8
8 2.0E9 -1.794967296E9 -1.294967296E9 -1.294967296E9 -1.294967296E9 -7.44640256E8 -2.44640256E8 6.65425152E8 1.690588672E9 -2.104378624E9 -1.964116992E9 -1.464116992E9 -3.4901888E8 -3.4901888E8 -3.4901888E8 1.5098112E8 1.65098112E9 -2.143986176E9 -2.143986176E9 -1.643986176E9
9 1.5E9 2.0E9 -7.94967296E8 -2.94967296E8 -1.884901888E9 2.05032704E9 9.60392448E8 -1.834574848E9 -3.34574848E8 -3.34574848E8 3.05686784E8 1.715752192E9 -1.233920768E9 -1.233920768E9 -1.233920768E9 -1.233920768E9 -1.233920768E9 -7.33920768E8 -7.33920768E8 -2.33920768E8
10 0.0 5.0E8 5.0E8 5.0E8 5.0E8 1.0E9 1.5E9 1.5E9 -1.794967296E9 -1.794967296E9 -1.794967296E9 -1.794967296E9 -1.294967296E9 -7.94967296E8 -2.94967296E8 -2.94967296E8 -2.94967296E8 2.05032704E8 7.05032704E8 1.205032704E9
11 -1.294967296E9 -2.94967296E8 -2.94967296E8 -2.94967296E8 -2.94967296E8 -2.94967296E8 2.05032704E8 1.410065408E9 -1.384901888E9 1.115098112E9 2.10065408E9 -1.194313216E9 -6.94313216E8 -6.94313216E8 1.305686784E9 1.805686784E9 -1.989280512E9 -1.938953472E9 -1.938953472E9 -1.938953472E9
12 0.0 5.0E8 5.0E8 5.0E8 5.0E8 5.0E8 1.0E9 1.5E9 2.0E9 2.0E9 2.0E9 -1.294967296E9 -2.94967296E8 2.05032704E8 2.05032704E8 1.705032704E9 -2.089934592E9 -2.089934592E9 -1.589934592E9 -1.089934592E9
13 2.0E9 2.0E9 -2.94967296E8 2.05032704E8 2.05032704E8 -6.54705664E8 -1.834574848E9 1.65425152E8 1.0719488E7 1.0719488E7 2.1258176E9 2.1258176E9 -3.4901888E8 -3.4901888E8 1.65098112E9 -2.143986176E9 -1.643986176E9 1.406340864E9 -1.83593728E8 -1.58430208E8
14 1.5E9 2.0E9 -7.94967296E8 -2.94967296E8 1.820130816E9 2.55359744E8 -1.834574848E9 -9.2450944E8 1.0065408E8 1.60065408E9 -5.79215104E8 -5.79215104E8 -2.028888064E9 -1.528888064E9 -1.028888064E9 -2.8888064E7 -1.413789952E9 -1.388626432E9 -1.388626432E9 -8.88626432E8
15 1.0E9 1.0E9 1.0E9 1.0E9 1.0E9 2.0E9 -1.294967296E9 -7.94967296E8 2.05032704E8 2.05032704E8 2.05032704E8 7.05032704E8 1.205032704E9 1.205032704E9 1.205032704E9 1.205032704E9 1.205032704E9 1.205032704E9 1.205032704E9 1.205032704E9
16 5.0E8 5.0E8 5.0E8 5.0E8 5.0E8 5.0E8 1.5E9 -1.794967296E9 -1.294967296E9 -1.294967296E9 -7.94967296E8 -2.94967296E8 7.05032704E8 1.205032704E9 -1.589934592E9 -5.89934592E8 4.10065408E8 1.410065408E9 -1.384901888E9 -8.84901888E8
17 5.0E8 1.5E9 2.0E9 -1.794967296E9 -7.94967296E8 -2.94967296E8 -2.94967296E8 7.05032704E8 1.205032704E9 1.205032704E9 1.205032704E9 1.205032704E9 1.705032704E9 -1.589934592E9 -5.89934592E8 4.10065408E8 4.10065408E8 9.10065408E8 1.910065408E9 -8.84901888E8
18 1.5E9 -7.94967296E8 -7.94967296E8 -2.94967296E8 -1.589934592E9 1.345294336E9 -1.539607552E9 1.870457856E9 -2.104378624E9 -6.04378624E8 -2.079215104E9 -2.079215104E9 -7.33920768E8 -7.33920768E8 1.766079232E9 -2.028888064E9 -1.413789952E9 -7.7352832E8 -2.7352832E8 -1.2483648E9
19 5.0E8 5.0E8 1.5E9 2.0E9 -1.794967296E9 -1.794967296E9 -1.794967296E9 -1.294967296E9 -1.294967296E9 -2.94967296E8 2.05032704E8 1.205032704E9 -2.089934592E9 -2.089934592E9 -2.089934592E9 -2.089934592E9 -2.089934592E9 -2.089934592E9 -2.089934592E9 -1.589934592E9
20 1.5E9 2.0E9 7.05032704E8 1.705032704E9 1.705032704E9 -1.269803776E9 -1.859738368E9 1.65425152E8 -2.19476736E8 -2.014444032E9 -1.579215104E9 -1.579215104E9 1.445948416E9 1.445948416E9 -1.34901888E9 -1.34901888E9 -8.4901888E8 1.791242752E9 -2.003724544E9 1.22647168E9
21 5.0E8 1.5E9 1.5E9 1.5E9 1.5E9 1.5E9 -1.794967296E9 -7.94967296E8 -2.94967296E8 -2.94967296E8 7.05032704E8 7.05032704E8 1.205032704E9 1.205032704E9 1.205032704E9 1.705032704E9 -2.089934592E9 -1.589934592E9 -1.089934592E9 -1.089934592E9
22 2.0E9 2.0E9 -1.794967296E9 -1.794967296E9 -2.94967296E8 -1.384901888E9 -1.384901888E9 -8.84901888E8 -1.744640256E9 -2.44640256E8 1.985555968E9 -1.694313216E9 4.71111936E8 4.71111936E8 1.471111936E9 1.471111936E9 1.471111936E9 1.111373568E9 1.611373568E9 -6.8495616E7
23 0.0 5.0E8 2.0E9 -1.294967296E9 -2.94967296E8 -2.94967296E8 -2.94967296E8 -2.94967296E8 -2.94967296E8 -2.94967296E8 -2.94967296E8 2.05032704E8 2.05032704E8 2.05032704E8 7.05032704E8 7.05032704E8 1.205032704E9 1.705032704E9 -2.089934592E9 -1.089934592E9
24 0.0 0.0 0.0 0.0 5.0E8 5.0E8 2.0E9 2.0E9 -1.794967296E9 -7.94967296E8 -2.94967296E8 -2.94967296E8 2.05032704E8 7.05032704E8 1.705032704E9 1.705032704E9 1.705032704E9 1.705032704E9 -1.589934592E9 -5.89934592E8
25 5.0E8 1.0E9 1.0E9 1.5E9 -1.794967296E9 -1.794967296E9 -7.94967296E8 -2.94967296E8 7.05032704E8 7.05032704E8 1.205032704E9 1.205032704E9 1.205032704E9 1.705032704E9 1.705032704E9 1.705032704E9 1.705032704E9 -2.089934592E9 -1.589934592E9 -1.589934592E9
26 0.0 1.0E9 1.0E9 -7.94967296E8 2.05032704E8 -2.089934592E9 3.20130816E8 -8.34574848E8 1.57549056E9 1.57549056E9 -1.489280512E9 -1.489280512E9 -2.59084288E8 -2.59084288E8 7.40915712E8 1.740915712E9 -2.054051584E9 -5.4051584E7 -5.4051584E7 -1.27352832E9
27 5.0E8 5.0E8 5.0E8 1.0E9 1.0E9 1.5E9 1.5E9 1.5E9 -1.794967296E9 -1.794967296E9 -1.794967296E9 -7.94967296E8 -7.94967296E8 7.05032704E8 1.205032704E9 -1.589934592E9 -1.089934592E9 -5.89934592E8 -8.9934592E7 -8.9934592E7
28 5.0E8 5.0E8 1.0E9 2.0E9 2.0E9 -1.294967296E9 -1.294967296E9 -7.94967296E8 -2.94967296E8 7.05032704E8 1.205032704E9 1.705032704E9 1.705032704E9 -2.089934592E9 -1.589934592E9 -8.9934592E7 -8.9934592E7 -8.9934592E7 9.10065408E8 1.910065408E9
29 -1.794967296E9 -7.94967296E8 -1.589934592E9 -1.589934592E9 9.10065408E8 2.516352E7 2.516352E7 2.516352E7 -1.629542144E9 -1.629542144E9 1.305686784E9 1.305686784E9 1.035883008E9 1.035883008E9 -2.59084288E8 -2.59084288E8 -2.054051584E9 1.856013824E9 -1.233920768E9 6.11373568E8
30 1.0E9 2.0E9 2.0E9 -1.794967296E9 -7.94967296E8 2.05032704E8 1.205032704E9 1.205032704E9 4.10065408E8 9.10065408E8 -6.79869184E8 3.20130816E8 3.20130816E8 3.20130816E8 8.20130816E8 1.320130816E9 1.320130816E9 2.02516352E9 2.02516352E9 2.02516352E9
31 -1.294967296E9 -1.294967296E9 7.05032704E8 1.705032704E9 -1.089934592E9 2.30196224E8 -8.59738368E8 -8.34574848E8 -2.19476736E8 2.80523264E8 1.715752192E9 -2.079215104E9 1.266079232E9 1.766079232E9 1.766079232E9 1.766079232E9 -2.028888064E9 2.0130816E8 2.0130816E8 1.021438976E9
32 -1.794967296E9 -1.794967296E9 7.05032704E8 1.705032704E9 8.20130816E8 7.55359744E8 7.55359744E8 6.65425152E8 -1.194313216E9 2.010719488E9 1.330850304E9 -1.054051584E9 -1.733920768E9 2.66079232E8 1.766079232E9 -2.028888064E9 -1.028888064E9 -1.388626432E9 -8.88626432E8 1.046602496E9
33 0.0 5.0E8 1.0E9 1.5E9 2.0E9 -7.94967296E8 -7.94967296E8 -2.94967296E8 -2.94967296E8 7.05032704E8 1.205032704E9 1.705032704E9 -2.089934592E9 -2.089934592E9 -2.089934592E9 -2.089934592E9 -1.589934592E9 -1.589934592E9 -1.589934592E9 -1.589934592E9
34 2.0E9 2.0E9 2.05032704E8 1.205032704E9 1.205032704E9 1.205032704E9 1.205032704E9 1.205032704E9 1.205032704E9 1.205032704E9 1.205032704E9 1.705032704E9 1.705032704E9 1.705032704E9 1.705032704E9 -2.089934592E9 -2.089934592E9 -1.089934592E9 -5.89934592E8 -5.89934592E8
35 1.5E9 1.5E9 1.5E9 2.0E9 -1.794967296E9 -1.794967296E9 -1.294967296E9 -2.94967296E8 2.05032704E8 1.205032704E9 1.205032704E9 1.705032704E9 1.705032704E9 -1.589934592E9 -1.089934592E9 -1.089934592E9 -5.89934592E8 -5.89934592E8 -8.9934592E7 4.10065408E8
36 5.0E8 5.0E8 1.5E9 1.5E9 2.0E9 -1.794967296E9 -7.94967296E8 -2.94967296E8 -2.94967296E8 2.05032704E8 2.05032704E8 1.205032704E9 1.205032704E9 1.705032704E9 -2.089934592E9 -2.089934592E9 -1.589934592E9 -1.589934592E9 -1.589934592E9 -1.589934592E9
37 1.0E9 2.0E9 2.0E9 -2.94967296E8 2.05032704E8 1.205032704E9 1.205032704E9 -1.589934592E9 -5.89934592E8 1.910065408E9 -1.384901888E9 -3.84901888E8 1.15098112E8 6.15098112E8 1.115098112E9 2.115098112E9 -1.179869184E9 -1.79869184E8 -1.79869184E8 -1.79869184E8
38 0.0 1.5E9 1.5E9 2.0E9 -2.94967296E8 2.05032704E8 2.05032704E8 7.05032704E8 1.205032704E9 1.705032704E9 -2.089934592E9 -1.589934592E9 -1.089934592E9 -8.9934592E7 9.10065408E8 1.410065408E9 1.410065408E9 1.410065408E9 1.910065408E9 1.910065408E9
39 1.5E9 1.5E9 1.5E9 1.5E9 -1.294967296E9 -2.94967296E8 2.05032704E8 2.05032704E8 2.05032704E8 7.05032704E8 1.205032704E9 1.205032704E9 1.705032704E9 -2.089934592E9 -2.089934592E9 -2.089934592E9 -2.089934592E9 -1.589934592E9 -1.589934592E9 -5.89934592E8
40 1.0E9 1.5E9 -1.294967296E9 -7.94967296E8 -2.94967296E8 -2.94967296E8 -2.94967296E8 -2.94967296E8 -2.94967296E8 -2.94967296E8 -2.94967296E8 2.05032704E8 7.05032704E8 7.05032704E8 1.205032704E9 1.205032704E9 1.705032704E9 -1.589934592E9 -1.089934592E9 -5.89934592E8
41 1.0E9 1.5E9 2.0E9 -1.294967296E9 -1.294967296E9 -7.94967296E8 2.05032704E8 1.205032704E9 1.205032704E9 1.705032704E9 1.705032704E9 1.705032704E9 -1.589934592E9 -1.589934592E9 -1.089934592E9 -8.9934592E7 -8.9934592E7 4.10065408E8 4.10065408E8 4.10065408E8
42 0.0 5.0E8 5.0E8 2.0E9 2.0E9 2.0E9 2.0E9 -1.794967296E9 -1.294967296E9 -1.294967296E9 -2.94967296E8 2.05032704E8 2.05032704E8 7.05032704E8 1.205032704E9 1.205032704E9 1.705032704E9 -1.589934592E9 -1.089934592E9 -5.89934592E8
43 5.0E8 5.0E8 1.0E9 1.0E9 1.0E9 1.0E9 1.5E9 -1.794967296E9 -7.94967296E8 -7.94967296E8 -2.94967296E8 -2.94967296E8 -2.94967296E8 2.05032704E8 7.05032704E8 1.205032704E9 -1.589934592E9 -1.089934592E9 -1.089934592E9 -8.9934592E7
44 0.0 0.0 0.0 0.0 0.0 5.0E8 1.0E9 1.0E9 1.5E9 1.5E9 2.0E9 -1.794967296E9 -1.794967296E9 -1.294967296E9 -2.94967296E8 2.05032704E8 7.05032704E8 7.05032704E8 7.05032704E8 1.205032704E9
45 5.0E8 5.0E8 1.0E9 1.5E9 1.5E9 -1.294967296E9 -1.294967296E9 -1.294967296E9 -1.294967296E9 -1.294967296E9 -1.294967296E9 -1.294967296E9 -7.94967296E8 -2.94967296E8 -2.94967296E8 2.05032704E8 2.05032704E8 7.05032704E8 1.205032704E9 -2.089934592E9
46 1.0E9 1.0E9 2.0E9 2.0E9 2.0E9 -1.794967296E9 -1.794967296E9 -1.794967296E9 -1.294967296E9 -7.94967296E8 -7.94967296E8 -7.94967296E8 -7.94967296E8 2.05032704E8 1.205032704E9 1.205032704E9 1.705032704E9 -2.089934592E9 -2.089934592E9 -2.089934592E9
47 0.0 0.0 1.0E9 1.0E9 1.0E9 1.0E9 2.0E9 -1.794967296E9 -1.794967296E9 -1.794967296E9 -1.794967296E9 -1.294967296E9 -1.294967296E9 -7.94967296E8 -7.94967296E8 -2.94967296E8 2.05032704E8 2.05032704E8 7.05032704E8 7.05032704E8
48 0.0 0.0 5.0E8 1.0E9 1.0E9 1.5E9 2.0E9 2.0E9 2.0E9 -1.794967296E9 -1.794967296E9 -1.794967296E9 -1.794967296E9 -1.294967296E9 -1.294967296E9 -1.294967296E9 -7.94967296E8 -2.94967296E8 -2.94967296E8 2.05032704E8
49 0.0 5.0E8 1.0E9 1.0E9 1.0E9 1.0E9 1.5E9 1.5E9 1.5E9 2.0E9 2.0E9 -1.794967296E9 -2.94967296E8 7.05032704E8 1.205032704E9 -2.089934592E9 -1.589934592E9 -1.089934592E9 -1.089934592E9 -5.89934592E8
50 0.0 1.5E9 2.0E9 -7.94967296E8 -7.94967296E8 -2.94967296E8 1.205032704E9 1.205032704E9 1.705032704E9 -2.089934592E9 -1.589934592E9 -1.089934592E9 -5.89934592E8 -5.89934592E8 -8.9934592E7 -8.9934592E7 -8.9934592E7 4.10065408E8 9.10065408E8 1.410065408E9
51 5.0E8 5.0E8 5.0E8 5.0E8 1.0E9 1.0E9 1.0E9 1.0E9 1.0E9 1.5E9 2.0E9 -1.794967296E9 -1.794967296E9 -1.794967296E9 -1.294967296E9 -1.294967296E9 -7.94967296E8 -2.94967296E8 2.05032704E8 2.05032704E8
