records: 20
      Record Time
Host  UsedBuffer

  49376.0 98752.0 148128.0 197504.0 246880.0 296256.0 345632.0 395008.0 444384.0 493760.0 543136.0 592512.0 641888.0 691264.0 740640.0 790016.0 839392.0 888768.0 938144.0 987520.0
0 2.5E8 1.25E9 1.5E9 1.75E9 -1.794967296E9 -1.72483648E9 -5.64771072E8 3.90261632E8 -1.584574848E9 -1.334574848E9 -9.2450944E8 -6.7450944E8 2.145621376E9 -1.64934592E9 -1.14934592E9 -1.14934592E9 -1.14934592E9 -1.14934592E9 -8.9934592E8 -6.4934592E8
1 0.0 0.0 2.5E8 2.5E8 2.5E8 2.5E8 5.0E8 7.5E8 1.0E9 1.0E9 1.0E9 1.25E9 1.5E9 1.75E9 1.75E9 1.75E9 -2.044967296E9 -2.044967296E9 -1.044967296E9 -7.94967296E8
2 -2.044967296E9 -1.794967296E9 -7.94967296E8 1.160065408E9 1.910065408E9 2.7516352E8 -1.859738368E9 -3.59738368E8 -5.84574848E8 9.15425152E8 2.35555968E8 9.85555968E8 2.145621376E9 2.145621376E9 -1.89934592E9 -1.89934592E9 -1.14934592E9 -1.69149696E8 -1.69149696E8 1.785883008E9
3 0.0 0.0 2.5E8 5.0E8 5.0E8 5.0E8 5.0E8 5.0E8 5.0E8 7.5E8 7.5E8 1.25E9 1.5E9 1.75E9 2.0E9 -2.044967296E9 -1.794967296E9 -1.794967296E9 -1.794967296E9 -1.794967296E9
4 7.5E8 7.5E8 -2.94967296E8 -4.4967296E7 2.115098112E9 4.80196224E8 1.480196224E9 1.85228928E8 1.710392448E9 1.960392448E9 -7.64444032E8 -2.059411328E9 -8.9934592E8 -6.4934592E8 -1.4934592E8 1.0065408E8 1.0065408E8 -1.419149696E9 -9.19149696E8 -4.19149696E8
5 7.5E8 1.25E9 1.955032704E9 9.10065408E8 -6.79869184E8 1.02516352E9 -3.14771072E8 8.45294336E8 -1.084574848E9 1.65425152E8 1.65425152E8 1.985555968E9 8.95621376E8 1.395621376E9 1.895621376E9 1.895621376E9 -7.39280512E8 -1.169149696E9 -1.169149696E9 -9.19149696E8
6 2.5E8 7.5E8 1.0E9 1.25E9 1.25E9 1.5E9 1.75E9 2.0E9 2.0E9 -1.794967296E9 -1.044967296E9 -5.44967296E8 -2.94967296E8 -2.94967296E8 -2.94967296E8 2.05032704E8 2.05032704E8 4.55032704E8 4.55032704E8 4.55032704E8
7 2.5E8 7.5E8 1.0E9 1.0E9 1.25E9 1.5E9 2.0E9 -2.044967296E9 -2.044967296E9 -1.294967296E9 -1.294967296E9 -1.294967296E9 -1.044967296E9 -7.94967296E8 -7.94967296E8 -5.44967296E8 -2.94967296E8 -2.94967296E8 2.05032704E8 2.05032704E8
8 0.0 2.5E8 5.0E8 5.0E8 5.0E8 7.5E8 1.0E9 1.5E9 1.5E9 1.75E9 1.75E9 2.0E9 -2.044967296E9 -2.044967296E9 -2.044967296E9 -1.794967296E9 -1.044967296E9 -7.94967296E8 -7.94967296E8 -5.44967296E8
9 0.0 2.5E8 2.5E8 5.0E8 5.0E8 7.5E8 7.5E8 7.5E8 1.0E9 1.0E9 1.25E9 1.25E9 1.75E9 1.75E9 1.75E9 1.75E9 1.75E9 2.0E9 2.0E9 -2.044967296E9
10 0.0 2.5E8 2.5E8 2.5E8 2.5E8 5.0E8 7.5E8 7.5E8 1.25E9 1.25E9 1.25E9 1.25E9 1.5E9 1.75E9 2.0E9 2.0E9 2.0E9 -2.044967296E9 -1.794967296E9 -1.544967296E9
11 0.0 5.0E8 5.0E8 5.0E8 5.0E8 5.0E8 7.5E8 1.5E9 -2.044967296E9 -1.294967296E9 -1.044967296E9 -5.44967296E8 -5.44967296E8 -5.44967296E8 -2.94967296E8 -4.4967296E7 2.05032704E8 2.05032704E8 2.05032704E8 2.05032704E8
12 7.5E8 1.0E9 -1.544967296E9 -1.544967296E9 1.410065408E9 -1.22483648E9 9.80196224E8 -9.4967296E8 -1.584574848E9 -1.584574848E9 -1.584574848E9 -1.084574848E9 1.120457856E9 1.370457856E9 -1.264444032E9 -5.14444032E8 1.305686784E9 6.258176E8 1.580850304E9 -1.714116992E9
13 2.5E8 2.5E8 5.0E8 7.5E8 7.5E8 7.5E8 7.5E8 1.0E9 1.0E9 1.0E9 1.0E9 1.0E9 1.0E9 1.0E9 1.0E9 1.25E9 1.5E9 1.75E9 -1.294967296E9 -7.94967296E8
14 2.5E8 5.0E8 -2.089934592E9 -1.839934592E9 1.865098112E9 7.30196224E8 4.35228928E8 -1.19967296E9 1.65425152E8 9.15425152E8 1.82549056E9 1.985555968E9 -1.39934592E9 -1.14934592E9 -8.9934592E8 -3.9934592E8 1.305686784E9 6.258176E8 6.258176E8 8.758176E8
15 1.5E9 1.5E9 2.0E9 -2.044967296E9 -2.044967296E9 -2.2483648E8 1.85228928E8 5.032704E7 -8.34574848E8 -5.84574848E8 -1.014444032E9 -7.64444032E8 2.145621376E9 2.145621376E9 2.145621376E9 2.145621376E9 2.145621376E9 -7.9215104E7 -7.9215104E7 -7.9215104E7
16 2.5E8 2.5E8 2.5E8 2.5E8 2.5E8 2.5E8 7.5E8 1.25E9 1.5E9 1.5E9 1.75E9 2.0E9 -1.794967296E9 -1.544967296E9 -7.94967296E8 -2.94967296E8 2.05032704E8 7.05032704E8 1.455032704E9 1.705032704E9
17 5.0E8 -1.794967296E9 -1.339934592E9 -1.089934592E9 1.615098112E9 7.30196224E8 9.80196224E8 1.095294336E9 -1.334574848E9 -1.334574848E9 1.870457856E9 1.870457856E9 3.5065408E8 8.5065408E8 -1.94313216E8 3.05686784E8 3.05686784E8 -1.69149696E8 -1.964116992E9 -2.59084288E8
18 1.25E9 1.5E9 1.205032704E9 1.455032704E9 -8.9934592E7 2.02516352E9 -1.814771072E9 8.90261632E8 -1.084574848E9 -3.34574848E8 -4.2450944E8 -4.2450944E8 1.0065408E8 1.0065408E8 -1.94313216E8 5.5686784E7 -9.89280512E8 8.0850304E7 5.80850304E8 1.740915712E9
19 2.5E8 2.5E8 7.5E8 1.0E9 1.25E9 1.25E9 1.25E9 1.5E9 1.5E9 2.0E9 -2.044967296E9 -1.544967296E9 -1.044967296E9 -1.044967296E9 -1.044967296E9 -1.044967296E9 -1.044967296E9 -1.044967296E9 -1.044967296E9 -7.94967296E8
20 1.25E9 1.5E9 -1.339934592E9 -8.39934592E8 -8.39934592E8 -1.519803776E9 -1.609738368E9 8.0032704E8 1.65425152E8 4.15425152E8 -2.64444032E8 -2.64444032E8 -1.4934592E8 -1.4934592E8 -9.44313216E8 -9.44313216E8 -6.94313216E8 -1.919149696E9 3.30850304E8 1.240915712E9
21 1.25E9 1.75E9 -2.044967296E9 -1.794967296E9 -1.794967296E9 -2.019803776E9 1.685228928E9 5.032704E7 -3.34574848E8 -3.34574848E8 -1.264444032E9 -1.264444032E9 1.395621376E9 1.395621376E9 1.645621376E9 1.895621376E9 2.145621376E9 -1.919149696E9 -1.169149696E9 -5.09084288E8
22 5.0E8 5.0E8 7.5E8 7.5E8 1.5E9 -3.84901888E8 8.20130816E8 1.070130816E9 -3.34574848E8 1.65425152E8 1.280523264E9 -1.809411328E9 -6.4934592E8 -6.4934592E8 -6.4934592E8 -6.4934592E8 -6.4934592E8 -9.19149696E8 5.80850304E8 -2.14116992E8
23 0.0 2.5E8 1.0E9 1.5E9 2.0E9 2.0E9 2.0E9 2.0E9 2.0E9 2.0E9 2.0E9 -2.044967296E9 -2.044967296E9 -2.044967296E9 -1.794967296E9 -1.794967296E9 -1.544967296E9 -1.294967296E9 -1.044967296E9 -5.44967296E8
24 1.25E9 1.25E9 -1.589934592E9 -1.339934592E9 -1.089934592E9 -2.019803776E9 9.35228928E8 3.0032704E8 -1.084574848E9 -3.34574848E8 -1.469476736E9 -1.469476736E9 1.895621376E9 2.145621376E9 -1.64934592E9 -1.64934592E9 1.35065408E9 -1.919149696E9 -1.419149696E9 -9084288.0
25 5.0E8 1.0E9 1.5E9 1.75E9 -7.94967296E8 2.05032704E8 1.27516352E9 6.40261632E8 2.140261632E9 2.140261632E9 -1.904705664E9 -1.904705664E9 -1.904705664E9 -1.654705664E9 -1.654705664E9 -1.654705664E9 -1.654705664E9 -4.04705664E8 9.5294336E7 9.5294336E7
26 0.0 5.0E8 5.0E8 1.0E9 1.5E9 1.75E9 2.0E9 -2.044967296E9 -1.544967296E9 -1.544967296E9 -7.94967296E8 -7.94967296E8 -5.44967296E8 -5.44967296E8 -2.94967296E8 2.05032704E8 4.55032704E8 4.55032704E8 4.55032704E8 7.05032704E8
27 1.75E9 1.75E9 -2.044967296E9 -1.544967296E9 -1.544967296E9 2.7516352E8 1.935228928E9 -1.9967296E8 3.0032704E8 5.5032704E8 -1.014444032E9 -5.14444032E8 2.145621376E9 -1.39934592E9 -1.14934592E9 -3.9934592E8 -1.4934592E8 1.8758176E9 -1.69149696E8 4.90915712E8
28 1.25E9 1.5E9 -1.339934592E9 -3.39934592E8 -3.39934592E8 -2.019803776E9 -1.769803776E9 -1.019803776E9 -5.19803776E8 -1.9803776E7 -7.64444032E8 -5.14444032E8 -1.39934592E9 -8.9934592E8 -6.4934592E8 1.0065408E8 1.0065408E8 -1.669149696E9 -1.169149696E9 -6.69149696E8
29 0.0 5.0E8 1.25E9 1.25E9 1.5E9 1.75E9 1.75E9 1.75E9 2.0E9 2.0E9 -2.044967296E9 -2.044967296E9 -1.794967296E9 -1.794967296E9 -1.294967296E9 -1.294967296E9 -1.044967296E9 -7.94967296E8 -5.44967296E8 -5.44967296E8
30 7.5E8 1.25E9 1.25E9 1.5E9 2.0E9 -1.794967296E9 -1.294967296E9 -1.294967296E9 1.910065408E9 -2.134901888E9 7.0130816E7 5.70130816E8 5.70130816E8 5.70130816E8 8.20130816E8 1.070130816E9 1.070130816E9 -1.019803776E9 -1.019803776E9 -1.019803776E9
31 -1.794967296E9 -1.794967296E9 -7.94967296E8 -2.94967296E8 4.55032704E8 9.80196224E8 1.935228928E9 5.032704E7 -1.084574848E9 -8.34574848E8 -1.014444032E9 -7.64444032E8 6.45621376E8 8.95621376E8 8.95621376E8 8.95621376E8 1.145621376E9 -1.419149696E9 -1.419149696E9 -1.009084288E9
32 5.0E8 5.0E8 5.0E8 1.0E9 1.5E9 1.75E9 1.75E9 2.0E9 -2.044967296E9 -1.794967296E9 -1.294967296E9 -1.044967296E9 -1.044967296E9 -4.4967296E7 -4.4967296E7 2.05032704E8 4.55032704E8 9.55032704E8 1.205032704E9 1.455032704E9
33 0.0 2.5E8 5.0E8 7.5E8 1.0E9 1.75E9 1.75E9 2.0E9 2.0E9 -1.794967296E9 -1.544967296E9 -1.294967296E9 -1.044967296E9 -1.044967296E9 -1.044967296E9 -1.044967296E9 -7.94967296E8 -7.94967296E8 -7.94967296E8 -7.94967296E8
34 2.5E8 2.5E8 7.5E8 1.25E9 1.25E9 1.25E9 1.25E9 1.25E9 1.25E9 1.25E9 1.25E9 1.5E9 1.5E9 1.5E9 1.5E9 1.75E9 1.75E9 -2.044967296E9 -1.794967296E9 -1.794967296E9
35 7.5E8 7.5E8 7.5E8 1.0E9 1.25E9 1.25E9 1.5E9 2.0E9 -2.044967296E9 -1.544967296E9 -1.544967296E9 -1.294967296E9 -1.294967296E9 -7.94967296E8 -5.44967296E8 -5.44967296E8 -2.94967296E8 -2.94967296E8 -4.4967296E7 2.05032704E8
36 2.5E8 2.5E8 1.25E9 1.25E9 1.5E9 1.75E9 -2.044967296E9 -1.794967296E9 -1.794967296E9 -1.544967296E9 -1.544967296E9 -1.044967296E9 -1.044967296E9 -7.94967296E8 -5.44967296E8 -5.44967296E8 -2.94967296E8 4.55032704E8 4.55032704E8 4.55032704E8
37 5.0E8 5.0E8 5.0E8 5.0E8 7.5E8 1.0E9 1.0E9 1.5E9 2.0E9 -1.544967296E9 -1.044967296E9 -5.44967296E8 -2.94967296E8 -4.4967296E7 2.05032704E8 7.05032704E8 1.205032704E9 1.205032704E9 1.205032704E9 1.205032704E9
38 0.0 7.5E8 7.5E8 1.0E9 2.0E9 -2.044967296E9 -2.044967296E9 -1.794967296E9 -1.544967296E9 -1.294967296E9 -1.044967296E9 -7.94967296E8 -5.44967296E8 -4.4967296E7 4.55032704E8 7.05032704E8 7.05032704E8 7.05032704E8 9.55032704E8 9.55032704E8
39 7.5E8 7.5E8 7.5E8 7.5E8 1.5E9 2.0E9 -2.044967296E9 -2.044967296E9 -2.044967296E9 -1.794967296E9 -1.544967296E9 -1.544967296E9 -1.294967296E9 -1.044967296E9 -1.044967296E9 -1.044967296E9 -1.044967296E9 -7.94967296E8 -7.94967296E8 -2.94967296E8
40 5.0E8 7.5E8 1.5E9 1.75E9 2.0E9 2.0E9 2.0E9 2.0E9 2.0E9 2.0E9 2.0E9 -2.044967296E9 -1.794967296E9 -1.794967296E9 -1.544967296E9 -1.544967296E9 -1.294967296E9 -7.94967296E8 -5.44967296E8 -2.94967296E8
41 5.0E8 7.5E8 1.0E9 1.5E9 1.5E9 1.75E9 -2.044967296E9 -1.544967296E9 -1.544967296E9 -1.294967296E9 -1.294967296E9 -1.294967296E9 -7.94967296E8 -7.94967296E8 -5.44967296E8 -4.4967296E7 -4.4967296E7 2.05032704E8 2.05032704E8 2.05032704E8
42 0.0 2.5E8 2.5E8 1.0E9 1.0E9 1.0E9 1.0E9 1.25E9 1.5E9 1.5E9 2.0E9 -2.044967296E9 -2.044967296E9 -1.794967296E9 -1.544967296E9 -1.544967296E9 -1.294967296E9 -7.94967296E8 -5.44967296E8 -2.94967296E8
43 2.5E8 2.5E8 5.0E8 5.0E8 5.0E8 5.0E8 7.5E8 1.25E9 1.75E9 1.75E9 2.0E9 2.0E9 2.0E9 -2.044967296E9 -1.794967296E9 -1.544967296E9 -7.94967296E8 -5.44967296E8 -5.44967296E8 -4.4967296E7
44 0.0 0.0 0.0 0.0 0.0 2.5E8 5.0E8 5.0E8 7.5E8 7.5E8 1.0E9 1.25E9 -2.044967296E9 -1.794967296E9 -1.294967296E9 -1.044967296E9 -7.94967296E8 -7.94967296E8 -7.94967296E8 -5.44967296E8
45 2.5E8 2.5E8 5.0E8 7.5E8 7.5E8 1.5E9 1.5E9 1.5E9 1.5E9 1.5E9 1.5E9 1.5E9 1.75E9 2.0E9 2.0E9 -2.044967296E9 -2.044967296E9 -1.794967296E9 -1.544967296E9 -1.044967296E9
46 5.0E8 5.0E8 1.0E9 1.0E9 1.0E9 1.25E9 1.25E9 1.25E9 1.5E9 1.75E9 1.75E9 1.75E9 1.75E9 -2.044967296E9 -1.544967296E9 -1.544967296E9 -1.294967296E9 -1.044967296E9 -1.044967296E9 -1.044967296E9
47 0.0 0.0 5.0E8 5.0E8 5.0E8 5.0E8 1.0E9 1.25E9 1.25E9 1.25E9 1.25E9 1.5E9 1.5E9 1.75E9 1.75E9 2.0E9 -2.044967296E9 -2.044967296E9 -1.794967296E9 -1.794967296E9
48 0.0 0.0 2.5E8 5.0E8 5.0E8 7.5E8 1.0E9 1.0E9 1.0E9 1.25E9 1.25E9 1.25E9 1.25E9 1.5E9 1.5E9 1.5E9 1.75E9 2.0E9 2.0E9 -2.044967296E9
49 0.0 2.5E8 5.0E8 5.0E8 5.0E8 5.0E8 7.5E8 7.5E8 7.5E8 1.0E9 1.0E9 1.25E9 2.0E9 -1.794967296E9 -1.544967296E9 -1.044967296E9 -7.94967296E8 -5.44967296E8 -5.44967296E8 -2.94967296E8
50 0.0 7.5E8 1.0E9 1.75E9 1.75E9 2.0E9 -1.544967296E9 -1.544967296E9 -1.294967296E9 -1.044967296E9 -7.94967296E8 -5.44967296E8 -2.94967296E8 -2.94967296E8 -4.4967296E7 -4.4967296E7 -4.4967296E7 2.05032704E8 4.55032704E8 7.05032704E8
51 7.5E8 7.5E8 7.5E8 7.5E8 1.0E9 -4.4967296E7 -4.4967296E7 -4.4967296E7 -4.4967296E7 -1.839934592E9 -1.589934592E9 -1.339934592E9 1.660065408E9 1.660065408E9 1.910065408E9 1.910065408E9 -2.134901888E9 1.365098112E9 1.615098112E9 1.615098112E9
