records: 20
      Record Time
Host  UsedBuffer

  49376.0 98752.0 148128.0 197504.0 246880.0 296256.0 345632.0 395008.0 444384.0 493760.0 543136.0 592512.0 641888.0 691264.0 740640.0 790016.0 839392.0 888768.0 938144.0 987520.0
0 3000000.0 7000000.0 4.0E7 4.1E7 4.4E7 1.47E8 1.83E8 1.85E8 2.53E8 2.69E8 3.15E8 3.17E8 3.69E8 3.71E8 3.73E8 3.73E8 3.73E8 3.73E8 3.74E8 3.75E8
1 6000000.0 1.6E7 5.0E7 5.0E7 9.8E7 1.45E8 1.81E8 1.97E8 2.47E8 2.49E8 3.13E8 3.23E8 3.57E8 3.58E8 3.58E8 3.58E8 3.6E8 3.6E8 3.64E8 3.65E8
2 9000000.0 1.0E7 5.5E7 7.4E7 7.8E7 1.5E8 1.8E8 2.07E8 2.46E8 2.62E8 3.19E8 3.22E8 3.62E8 3.62E8 4.12E8 4.2E8 4.35E8 4.87E8 4.88E8 5.2E8
3 3000000.0 3000000.0 4.0E7 4.1E7 4.3E7 1.44E8 1.8E8 1.81E8 2.49E8 2.66E8 3.12E8 3.24E8 3.66E8 3.67E8 3.68E8 3.69E8 3.7E8 3.7E8 3.7E8 3.7E8
4 6000000.0 1.8E7 5.6E7 5.7E7 9.5E7 1.48E8 1.6E8 2.12E8 2.45E8 2.56E8 3.15E8 3.27E8 3.73E8 3.74E8 3.76E8 3.77E8 3.77E8 4.84E8 4.86E8 4.88E8
5 6000000.0 1.6E7 5.0E7 5.7E7 9.9E7 1.43E8 1.78E8 2.12E8 2.45E8 2.5E8 2.5E8 3.27E8 3.56E8 3.58E8 4.14E8 4.14E8 4.5E8 4.84E8 4.84E8 4.85E8
6 8000000.0 1.0E7 5.3E7 7.5E7 1.0E8 1.5E8 1.82E8 2.11E8 2.49E8 2.7E8 3.15E8 3.17E8 3.67E8 3.67E8 4.15E8 4.17E8 4.54E8 4.87E8 4.87E8 4.87E8
7 2000000.0 4000000.0 5.6E7 5.6E7 1.01E8 1.41E8 1.43E8 2.1E8 2.1E8 2.13E8 3.22E8 3.22E8 3.3E8 3.31E8 3.31E8 3.32E8 3.33E8 4.89E8 4.91E8 4.93E8
8 0.0 1000000.0 2000000.0 2000000.0 2000000.0 3000000.0 4000000.0 6000000.0 6000000.0 7000000.0 7000000.0 8000000.0 9000000.0 9000000.0 9000000.0 1.0E7 1.3E7 1.4E7 1.4E7 1.5E7
9 2000000.0 3000000.0 4.9E7 5.0E7 9.4E7 1.36E8 1.8E8 1.81E8 2.24E8 2.24E8 3.14E8 3.27E8 3.6E8 3.6E8 3.6E8 3.6E8 3.6E8 3.61E8 3.61E8 3.62E8
10 0.0 1000000.0 1000000.0 1000000.0 1000000.0 2000000.0 3000000.0 3000000.0 5000000.0 5000000.0 5000000.0 5000000.0 6000000.0 7000000.0 8000000.0 8000000.0 8000000.0 9000000.0 1.0E7 1.1E7
11 0.0 2000000.0 2000000.0 2000000.0 2000000.0 2000000.0 3000000.0 6000000.0 9000000.0 1.2E7 1.3E7 1.5E7 1.5E7 1.5E7 1.6E7 1.7E7 1.8E7 1.8E7 1.8E7 1.8E7
12 0.0 1000000.0 1000000.0 1000000.0 1000000.0 1000000.0 2000000.0 3000000.0 4000000.0 4000000.0 4000000.0 6000000.0 8000000.0 9000000.0 9000000.0 1.2E7 1.3E7 1.3E7 1.4E7 1.5E7
13 1000000.0 1000000.0 2000000.0 3000000.0 3000000.0 3000000.0 3000000.0 4000000.0 4000000.0 4000000.0 4000000.0 4000000.0 4000000.0 4000000.0 4000000.0 5000000.0 6000000.0 7000000.0 1.2E7 1.4E7
14 2000000.0 3000000.0 4.2E7 4.3E7 9.5E7 1.52E8 1.83E8 2.17E8 2.49E8 2.6E8 3.16E8 3.27E8 3.7E8 3.71E8 3.72E8 3.74E8 4.47E8 4.81E8 4.81E8 4.82E8
15 5000000.0 5000000.0 5.0E7 7.3E7 7.8E7 1.49E8 1.8E8 2.09E8 2.46E8 2.58E8 3.13E8 3.14E8 3.61E8 3.61E8 4.01E8 4.01E8 4.01E8 4.83E8 4.83E8 4.83E8
16 1000000.0 1000000.0 1000000.0 1000000.0 1000000.0 1000000.0 3000000.0 5000000.0 6000000.0 6000000.0 7000000.0 8000000.0 1.0E7 1.1E7 1.4E7 1.6E7 1.8E7 2.0E7 2.3E7 2.4E7
17 3000000.0 1.7E7 4.5E7 4.6E7 9.4E7 1.52E8 1.68E8 2.15E8 2.47E8 2.49E8 3.09E8 3.09E8 3.77E8 3.79E8 4.19E8 4.21E8 4.41E8 4.88E8 4.96E8 5.22E8
18 0.0 1000000.0 1000000.0 2000000.0 3000000.0 5000000.0 5000000.0 5000000.0 5000000.0 8000000.0 8000000.0 8000000.0 8000000.0 8000000.0 9000000.0 1.0E7 1.1E7 1.3E7 1.3E7 1.3E7
19 1000000.0 1000000.0 3000000.0 4000000.0 5000000.0 5000000.0 5000000.0 6000000.0 6000000.0 8000000.0 9000000.0 1.1E7 1.3E7 1.3E7 1.3E7 1.3E7 1.3E7 1.3E7 1.3E7 1.4E7
20 4000000.0 5000000.0 5.2E7 7.4E7 7.9E7 1.52E8 1.84E8 2.13E8 2.51E8 2.62E8 3.17E8 3.17E8 3.75E8 3.75E8 4.16E8 4.24E8 4.57E8 4.88E8 4.89E8 5.23E8
21 4000000.0 6000000.0 4.9E7 7.2E7 7.7E7 1.48E8 1.8E8 2.09E8 2.48E8 2.53E8 3.13E8 3.13E8 3.58E8 3.58E8 4.1E8 4.18E8 4.37E8 4.82E8 4.86E8 5.16E8
22 3000000.0 3000000.0 4000000.0 4000000.0 7000000.0 1.53E8 1.65E8 1.66E8 2.47E8 2.6E8 3.14E8 3.27E8 3.73E8 3.73E8 4.13E8 4.13E8 4.13E8 4.84E8 4.9E8 5.17E8
23 6000000.0 9000000.0 1.2E7 1.5E7 1.7E7 6.0E7 1.54E8 1.83E8 1.83E8 1.83E8 1.83E8 1.84E8 1.84E8 1.84E8 1.95E8 1.95E8 1.96E8 2.61E8 2.62E8 2.64E8
24 4000000.0 4000000.0 4.8E7 7.3E7 7.9E7 1.48E8 1.78E8 2.07E8 2.45E8 2.65E8 2.95E8 2.95E8 3.64E8 3.65E8 4.11E8 4.11E8 4.5E8 4.81E8 4.83E8 5.17E8
25 7000000.0 9000000.0 1.1E7 1.4E7 5.8E7 6.0E7 1.55E8 1.85E8 2.51E8 2.51E8 2.52E8 2.52E8 2.52E8 2.53E8 2.53E8 2.53E8 2.53E8 2.63E8 2.65E8 2.65E8
26 0.0 2000000.0 2000000.0 4000000.0 6000000.0 7000000.0 8000000.0 9000000.0 1.1E7 1.1E7 1.4E7 1.4E7 1.5E7 1.5E7 1.6E7 1.8E7 1.9E7 1.9E7 1.9E7 2.0E7
27 1000000.0 1000000.0 1000000.0 2000000.0 2000000.0 3000000.0 3000000.0 3000000.0 5000000.0 5000000.0 5000000.0 7000000.0 7000000.0 1.0E7 1.1E7 1.4E7 1.5E7 1.6E7 1.7E7 1.7E7
28 7000000.0 8000000.0 4.3E7 4.7E7 4.7E7 1.4E8 1.64E8 2.08E8 2.1E8 2.55E8 3.15E8 3.29E8 3.71E8 3.73E8 4.12E8 4.15E8 4.15E8 4.87E8 4.89E8 4.91E8
29 6000000.0 1.7E7 4.6E7 4.8E7 5.8E7 1.4E8 1.67E8 1.67E8 2.48E8 2.48E8 3.09E8 3.09E8 3.71E8 3.71E8 4.14E8 4.14E8 4.4E8 4.83E8 4.91E8 5.21E8
30 2000000.0 4000000.0 4000000.0 1.1E7 1.3E7 1.5E7 1.7E7 2.4E7 3.1E7 3.2E7 3.12E8 3.14E8 3.26E8 3.26E8 3.32E8 3.33E8 3.33E8 3.61E8 3.61E8 3.61E8
31 1.0E7 1.0E7 5.1E7 7.3E7 7.9E7 1.48E8 1.8E8 2.08E8 2.44E8 2.62E8 3.14E8 3.15E8 3.6E8 3.61E8 4.08E8 4.17E8 4.34E8 4.83E8 4.83E8 5.14E8
32 2000000.0 2000000.0 2000000.0 4000000.0 6000000.0 7000000.0 7000000.0 8000000.0 9000000.0 1.0E7 1.2E7 1.3E7 1.3E7 1.7E7 1.7E7 1.8E7 1.9E7 2.1E7 2.2E7 2.3E7
33 7000000.0 8000000.0 5.7E7 7.5E7 1.0E8 1.54E8 1.82E8 2.11E8 2.5E8 2.7E8 3.15E8 3.16E8 3.67E8 3.67E8 4.2E8 4.24E8 4.45E8 4.87E8 4.88E8 5.21E8
34 7000000.0 7000000.0 5.2E7 5.4E7 5.4E7 5.4E7 5.4E7 5.4E7 5.4E7 5.4E7 5.4E7 5.5E7 5.5E7 5.5E7 5.5E7 5.6E7 5.6E7 5.8E7 5.9E7 5.9E7
35 6000000.0 6000000.0 5.0E7 7.2E7 7.8E7 1.49E8 1.81E8 2.1E8 2.49E8 2.69E8 3.15E8 3.17E8 3.66E8 3.68E8 4.14E8 4.23E8 4.43E8 4.86E8 4.87E8 5.2E8
36 1000000.0 1000000.0 1.0E7 1.2E7 1.3E7 1.4E7 1.6E7 1.25E8 1.25E8 1.26E8 1.26E8 1.28E8 1.28E8 1.29E8 1.3E8 1.3E8 1.31E8 1.49E8 1.49E8 1.49E8
37 2000000.0 4000000.0 1.1E7 4.6E7 4.7E7 1.25E8 1.25E8 2.1E8 2.12E8 2.69E8 2.71E8 2.73E8 3.29E8 3.3E8 3.83E8 3.85E8 3.87E8 4.83E8 4.83E8 4.83E8
38 0.0 3000000.0 3000000.0 4000000.0 8000000.0 9000000.0 9000000.0 1.0E7 1.1E7 1.2E7 1.3E7 1.4E7 1.9E7 2.1E7 2.3E7 2.4E7 2.4E7 2.4E7 2.5E7 2.5E7
39 3000000.0 3000000.0 3000000.0 3000000.0 6000000.0 1.4E7 1.5E7 1.5E7 1.5E7 1.6E7 1.7E7 1.7E7 1.8E7 1.9E7 1.9E7 1.9E7 1.9E7 2.0E7 2.0E7 2.9E7
40 2000000.0 3000000.0 6000000.0 8000000.0 9000000.0 9000000.0 9000000.0 9000000.0 9000000.0 9000000.0 9000000.0 1.0E7 1.1E7 1.1E7 1.2E7 1.2E7 1.3E7 1.5E7 1.6E7 1.7E7
41 2000000.0 3000000.0 4000000.0 6000000.0 6000000.0 7000000.0 9000000.0 1.1E7 1.1E7 1.2E7 1.2E7 1.2E7 1.4E7 1.4E7 1.5E7 1.7E7 1.7E7 1.8E7 1.8E7 1.8E7
42 0.0 1000000.0 1000000.0 4000000.0 4000000.0 4000000.0 4000000.0 5000000.0 6000000.0 6000000.0 8000000.0 9000000.0 9000000.0 1.0E7 1.1E7 1.1E7 1.2E7 1.4E7 1.5E7 1.6E7
43 1000000.0 1000000.0 2000000.0 2000000.0 2000000.0 2000000.0 3000000.0 5000000.0 7000000.0 7000000.0 8000000.0 8000000.0 8000000.0 9000000.0 1.0E7 1.1E7 1.4E7 1.5E7 1.5E7 1.7E7
44 0.0 0.0 0.0 0.0 0.0 1000000.0 2000000.0 2000000.0 3000000.0 3000000.0 4000000.0 5000000.0 9000000.0 1.0E7 1.2E7 1.3E7 1.4E7 1.4E7 1.4E7 1.5E7
45 1000000.0 1000000.0 2000000.0 3000000.0 3000000.0 6000000.0 6000000.0 6000000.0 6000000.0 6000000.0 6000000.0 6000000.0 7000000.0 8000000.0 8000000.0 9000000.0 9000000.0 1.0E7 1.1E7 1.3E7
46 2000000.0 2000000.0 4000000.0 4000000.0 4000000.0 5000000.0 5000000.0 5000000.0 6000000.0 7000000.0 7000000.0 7000000.0 7000000.0 9000000.0 1.1E7 1.1E7 1.2E7 1.3E7 1.3E7 1.3E7
47 0.0 0.0 2000000.0 2000000.0 2000000.0 2000000.0 4000000.0 5000000.0 6000000.0 2.44E8 2.44E8 2.45E8 2.45E8 2.46E8 2.46E8 2.47E8 2.48E8 2.48E8 2.49E8 2.49E8
48 0.0 0.0 1000000.0 2000000.0 2000000.0 3000000.0 4000000.0 4000000.0 4000000.0 5000000.0 5000000.0 5000000.0 5000000.0 6000000.0 6000000.0 6000000.0 7000000.0 8000000.0 8000000.0 9000000.0
49 0.0 1000000.0 2000000.0 2000000.0 2000000.0 2000000.0 3000000.0 3000000.0 3000000.0 4000000.0 4000000.0 5000000.0 8000000.0 1.0E7 1.1E7 1.3E7 1.4E7 1.5E7 1.5E7 1.6E7
50 0.0 3000000.0 4000000.0 7000000.0 7000000.0 8000000.0 1.1E7 1.1E7 1.2E7 1.3E7 1.4E7 1.5E7 1.6E7 1.6E7 1.7E7 1.7E7 1.7E7 1.8E7 1.9E7 2.0E7
51 6000000.0 6000000.0 6000000.0 6000000.0 7000000.0 1.48E8 1.48E8 1.49E8 1.49E8 1.6E8 1.61E8 1.62E8 3.62E8 3.62E8 3.63E8 3.63E8 3.7E8 4.04E8 4.05E8 4.05E8
