records: 20
      Record Time
Host  UsedBuffer

  49376.0 98752.0 148128.0 197504.0 246880.0 296256.0 345632.0 395008.0 444384.0 493760.0 543136.0 592512.0 641888.0 691264.0 740640.0 790016.0 839392.0 888768.0 938144.0 987520.0
0 0.0 1.0E9 1.0E9 1.25E9 1.75E9 1.75E9 -2.044967296E9 -1.794967296E9 -1.544967296E9 -1.544967296E9 -1.544967296E9 -1.544967296E9 -1.294967296E9 -7.94967296E8 -2.94967296E8 -2.94967296E8 -2.94967296E8 -2.94967296E8 -4.4967296E7 2.05032704E8
1 0.0 0.0 2.5E8 2.5E8 2.5E8 2.5E8 5.0E8 7.5E8 1.0E9 1.0E9 1.0E9 1.25E9 1.5E9 1.75E9 1.75E9 1.75E9 -2.044967296E9 -2.044967296E9 -1.044967296E9 -7.94967296E8
2 2.5E8 5.0E8 7.5E8 1.0E9 1.25E9 1.5E9 1.75E9 2.0E9 -1.794967296E9 -1.794967296E9 -1.544967296E9 -7.94967296E8 -5.44967296E8 -5.44967296E8 -2.94967296E8 -2.94967296E8 4.55032704E8 4.55032704E8 4.55032704E8 1.205032704E9
3 5.0E8 5.0E8 -2.044967296E9 -1.794967296E9 -1.294967296E9 -1.314771072E9 1.640261632E9 -1.404705664E9 1.915425152E9 1.870457856E9 1.780523264E9 -2.014444032E9 -1.89934592E9 -1.64934592E9 -1.39934592E9 -1.14934592E9 -8.9934592E8 -8.9934592E8 -8.9934592E8 -8.9934592E8
4 0.0 0.0 2.5E8 5.0E8 7.5E8 1.75E9 1.75E9 2.0E9 2.0E9 2.0E9 -1.794967296E9 -1.544967296E9 -7.94967296E8 -5.44967296E8 -4.4967296E7 2.05032704E8 2.05032704E8 2.05032704E8 7.05032704E8 1.205032704E9
5 7.5E8 1.75E9 1.955032704E9 -8.39934592E8 2.115098112E9 -1.064771072E9 2.140261632E9 8.0032704E8 -2.129542144E9 -2.129542144E9 -2.129542144E9 1.985555968E9 1.395621376E9 1.895621376E9 6.0065408E8 6.0065408E8 -6.94313216E8 -1.419149696E9 -1.419149696E9 -1.169149696E9
6 2.0E9 -1.794967296E9 1.455032704E9 1.60065408E8 -6.34901888E8 -1.109738368E9 3.45294336E8 -1.744640256E9 -1.629542144E9 -9.2450944E8 7.35555968E8 1.235555968E9 -1.39934592E9 -1.39934592E9 -4.44313216E8 5.5686784E7 1.805686784E9 8.30850304E8 8.30850304E8 8.30850304E8
7 2.5E8 7.5E8 -7.94967296E8 -7.94967296E8 1.660065408E9 1.480196224E9 1.980196224E9 -1.994640256E9 -1.994640256E9 -1.244640256E9 1.460392448E9 1.460392448E9 1.710392448E9 1.960392448E9 1.960392448E9 -2.084574848E9 -1.834574848E9 1.57549056E9 2.07549056E9 2.07549056E9
8 7.5E8 1.0E9 1.25E9 1.25E9 1.25E9 1.935228928E9 -2.109738368E9 1.30032704E9 -8.4574848E7 1.65425152E8 7.35555968E8 9.85555968E8 8.95621376E8 8.95621376E8 8.95621376E8 1.145621376E9 1.895621376E9 2.145621376E9 2.145621376E9 -1.89934592E9
9 5.0E8 7.5E8 1.5E9 1.75E9 -6.34901888E8 -1.314771072E9 1.640261632E9 2.140261632E9 -1.404705664E9 -1.404705664E9 -5.14444032E8 -2.059411328E9 -3.54378624E8 -3.54378624E8 -3.54378624E8 -3.54378624E8 -3.54378624E8 -1.04378624E8 -1.04378624E8 1.45621376E8
10 1.25E9 1.75E9 -1.294967296E9 -1.294967296E9 1.15098112E8 1.435228928E9 1.935228928E9 1.595294336E9 -8.4574848E7 -8.4574848E7 7.35555968E8 7.35555968E8 1.895621376E9 -1.64934592E9 3.5065408E8 3.5065408E8 5.10719488E8 1.6258176E9 1.8758176E9 2.1258176E9
11 1.75E9 -2.044967296E9 -2.044967296E9 -2.044967296E9 -2.044967296E9 -2.044967296E9 -1.794967296E9 1.52516352E9 -2.019803776E9 -7.69803776E8 2.35555968E8 7.35555968E8 7.35555968E8 7.35555968E8 1.0065408E8 3.5065408E8 6.0065408E8 8.30850304E8 8.30850304E8 8.30850304E8
12 7.5E8 1.0E9 1.75E9 1.75E9 1.365098112E9 1.935228928E9 1.640261632E9 1.05032704E9 1.165425152E9 1.165425152E9 1.165425152E9 1.665425152E9 -2.129542144E9 -1.879542144E9 -8.79542144E8 -1.29542144E8 -1.7450944E8 1.080850304E9 1.330850304E9 -1.009084288E9
13 7.5E8 7.5E8 1.75E9 2.0E9 2.0E9 -2.109738368E9 2.140261632E9 -6.54705664E8 1.665425152E9 1.665425152E9 -1.514444032E9 -1.514444032E9 1.45621376E8 1.45621376E8 1.145621376E9 1.395621376E9 5.5686784E7 2.1258176E9 -1.964116992E9 -8.04051584E8
14 5.0E8 7.5E8 1.5E9 1.75E9 -3.84901888E8 -5.64771072E8 -1.654705664E9 1.80032704E9 -1.629542144E9 1.870457856E9 7.35555968E8 1.985555968E9 1.645621376E9 1.895621376E9 2.145621376E9 -1.64934592E9 -4.44313216E8 1.258176E8 1.258176E8 3.758176E8
15 1.5E9 1.5E9 -1.794967296E9 2.05032704E8 1.115098112E9 -2.109738368E9 -4.04705664E8 2.05032704E9 1.665425152E9 1.370457856E9 -1.4444032E7 2.35555968E8 2.145621376E9 2.145621376E9 1.35065408E9 1.35065408E9 1.35065408E9 1.670784896E9 1.670784896E9 1.670784896E9
16 1.75E9 1.75E9 1.75E9 1.75E9 1.75E9 -5.44967296E8 -4.4967296E7 4.55032704E8 -1.629542144E9 -1.17450944E9 2.35555968E8 4.85555968E8 -8.9934592E8 -6.4934592E8 1.10065408E9 1.60065408E9 2.10065408E9 -4.19149696E8 3.30850304E8 6.95948416E8
17 2.5E8 7.5E8 1.0E9 1.25E9 1.75E9 2.0E9 2.0E9 -1.794967296E9 -1.544967296E9 -1.544967296E9 -1.544967296E9 -1.544967296E9 -1.294967296E9 -7.94967296E8 -2.94967296E8 2.05032704E8 2.05032704E8 4.55032704E8 9.55032704E8 1.705032704E9
18 1.25E9 -2.044967296E9 -2.044967296E9 -1.794967296E9 7.05032704E8 1.85228928E8 -1.404705664E9 1.345294336E9 4.15425152E8 1.165425152E9 4.85555968E8 4.85555968E8 1.145621376E9 1.145621376E9 -1.89934592E9 -1.64934592E9 5.5686784E7 -1.214116992E9 3.5883008E7 1.195948416E9
19 2.5E8 2.5E8 7.5E8 1.0E9 1.25E9 1.25E9 1.25E9 1.5E9 1.5E9 2.0E9 -2.044967296E9 -1.544967296E9 -1.044967296E9 -1.044967296E9 -1.044967296E9 -1.044967296E9 -1.044967296E9 -1.044967296E9 -1.044967296E9 -7.94967296E8
20 1.25E9 1.5E9 9.55032704E8 1.205032704E9 1.365098112E9 1.685228928E9 5.95294336E8 -1.244640256E9 -1.379542144E9 -1.92450944E9 9.85555968E8 9.85555968E8 -1.14934592E9 -1.14934592E9 5.5686784E7 2.055686784E9 1.510719488E9 1.6258176E9 -1.714116992E9 1.95948416E8
21 1.25E9 1.75E9 -5.44967296E8 -5.89934592E8 6.15098112E8 -6.4771072E7 -4.04705664E8 2.05032704E9 -2.129542144E9 -8.79542144E8 -1.4444032E7 -1.4444032E7 1.395621376E9 1.395621376E9 -1.444313216E9 5.55686784E8 -2.39280512E8 3.758176E8 1.1258176E9 -1.054051584E9
22 2.5E8 2.5E8 5.0E8 5.0E8 1.25E9 1.5E9 1.5E9 1.75E9 1.75E9 2.0E9 -2.044967296E9 -2.044967296E9 -1.794967296E9 -1.794967296E9 -1.794967296E9 -1.794967296E9 -1.794967296E9 -1.794967296E9 -1.544967296E9 -1.544967296E9
23 1.25E9 2.0E9 -1.544967296E9 -1.044967296E9 -5.44967296E8 2.05032704E8 7.05032704E8 7.05032704E8 7.05032704E8 7.05032704E8 7.05032704E8 9.55032704E8 9.55032704E8 9.55032704E8 1.205032704E9 1.205032704E9 1.455032704E9 -1.339934592E9 -1.089934592E9 -5.89934592E8
24 1.25E9 1.25E9 4.55032704E8 -8.9934592E7 1.365098112E9 -2.064771072E9 -6.54705664E8 2.05032704E9 1.665425152E9 2.120457856E9 7.80523264E8 7.80523264E8 2.145621376E9 -1.89934592E9 -1.444313216E9 -1.444313216E9 -2.39280512E8 -6.69149696E8 -1.69149696E8 -5.54051584E8
25 2.5E8 5.0E8 5.0E8 7.5E8 1.25E9 1.25E9 1.75E9 2.0E9 -1.794967296E9 -1.794967296E9 -1.544967296E9 -1.544967296E9 -1.544967296E9 -1.294967296E9 -1.294967296E9 -1.294967296E9 -1.294967296E9 -1.044967296E9 -7.94967296E8 -7.94967296E8
26 0.0 5.0E8 5.0E8 9.10065408E8 1.115098112E9 6.85228928E8 -1.54705664E8 2.05032704E9 1.665425152E9 6.20457856E8 -1.4444032E7 -1.4444032E7 1.395621376E9 1.395621376E9 -1.94313216E8 3.05686784E8 1.010719488E9 8.0850304E7 8.0850304E7 -3.04051584E8
27 2.0E9 2.0E9 -2.94967296E8 1.60065408E8 6.15098112E8 1.435228928E9 9.5294336E7 -1.994640256E9 -1.494640256E9 -1.92450944E9 2.35555968E8 7.35555968E8 -1.89934592E9 -1.14934592E9 -6.94313216E8 1.055686784E9 2.60719488E8 1.3758176E9 2.1258176E9 -5.4051584E7
28 1.5E9 1.75E9 -1.544967296E9 -5.44967296E8 -5.44967296E8 2.02516352E9 1.435228928E9 5.95294336E8 1.30032704E9 1.80032704E9 4.85555968E8 7.35555968E8 2.145621376E9 -1.64934592E9 -9.44313216E8 -1.94313216E8 -1.94313216E8 8.758176E8 1.3758176E9 1.8758176E9
29 1.5E9 2.0E9 -5.44967296E8 -5.44967296E8 7.05032704E8 -1.679869184E9 -1.679869184E9 -1.679869184E9 -8.4574848E7 -8.4574848E7 -1.764444032E9 -1.764444032E9 1.90588672E8 1.90588672E8 1.690588672E9 1.690588672E9 -1.239280512E9 -1.284247808E9 8.758176E8 1.95948416E8
30 2.5E8 2.5E8 2.5E8 5.0E8 1.0E9 1.5E9 2.0E9 2.0E9 -1.544967296E9 -1.294967296E9 -5.44967296E8 -4.4967296E7 -4.4967296E7 -4.4967296E7 2.05032704E8 4.55032704E8 4.55032704E8 7.05032704E8 7.05032704E8 7.05032704E8
31 2.0E9 2.0E9 -4.4967296E7 4.10065408E8 1.115098112E9 1.85228928E8 -1.54705664E8 2.05032704E9 1.415425152E9 1.120457856E9 2.35555968E8 4.85555968E8 8.95621376E8 1.145621376E9 2.10065408E9 -6.94313216E8 -7.39280512E8 -3.741824E8 -3.741824E8 -1.554051584E9
32 1.0E9 1.0E9 -1.589934592E9 -1.089934592E9 -1.929869184E9 -1.859738368E9 -1.859738368E9 1.55032704E9 -1.879542144E9 1.620457856E9 4.85555968E8 -1.559411328E9 -1.64934592E9 -6.4934592E8 1.0065408E8 3.5065408E8 2.60719488E8 5.80850304E8 8.30850304E8 4.45948416E8
33 1.75E9 2.0E9 -8.9934592E7 1.60065408E8 -4.29869184E8 -8.59738368E8 3.45294336E8 -1.744640256E9 -1.879542144E9 -1.42450944E9 4.85555968E8 7.35555968E8 -1.64934592E9 -1.64934592E9 8.05686784E8 1.555686784E9 1.510719488E9 1.080850304E9 1.080850304E9 4.45948416E8
34 1.5E9 1.5E9 -1.294967296E9 -7.94967296E8 -7.94967296E8 -7.94967296E8 -7.94967296E8 -7.94967296E8 -7.94967296E8 -7.94967296E8 -7.94967296E8 -5.44967296E8 -5.44967296E8 -5.44967296E8 -5.44967296E8 -2.94967296E8 -2.94967296E8 2.05032704E8 4.55032704E8 4.55032704E8
35 1.5E9 1.5E9 -2.089934592E9 1.60065408E8 1.365098112E9 1.85228928E8 -1.54705664E8 2.05032704E9 -1.879542144E9 -1.42450944E9 2.35555968E8 4.85555968E8 -1.89934592E9 -1.39934592E9 -6.94313216E8 1.055686784E9 7.60719488E8 -1.964116992E9 -1.714116992E9 -5.4051584E7
36 2.5E8 2.5E8 7.5E8 7.5E8 1.0E9 1.25E9 1.75E9 2.0E9 2.0E9 -2.044967296E9 -2.044967296E9 -1.544967296E9 -1.544967296E9 -1.294967296E9 -1.044967296E9 -1.044967296E9 -7.94967296E8 -7.94967296E8 -7.94967296E8 -7.94967296E8
37 5.0E8 7.5E8 7.5E8 -1.294967296E9 -1.044967296E9 -5.44967296E8 -5.44967296E8 -4.4967296E7 4.55032704E8 -1.839934592E9 -1.339934592E9 -8.39934592E8 -8.9934592E7 1.60065408E8 4.10065408E8 9.10065408E8 1.410065408E9 1.410065408E9 1.410065408E9 1.410065408E9
38 0.0 7.5E8 7.5E8 1.0E9 2.0E9 -2.044967296E9 -2.044967296E9 -1.794967296E9 -1.544967296E9 -1.294967296E9 -1.044967296E9 -7.94967296E8 -5.44967296E8 -4.4967296E7 4.55032704E8 7.05032704E8 7.05032704E8 7.05032704E8 9.55032704E8 9.55032704E8
39 7.5E8 7.5E8 7.5E8 7.5E8 1.5E9 2.0E9 -2.044967296E9 -2.044967296E9 -2.044967296E9 -1.794967296E9 -1.544967296E9 -1.544967296E9 -1.294967296E9 -1.044967296E9 -1.044967296E9 -1.044967296E9 -1.044967296E9 -7.94967296E8 -7.94967296E8 -2.94967296E8
40 5.0E8 7.5E8 1.5E9 1.75E9 2.0E9 2.0E9 2.0E9 2.0E9 2.0E9 2.0E9 2.0E9 -2.044967296E9 -1.794967296E9 -1.794967296E9 -1.544967296E9 -1.544967296E9 -1.294967296E9 -7.94967296E8 -5.44967296E8 -2.94967296E8
41 5.0E8 7.5E8 1.0E9 1.5E9 1.5E9 1.75E9 -2.044967296E9 -1.544967296E9 -1.544967296E9 -1.294967296E9 -1.294967296E9 -1.294967296E9 -7.94967296E8 -7.94967296E8 -5.44967296E8 -4.4967296E7 -4.4967296E7 2.05032704E8 2.05032704E8 2.05032704E8
42 0.0 2.5E8 2.5E8 1.0E9 1.0E9 1.0E9 1.0E9 1.25E9 1.5E9 1.5E9 2.0E9 -2.044967296E9 -2.044967296E9 -1.794967296E9 -1.544967296E9 -1.544967296E9 -1.294967296E9 -7.94967296E8 -5.44967296E8 -2.94967296E8
43 2.5E8 2.5E8 5.0E8 5.0E8 5.0E8 5.0E8 7.5E8 1.25E9 1.75E9 1.75E9 2.0E9 2.0E9 2.0E9 -2.044967296E9 -1.794967296E9 -1.544967296E9 -7.94967296E8 -5.44967296E8 -5.44967296E8 -4.4967296E7
44 0.0 0.0 0.0 0.0 0.0 2.5E8 5.0E8 5.0E8 7.5E8 7.5E8 1.0E9 1.25E9 -3.39934592E8 -8.9934592E7 4.10065408E8 6.60065408E8 9.10065408E8 9.10065408E8 9.10065408E8 1.160065408E9
45 2.5E8 2.5E8 5.0E8 7.5E8 7.5E8 1.5E9 1.5E9 1.5E9 1.5E9 1.5E9 1.5E9 1.5E9 1.75E9 2.0E9 2.0E9 -2.044967296E9 -2.044967296E9 -1.794967296E9 -1.544967296E9 -1.044967296E9
46 5.0E8 5.0E8 1.0E9 1.0E9 1.0E9 1.25E9 1.25E9 1.25E9 1.5E9 1.75E9 1.75E9 1.75E9 1.75E9 -2.044967296E9 -1.544967296E9 -1.544967296E9 -1.294967296E9 -1.044967296E9 -1.044967296E9 -1.044967296E9
47 0.0 0.0 5.0E8 5.0E8 5.0E8 5.0E8 1.0E9 1.25E9 1.25E9 -1.839934592E9 -1.839934592E9 -1.589934592E9 -1.589934592E9 -1.339934592E9 -1.339934592E9 -1.089934592E9 -8.39934592E8 -8.39934592E8 -5.89934592E8 -5.89934592E8
48 0.0 0.0 2.5E8 5.0E8 5.0E8 7.5E8 1.0E9 1.0E9 1.0E9 1.25E9 1.25E9 1.25E9 1.25E9 1.5E9 1.5E9 1.5E9 1.75E9 2.0E9 2.0E9 -2.044967296E9
49 0.0 2.5E8 5.0E8 5.0E8 5.0E8 5.0E8 7.5E8 7.5E8 7.5E8 1.0E9 1.0E9 1.25E9 2.0E9 -1.794967296E9 -1.544967296E9 -1.044967296E9 -7.94967296E8 -5.44967296E8 -5.44967296E8 -2.94967296E8
50 0.0 7.5E8 1.0E9 1.75E9 1.75E9 2.0E9 -1.544967296E9 -1.544967296E9 -1.294967296E9 -1.044967296E9 -7.94967296E8 -5.44967296E8 -2.94967296E8 -2.94967296E8 -4.4967296E7 -4.4967296E7 -4.4967296E7 2.05032704E8 4.55032704E8 7.05032704E8
51 2.5E8 2.5E8 2.5E8 2.5E8 5.0E8 5.0E8 5.0E8 5.0E8 5.0E8 7.5E8 1.0E9 1.25E9 1.25E9 1.25E9 1.5E9 1.5E9 1.75E9 2.0E9 -2.044967296E9 -2.044967296E9
