records: 20
      Record Time
Host  UsedBuffer

  16870.0 33740.0 50610.0 67480.0 84350.0 101220.0 118090.0 134960.0 151830.0 168700.0 185570.0 202440.0 219310.0 236180.0 253050.0 269920.0 286790.0 303660.0 320530.0 337400.0
0 1000000.0 1000000.0 1000000.0 3000000.0 3000000.0 3000000.0 3000000.0 3000000.0 4000000.0 4000000.0 4000000.0 4000000.0 4000000.0 4000000.0 4000000.0 4000000.0 4000000.0 4000000.0 4000000.0 4000000.0
1 1000000.0 1.0E7 1.0E7 4.3E7 6.5E7 7.1E7 7.4E7 9.2E7 1.17E8 1.35E8 1.46E8 1.48E8 1.48E8 1.78E8 1.9E8 1.91E8 1.91E8 1.98E8 2.31E8 2.41E8
2 9000000.0 1.3E7 3.1E7 4.5E7 6.4E7 7.5E7 8.2E7 9.2E7 1.19E8 1.33E8 1.45E8 1.51E8 1.54E8 1.8E8 1.87E8 1.91E8 2.01E8 2.09E8 2.37E8 2.41E8
3 0.0 0.0 0.0 0.0 0.0 0.0 1000000.0 1000000.0 1000000.0 1000000.0 1000000.0 1000000.0 1000000.0 1000000.0 1000000.0 2000000.0 2000000.0 2000000.0 2000000.0 2000000.0
4 8000000.0 1.1E7 2.8E7 4.4E7 6.5E7 7.6E7 8.3E7 9.2E7 1.21E8 1.36E8 1.48E8 1.54E8 1.57E8 1.83E8 1.9E8 1.96E8 2.01E8 2.12E8 2.4E8 2.45E8
5 0.0 0.0 0.0 0.0 0.0 0.0 2000000.0 2000000.0 2000000.0 2000000.0 3000000.0 4000000.0 4000000.0 5000000.0 5000000.0 6000000.0 6000000.0 7000000.0 7000000.0 7000000.0
6 0.0 0.0 0.0 0.0 0.0 0.0 0.0 0.0 1000000.0 2000000.0 2000000.0 2000000.0 2000000.0 2000000.0 2000000.0 2000000.0 2000000.0 2000000.0 2000000.0 2000000.0
7 0.0 0.0 1000000.0 1000000.0 1000000.0 1000000.0 1000000.0 1000000.0 1000000.0 1000000.0 1000000.0 1000000.0 1000000.0 1000000.0 1000000.0 1000000.0 2000000.0 2000000.0 2000000.0 3000000.0
8 0.0 0.0 0.0 0.0 0.0 0.0 0.0 0.0 0.0 0.0 0.0 0.0 0.0 0.0 0.0 0.0 0.0 1000000.0 1000000.0 1000000.0
9 0.0 1000000.0 1000000.0 6000000.0 6.5E7 7.2E7 7.5E7 7.6E7 1.21E8 1.36E8 1.41E8 1.43E8 1.43E8 1.83E8 1.92E8 1.95E8 1.96E8 1.98E8 2.4E8 2.43E8
10 0.0 0.0 0.0 0.0 0.0 0.0 0.0 0.0 1000000.0 2000000.0 3000000.0 3000000.0 3000000.0 3000000.0 3000000.0 3000000.0 3000000.0 3000000.0 3000000.0 4000000.0
11 0.0 0.0 0.0 5000000.0 5.9E7 6.2E7 7.5E7 8.1E7 9.7E7 1.33E8 1.37E8 1.37E8 1.52E8 1.79E8 1.86E8 1.89E8 1.89E8 2.06E8 2.37E8 2.37E8
12 0.0 0.0 0.0 0.0 0.0 0.0 0.0 0.0 0.0 0.0 0.0 0.0 0.0 0.0 0.0 0.0 1000000.0 1000000.0 1000000.0 2000000.0
13 9000000.0 1.3E7 3.1E7 4.6E7 6.3E7 7.4E7 8.1E7 9.1E7 1.19E8 1.34E8 1.46E8 1.52E8 1.55E8 1.79E8 1.79E8 1.79E8 1.79E8 1.8E8 1.8E8 1.8E8
14 1000000.0 1000000.0 3.0E7 4.4E7 6.3E7 7.4E7 8.1E7 9.0E7 1.19E8 1.34E8 1.46E8 1.52E8 1.55E8 1.78E8 1.81E8 1.81E8 1.81E8 1.82E8 1.82E8 1.82E8
15 9000000.0 1.3E7 3.1E7 4.6E7 6.6E7 7.7E7 8.4E7 9.4E7 1.22E8 1.37E8 1.49E8 1.55E8 1.58E8 1.84E8 1.91E8 1.95E8 2.04E8 2.09E8 2.41E8 2.47E8
16 0.0 0.0 0.0 0.0 0.0 0.0 0.0 0.0 0.0 0.0 0.0 0.0 0.0 0.0 0.0 0.0 0.0 0.0 0.0 0.0
17 1000000.0 1000000.0 1000000.0 2000000.0 2000000.0 2000000.0 2000000.0 2000000.0 2000000.0 2000000.0 2000000.0 3000000.0 3000000.0 3000000.0 3000000.0 3000000.0 3000000.0 3000000.0 4000000.0 4000000.0
18 0.0 1.1E7 1.2E7 1.6E7 6.2E7 6.2E7 7.9E7 8.0E7 8.1E7 1.3E8 1.37E8 1.37E8 1.44E8 1.44E8 1.69E8 1.92E8 1.97E8 1.97E8 1.97E8 1.97E8
19 0.0 1.2E7 1.2E7 3.9E7 5.3E7 6.0E7 7.8E7 8.0E7 1.19E8 1.27E8 1.36E8 1.44E8 1.57E8 1.64E8 1.91E8 1.91E8 1.96E8 1.96E8 1.96E8 1.96E8
20 0.0 0.0 0.0 0.0 0.0 0.0 0.0 0.0 0.0 0.0 0.0 0.0 0.0 1000000.0 1000000.0 1000000.0 1000000.0 1000000.0 1000000.0 2000000.0
21 0.0 0.0 0.0 0.0 0.0 0.0 0.0 2000000.0 2000000.0 2000000.0 2000000.0 2000000.0 2000000.0 2000000.0 2000000.0 2000000.0 2000000.0 2000000.0 2000000.0 2000000.0
22 8000000.0 1.3E7 3.1E7 4.5E7 5.1E7 7.5E7 7.5E7 9.0E7 1.21E8 1.34E8 1.34E8 1.34E8 1.34E8 1.34E8 1.35E8 1.35E8 1.36E8 1.36E8 1.36E8 1.36E8
23 0.0 2000000.0 3000000.0 3000000.0 3000000.0 3000000.0 3000000.0 3000000.0 3000000.0 3000000.0 3000000.0 4000000.0 4000000.0 4000000.0 4000000.0 4000000.0 4000000.0 4000000.0 4000000.0 4000000.0
24 0.0 0.0 1000000.0 2000000.0 2000000.0 2000000.0 2000000.0 2000000.0 2000000.0 2000000.0 2000000.0 2000000.0 2000000.0 2000000.0 2000000.0 2000000.0 2000000.0 3000000.0 3000000.0 3000000.0
25 8000000.0 9000000.0 9000000.0 9000000.0 6.4E7 7.1E7 7.7E7 9.1E7 1.2E8 1.35E8 1.43E8 1.43E8 1.43E8 1.8E8 1.89E8 1.96E8 1.96E8 1.96E8 2.37E8 2.4E8
26 1.0E7 1.2E7 3.1E7 4.5E7 6.6E7 7.5E7 7.8E7 7.8E7 1.21E8 1.36E8 1.36E8 1.36E8 1.55E8 1.81E8 1.86E8 1.86E8 1.86E8 1.86E8 1.86E8 1.86E8
27 9000000.0 1.3E7 1.3E7 4.5E7 6.6E7 7.1E7 8.1E7 9.2E7 1.21E8 1.36E8 1.45E8 1.48E8 1.49E8 1.64E8 1.85E8 1.85E8 1.85E8 1.85E8 1.85E8 1.85E8
28 0.0 0.0 0.0 0.0 0.0 0.0 0.0 0.0 1000000.0 1000000.0 1000000.0 1000000.0 1000000.0 1000000.0 2000000.0 2000000.0 2000000.0 2000000.0 3000000.0 3000000.0
29 0.0 0.0 0.0 0.0 0.0 0.0 0.0 0.0 0.0 0.0 0.0 0.0 0.0 0.0 0.0 0.0 0.0 0.0 1000000.0 2000000.0
30 6000000.0 6000000.0 6000000.0 4.4E7 5.1E7 6.7E7 7.9E7 8.9E7 1.13E8 1.35E8 1.46E8 1.52E8 1.52E8 1.82E8 1.91E8 1.93E8 2.01E8 2.01E8 2.01E8 2.43E8
31 8000000.0 1.2E7 3.0E7 4.5E7 5.7E7 6.2E7 6.3E7 6.4E7 1.18E8 1.32E8 1.4E8 1.44E8 1.5E8 1.78E8 1.82E8 1.88E8 1.88E8 1.89E8 2.34E8 2.37E8
32 5000000.0 1.3E7 3.0E7 3.8E7 3.8E7 7.3E7 8.3E7 8.4E7 1.21E8 1.36E8 1.45E8 1.46E8 1.47E8 1.78E8 1.87E8 1.91E8 1.91E8 2.06E8 2.38E8 2.44E8
33 2000000.0 2000000.0 3.1E7 4.6E7 4.8E7 4.9E7 4.9E7 5.1E7 1.21E8 1.36E8 1.45E8 1.45E8 1.46E8 1.46E8 1.47E8 1.47E8 1.48E8 1.48E8 1.48E8 1.48E8
34 9000000.0 1.2E7 3.0E7 4.5E7 6.1E7 6.1E7 8.3E7 8.9E7 1.2E8 1.34E8 1.43E8 1.46E8 1.53E8 1.78E8 1.83E8 1.83E8 1.83E8 1.83E8 2.31E8 2.43E8
35 0.0 0.0 1000000.0 1000000.0 2000000.0 2000000.0 2000000.0 2000000.0 3000000.0 3000000.0 4000000.0 4000000.0 5000000.0 5000000.0 5000000.0 5000000.0 5000000.0 5000000.0 5000000.0 5000000.0
36 0.0 1000000.0 1000000.0 1000000.0 1000000.0 2000000.0 2000000.0 2000000.0 2000000.0 3000000.0 3000000.0 3000000.0 3000000.0 3000000.0 4000000.0 4000000.0 5000000.0 5000000.0 6000000.0 6000000.0
37 3000000.0 1.2E7 3.1E7 4.6E7 6.6E7 7.1E7 8.4E7 9.4E7 1.22E8 1.37E8 1.45E8 1.48E8 1.57E8 1.8E8 1.91E8 1.93E8 2.03E8 2.07E8 2.33E8 2.45E8
38 4000000.0 5000000.0 5000000.0 6000000.0 6.5E7 7.4E7 7.4E7 9.0E7 1.18E8 1.24E8 1.41E8 1.47E8 1.49E8 1.73E8 1.84E8 1.88E8 1.89E8 1.89E8 2.15E8 2.15E8
39 0.0 0.0 0.0 1000000.0 1000000.0 1000000.0 1000000.0 2000000.0 2000000.0 2000000.0 2000000.0 2000000.0 2000000.0 2000000.0 2000000.0 2000000.0 2000000.0 2000000.0 2000000.0 2000000.0
40 1000000.0 1000000.0 3.1E7 3.7E7 5.8E7 7.3E7 8.0E7 9.3E7 1.22E8 1.37E8 1.47E8 1.55E8 1.55E8 1.83E8 1.92E8 1.95E8 1.97E8 2.09E8 2.4E8 2.44E8
41 0.0 1000000.0 1000000.0 1000000.0 1000000.0 1000000.0 1000000.0 1000000.0 1000000.0 1000000.0 1000000.0 1000000.0 1000000.0 1000000.0 3000000.0 3000000.0 3000000.0 4000000.0 4000000.0 4000000.0
42 1.0E7 1.2E7 3.1E7 4.1E7 6.6E7 7.6E7 7.7E7 9.3E7 1.2E8 1.35E8 1.45E8 1.45E8 1.45E8 1.82E8 1.91E8 1.92E8 1.94E8 2.08E8 2.39E8 2.45E8
43 2000000.0 3000000.0 3.0E7 3.6E7 5.7E7 7.2E7 7.9E7 9.2E7 1.21E8 1.36E8 1.45E8 1.54E8 1.54E8 1.82E8 1.9E8 1.95E8 1.95E8 2.07E8 2.38E8 2.39E8
44 0.0 0.0 1000000.0 1000000.0 1000000.0 1000000.0 1000000.0 1000000.0 1000000.0 1000000.0 1000000.0 1000000.0 1000000.0 1000000.0 1000000.0 1000000.0 1000000.0 1000000.0 1000000.0 1000000.0
45 0.0 1000000.0 1000000.0 1000000.0 1000000.0 1000000.0 1000000.0 1000000.0 1000000.0 2000000.0 3000000.0 3000000.0 4000000.0 5000000.0 5000000.0 5000000.0 5000000.0 5000000.0 5000000.0 5000000.0
46 0.0 0.0 1000000.0 1000000.0 1000000.0 1000000.0 1000000.0 1000000.0 1000000.0 1000000.0 2000000.0 2000000.0 2000000.0 2000000.0 2000000.0 2000000.0 2000000.0 2000000.0 2000000.0 2000000.0
47 0.0 0.0 0.0 0.0 0.0 0.0 0.0 0.0 0.0 0.0 0.0 0.0 0.0 0.0 0.0 0.0 0.0 0.0 0.0 0.0
48 0.0 0.0 0.0 0.0 1000000.0 1000000.0 1000000.0 1000000.0 1000000.0 1000000.0 1000000.0 1000000.0 1000000.0 2000000.0 2000000.0 2000000.0 2000000.0 2000000.0 2000000.0 2000000.0
49 0.0 0.0 0.0 0.0 0.0 0.0 0.0 0.0 0.0 0.0 0.0 0.0 0.0 0.0 0.0 0.0 0.0 0.0 0.0 0.0
50 0.0 1000000.0 1000000.0 1000000.0 2000000.0 2000000.0 3000000.0 3000000.0 3000000.0 3000000.0 3000000.0 3000000.0 4000000.0 4000000.0 4000000.0 4000000.0 4000000.0 4000000.0 4000000.0 4000000.0
51 8000000.0 1.2E7 3.0E7 4.5E7 6.4E7 6.9E7 8.1E7 8.6E7 1.2E8 1.34E8 1.34E8 1.53E8 1.54E8 1.81E8 1.87E8 1.99E8 2.01E8 2.04E8 2.35E8 2.36E8
52 0.0 0.0 1000000.0 1000000.0 2000000.0 2000000.0 2000000.0 2000000.0 2000000.0 3000000.0 3000000.0 3000000.0 3000000.0 3000000.0 4000000.0 4000000.0 4000000.0 5000000.0 5000000.0 6000000.0
53 1000000.0 1000000.0 1000000.0 1000000.0 3000000.0 3000000.0 3000000.0 3000000.0 3000000.0 3000000.0 3000000.0 5000000.0 5000000.0 5000000.0 6000000.0 6000000.0 6000000.0 6000000.0 6000000.0 6000000.0
54 6000000.0 1.2E7 3.1E7 4.5E7 6.6E7 7.5E7 8.4E7 9.4E7 1.21E8 1.24E8 1.24E8 1.48E8 1.57E8 1.8E8 1.84E8 1.85E8 2.02E8 2.06E8 2.38E8 2.39E8
55 0.0 0.0 0.0 0.0 0.0 0.0 0.0 0.0 0.0 0.0 0.0 0.0 0.0 0.0 0.0 1000000.0 1000000.0 1000000.0 2000000.0 2000000.0
56 0.0 0.0 0.0 0.0 0.0 0.0 1000000.0 1000000.0 1000000.0 1000000.0 1000000.0 1000000.0 1000000.0 1000000.0 1000000.0 1000000.0 1000000.0 1000000.0 1000000.0 1000000.0
57 6000000.0 1.3E7 3.1E7 4.1E7 4.1E7 7.2E7 7.3E7 9.1E7 1.21E8 1.36E8 1.45E8 1.54E8 1.55E8 1.83E8 1.9E8 1.99E8 2.04E8 2.14E8 2.39E8 2.4E8
58 0.0 0.0 0.0 0.0 0.0 0.0 0.0 0.0 0.0 0.0 1000000.0 1000000.0 1000000.0 1000000.0 1000000.0 1000000.0 2000000.0 2000000.0 3000000.0 3000000.0
59 1.0E7 1.2E7 3.1E7 4.6E7 6.6E7 7.1E7 8.0E7 9.1E7 1.22E8 1.36E8 1.47E8 1.5E8 1.51E8 1.84E8 1.91E8 2.02E8 2.06E8 2.06E8 2.41E8 2.45E8
60 8000000.0 8000000.0 3.1E7 4.5E7 6.6E7 7.4E7 8.3E7 9.3E7 1.21E8 1.34E8 1.38E8 1.54E8 1.56E8 1.79E8 1.88E8 1.91E8 2.03E8 2.07E8 2.33E8 2.33E8
61 1000000.0 1000000.0 1000000.0 1000000.0 1000000.0 1000000.0 1000000.0 1000000.0 1000000.0 1000000.0 1000000.0 1000000.0 1000000.0 1000000.0 1000000.0 1000000.0 1000000.0 1000000.0 1000000.0 1000000.0
62 9000000.0 1.2E7 3.1E7 4.6E7 5.9E7 5.9E7 7.7E7 9.3E7 1.21E8 1.36E8 1.44E8 1.48E8 1.57E8 1.81E8 1.89E8 1.93E8 1.93E8 1.93E8 2.32E8 2.41E8
63 9000000.0 9000000.0 1.0E7 1.0E7 6.6E7 7.7E7 8.0E7 9.1E7 1.21E8 1.36E8 1.46E8 1.52E8 1.56E8 1.83E8 1.9E8 1.93E8 1.93E8 1.93E8 2.4E8 2.44E8
64 0.0 0.0 0.0 0.0 0.0 0.0 0.0 0.0 0.0 0.0 0.0 0.0 0.0 0.0 0.0 0.0 1000000.0 2000000.0 2000000.0 3000000.0
65 1.0E7 1.2E7 3.1E7 4.6E7 6.6E7 7.0E7 8.4E7 9.3E7 1.22E8 1.36E8 1.46E8 1.53E8 1.53E8 1.83E8 1.89E8 1.94E8 1.94E8 1.94E8 1.95E8 2.02E8
66 9000000.0 1.2E7 1.2E7 1.2E7 6.6E7 7.1E7 8.1E7 9.4E7 1.21E8 1.36E8 1.46E8 1.5E8 1.52E8 1.81E8 1.88E8 1.99E8 2.0E8 2.0E8 2.38E8 2.43E8
67 0.0 1000000.0 1000000.0 1000000.0 1000000.0 1000000.0 1000000.0 1000000.0 2000000.0 2000000.0 2000000.0 2000000.0 2000000.0 2000000.0 2000000.0 2000000.0 3000000.0 3000000.0 4000000.0 4000000.0
68 6000000.0 7000000.0 7000000.0 7000000.0 7000000.0 7000000.0 7000000.0 7000000.0 7000000.0 1.7E7 1.45E8 1.45E8 1.46E8 1.83E8 1.89E8 1.9E8 1.9E8 1.9E8 1.9E8 1.91E8
69 9000000.0 9000000.0 2.9E7 4.4E7 6.4E7 7.5E7 7.7E7 7.7E7 1.2E8 1.26E8 1.45E8 1.47E8 1.52E8 1.78E8 1.85E8 1.96E8 1.96E8 1.96E8 2.33E8 2.34E8
70 0.0 0.0 0.0 0.0 0.0 0.0 0.0 0.0 0.0 0.0 1000000.0 3000000.0 3000000.0 3000000.0 3000000.0 3000000.0 3000000.0 3000000.0 4000000.0 4000000.0
71 0.0 0.0 0.0 0.0 0.0 0.0 0.0 0.0 0.0 0.0 0.0 0.0 1000000.0 1000000.0 1000000.0 1000000.0 1000000.0 1000000.0 2000000.0 2000000.0
72 0.0 0.0 0.0 0.0 0.0 0.0 0.0 2000000.0 2000000.0 4000000.0 4000000.0 4000000.0 4000000.0 4000000.0 4000000.0 4000000.0 4000000.0 4000000.0 4000000.0 4000000.0
73 0.0 0.0 0.0 0.0 0.0 0.0 1000000.0 1000000.0 1000000.0 1000000.0 1000000.0 1000000.0 1000000.0 1000000.0 1000000.0 1000000.0 1000000.0 2000000.0 2000000.0 2000000.0
74 8000000.0 8000000.0 3.1E7 4.6E7 6.5E7 7.0E7 8.2E7 9.0E7 1.2E8 1.35E8 1.4E8 1.52E8 1.52E8 1.52E8 1.89E8 1.89E8 1.89E8 1.9E8 1.9E8 1.9E8
75 8000000.0 1.2E7 3.1E7 4.6E7 6.6E7 7.0E7 8.4E7 9.3E7 1.21E8 1.36E8 1.46E8 1.53E8 1.53E8 1.83E8 1.84E8 1.84E8 1.84E8 1.84E8 2.4E8 2.4E8
76 8000000.0 1.2E7 3.1E7 4.6E7 6.6E7 7.3E7 8.0E7 9.4E7 1.22E8 1.37E8 1.46E8 1.54E8 1.56E8 1.83E8 1.91E8 1.99E8 1.99E8 1.99E8 2.39E8 2.43E8
77 1000000.0 1000000.0 1000000.0 1000000.0 1000000.0 1000000.0 1000000.0 1000000.0 2000000.0 2000000.0 2000000.0 2000000.0 2000000.0 2000000.0 2000000.0 2000000.0 2000000.0 2000000.0 2000000.0 2000000.0
78 0.0 0.0 0.0 0.0 0.0 0.0 0.0 0.0 0.0 0.0 0.0 0.0 0.0 0.0 0.0 0.0 0.0 0.0 0.0 0.0
79 1.0E7 1.2E7 1.2E7 1.3E7 2.1E7 7.2E7 8.1E7 9.0E7 1.21E8 1.36E8 1.36E8 1.55E8 1.55E8 1.83E8 1.92E8 1.98E8 2.04E8 2.09E8 2.4E8 2.45E8
80 9000000.0 1.2E7 1.3E7 4.5E7 6.5E7 7.0E7 8.0E7 9.3E7 1.21E8 1.36E8 1.46E8 1.5E8 1.52E8 1.83E8 1.89E8 2.01E8 2.04E8 2.08E8 2.4E8 2.44E8
81 1000000.0 1.2E7 3.1E7 4.5E7 6.5E7 7.2E7 7.9E7 9.2E7 1.2E8 1.34E8 1.43E8 1.51E8 1.53E8 1.78E8 1.88E8 1.99E8 1.99E8 1.99E8 2.38E8 2.42E8
82 8000000.0 1.3E7 3.1E7 4.5E7 5.1E7 5.1E7 5.1E7 5.4E7 5.4E7 1.34E8 1.36E8 1.36E8 1.36E8 1.36E8 1.36E8 1.36E8 1.36E8 1.36E8 2.37E8 2.37E8
83 0.0 1000000.0 1000000.0 1000000.0 2000000.0 3000000.0 3000000.0 4000000.0 4000000.0 4000000.0 5000000.0 5000000.0 5000000.0 5000000.0 5000000.0 5000000.0 5000000.0 5000000.0 5000000.0 5000000.0
84 0.0 0.0 0.0 0.0 0.0 0.0 0.0 0.0 0.0 0.0 0.0 1000000.0 1000000.0 1000000.0 1000000.0 1000000.0 1000000.0 2000000.0 2000000.0 3000000.0
85 9000000.0 1.3E7 3.1E7 4.1E7 6.6E7 7.5E7 8.4E7 9.3E7 1.22E8 1.37E8 1.47E8 1.47E8 1.47E8 1.47E8 1.48E8 2.0E8 2.0E8 2.0E8 2.4E8 2.44E8
86 8000000.0 8000000.0 9000000.0 4.5E7 6.4E7 6.9E7 7.9E7 8.9E7 1.2E8 1.35E8 1.44E8 1.44E8 1.44E8 1.45E8 1.46E8 1.46E8 1.46E8 1.46E8 1.46E8 1.46E8
87 0.0 0.0 0.0 0.0 0.0 0.0 0.0 1000000.0 1000000.0 1000000.0 1000000.0 1000000.0 1000000.0 1000000.0 1000000.0 1000000.0 1000000.0 1000000.0 1000000.0 1000000.0
88 9000000.0 1.2E7 3.1E7 4.6E7 6.5E7 7.4E7 8.3E7 9.2E7 1.21E8 1.36E8 1.46E8 1.54E8 1.55E8 1.82E8 1.91E8 1.93E8 2.03E8 2.03E8 2.39E8 2.45E8
89 2000000.0 2000000.0 2000000.0 2000000.0 2000000.0 2000000.0 2000000.0 2000000.0 2000000.0 2000000.0 2000000.0 3000000.0 4000000.0 5000000.0 5000000.0 5000000.0 5000000.0 6000000.0 6000000.0 6000000.0
90 0.0 0.0 0.0 0.0 0.0 0.0 0.0 0.0 0.0 1000000.0 1000000.0 1000000.0 1000000.0 1000000.0 1000000.0 1000000.0 1000000.0 1000000.0 1000000.0 1000000.0
91 1.0E7 1.2E7 1.2E7 3.9E7 6.4E7 7.4E7 7.4E7 8.9E7 1.18E8 1.25E8 1.25E8 1.26E8 1.26E8 1.26E8 1.26E8 1.26E8 1.26E8 1.26E8 1.26E8 1.26E8
92 9000000.0 1.3E7 1.3E7 4.6E7 6.6E7 7.1E7 8.1E7 9.3E7 1.2E8 1.35E8 1.44E8 1.47E8 1.48E8 1.8E8 1.87E8 1.98E8 1.99E8 1.99E8 2.36E8 2.4E8
93 6000000.0 6000000.0 3.0E7 4.5E7 4.6E7 5.2E7 5.3E7 5.5E7 1.2E8 1.2E8 1.2E8 1.2E8 1.21E8 1.21E8 1.21E8 1.21E8 1.21E8 1.21E8 1.21E8 1.21E8
94 9000000.0 1.2E7 1.2E7 4.6E7 6.6E7 7.3E7 7.3E7 9.4E7 1.22E8 1.35E8 1.35E8 1.35E8 1.35E8 1.35E8 1.35E8 1.35E8 1.36E8 1.36E8 1.36E8 1.36E8
95 0.0 0.0 0.0 0.0 0.0 0.0 0.0 0.0 0.0 0.0 0.0 1000000.0 1000000.0 1000000.0 1000000.0 1000000.0 1000000.0 1000000.0 1000000.0 1000000.0
96 1000000.0 1000000.0 1000000.0 1000000.0 1000000.0 1000000.0 2000000.0 2000000.0 2000000.0 2000000.0 2000000.0 2000000.0 2000000.0 2000000.0 2000000.0 2000000.0 2000000.0 2000000.0 2000000.0 2000000.0
97 0.0 0.0 1000000.0 1000000.0 1000000.0 1000000.0 1000000.0 1000000.0 1000000.0 1000000.0 1000000.0 1000000.0 2000000.0 4000000.0 4000000.0 5000000.0 5000000.0 5000000.0 5000000.0 5000000.0
