records: 20
      Record Time
Host  UsedBuffer

  49376.0 98752.0 148128.0 197504.0 246880.0 296256.0 345632.0 395008.0 444384.0 493760.0 543136.0 592512.0 641888.0 691264.0 740640.0 790016.0 839392.0 888768.0 938144.0 987520.0
0 0.0 4000000.0 4000000.0 5000000.0 7000000.0 7000000.0 9000000.0 1.0E7 1.1E7 1.1E7 1.1E7 1.1E7 1.2E7 1.4E7 1.6E7 1.6E7 1.6E7 1.6E7 1.7E7 1.8E7
1 0.0 0.0 1000000.0 1000000.0 1000000.0 1000000.0 2000000.0 3000000.0 4000000.0 4000000.0 4000000.0 5000000.0 6000000.0 7000000.0 7000000.0 7000000.0 9000000.0 9000000.0 1.3E7 1.4E7
2 1000000.0 2000000.0 3000000.0 4000000.0 5000000.0 6000000.0 7000000.0 8000000.0 1.0E7 1.0E7 1.1E7 1.4E7 1.5E7 1.5E7 1.6E7 1.6E7 1.9E7 1.9E7 1.9E7 2.2E7
3 0.0 0.0 1000000.0 2000000.0 2000000.0 2000000.0 2000000.0 2000000.0 2000000.0 3000000.0 3000000.0 5000000.0 6000000.0 7000000.0 8000000.0 9000000.0 1.0E7 1.0E7 1.0E7 1.0E7
4 6000000.0 1.8E7 5.0E7 5.1E7 8.6E7 1.46E8 1.58E8 2.04E8 2.36E8 2.46E8 2.93E8 3.05E8 3.61E8 3.62E8 3.64E8 3.65E8 3.65E8 4.67E8 4.69E8 4.71E8
5 6000000.0 1.6E7 4.4E7 4.8E7 9.2E7 1.41E8 1.62E8 2.04E8 2.36E8 2.41E8 2.41E8 3.06E8 3.34E8 3.36E8 3.93E8 3.93E8 4.19E8 4.67E8 4.67E8 4.68E8
6 8000000.0 1.0E7 4.7E7 6.5E7 9.3E7 1.48E8 1.74E8 2.03E8 2.39E8 2.53E8 2.93E8 2.95E8 3.45E8 3.45E8 3.94E8 3.96E8 4.23E8 4.82E8 4.82E8 4.82E8
7 1000000.0 3000000.0 4000000.0 4000000.0 5000000.0 6000000.0 8000000.0 9000000.0 9000000.0 1.2E7 1.2E7 1.2E7 1.3E7 1.4E7 1.4E7 1.5E7 1.6E7 1.6E7 1.8E7 1.8E7
8 2000000.0 3000000.0 4000000.0 6000000.0 7.4E7 1.32E8 1.65E8 2.08E8 2.38E8 2.39E8 2.99E8 3.0E8 3.03E8 3.03E8 3.03E8 3.04E8 3.07E8 3.08E8 3.08E8 3.09E8
9 0.0 1000000.0 1000000.0 2000000.0 2000000.0 3000000.0 3000000.0 3000000.0 4000000.0 4000000.0 5000000.0 5000000.0 7000000.0 7000000.0 7000000.0 7000000.0 7000000.0 8000000.0 8000000.0 9000000.0
10 4000000.0 6000000.0 2.0E7 2.0E7 6.8E7 1.49E8 1.51E8 1.95E8 2.4E8 2.46E8 2.93E8 2.98E8 3.53E8 3.54E8 3.92E8 3.92E8 3.92E8 4.69E8 4.7E8 4.71E8
11 7000000.0 9000000.0 9000000.0 9000000.0 9000000.0 9000000.0 1.0E7 2.02E8 2.05E8 2.1E8 2.92E8 2.94E8 3.63E8 3.63E8 3.95E8 3.96E8 3.97E8 4.83E8 4.83E8 4.83E8
12 0.0 1000000.0 1000000.0 1000000.0 1000000.0 1000000.0 2000000.0 3000000.0 4000000.0 4000000.0 4000000.0 6000000.0 8000000.0 9000000.0 9000000.0 1.2E7 1.3E7 1.3E7 1.4E7 1.5E7
13 4000000.0 4000000.0 3.8E7 3.9E7 3.9E7 1.49E8 1.65E8 1.88E8 2.37E8 2.37E8 2.88E8 2.88E8 3.59E8 3.59E8 3.93E8 3.94E8 4.18E8 4.64E8 4.86E8 5.09E8
14 3000000.0 4000000.0 3.6E7 3.7E7 8.6E7 1.5E8 1.67E8 2.09E8 2.41E8 2.51E8 2.95E8 3.06E8 3.58E8 3.59E8 3.6E8 3.62E8 4.17E8 4.62E8 4.62E8 4.63E8
15 5000000.0 5000000.0 4.4E7 6.3E7 6.9E7 1.47E8 1.72E8 2.01E8 2.36E8 2.48E8 2.91E8 2.92E8 3.39E8 3.39E8 3.78E8 3.78E8 3.78E8 4.62E8 4.62E8 4.62E8
16 1000000.0 1000000.0 1000000.0 1000000.0 1000000.0 1000000.0 3000000.0 5000000.0 6000000.0 6000000.0 7000000.0 8000000.0 1.0E7 1.1E7 1.4E7 1.6E7 1.8E7 2.0E7 2.3E7 2.4E7
17 3000000.0 1.7E7 3.8E7 3.9E7 8.5E7 1.5E8 1.66E8 2.08E8 2.4E8 2.41E8 2.93E8 2.93E8 3.66E8 3.68E8 4.0E8 4.02E8 4.16E8 4.83E8 4.94E8 5.16E8
18 0.0 1000000.0 1000000.0 2000000.0 3000000.0 5000000.0 5000000.0 5000000.0 5000000.0 8000000.0 8000000.0 8000000.0 8000000.0 8000000.0 9000000.0 1.0E7 1.1E7 1.3E7 1.3E7 1.3E7
19 4000000.0 4000000.0 4.6E7 5.0E7 8.6E7 1.44E8 1.64E8 2.04E8 2.37E8 2.39E8 2.92E8 3.06E8 3.6E8 3.6E8 3.88E8 3.93E8 4.11E8 4.68E8 4.89E8 5.11E8
20 4000000.0 5000000.0 4.6E7 6.5E7 7.1E7 1.5E8 1.76E8 2.05E8 2.42E8 2.52E8 2.95E8 2.95E8 3.62E8 3.62E8 3.95E8 4.03E8 4.32E8 4.7E8 4.71E8 5.13E8
21 4000000.0 6000000.0 4.3E7 6.2E7 6.8E7 1.46E8 1.72E8 2.01E8 2.39E8 2.43E8 2.91E8 2.91E8 3.36E8 3.36E8 3.89E8 3.97E8 4.12E8 4.65E8 4.69E8 5.08E8
22 4000000.0 4000000.0 5000000.0 5000000.0 8000000.0 1.51E8 1.65E8 1.66E8 2.39E8 2.5E8 2.92E8 3.05E8 3.6E8 3.6E8 3.92E8 3.92E8 3.92E8 4.77E8 4.88E8 5.07E8
23 0.0 1000000.0 4000000.0 6000000.0 8000000.0 8000000.0 8000000.0 8000000.0 8000000.0 8000000.0 8000000.0 9000000.0 9000000.0 9000000.0 1.0E7 1.0E7 1.1E7 1.2E7 1.3E7 1.5E7
24 0.0 0.0 0.0 0.0 1000000.0 1000000.0 4000000.0 4000000.0 5000000.0 7000000.0 8000000.0 8000000.0 9000000.0 1.0E7 1.2E7 1.2E7 1.2E7 1.2E7 1.4E7 1.6E7
25 4000000.0 6000000.0 8000000.0 1.1E7 5.2E7 5.4E7 1.63E8 1.91E8 1.95E8 1.95E8 1.96E8 1.96E8 1.96E8 1.97E8 1.97E8 1.97E8 1.97E8 2.02E8 2.04E8 2.04E8
26 0.0 2000000.0 2000000.0 6.2E7 6.9E7 1.47E8 1.73E8 2.01E8 2.38E8 2.45E8 2.91E8 3.04E8 3.38E8 3.38E8 3.95E8 3.97E8 4.16E8 4.79E8 4.79E8 5.11E8
27 1000000.0 1000000.0 1000000.0 2000000.0 2000000.0 3000000.0 3000000.0 3000000.0 5000000.0 5000000.0 5000000.0 7000000.0 7000000.0 1.0E7 1.1E7 1.4E7 1.5E7 1.6E7 1.7E7 1.7E7
28 1000000.0 1000000.0 2000000.0 4000000.0 4000000.0 6000000.0 6000000.0 7000000.0 8000000.0 1.0E7 1.1E7 1.2E7 1.2E7 1.3E7 1.4E7 1.7E7 1.7E7 1.7E7 1.9E7 2.1E7
29 6000000.0 1.7E7 4.0E7 4.2E7 5.2E7 1.33E8 1.65E8 1.65E8 2.37E8 2.37E8 2.92E8 2.92E8 3.51E8 3.51E8 3.93E8 3.93E8 4.17E8 4.64E8 4.92E8 5.14E8
30 1000000.0 1000000.0 1000000.0 2000000.0 4000000.0 6000000.0 8000000.0 8000000.0 1.1E7 1.2E7 1.5E7 1.7E7 1.7E7 1.7E7 1.8E7 1.9E7 1.9E7 2.0E7 2.0E7 2.0E7
31 3000000.0 3000000.0 5000000.0 6000000.0 8000000.0 8000000.0 8000000.0 9000000.0 1.0E7 1.1E7 1.4E7 1.5E7 1.5E7 1.6E7 1.6E7 1.6E7 1.7E7 1.8E7 1.8E7 1.8E7
32 2000000.0 2000000.0 2000000.0 4000000.0 6000000.0 7000000.0 7000000.0 8000000.0 9000000.0 1.0E7 1.2E7 1.3E7 1.3E7 1.7E7 1.7E7 1.8E7 1.9E7 2.1E7 2.2E7 2.3E7
33 7000000.0 8000000.0 5.1E7 6.5E7 9.4E7 1.52E8 1.75E8 2.04E8 2.41E8 2.53E8 2.94E8 2.95E8 3.46E8 3.46E8 4.0E8 4.04E8 4.21E8 4.83E8 4.84E8 5.14E8
34 1000000.0 1000000.0 3000000.0 5000000.0 5000000.0 5000000.0 5000000.0 5000000.0 5000000.0 5000000.0 5000000.0 6000000.0 6000000.0 6000000.0 6000000.0 7000000.0 7000000.0 9000000.0 1.0E7 1.0E7
35 3000000.0 3000000.0 3000000.0 4000000.0 5000000.0 5000000.0 6000000.0 8000000.0 9000000.0 1.1E7 1.1E7 1.2E7 1.2E7 1.4E7 1.5E7 1.5E7 1.6E7 1.6E7 1.7E7 1.8E7
36 1000000.0 1000000.0 7000000.0 9000000.0 1.0E7 1.1E7 1.3E7 2.0E7 2.0E7 2.1E7 2.1E7 2.3E7 2.3E7 2.4E7 2.5E7 2.5E7 2.6E7 1.27E8 1.27E8 1.27E8
37 2000000.0 3000000.0 1.0E7 1.8E7 1.9E7 2.5E7 2.5E7 3.1E7 3.3E7 4.5E7 4.7E7 4.9E7 6.3E7 6.4E7 7.8E7 8.0E7 8.2E7 9.5E7 9.5E7 9.5E7
38 0.0 3000000.0 3000000.0 4000000.0 8000000.0 9000000.0 9000000.0 1.0E7 1.1E7 1.2E7 1.3E7 1.4E7 2.2E7 2.4E7 2.6E7 2.7E7 2.7E7 2.7E7 2.8E7 2.8E7
39 3000000.0 3000000.0 3000000.0 3000000.0 6000000.0 1.3E7 1.4E7 1.4E7 1.4E7 1.5E7 1.6E7 1.6E7 1.7E7 1.8E7 1.8E7 1.8E7 1.8E7 1.9E7 1.9E7 2.8E7
40 2000000.0 3000000.0 6000000.0 7000000.0 8000000.0 8000000.0 8000000.0 8000000.0 8000000.0 8000000.0 8000000.0 9000000.0 1.0E7 1.0E7 1.1E7 1.1E7 1.2E7 1.4E7 1.5E7 1.6E7
41 2000000.0 3000000.0 4000000.0 6000000.0 6000000.0 7000000.0 9000000.0 1.1E7 1.1E7 1.2E7 1.2E7 1.2E7 1.4E7 1.4E7 1.5E7 1.7E7 1.7E7 1.8E7 1.8E7 1.8E7
42 0.0 1000000.0 1000000.0 4000000.0 4000000.0 4000000.0 4000000.0 5000000.0 6000000.0 6000000.0 8000000.0 9000000.0 9000000.0 1.0E7 1.1E7 1.1E7 1.2E7 1.4E7 1.5E7 1.6E7
43 1000000.0 1000000.0 2000000.0 2000000.0 2000000.0 2000000.0 3000000.0 5000000.0 7000000.0 7000000.0 8000000.0 8000000.0 8000000.0 9000000.0 1.0E7 1.1E7 1.4E7 1.5E7 1.5E7 1.7E7
44 0.0 0.0 0.0 0.0 0.0 1000000.0 2000000.0 2000000.0 3000000.0 3000000.0 4000000.0 5000000.0 3.49E8 3.5E8 3.52E8 3.53E8 3.54E8 3.54E8 3.54E8 3.55E8
45 1000000.0 1000000.0 2000000.0 3000000.0 3000000.0 6000000.0 6000000.0 6000000.0 6000000.0 6000000.0 6000000.0 6000000.0 7000000.0 8000000.0 8000000.0 9000000.0 9000000.0 1.0E7 1.1E7 1.3E7
46 2000000.0 2000000.0 4000000.0 4000000.0 4000000.0 5000000.0 5000000.0 5000000.0 6000000.0 7000000.0 7000000.0 7000000.0 7000000.0 9000000.0 1.1E7 1.1E7 1.2E7 1.3E7 1.3E7 1.3E7
47 0.0 0.0 2000000.0 2000000.0 2000000.0 2000000.0 4000000.0 5000000.0 6000000.0 2.35E8 2.35E8 2.36E8 2.36E8 2.37E8 2.37E8 2.38E8 2.39E8 2.39E8 2.4E8 2.4E8
48 0.0 0.0 1000000.0 2000000.0 2000000.0 3000000.0 4000000.0 4000000.0 4000000.0 5000000.0 5000000.0 5000000.0 5000000.0 6000000.0 6000000.0 6000000.0 7000000.0 8000000.0 8000000.0 9000000.0
49 0.0 1000000.0 2000000.0 2000000.0 2000000.0 2000000.0 3000000.0 3000000.0 3000000.0 4000000.0 1.1E7 1.2E7 1.5E7 1.7E7 1.8E7 2.0E7 2.1E7 2.2E7 2.2E7 2.3E7
50 0.0 3000000.0 4000000.0 7000000.0 7000000.0 8000000.0 1.1E7 1.1E7 1.2E7 1.3E7 1.4E7 1.5E7 1.6E7 1.6E7 3.1E7 3.1E7 3.1E7 3.2E7 3.3E7 3.4E7
51 6000000.0 6000000.0 6000000.0 6000000.0 7000000.0 1.46E8 1.46E8 1.47E8 1.47E8 2.08E8 2.09E8 2.1E8 3.39E8 3.39E8 3.4E8 3.4E8 3.47E8 3.79E8 3.8E8 3.8E8
