records: 20
      Record Time
Host  UsedBuffer

  16870.0 33740.0 50610.0 67480.0 84350.0 101220.0 118090.0 134960.0 151830.0 168700.0 185570.0 202440.0 219310.0 236180.0 253050.0 269920.0 286790.0 303660.0 320530.0 337400.0
0 1.0E7 1.4E7 3.1E7 4.8E7 6.4E7 6.9E7 8.0E7 9.9E7 1.22E8 1.36E8 1.38E8 1.48E8 1.62E8 1.81E8 1.9E8 1.91E8 1.98E8 2.02E8 2.31E8 2.43E8
1 0.0 1000000.0 1000000.0 2000000.0 2000000.0 3000000.0 3000000.0 3000000.0 3000000.0 3000000.0 4000000.0 4000000.0 4000000.0 4000000.0 4000000.0 4000000.0 4000000.0 4000000.0 4000000.0 4000000.0
2 9000000.0 1.4E7 3.2E7 4.6E7 6.2E7 6.8E7 7.9E7 9.7E7 1.2E8 1.33E8 1.35E8 1.5E8 1.57E8 1.78E8 1.87E8 1.88E8 1.9E8 1.94E8 2.35E8 2.38E8
3 1.0E7 1.4E7 3.1E7 4.7E7 6.3E7 6.5E7 8.3E7 9.9E7 1.21E8 1.36E8 1.38E8 1.5E8 1.61E8 1.81E8 1.88E8 1.91E8 1.92E8 1.92E8 2.36E8 2.45E8
4 1000000.0 1000000.0 1000000.0 1000000.0 1000000.0 2000000.0 2000000.0 2000000.0 2000000.0 2000000.0 3000000.0 3000000.0 3000000.0 3000000.0 4000000.0 4000000.0 4000000.0 5000000.0 6000000.0 6000000.0
5 0.0 0.0 0.0 4.7E7 6.4E7 6.9E7 7.2E7 8.5E7 1.21E8 1.36E8 1.39E8 1.5E8 1.5E8 1.81E8 1.9E8 1.93E8 1.94E8 1.96E8 2.34E8 2.4E8
6 0.0 0.0 0.0 4.6E7 6.0E7 6.6E7 6.6E7 8.8E7 1.2E8 1.35E8 1.36E8 1.37E8 1.38E8 1.8E8 1.89E8 1.89E8 1.98E8 1.98E8 2.3E8 2.3E8
7 0.0 0.0 1000000.0 1000000.0 1000000.0 1000000.0 1000000.0 1000000.0 1000000.0 1000000.0 1000000.0 1000000.0 1000000.0 1000000.0 1000000.0 1000000.0 2000000.0 2000000.0 2000000.0 3000000.0
8 0.0 0.0 0.0 0.0 0.0 0.0 0.0 0.0 0.0 0.0 0.0 0.0 0.0 0.0 0.0 0.0 0.0 1000000.0 1000000.0 1000000.0
9 0.0 1000000.0 1000000.0 4.7E7 6.3E7 6.8E7 7.1E7 8.4E7 1.21E8 1.36E8 1.39E8 1.5E8 1.5E8 1.81E8 1.9E8 1.93E8 1.94E8 1.96E8 2.37E8 2.43E8
10 0.0 0.0 3.2E7 4.7E7 6.3E7 6.3E7 7.8E7 9.4E7 1.17E8 1.37E8 1.38E8 1.46E8 1.61E8 1.81E8 1.9E8 1.9E8 1.97E8 1.98E8 2.36E8 2.43E8
11 0.0 0.0 0.0 0.0 0.0 3000000.0 3000000.0 3000000.0 3000000.0 3000000.0 3000000.0 3000000.0 3000000.0 3000000.0 3000000.0 3000000.0 3000000.0 3000000.0 3000000.0 3000000.0
12 0.0 0.0 0.0 0.0 0.0 0.0 0.0 0.0 0.0 0.0 0.0 0.0 0.0 0.0 0.0 0.0 1000000.0 1000000.0 1000000.0 2000000.0
13 9000000.0 1.4E7 3.2E7 4.8E7 6.1E7 6.7E7 7.8E7 9.7E7 1.2E8 1.34E8 1.36E8 1.46E8 1.57E8 1.78E8 1.78E8 1.78E8 1.78E8 1.79E8 1.79E8 1.79E8
14 9000000.0 1.3E7 3.1E7 4.6E7 6.1E7 6.7E7 7.8E7 9.2E7 1.2E8 1.34E8 1.36E8 1.46E8 1.6E8 1.78E8 1.8E8 1.8E8 1.8E8 1.81E8 1.81E8 1.81E8
15 0.0 0.0 0.0 0.0 0.0 0.0 0.0 0.0 0.0 0.0 0.0 0.0 0.0 0.0 0.0 0.0 0.0 0.0 0.0 0.0
16 0.0 0.0 0.0 0.0 0.0 0.0 0.0 0.0 0.0 0.0 0.0 0.0 0.0 0.0 0.0 0.0 0.0 0.0 0.0 0.0
17 1000000.0 1000000.0 1000000.0 2000000.0 2000000.0 2000000.0 2000000.0 2000000.0 2000000.0 2000000.0 2000000.0 3000000.0 3000000.0 3000000.0 3000000.0 3000000.0 3000000.0 3000000.0 4000000.0 4000000.0
18 0.0 0.0 0.0 1000000.0 1000000.0 1000000.0 1000000.0 1000000.0 1000000.0 2000000.0 2000000.0 2000000.0 2000000.0 2000000.0 3000000.0 3000000.0 3000000.0 3000000.0 3000000.0 3000000.0
19 0.0 0.0 0.0 0.0 0.0 0.0 1000000.0 3000000.0 3000000.0 3000000.0 3000000.0 3000000.0 3000000.0 3000000.0 3000000.0 3000000.0 3000000.0 3000000.0 3000000.0 3000000.0
20 9000000.0 9000000.0 9000000.0 9000000.0 9000000.0 9000000.0 1.5E7 1.5E7 1.07E8 1.3E8 1.3E8 1.42E8 1.47E8 1.66E8 1.89E8 1.89E8 1.89E8 1.89E8 2.35E8 2.39E8
21 1.1E7 1.4E7 1.5E7 1.6E7 1.6E7 6.8E7 7.8E7 1.0E8 1.22E8 1.32E8 1.32E8 1.32E8 1.32E8 1.81E8 1.9E8 1.91E8 1.91E8 1.92E8 2.34E8 2.42E8
22 1.0E7 1.5E7 3.2E7 4.7E7 5.4E7 5.4E7 5.4E7 9.4E7 1.22E8 1.33E8 1.33E8 1.33E8 1.33E8 1.33E8 1.34E8 1.34E8 1.35E8 1.35E8 1.35E8 1.35E8
23 5000000.0 1.4E7 3.0E7 4.5E7 6.2E7 6.5E7 6.8E7 6.8E7 1.2E8 1.24E8 1.38E8 1.39E8 1.39E8 1.79E8 1.83E8 1.84E8 1.84E8 1.84E8 2.36E8 2.4E8
24 1.1E7 1.4E7 1.5E7 1.6E7 6.3E7 6.7E7 7.7E7 9.9E7 1.22E8 1.32E8 1.32E8 1.32E8 1.32E8 1.79E8 1.88E8 1.89E8 1.89E8 1.9E8 2.34E8 2.39E8
25 1.1E7 1.4E7 1.4E7 1.4E7 6.2E7 6.7E7 7.6E7 9.3E7 1.21E8 1.35E8 1.39E8 1.39E8 1.39E8 1.78E8 1.87E8 1.9E8 1.9E8 1.9E8 2.35E8 2.4E8
26 1.0E7 1.4E7 3.2E7 4.8E7 6.4E7 6.5E7 6.8E7 6.8E7 1.22E8 1.32E8 1.32E8 1.32E8 1.54E8 1.81E8 1.86E8 1.86E8 1.86E8 1.86E8 1.86E8 1.86E8
27 9000000.0 1.4E7 1.4E7 4.8E7 6.4E7 6.8E7 7.9E7 9.0E7 1.22E8 1.32E8 1.4E8 1.4E8 1.41E8 1.42E8 1.84E8 1.84E8 1.84E8 1.84E8 1.84E8 1.84E8
28 1.0E7 1.1E7 3.0E7 4.6E7 6.1E7 6.6E7 6.9E7 8.8E7 1.2E8 1.35E8 1.36E8 1.36E8 1.36E8 1.36E8 1.37E8 1.37E8 1.37E8 1.38E8 2.35E8 2.42E8
29 0.0 0.0 0.0 0.0 0.0 0.0 0.0 0.0 0.0 0.0 0.0 0.0 0.0 0.0 0.0 0.0 0.0 0.0 1000000.0 2000000.0
30 6000000.0 6000000.0 6000000.0 4.6E7 5.8E7 6.4E7 8.2E7 9.8E7 1.21E8 1.35E8 1.4E8 1.52E8 1.53E8 1.8E8 1.89E8 1.9E8 1.91E8 1.91E8 1.91E8 2.43E8
31 1.0E7 1.4E7 3.1E7 4.7E7 5.7E7 5.7E7 8.0E7 9.7E7 1.18E8 1.32E8 1.36E8 1.48E8 1.48E8 1.76E8 1.84E8 1.84E8 1.84E8 1.85E8 2.32E8 2.37E8
32 0.0 0.0 0.0 0.0 0.0 0.0 0.0 1000000.0 1000000.0 1000000.0 1000000.0 1000000.0 2000000.0 2000000.0 3000000.0 3000000.0 3000000.0 3000000.0 4000000.0 4000000.0
33 1000000.0 1000000.0 3.2E7 4.8E7 5.1E7 5.2E7 5.2E7 9.0E7 1.22E8 1.36E8 1.4E8 1.4E8 1.41E8 1.41E8 1.42E8 1.42E8 1.43E8 1.43E8 1.43E8 1.43E8
34 0.0 0.0 0.0 0.0 0.0 0.0 1000000.0 1000000.0 3000000.0 3000000.0 3000000.0 3000000.0 3000000.0 3000000.0 3000000.0 3000000.0 3000000.0 3000000.0 3000000.0 3000000.0
35 1.0E7 1.4E7 3.2E7 4.7E7 5.9E7 5.9E7 8.1E7 9.0E7 1.23E8 1.27E8 1.42E8 1.46E8 1.63E8 1.81E8 1.91E8 1.92E8 1.92E8 1.92E8 2.38E8 2.45E8
36 0.0 1000000.0 1000000.0 1000000.0 1000000.0 2000000.0 2000000.0 2000000.0 2000000.0 3000000.0 3000000.0 3000000.0 3000000.0 3000000.0 4000000.0 4000000.0 5000000.0 5000000.0 6000000.0 6000000.0
37 0.0 0.0 1000000.0 1000000.0 1000000.0 1000000.0 1000000.0 1000000.0 1000000.0 2000000.0 2000000.0 2000000.0 2000000.0 2000000.0 2000000.0 2000000.0 2000000.0 2000000.0 2000000.0 2000000.0
38 0.0 0.0 0.0 1000000.0 1000000.0 1000000.0 1000000.0 1000000.0 1000000.0 1000000.0 1000000.0 1000000.0 2000000.0 2000000.0 2000000.0 2000000.0 3000000.0 3000000.0 3000000.0 3000000.0
39 9000000.0 1.3E7 3.1E7 4.7E7 6.3E7 6.7E7 7.4E7 9.1E7 1.22E8 1.36E8 1.41E8 1.41E8 1.41E8 1.42E8 1.42E8 1.44E8 1.98E8 2.01E8 2.36E8 2.41E8
40 0.0 0.0 0.0 0.0 0.0 0.0 0.0 0.0 0.0 0.0 0.0 0.0 0.0 0.0 0.0 1000000.0 1000000.0 1000000.0 1000000.0 1000000.0
41 1.0E7 1.3E7 3.0E7 3.0E7 3.0E7 3.0E7 3.0E7 8.9E7 1.22E8 1.35E8 1.36E8 1.47E8 1.59E8 1.8E8 1.84E8 1.84E8 1.84E8 1.96E8 2.37E8 2.45E8
42 0.0 0.0 0.0 0.0 0.0 0.0 0.0 0.0 0.0 0.0 1000000.0 1000000.0 1000000.0 1000000.0 1000000.0 1000000.0 3000000.0 3000000.0 3000000.0 3000000.0
43 9000000.0 1.3E7 3.1E7 3.6E7 3.7E7 3.7E7 8.3E7 9.9E7 1.22E8 1.36E8 1.4E8 1.43E8 1.61E8 1.81E8 1.9E8 1.93E8 1.95E8 1.95E8 2.36E8 2.39E8
44 0.0 0.0 1000000.0 1000000.0 1000000.0 1000000.0 1000000.0 1000000.0 1000000.0 1000000.0 1000000.0 1000000.0 1000000.0 1000000.0 1000000.0 1000000.0 1000000.0 1000000.0 1000000.0 1000000.0
45 0.0 1000000.0 1000000.0 1000000.0 1000000.0 1000000.0 1000000.0 1000000.0 1000000.0 2000000.0 3000000.0 3000000.0 4000000.0 5000000.0 5000000.0 5000000.0 5000000.0 5000000.0 5000000.0 5000000.0
46 0.0 0.0 1000000.0 1000000.0 1000000.0 1000000.0 1000000.0 1000000.0 1000000.0 1000000.0 2000000.0 2000000.0 2000000.0 2000000.0 2000000.0 2000000.0 2000000.0 2000000.0 2000000.0 2000000.0
47 1.0E7 1.4E7 3.1E7 4.6E7 6.1E7 6.7E7 8.2E7 9.4E7 1.22E8 1.36E8 1.4E8 1.5E8 1.54E8 1.81E8 1.9E8 1.91E8 1.91E8 1.91E8 2.37E8 2.45E8
48 0.0 0.0 0.0 0.0 1000000.0 1000000.0 1000000.0 1000000.0 1000000.0 1000000.0 1000000.0 1000000.0 1000000.0 2000000.0 2000000.0 2000000.0 2000000.0 2000000.0 2000000.0 2000000.0
49 7000000.0 7000000.0 3.2E7 4.8E7 6.4E7 6.7E7 6.7E7 8.9E7 1.22E8 1.36E8 1.36E8 1.5E8 1.5E8 1.81E8 1.9E8 1.92E8 1.92E8 1.92E8 2.36E8 2.45E8
50 1.1E7 1.5E7 3.2E7 4.2E7 4.3E7 4.3E7 4.4E7 9.5E7 1.22E8 1.36E8 1.4E8 1.46E8 1.62E8 1.81E8 1.9E8 1.9E8 1.93E8 2.02E8 2.38E8 2.46E8
51 0.0 0.0 0.0 0.0 1000000.0 1000000.0 2000000.0 2000000.0 2000000.0 2000000.0 2000000.0 2000000.0 3000000.0 3000000.0 3000000.0 4000000.0 4000000.0 4000000.0 4000000.0 4000000.0
52 0.0 0.0 1000000.0 1000000.0 2000000.0 2000000.0 2000000.0 2000000.0 2000000.0 3000000.0 3000000.0 3000000.0 3000000.0 3000000.0 4000000.0 4000000.0 4000000.0 5000000.0 5000000.0 6000000.0
53 7000000.0 1.4E7 3.1E7 3.1E7 3.3E7 3.3E7 8.4E7 9.1E7 1.23E8 1.37E8 1.41E8 1.43E8 1.43E8 1.82E8 1.91E8 1.91E8 1.91E8 1.91E8 2.39E8 2.43E8
54 4000000.0 4000000.0 3.2E7 4.7E7 6.4E7 6.7E7 8.1E7 1.0E8 1.22E8 1.26E8 1.26E8 1.37E8 1.53E8 1.8E8 1.82E8 1.83E8 1.97E8 2.0E8 2.35E8 2.37E8
55 1.1E7 1.4E7 1.4E7 4.8E7 6.4E7 6.7E7 7.8E7 9.4E7 1.21E8 1.35E8 1.4E8 1.41E8 1.61E8 1.78E8 1.87E8 1.9E8 1.96E8 1.98E8 2.34E8 2.39E8
56 1.1E7 1.4E7 3.2E7 4.8E7 6.3E7 6.7E7 6.8E7 6.8E7 6.8E7 6.8E7 1.4E8 1.4E8 1.4E8 1.74E8 1.88E8 1.91E8 1.91E8 1.91E8 2.19E8 2.19E8
57 0.0 0.0 0.0 0.0 0.0 0.0 0.0 0.0 0.0 0.0 0.0 0.0 0.0 0.0 0.0 0.0 0.0 0.0 0.0 0.0
58 1.1E7 1.4E7 3.2E7 4.6E7 5.8E7 5.8E7 5.8E7 5.8E7 6.1E7 1.35E8 1.4E8 1.4E8 1.4E8 1.4E8 1.88E8 1.89E8 1.9E8 1.9E8 2.2E8 2.2E8
59 1.1E7 1.4E7 3.2E7 4.8E7 6.4E7 6.8E7 7.8E7 9.5E7 1.23E8 1.37E8 1.42E8 1.42E8 1.62E8 1.81E8 1.9E8 1.92E8 1.99E8 2.03E8 2.38E8 2.44E8
60 1.0E7 1.3E7 3.2E7 4.7E7 6.4E7 6.7E7 8.0E7 9.9E7 1.21E8 1.35E8 1.36E8 1.52E8 1.6E8 1.8E8 1.87E8 1.89E8 1.98E8 1.98E8 2.33E8 2.33E8
61 6000000.0 1.2E7 3.1E7 4.7E7 6.2E7 6.8E7 8.3E7 9.1E7 1.21E8 1.36E8 1.38E8 1.38E8 1.38E8 1.76E8 1.76E8 1.76E8 1.76E8 1.76E8 1.76E8 1.76E8
62 0.0 0.0 0.0 0.0 0.0 0.0 0.0 0.0 0.0 0.0 0.0 0.0 0.0 0.0 0.0 0.0 0.0 0.0 0.0 1000000.0
63 1.0E7 1.3E7 1.4E7 1.4E7 1.4E7 6.7E7 8.4E7 9.0E7 1.22E8 1.36E8 1.41E8 1.41E8 1.54E8 1.81E8 1.9E8 1.91E8 1.91E8 1.91E8 2.38E8 2.45E8
64 8000000.0 8000000.0 8000000.0 4.7E7 5.5E7 5.5E7 5.5E7 9.1E7 1.23E8 1.37E8 1.38E8 1.38E8 1.38E8 1.82E8 1.91E8 1.92E8 1.93E8 1.94E8 2.38E8 2.42E8
65 0.0 0.0 0.0 0.0 1000000.0 1000000.0 1000000.0 1000000.0 1000000.0 1000000.0 1000000.0 1000000.0 1000000.0 1000000.0 1000000.0 1000000.0 1000000.0 1000000.0 2000000.0 2000000.0
66 9000000.0 1.3E7 1.3E7 1.3E7 6.4E7 6.8E7 7.9E7 9.1E7 1.22E8 1.36E8 1.41E8 1.42E8 1.44E8 1.78E8 1.84E8 1.89E8 1.89E8 1.89E8 2.36E8 2.42E8
67 9000000.0 1.0E7 1.0E7 1.0E7 6.2E7 6.2E7 6.2E7 1.0E8 1.01E8 1.37E8 1.39E8 1.39E8 1.63E8 1.81E8 1.87E8 1.87E8 1.88E8 1.88E8 1.89E8 1.89E8
68 9000000.0 1.0E7 1.0E7 1.0E7 6.1E7 6.1E7 6.1E7 6.1E7 6.1E7 1.27E8 1.38E8 1.38E8 1.62E8 1.81E8 1.87E8 1.88E8 1.88E8 1.88E8 1.88E8 1.89E8
69 1.0E7 1.3E7 3.0E7 4.6E7 6.2E7 6.7E7 6.8E7 6.8E7 1.21E8 1.28E8 1.39E8 1.4E8 1.4E8 1.77E8 1.84E8 1.85E8 1.85E8 1.85E8 2.3E8 2.33E8
70 1.1E7 1.4E7 1.4E7 4.8E7 4.8E7 6.6E7 6.7E7 8.9E7 1.21E8 1.36E8 1.41E8 1.53E8 1.53E8 1.81E8 1.87E8 1.87E8 1.87E8 1.87E8 1.88E8 1.88E8
71 0.0 0.0 0.0 0.0 0.0 0.0 0.0 0.0 0.0 0.0 0.0 0.0 1000000.0 1000000.0 1000000.0 1000000.0 1000000.0 1000000.0 2000000.0 2000000.0
72 1.1E7 1.3E7 3.1E7 4.7E7 6.3E7 6.7E7 6.7E7 9.9E7 1.2E8 1.34E8 1.39E8 1.45E8 1.6E8 1.79E8 1.81E8 1.81E8 1.97E8 1.99E8 2.22E8 2.22E8
73 0.0 0.0 0.0 0.0 0.0 0.0 1000000.0 1000000.0 1000000.0 1000000.0 1000000.0 1000000.0 1000000.0 1000000.0 1000000.0 1000000.0 1000000.0 2000000.0 2000000.0 2000000.0
74 1.1E7 1.4E7 3.2E7 4.8E7 6.3E7 6.7E7 7.6E7 8.8E7 1.21E8 1.35E8 1.37E8 1.37E8 1.37E8 1.37E8 1.89E8 1.89E8 1.89E8 1.9E8 1.9E8 1.9E8
75 0.0 1000000.0 2000000.0 2000000.0 2000000.0 2000000.0 2000000.0 2000000.0 2000000.0 2000000.0 2000000.0 2000000.0 2000000.0 3000000.0 3000000.0 3000000.0 3000000.0 3000000.0 3000000.0 3000000.0
76 1.1E7 1.4E7 3.2E7 4.8E7 6.4E7 6.9E7 6.9E7 9.5E7 1.23E8 1.37E8 1.41E8 1.41E8 1.41E8 1.81E8 1.9E8 1.92E8 1.92E8 1.92E8 2.37E8 2.43E8
77 1000000.0 1000000.0 1000000.0 1000000.0 1000000.0 1000000.0 1000000.0 1000000.0 2000000.0 2000000.0 2000000.0 2000000.0 2000000.0 2000000.0 2000000.0 2000000.0 2000000.0 2000000.0 2000000.0 2000000.0
78 1.1E7 1.4E7 3.2E7 4.8E7 6.4E7 6.8E7 6.9E7 9.5E7 1.23E8 1.37E8 1.42E8 1.48E8 1.48E8 1.77E8 1.85E8 1.85E8 1.85E8 1.85E8 2.21E8 2.21E8
79 1.1E7 1.4E7 1.4E7 4.7E7 4.7E7 6.6E7 8.2E7 9.4E7 1.22E8 1.36E8 1.37E8 1.53E8 1.54E8 1.81E8 1.9E8 1.91E8 1.97E8 2.02E8 2.36E8 2.44E8
80 9000000.0 1.3E7 1.4E7 4.7E7 6.3E7 6.7E7 7.8E7 9.1E7 1.22E8 1.36E8 1.41E8 1.42E8 1.44E8 1.8E8 1.89E8 1.91E8 1.97E8 1.97E8 2.37E8 2.44E8
81 0.0 0.0 0.0 0.0 0.0 0.0 0.0 0.0 0.0 0.0 0.0 0.0 0.0 0.0 0.0 0.0 0.0 0.0 0.0 0.0
82 1.1E7 1.5E7 3.2E7 4.8E7 5.4E7 5.4E7 5.4E7 9.3E7 9.3E7 1.35E8 1.36E8 1.36E8 1.36E8 1.41E8 1.41E8 1.41E8 1.41E8 1.41E8 2.32E8 2.32E8
83 1.0E7 1.5E7 3.2E7 4.8E7 6.4E7 6.9E7 8.4E7 1.0E8 1.22E8 1.37E8 1.42E8 1.54E8 1.55E8 1.69E8 1.91E8 1.91E8 1.91E8 1.91E8 1.91E8 1.91E8
84 0.0 0.0 0.0 0.0 0.0 0.0 0.0 0.0 0.0 0.0 0.0 1000000.0 1000000.0 1000000.0 1000000.0 1000000.0 1000000.0 2000000.0 2000000.0 3000000.0
85 9000000.0 1.3E7 3.2E7 4.8E7 6.4E7 6.8E7 8.4E7 1.0E8 1.23E8 1.37E8 1.42E8 1.42E8 1.42E8 1.42E8 1.43E8 1.45E8 1.45E8 1.45E8 2.37E8 2.46E8
86 9000000.0 9000000.0 1.0E7 4.7E7 6.2E7 6.6E7 7.7E7 9.3E7 1.21E8 1.35E8 1.39E8 1.39E8 1.39E8 1.4E8 1.41E8 1.41E8 1.41E8 1.41E8 1.41E8 1.41E8
87 1.1E7 1.4E7 3.2E7 4.8E7 6.3E7 6.6E7 8.0E7 9.9E7 1.22E8 1.36E8 1.4E8 1.46E8 1.47E8 1.75E8 1.75E8 1.75E8 1.75E8 1.75E8 1.75E8 1.75E8
88 1.1E7 1.4E7 3.2E7 4.8E7 6.3E7 6.7E7 8.0E7 9.9E7 1.22E8 1.34E8 1.41E8 1.45E8 1.6E8 1.8E8 1.89E8 1.9E8 1.98E8 1.98E8 2.37E8 2.41E8
89 1.0E7 1.4E7 3.2E7 4.8E7 6.4E7 6.8E7 8.1E7 1.0E8 1.22E8 1.35E8 1.4E8 1.52E8 1.54E8 1.79E8 1.89E8 1.9E8 1.98E8 2.01E8 2.34E8 2.38E8
90 0.0 0.0 0.0 0.0 0.0 0.0 0.0 0.0 0.0 1000000.0 1000000.0 1000000.0 1000000.0 1000000.0 1000000.0 1000000.0 1000000.0 1000000.0 1000000.0 1000000.0
91 1000000.0 1000000.0 1000000.0 1000000.0 1000000.0 2000000.0 2000000.0 2000000.0 2000000.0 3000000.0 3000000.0 4000000.0 4000000.0 4000000.0 4000000.0 4000000.0 4000000.0 4000000.0 4000000.0 4000000.0
92 0.0 0.0 0.0 0.0 0.0 0.0 0.0 0.0 0.0 0.0 0.0 0.0 0.0 1000000.0 1000000.0 1000000.0 1000000.0 1000000.0 1000000.0 1000000.0
93 1000000.0 1000000.0 2000000.0 2000000.0 2000000.0 3000000.0 3000000.0 3000000.0 3000000.0 3000000.0 3000000.0 3000000.0 4000000.0 4000000.0 4000000.0 4000000.0 4000000.0 4000000.0 4000000.0 4000000.0
94 1.1E7 1.4E7 1.4E7 4.8E7 6.4E7 6.9E7 7.8E7 9.2E7 1.23E8 1.34E8 1.34E8 1.34E8 1.34E8 1.34E8 1.34E8 1.34E8 1.35E8 1.35E8 1.35E8 1.35E8
95 4000000.0 4000000.0 4000000.0 4.8E7 6.4E7 6.8E7 8.1E7 1.0E8 1.1E8 1.1E8 1.1E8 1.11E8 1.11E8 1.11E8 1.11E8 1.11E8 1.11E8 1.11E8 1.11E8 1.11E8
96 1.1E7 1.4E7 1.4E7 1.4E7 4.7E7 6.9E7 7.1E7 7.1E7 7.1E7 7.1E7 7.1E7 7.1E7 7.1E7 1.79E8 1.88E8 1.91E8 1.91E8 1.91E8 2.29E8 2.31E8
97 0.0 0.0 1000000.0 1000000.0 1000000.0 1000000.0 1000000.0 1000000.0 1000000.0 1000000.0 1000000.0 1000000.0 2000000.0 4000000.0 4000000.0 5000000.0 5000000.0 5000000.0 5000000.0 5000000.0
