0 3351
1 1982
2 4464
3 3279
4 2962
5 2677
6 762
7 1050
8 1527
9 2866
10 544
11 435
12 4371
13 4082
14 2319
15 4024
16 3451
17 976
18 676
19 1394
20 1350
21 2371
22 2487
23 3022
24 3230
25 3092
26 2433
27 2930
28 1997
29 2813
30 3281
31 4085
32 2386
33 2635
34 2410
35 2738
36 2826
37 3205
38 2585
39 3486
40 2590
41 2130
42 4114
43 3605
44 2965
45 2626
46 3218
47 3967
48 3119
49 3943
50 4116
51 3639
52 4257
53 3048
54 1891
55 3723
56 3355
57 3779
58 2782
59 5381
60 3591
61 2390
62 1495
63 3542
64 2375
65 5047
66 3276
67 1991
68 1388
69 3981
70 3167
71 4673
72 3604
73 4763
74 4496
75 4969
76 5464
77 5267
78 5060
79 3919
80 4184
81 5285
82 1441
83 5444
84 2749
85 4152
86 4109
87 5652
88 5244
89 5120
90 4187
91 2014
92 5285
93 1844
94 4157
95 2371
96 657
97 3953
