0 3351
1 1982
2 4465
3 3280
4 2962
5 2675
6 762
7 1046
8 1526
9 2865
10 545
11 435
12 4369
13 4083
14 2319
15 4023
16 3451
17 976
18 676
19 1394
20 1350
21 2371
22 2488
23 3022
24 3229
25 3093
26 2433
27 2931
28 1995
29 2815
30 3280
31 4084
32 2386
33 2635
34 2411
35 2738
36 2827
37 3206
38 2584
39 3486
40 2589
41 2130
42 4114
43 3604
44 2966
45 2627
46 3217
47 3969
48 3118
49 3943
50 4117
51 3639
52 4257
53 3048
54 1892
55 3722
56 3354
57 3779
58 2782
59 5381
60 3592
61 2390
62 1495
63 3542
64 2375
65 5047
66 3276
67 1991
68 1388
69 3978
70 3167
71 4673
72 3604
73 4763
74 4498
75 4969
76 5466
77 5268
78 5058
79 3919
80 4185
81 5286
82 1440
83 5446
84 2749
85 4152
86 4108
87 5653
88 5245
89 5120
90 4186
91 2014
92 5283
93 1844
94 4157
95 2371
96 657
97 3954
