Selfish Battery Level: [35, 84, 62, 49, 58, 23, 87, 27, 77, 59, 45, 41, 82, 38, 71, 82, 1, 69, 46, 36, 24, 14, 10, 0, 91, 78, 15, 66, 14, 52, 35, 78, 44, 82, 41, 45, 84, 33, 98, 58, 43, 9, 55, 84, 78, 92, 70, 88, 49, 51, 4, 13, 77, 3, 58, 4, 59, 61, 67, 75, 99, 61, 53, 66, 56, 98, 42, 36, 21, 74, 27, 52, 90, 98, 64, 15, 17, 77, 64, 79, 63, 86, 85, 83, 87, 89, 52, 2, 69, 33, 67, 6, 73, 43, 31, 45, 33, 44, 33, 38, 33, 62, 24, 22, 61, 62, 81, 79, 99, 97, 67, 43, 91, 72, 27, 54, 5, 30, 81, 37, 39, 2, 57, 11, 40, 51, 64, 50, 53, 3, 94, 79, 51, 31, 45, 64, 26, 13, 81, 58, 88, 85, 52, 63, 33, 30, 80, 38, 72, 57, 12, 46, 32, 52, 76, 14, 1, 92, 81, 42, 90, 97, 9, 75, 43, 31, 19, 89, 71, 94, 56, 82, 73, 68, 87, 63, 9, 72, 46, 11, 31, 23, 54, 8, 87, 58, 16, 47, 99, 2, 50, 20, 98, 68, 38, 39, 93, 25, 26, 53, 93, 15, 82, 10, 30, 3, 55, 9, 31, 53, 24, 86, 98, 30, 87, 72, 17, 93, 77, 14, 15, 42, 11, 17, 94, 37, 62, 49, 54, 94, 26, 25, 93, 14, 19, 57, 65, 52, 89, 90, 30, 63, 14, 21, 70, 5, 26, 22, 66, 25, 55, 55, 16, 14, 55, 56, 82, 51, 36, 42, 42, 92, 70, 21, 25, 75, 40, 33, 72, 85, 8, 0, 96, 96, 33, 17, 50, 44, 56, 33, 42, 9, 31, 86, 6, 12, 67, 74, 66, 32, 28, 82, 52, 53, 99, 16, 86, 36, 39, 60, 47, 33, 57, 35, 19, 25, 79, 50, 38, 96, 85, 49, 37, 87, 83, 92, 38, 72, 14, 11, 74, 18, 26, 38, 36, 69, 84, 23, 16, 71, 54, 24, 21, 5, 76, 6, 93, 41, 74, 69, 7, 16, 36, 19, 99, 49, 9, 91, 15, 72, 1, 74, 46, 30, 6, 44, 39, 34, 50, 61, 47, 69, 40, 92, 30, 7, 16, 14, 76, 10, 93, 0, 97, 92, 42, 50, 24, 20, 16, 16, 70, 74, 64, 3, 13, 0, 36, 21, 32, 34, 73, 75, 98, 26, 41, 16, 67, 37, 7, 34, 93, 34, 68, 68, 70, 29, 43, 4, 0, 84, 24, 55, 18, 69, 94, 79, 69, 96, 89, 26, 39, 12, 93, 0, 31, 78, 73, 7, 35, 19, 46, 23, 28, 30, 39, 10, 17, 49, 70, 82, 43, 84, 42, 57, 95, 70, 41, 22, 84, 89, 36, 65, 77, 44, 93, 33, 97, 68, 49, 47, 31, 55, 16, 32, 41, 74, 78, 52, 51, 70, 4, 86, 0, 90, 36, 88, 78, 80, 94, 75, 72, 92, 9, 84, 5, 19, 14, 38, 39, 38, 11, 7, 42, 51, 59, 26, 56, 97, 62, 16, 6, 28, 5, 88, 65, 48, 4, 45, 14, 55, 8, 99, 91, 21, 76, 25, 96, 80, 67, 22, 95, 2, 25, 11, 4, 26, 64, 89, 60, 60, 97, 40, 85, 89, 56, 7, 68, 15, 13, 77, 12, 7, 29, 89, 50, 80, 1, 46, 41, 95, 33, 33, 3, 64, 50, 71, 30, 97, 50, 68, 55, 76, 73, 50, 41, 11, 58, 88, 10, 19, 50, 58, 27, 96, 89, 46, 1, 88, 64, 37, 1, 17, 32, 36, 52, 46, 2, 43, 59, 74, 26, 83, 60, 50, 57, 64, 37, 69, 22, 22, 83, 67, 2, 70, 59, 51, 58, 37, 32, 43, 14, 20, 78, 57, 3, 58, 94, 62, 77, 67, 12, 15, 8, 35, 34]
Hosts: 625
Hosts Average Energy Consume/s: 0.5257313656764342
Hosts Average normal Energy Consume/s: 0.5314265923680257
Hosts Average  Selfish Period Consume/s: 0.2743438526593988

Hosts Average Energy Consume: 13261.935626778348
Hosts Average Normal Energy Consume: 9492.379852702556
Hosts Average Selfish Energy Consume: 3769.5557740780637

Description:
host number
average energy consumption of all periods  - average energy consumption of Normal periods  -  average energy consumption of all selfish periods
energy consumption of all periods  -  energy consumption of Normal periods  -  energy consumption of selfish periods
Active total time  -  Normal Active Time  -  Selfish Active Time
Normal proportion of time  -  Selfish proportion of time
Number of Recharges 


HOST: 0
0.569297341729688 0.569297341729688 0.0
10440.343949980748 10440.343949980748 0.0
18339.0 18339.0 0.0
0


HOST: 1
0.5286517387370357 0.5227516059942645 0.5309600162308306
14046.805349981776 3905.9999999891443 10140.805349992632
26571.0 7472.0 19099.0
0


HOST: 2
0.5112112204983671 0.5122747501230426 0.5062500000003638
11242.04594997959 9276.783449978178 1965.2625000014123
21991.0 18109.0 3882.0
0


HOST: 3
0.5167267860122108 0.5167267860122108 0.0
12353.903999979935 12353.903999979935 0.0
23908.0 23908.0 0.0
0


HOST: 4
0.5199621749301904 0.5215107090167715 0.5128102537001519
12436.455299980293 10253.422049978746 2183.0332500015465
23918.0 19661.0 4257.0
0


HOST: 5
0.5132166269850654 0.5132166269850654 0.0
9915.858449978448 9915.858449978448 0.0
19321.0 19321.0 0.0
0


HOST: 6
0.5339833978911499 0.5170107038108831 0.5431082464734989
9374.078549979136 3173.4116999912003 6200.666849987936
17555.0 6138.0 11417.0
0


HOST: 7
0.5134716291880294 0.5134716291880294 0.0
11736.934499979976 11736.934499979976 0.0
22858.0 22858.0 0.0
0


HOST: 8
0.506249999998887 0.5062499999985448 0.5062499999993364
9888.581249978259 5614.8187499838605 4273.762499994398
19533.0 11091.0 8442.0
0


HOST: 9
0.5129582100851166 0.5129582100851166 0.0
9815.455349978705 9815.455349978705 0.0
19135.0 19135.0 0.0
0


HOST: 10
0.5303888871213314 0.5303888871213314 0.0
10008.438299979523 10008.438299979523 0.0
18870.0 18870.0 0.0
0


HOST: 11
0.5216273915504598 0.521960628736434 0.5062500000003638
14706.241049982113 14403.503549981895 302.73750000021755
28193.0 27595.0 598.0
0


HOST: 12
0.5098859727419774 0.5143062499985552 0.5062499999991066
9652.651349978376 4394.232599987656 5258.41874999072
18931.0 8544.0 10387.0
0


HOST: 13
0.5279740078862752 0.5279740078862752 0.0
8567.962199978474 8567.962199978474 0.0
16228.0 16228.0 0.0
0


HOST: 14
0.5258643113240622 0.5320634826379685 0.5125964693580275
10266.448949979665 7079.636699980809 3186.8122499988567
19523.0 13306.0 6217.0
0


HOST: 15
0.5080856330629543 0.507133139063752 0.5090790563300568
8623.737449977523 4394.308649987412 4229.428799990112
16973.0 8665.0 8308.0
0


HOST: 16
0.5217197614920517 0.5217197614920517 0.0
13868.354699981717 13868.354699981717 0.0
26582.0 26582.0 0.0
0


HOST: 17
0.5205895526500075 0.5094882388567736 0.5445783386675659
11311.369799979364 7567.938299978516 3743.4315000008482
21728.0 14854.0 6874.0
0


HOST: 18
0.5099525781352521 0.5099525781352521 0.0
10621.802249979166 10621.802249979166 0.0
20829.0 20829.0 0.0
0


HOST: 19
0.5062499999985448 0.5062499999985448 0.0
4001.9062499884967 4001.9062499884967 0.0
7905.0 7905.0 0.0
0


HOST: 20
0.5184020677616575 0.5184020677616575 0.0
9363.89654997882 9363.89654997882 0.0
18063.0 18063.0 0.0
0


HOST: 21
0.5363612239224709 0.5363612239224709 0.0
13523.81189998118 13523.81189998118 0.0
25214.0 25214.0 0.0
0


HOST: 22
0.5305155941083067 0.5305155941083067 0.0
10519.063199979506 10519.063199979506 0.0
19828.0 19828.0 0.0
0


HOST: 23
0.5207907515416554 0.5207907515416554 0.0
13928.548649981576 13928.548649981576 0.0
26745.0 26745.0 0.0
0


HOST: 24
0.5062499999990396 0.5062499999985448 0.5062499999991628
11029.162499979078 2197.1249999936845 8832.037499985394
21786.0 4340.0 17446.0
0


HOST: 25
0.5150560322095455 0.5208313615191116 0.5062499999989517
8794.58174997799 5370.812999985079 3423.7687499929107
17075.0 10312.0 6763.0
0


HOST: 26
0.526310766572326 0.526310766572326 0.0
9598.329449979508 9598.329449979508 0.0
18237.0 18237.0 0.0
0


HOST: 27
0.5253288458961369 0.5309265687954235 0.5125088631705953
11798.36054998134 8299.975049978857 3498.3855000024832
22459.0 15633.0 6826.0
0


HOST: 28
0.5413412557344438 0.5413412557344438 0.0
8376.173249979049 8376.173249979049 0.0
15473.0 15473.0 0.0
0


HOST: 29
0.5306278891584736 0.5306278891584736 0.0
11116.123649980864 11116.123649980864 0.0
20949.0 20949.0 0.0
0


HOST: 30
0.5279232120443451 0.5279232120443451 0.0
11781.134399981605 11781.134399981605 0.0
22316.0 22316.0 0.0
0


HOST: 31
0.526448793163995 0.533124257915795 0.5163599774933452
8811.699899978948 5370.160649985803 3441.539249993146
16738.0 10073.0 6665.0
0


HOST: 32
0.5406130434773101 0.5406130434773101 0.0
10394.907599981718 10394.907599981718 0.0
19228.0 19228.0 0.0
0


HOST: 33
0.5319849625124231 0.5136355973799018 0.5495834006045397
9295.37324997957 4393.63889998768 4901.73434999189
17473.0 8554.0 8919.0
0


HOST: 34
0.5542566383230928 0.5542566383230928 0.0
10820.75234998174 10820.75234998174 0.0
19523.0 19523.0 0.0
0


HOST: 35
0.536541158857536 0.536541158857536 0.0
9139.442099979267 9139.442099979267 0.0
17034.0 17034.0 0.0
0


HOST: 36
0.5719458568357918 0.5900341087599581 0.5392467231006794
5880.747299985611 3906.0257999909227 1974.7214999946882
10282.0 6620.0 3662.0
0


HOST: 37
0.5304588321057746 0.5304588321057746 0.0
11459.502149981048 11459.502149981048 0.0
21603.0 21603.0 0.0
0


HOST: 38
0.5062499999988367 0.5062499999985448 0.5062499999988523
9563.062499978025 488.0249999985972 9075.037499979428
18890.0 964.0 17926.0
0


HOST: 39
0.5400172889483488 0.5431385898919993 0.5062500000003638
11136.776549981796 10253.370299981161 883.4062500006348
20623.0 18878.0 1745.0
0


HOST: 40
0.5362731033261489 0.5362731033261489 0.0
12186.269999983408 12186.269999983408 0.0
22724.0 22724.0 0.0
0


HOST: 41
0.5278150929134181 0.5278150929134181 0.0
8038.096049978445 8038.096049978445 0.0
15229.0 15229.0 0.0
0


HOST: 42
0.5424680798577799 0.5424680798577799 0.0
10447.392749980983 10447.392749980983 0.0
19259.0 19259.0 0.0
0


HOST: 43
0.5401080255775033 0.5597881969313406 0.5302297122296095
11275.835249981536 3905.6422499899636 7370.192999991572
20877.0 6977.0 13900.0
0


HOST: 44
0.5310640473994348 0.5454788848248853 0.5147071856625459
9836.89934997973 5370.78509998582 4466.114249993911
18523.0 9846.0 8677.0
0


HOST: 45
0.5062499999990285 0.5062499999985448 0.5062499999991337
10937.024999979012 1952.6062499943873 8984.418749984625
21604.0 3857.0 17747.0
0


HOST: 46
0.556840382943155 0.5747824595811243 0.5062499999998035
9611.621849981797 7323.878099982685 2287.743749999112
17261.0 12742.0 4519.0
0


HOST: 47
0.5225497631277951 0.5410390284434042 0.5141343883973447
9044.813849979006 2929.1852999925904 6115.628549986415
17309.0 5414.0 11895.0
0


HOST: 48
0.5330401743601103 0.5330401743601103 0.0
9721.586699979693 9721.586699979693 0.0
18238.0 18238.0 0.0
0


HOST: 49
0.5267317583066012 0.5267317583066012 0.0
10556.757899980901 10556.757899980901 0.0
20042.0 20042.0 0.0
0


HOST: 50
0.525634190072974 0.525634190072974 0.0
4734.387149987277 4734.387149987277 0.0
9007.0 9007.0 0.0
0


HOST: 51
0.531080905214314 0.531080905214314 0.0
8471.802599978737 8471.802599978737 0.0
15952.0 15952.0 0.0
0


HOST: 52
0.524475893288463 0.5275560039448272 0.5212013335326261
10832.525099979915 5614.778549984796 5217.7465499951195
20654.0 10643.0 10011.0
0


HOST: 53
0.5272090018799973 0.5272090018799973 0.0
9528.775499979072 9528.775499979072 0.0
18074.0 18074.0 0.0
0


HOST: 54
0.5273638120413078 0.5276147918478975 0.5062500000003638
10370.081999980277 10253.138249980193 116.94375000008404
19664.0 19433.0 231.0
0


HOST: 55
0.5234485319547519 0.5234485319547519 0.0
11196.04064998019 11196.04064998019 0.0
21389.0 21389.0 0.0
0


HOST: 56
0.5484872125182811 0.5484872125182811 0.0
9515.70464997966 9515.70464997966 0.0
17349.0 17349.0 0.0
0


HOST: 57
0.5346506502383735 0.5346506502383735 0.0
9373.495199979165 9373.495199979165 0.0
17532.0 17532.0 0.0
0


HOST: 58
0.5276697982276728 0.5341331322091686 0.5115066406901302
11140.692449980856 8055.795899978681 3084.896550002175
21113.0 15082.0 6031.0
0


HOST: 59
0.5324976914298459 0.5458155486972596 0.5174123948938363
11210.141399981118 6102.763649984059 5107.377749997058
21052.0 11181.0 9871.0
0


HOST: 60
0.5062499999990427 0.5062499999985448 0.506249999999054
11054.474999979097 244.0124999992986 10810.462499979798
21836.0 482.0 21354.0
0


HOST: 61
0.5299661153000937 0.5322463215552101 0.5190162281882755
11454.157649980925 9520.822199979599 1933.3354500013265
21613.0 17888.0 3725.0
0


HOST: 62
0.5374281510807828 0.5374281510807828 0.0
10109.560949980605 10109.560949980605 0.0
18811.0 18811.0 0.0
0


HOST: 63
0.6349174604071322 0.6822632993576251 0.5280114699335432
11145.341099986797 8300.415299984867 2844.925800001931
17554.0 12166.0 5388.0
0


HOST: 64
0.5160311484388241 0.5160311484388241 0.0
10352.61689997969 10352.61689997969 0.0
20062.0 20062.0 0.0
0


HOST: 65
0.5062499999987279 0.5062499999985448 0.5062499999987385
8927.212499977568 488.0249999985972 8439.18749997897
17634.0 964.0 16670.0
0


HOST: 66
0.5550054043094842 0.5550054043094842 0.0
10274.815049981482 10274.815049981482 0.0
18513.0 18513.0 0.0
0


HOST: 67
0.5327475209547253 0.5327475209547253 0.0
8961.346049979435 8961.346049979435 0.0
16821.0 16821.0 0.0
0


HOST: 68
0.5284517484860479 0.5284517484860479 0.0
11787.1162499813 11787.1162499813 0.0
22305.0 22305.0 0.0
0


HOST: 69
0.5325525630924683 0.542211199383484 0.5194376116456952
10825.195949980603 6347.124299983065 4478.071649997539
20327.0 11706.0 8621.0
0


HOST: 70
0.5630316266813299 0.5630316266813299 0.0
10584.43154998232 10584.43154998232 0.0
18799.0 18799.0 0.0
0


HOST: 71
0.5313016034600816 0.5313016034600816 0.0
8349.935999978643 8349.935999978643 0.0
15716.0 15716.0 0.0
0


HOST: 72
0.5080899323507065 0.5077893258412417 0.508184370505007
10214.639999978604 2440.4354999930074 7774.204499985597
20104.0 4806.0 15298.0
0


HOST: 73
0.5062499999988276 0.5062499999985448 0.5062499999988429
9506.362499977984 488.0249999985972 9018.337499979387
18778.0 964.0 17814.0
0


HOST: 74
0.5265103525213377 0.5330110625896876 0.5076896839336378
11679.579149980835 8788.286399978768 2891.292750002067
22183.0 16488.0 5695.0
0


HOST: 75
0.5393314673357231 0.5393314673357231 0.0
10732.69619998089 10732.69619998089 0.0
19900.0 19900.0 0.0
0


HOST: 76
0.5170188170079919 0.5170188170079919 0.0
11380.618199979917 11380.618199979917 0.0
22012.0 22012.0 0.0
0


HOST: 77
0.508712665228215 0.5086186384621759 0.5088702185782917
8967.078149977746 5614.64114998396 3352.4369999937862
17627.0 11039.0 6588.0
0


HOST: 78
0.5171455238749579 0.5180443412896125 0.5122219082987179
10374.973499979405 8788.622249978276 1586.3512500011293
20062.0 16965.0 3097.0
0


HOST: 79
0.5062499999985827 0.5062499999985448 0.5062499999986458
8199.224999977045 5126.287499985265 3072.93749999178
16196.0 10126.0 6070.0
0


HOST: 80
0.5236798829869949 0.5236798829869949 0.0
8727.12524997827 8727.12524997827 0.0
16665.0 16665.0 0.0
0


HOST: 81
0.5062499999992234 0.5062499999985448 0.5062499999994704
12805.593749980355 3417.693749990176 9387.899999990179
25295.0 6751.0 18544.0
0


HOST: 82
0.5224054669280267 0.5124011334998081 0.5282841748203094
10086.082349979411 3661.6184999896286 6424.463849989783
19307.0 7146.0 12161.0
0


HOST: 83
0.5062499999986652 0.5062499999985448 0.5062499999987775
8597.643749977331 4149.731249988072 4447.912499989259
16983.0 8197.0 8786.0
0


HOST: 84
0.5192229197920324 0.5218753576699926 0.5178686397974164
9341.339549978455 3173.524049991225 6167.8154999872295
17991.0 6081.0 11910.0
0


HOST: 85
0.5169506727655154 0.5062499999985448 0.5202908545190472
11525.932199979932 2685.1499999922817 8840.78219998765
22296.0 5304.0 16992.0
0


HOST: 86
0.512895269166734 0.512895269166734 0.0
8803.334399977823 8803.334399977823 0.0
17164.0 17164.0 0.0
0


HOST: 87
0.5203450098894461 0.5203450098894461 0.0
11574.554399980838 11574.554399980838 0.0
22244.0 22244.0 0.0
0


HOST: 88
0.5314569792695478 0.537796262079284 0.5203367614063458
11742.01049998139 7567.868999979684 4174.141500001706
22094.0 14072.0 8022.0
0


HOST: 89
0.5385987423595209 0.5385987423595209 0.0
8372.517449978752 8372.517449978752 0.0
15545.0 15545.0 0.0
0


HOST: 90
0.5304059074147436 0.5340635640399387 0.5062500000003638
9212.089799979267 8055.814799978436 1156.275000000831
17368.0 15084.0 2284.0
0


HOST: 91
0.5445263598718825 0.5445263598718825 0.0
8418.922049979175 8418.922049979175 0.0
15461.0 15461.0 0.0
0


HOST: 92
0.5278341084737448 0.5375281927893467 0.5157821099055698
11678.329649981604 6591.170699982969 5087.158949998635
22125.0 12262.0 9863.0
0


HOST: 93
0.5781063767157866 0.5781063767157866 0.0
9723.171149982814 9723.171149982814 0.0
16819.0 16819.0 0.0
0


HOST: 94
0.5404729586418761 0.5404729586418761 0.0
12231.983999982938 12231.983999982938 0.0
22632.0 22632.0 0.0
0


HOST: 95
0.5289261936840822 0.5289261936840822 0.0
10988.970599980492 10988.970599980492 0.0
20776.0 20776.0 0.0
0


HOST: 96
0.5335957923486958 0.5335957923486958 0.0
10253.043149980189 10253.043149980189 0.0
19215.0 19215.0 0.0
0


HOST: 97
0.5136745633266336 0.5163382350712282 0.5077099120436658
19674.249449973395 13671.08744998091 6003.162000004304
38301.0 26477.0 11824.0
0


HOST: 98
0.5080232404059716 0.5082501988684068 0.5062500000003638
18441.751649977174 16356.507899983068 2085.2437500014985
36301.0 32182.0 4119.0
0


HOST: 99
0.5113873149336003 0.511776065933451 0.5062500000003638
16268.764649982628 15135.777149981814 1132.9875000008142
31813.0 29575.0 2238.0
0


HOST: 100
0.5132408371033992 0.514413158887365 0.5062500000003638
19055.605799975005 16356.28079998266 2699.3250000019398
37128.0 31796.0 5332.0
0


HOST: 101
0.5128578296231501 0.5102056704420953 0.51565782719813
18157.218599978005 9276.559499978177 8880.659100006194
35404.0 18182.0 17222.0
0


HOST: 102
0.5172076432071981 0.5169864355767099 0.5274909326428381
18960.832199975885 18553.609199976963 407.223000000271
36660.0 35888.0 772.0
0


HOST: 103
0.5199072208885496 0.5208863924822992 0.5062500000003459
20368.925099971595 19042.04384997541 1326.8812500009067
39178.0 36557.0 2621.0
0


HOST: 104
0.5086346238024643 0.5104555650856815 0.5062500000003638
16731.535949982062 9521.01719997813 7210.518750005182
32895.0 18652.0 14243.0
0


HOST: 105
0.5101879684948366 0.511542109179942 0.5085511397724097
16906.608899981897 9276.816149978249 7629.792750005463
33138.0 18135.0 15003.0
0


HOST: 106
0.5149254095349124 0.5157316412751038 0.5146198318369967
16848.359399982335 4637.974649987009 12210.38474999642
32720.0 8993.0 23727.0
0


HOST: 107
0.5209510756185151 0.5086361891046134 0.5247268715967353
22375.890599966457 5126.544149985399 17249.346449999477
42952.0 10079.0 32873.0
0


HOST: 108
0.5062499999991903 0.5062499999985448 0.5062499999992162
23546.19374996234 244.0124999992986 23302.18124996392
46511.0 482.0 46029.0
0


HOST: 109
0.5062499999993125 0.5062499999985448 0.5062499999994119
19796.399999973117 732.0374999978958 19064.362499977855
39104.0 1446.0 37658.0
0


HOST: 110
0.518722684765492 0.5088393759460063 0.5252565308171352
20634.788399971272 8055.944999977171 12578.843400008753
39780.0 15832.0 23948.0
0


HOST: 111
0.5148981325926458 0.5188638260181704 0.5068304748543421
20596.95509997102 13915.408949981313 6681.546150004791
40002.0 26819.0 13183.0
0


HOST: 112
0.5062499999993589 0.5062499999985448 0.5062499999997102
18666.956249976363 2197.1249999936845 16469.831249990573
36873.0 4340.0 32533.0
0


HOST: 113
0.5340515940912852 0.5440039673682651 0.5062499999994107
9112.5223499796 6835.40984998225 2277.112499997349
17063.0 12565.0 4498.0
0


HOST: 114
0.5330649586504195 0.5330649586504195 0.0
11667.19274998173 11667.19274998173 0.0
21887.0 21887.0 0.0
0


HOST: 115
0.534792922793135 0.534792922793135 0.0
10473.384599980755 10473.384599980755 0.0
19584.0 19584.0 0.0
0


HOST: 116
0.5427550980027255 0.5427550980027255 0.0
11934.64184998193 11934.64184998193 0.0
21989.0 21989.0 0.0
0


HOST: 117
0.508799308181504 0.508799308181504 0.0
9818.300249978483 9818.300249978483 0.0
19297.0 19297.0 0.0
0


HOST: 118
0.5062499999985448 0.5062499999985448 0.5062499999985448
5799.093749983331 4638.2624999866675 1160.8312499966632
11455.0 9162.0 2293.0
0


HOST: 119
0.5187254064429866 0.5187254064429866 0.0
10529.088299979741 10529.088299979741 0.0
20298.0 20298.0 0.0
0


HOST: 120
0.5169483931482736 0.5169483931482736 0.0
10745.289299980015 10745.289299980015 0.0
20786.0 20786.0 0.0
0


HOST: 121
0.5125046584559767 0.5125046584559767 0.0
8823.280199978095 8823.280199978095 0.0
17216.0 17216.0 0.0
0


HOST: 122
0.5482693994609836 0.5482693994609836 0.0
9987.823649980739 9987.823649980739 0.0
18217.0 18217.0 0.0
0


HOST: 123
0.5209208517336464 0.5209208517336464 0.0
8256.595499978295 8256.595499978295 0.0
15850.0 15850.0 0.0
0


HOST: 124
0.5574119190396104 0.5574119190396104 0.0
11153.812499982603 11153.812499982603 0.0
20010.0 20010.0 0.0
0


HOST: 125
0.5314358635637003 0.5314358635637003 0.0
10781.770799980352 10781.770799980352 0.0
20288.0 20288.0 0.0
0


HOST: 126
0.5395789130937823 0.5408999261435214 0.5062500000003638
9114.56699998017 8788.541999979936 326.0250000002343
16892.0 16248.0 644.0
0


HOST: 127
0.5312132965425408 0.5312132965425408 0.0
6593.950649982558 6593.950649982558 0.0
12413.0 12413.0 0.0
0


HOST: 128
0.5296377045545556 0.5296377045545556 0.0
10777.597649980651 10777.597649980651 0.0
20349.0 20349.0 0.0
0


HOST: 129
0.5306998318000523 0.5306998318000523 0.0
11831.952749982167 11831.952749982167 0.0
22295.0 22295.0 0.0
0


HOST: 130
0.5062499999987986 0.5062499999985448 0.5062499999988459
9330.693749977858 1464.5812499957901 7866.112499982068
18431.0 2893.0 15538.0
0


HOST: 131
0.5111978074582489 0.5141260003997201 0.5062499999985965
8113.731599977327 5126.350349985609 2987.3812499917185
15872.0 9971.0 5901.0
0


HOST: 132
0.5062499999990164 0.5062499999990164 0.0
10838.812499978942 10838.812499978942 0.0
21410.0 21410.0 0.0
0


HOST: 133
0.5246626741246183 0.5246626741246183 0.0
11864.197049979994 11864.197049979994 0.0
22613.0 22613.0 0.0
0


HOST: 134
0.5136810501330211 0.5136810501330211 0.0
9959.248199979014 9959.248199979014 0.0
19388.0 19388.0 0.0
0


HOST: 135
0.5555531540902573 0.5646372663013344 0.5412622498487559
14143.82774998386 8788.57904998027 5355.248700003591
25459.0 15565.0 9894.0
0


HOST: 136
0.5128081069478373 0.5128081069478373 0.0
10759.739699979522 10759.739699979522 0.0
20982.0 20982.0 0.0
0


HOST: 137
0.5183524614431203 0.5183524614431203 0.0
10150.377899979181 10150.377899979181 0.0
19582.0 19582.0 0.0
0


HOST: 138
0.5062499999990898 0.5062499999985448 0.5062499999994602
11463.01874997939 4638.2624999866675 6824.756249992723
22643.0 9162.0 13481.0
0


HOST: 139
0.5173521950388961 0.5155249157815462 0.5227267524404682
13787.953349981619 10253.275049979173 3534.678300002446
26651.0 19889.0 6762.0
0


HOST: 140
0.5062499999985828 0.5062499999985448 0.5062499999986039
8199.731249977045 2929.1624999915803 5270.568749985465
16197.0 5786.0 10411.0
0


HOST: 141
0.506249999998869 0.5062499999985448 0.5062499999990633
9769.612499978173 3661.7062499894746 6107.906249988699
19298.0 7233.0 12065.0
0


HOST: 142
0.5285902829476378 0.5285902829476378 0.0
10648.451249980162 10648.451249980162 0.0
20145.0 20145.0 0.0
0


HOST: 143
0.5212374835350121 0.5153380470119341 0.5310253881109293
14642.082149982025 9032.329949978168 5609.752200003857
28091.0 17527.0 10564.0
0


HOST: 144
0.5116493565126553 0.5116493565126553 0.0
9064.379999978202 9064.379999978202 0.0
17716.0 17716.0 0.0
0


HOST: 145
0.5062499999988107 0.5062499999988107 0.0
9403.08749997791 9403.08749997791 0.0
18574.0 18574.0 0.0
0


HOST: 146
0.5062499999992806 0.5062499999985448 0.5062499999996983
13481.943749980841 4882.274999985966 8599.668749994875
26631.0 9644.0 16987.0
0


HOST: 147
0.5259646858843094 0.5259646858843094 0.0
11603.832899979634 11603.832899979634 0.0
22062.0 22062.0 0.0
0


HOST: 148
0.522655737388276 0.5077153494748876 0.550160515520089
10858.695599978822 6835.371749980412 4023.323849998411
20776.0 13463.0 7313.0
0


HOST: 149
0.5116671341828004 0.5116671341828004 0.0
9102.046649977836 9102.046649977836 0.0
17789.0 17789.0 0.0
0


HOST: 150
0.5332273206045275 0.5332273206045275 0.0
9719.667599979328 9719.667599979328 0.0
18228.0 18228.0 0.0
0


HOST: 151
0.5174915226830317 0.5174915226830317 0.0
9284.832899978954 9284.832899978954 0.0
17942.0 17942.0 0.0
0


HOST: 152
0.5475183506978981 0.5475183506978981 0.0
10772.423549981146 10772.423549981146 0.0
19675.0 19675.0 0.0
0


HOST: 153
0.5062499999985448 0.5062499999985448 0.0
7585.143749978197 7585.143749978197 0.0
14983.0 14983.0 0.0
0


HOST: 154
0.5117231127666454 0.514501725650607 0.5062499999990149
8785.262399977768 5858.631149983463 2926.631249994305
17168.0 11387.0 5781.0
0


HOST: 155
0.5211635349702537 0.5211635349702537 0.0
8270.865299977926 8270.865299977926 0.0
15870.0 15870.0 0.0
0


HOST: 156
0.5237710729516197 0.5237710729516197 0.0
10309.909799979683 10309.909799979683 0.0
19684.0 19684.0 0.0
0


HOST: 157
0.539850429552383 0.5239958009108551 0.5432809201733975
11310.946199981528 1952.9323499947568 9358.013849986772
20952.0 3727.0 17225.0
0


HOST: 158
0.517396913461482 0.521331667976526 0.5144953377532063
10845.674099979586 4638.287849987151 6207.386249992434
20962.0 8897.0 12065.0
0


HOST: 159
0.5289283407639369 0.5289283407639369 0.0
11743.795949981692 11743.795949981692 0.0
22203.0 22203.0 0.0
0


HOST: 160
0.5149982216600458 0.5137762050080176 0.5154560563035113
8977.448999977918 2440.9507499930914 6536.4982499848265
17432.0 4751.0 12681.0
0


HOST: 161
0.5062499999988334 0.5062499999985448 0.5062499999988573
9542.30624997801 732.0374999978958 8810.268749980114
18849.0 1446.0 17403.0
0


HOST: 162
0.5425537186594969 0.5425537186594969 0.0
9673.190249980169 9673.190249980169 0.0
17829.0 17829.0 0.0
0


HOST: 163
0.5590000660105762 0.5704711441376727 0.5464175176866061
11432.110349982293 6102.9002999848235 5329.2100499974695
20451.0 10698.0 9753.0
0


HOST: 164
0.5164510004012114 0.5164510004012114 0.0
8982.63224997827 8982.63224997827 0.0
17393.0 17393.0 0.0
0


HOST: 165
0.5094539213357063 0.5094539213357063 0.0
8626.583249977515 8626.583249977515 0.0
16933.0 16933.0 0.0
0


HOST: 166
0.5318550662919043 0.5318550662919043 0.0
9868.038899979992 9868.038899979992 0.0
18554.0 18554.0 0.0
0


HOST: 167
0.5265577294905684 0.5518603575817819 0.5189739544186963
11110.894649980484 2685.3524999929505 8425.542149987534
21101.0 4866.0 16235.0
0


HOST: 168
0.5256012003360399 0.5328592729174364 0.5136711307682514
11231.572049980836 7079.56829998106 4152.003749999776
21369.0 13286.0 8083.0
0


HOST: 169
0.5437386107622438 0.7518372689924194 0.5164055795281812
9123.390149979688 1464.578999997233 7658.811149982455
16779.0 1948.0 14831.0
0


HOST: 170
0.5290573353073396 0.5301909476792114 0.5062500000003638
11251.46234998119 10741.668599980823 509.79375000036634
21267.0 20260.0 1007.0
0


HOST: 171
0.5062499999985448 0.5062499999985448 0.0
3930.524999988702 3930.524999988702 0.0
7764.0 7764.0 0.0
0


HOST: 172
0.5168908064939141 0.5205638524705437 0.5121236777366278
11587.658099980565 6591.379499982024 4996.278599998541
22418.0 12662.0 9756.0
0


HOST: 173
0.522937840100464 0.525690323013393 0.5062500000000454
9052.576949979131 7811.75819997902 1240.8187500001113
17311.0 14860.0 2451.0
0


HOST: 174
0.5352826818316897 0.578416897555978 0.5174099999991032
10023.703499980222 3173.1950999920955 6850.508399988126
18726.0 5486.0 13240.0
0


HOST: 175
0.5241400527690263 0.5241400527690263 0.0
7945.96319997844 7945.96319997844 0.0
15160.0 15160.0 0.0
0


HOST: 176
0.5583818597546895 0.5583818597546895 0.0
5860.775999985221 5860.775999985221 0.0
10496.0 10496.0 0.0
0


HOST: 177
0.5479360785024916 0.5716223030592665 0.519180761421282
11949.389999982337 6835.4594999827095 5113.9304999996275
21808.0 11958.0 9850.0
0


HOST: 178
0.5364554384009299 0.5364554384009299 0.0
11600.312399981709 11600.312399981709 0.0
21624.0 21624.0 0.0
0


HOST: 179
0.5183436870908037 0.5183436870908037 0.0
11741.521199980885 11741.521199980885 0.0
22652.0 22652.0 0.0
0


HOST: 180
0.5285844882642678 0.5285844882642678 0.0
10923.198449981095 10923.198449981095 0.0
20665.0 20665.0 0.0
0


HOST: 181
0.5486858559643815 0.5486858559643815 0.0
7192.174199981113 7192.174199981113 0.0
13108.0 13108.0 0.0
0


HOST: 182
0.5440582814921495 0.5440582814921495 0.0
11194.543199982469 11194.543199982469 0.0
20576.0 20576.0 0.0
0


HOST: 183
0.5309821563671713 0.5309821563671713 0.0
10105.652399980003 10105.652399980003 0.0
19032.0 19032.0 0.0
0


HOST: 184
0.5062499999993041 0.5062499999985448 0.5062499999997901
20015.606249972487 3173.6812499908774 16841.924999993018
39537.0 6269.0 33268.0
0


HOST: 185
0.5405551415462312 0.5382096766563169 0.5435408058269031
18388.064249978146 10253.432549979494 8134.631700005431
34017.0 19051.0 14966.0
0


HOST: 186
0.5241124916095985 0.5241124916095985 0.0
20303.069699972628 20303.069699972628 0.0
38738.0 38738.0 0.0
0


HOST: 187
0.5239167630349095 0.5240735165450632 0.5236413315781834
20296.535399972396 12938.851049981065 7357.6843500050545
38740.0 24689.0 14051.0
0


HOST: 188
0.5062499999992813 0.5062499999985448 0.506249999999312
20634.749999970707 244.0124999992986 20390.73749997229
40760.0 482.0 40278.0
0


HOST: 189
0.531124439880773 0.531124439880773 0.0
20434.481699972857 20434.481699972857 0.0
38474.0 38474.0 0.0
0


HOST: 190
0.5256557103553497 0.5259123696673922 0.5252846000502026
20638.294499971744 12206.426099980174 8431.868400005853
39262.0 23210.0 16052.0
0


HOST: 191
0.5224540101228459 0.5232895691542335 0.5132140888890089
21262.310849969457 19530.213299974304 1732.0975500004051
40697.0 37322.0 3375.0
0


HOST: 192
0.5062499999992777 0.5062499999985448 0.5062499999993392
20737.012499970413 488.0249999985972 20248.98749997357
40962.0 964.0 39998.0
0


HOST: 193
0.5189911479050593 0.5138791803695537 0.521645341371284
23085.245249964944 7811.991299977955 15273.253950009826
44481.0 15202.0 29279.0
0


HOST: 194
0.5215825226730375 0.5187405408178262 0.5269403663504331
23291.26754996449 15135.811499982532 8155.456050005652
44655.0 29178.0 15477.0
0


HOST: 195
0.5296881747060972 0.5319361296653718 0.5062500000003638
16250.83319998306 14891.551949982084 1359.2812500009768
30680.0 27995.0 2685.0
0


HOST: 196
0.5062499999993234 0.5062499999985448 0.5062499999995727
19518.974999973914 1708.5937499950887 17810.381249984966
38556.0 3375.0 35181.0
0


HOST: 197
0.5219530342933931 0.5217363705006105 0.5236854066988583
20607.749699971748 18309.294449977926 2298.455250001289
39482.0 35093.0 4389.0
0


HOST: 198
0.5344029800167569 0.5344029800167569 0.0
15377.44574998218 15377.44574998218 0.0
28775.0 28775.0 0.0
0


HOST: 199
0.5229391616576187 0.5288582411495106 0.5156309241979504
20534.77499997137 11474.108399979783 9060.666600006385
39268.0 21696.0 17572.0
0


HOST: 200
0.5332788153150947 0.5062499999985448 0.5360187982454037
19554.267599973893 1708.5937499950887 17845.673849984225
36668.0 3375.0 33293.0
0


HOST: 201
0.5239391690536721 0.5249926605265196 0.506249999999909
21942.572399967787 20750.859899971212 1191.712499999786
41880.0 39526.0 2354.0
0


HOST: 202
0.5062499999992782 0.5062499999985448 0.5062499999999589
20721.824999970457 4394.249999987369 16327.574999998675
40932.0 8680.0 32252.0
0


HOST: 203
0.5140699675693658 0.5140699675693658 0.0
19973.160449972573 19973.160449972573 0.0
38853.0 38853.0 0.0
0


HOST: 204
0.533971626885492 0.5388036889892145 0.5113911522030711
20559.5095499721 17088.69779998193 3470.8117500022436
38503.0 31716.0 6787.0
0


HOST: 205
0.5259194401526842 0.5259194401526842 0.0
19746.17129997268 19746.17129997268 0.0
37546.0 37546.0 0.0
0


HOST: 206
0.5124824176235118 0.5141767680776446 0.5104777771628393
20203.594349971703 10985.386649978876 9218.207700006551
39423.0 21365.0 18058.0
0


HOST: 207
0.5161230068576173 0.5161230068576173 0.0
21447.491549968283 21447.491549968283 0.0
41555.0 41555.0 0.0
0


HOST: 208
0.5153380101210113 0.5166036479891415 0.5062500000003638
19143.77639997533 16844.895149981938 2298.881250001652
37148.0 32607.0 4541.0
0


HOST: 209
0.5251736039366852 0.5287759505037105 0.5215338517418391
22674.370349966382 11473.909349980015 11200.461000007735
43175.0 21699.0 21476.0
0


HOST: 210
0.5200511617133177 0.5200511617133177 0.0
18533.063249977502 18533.063249977502 0.0
35637.0 35637.0 0.0
0


HOST: 211
0.5170819809182117 0.5062499999985448 0.5192926494148132
20595.375299972373 3417.693749990176 17177.68154999261
39830.0 6751.0 33079.0
0


HOST: 212
0.5062499999992695 0.5062499999985448 0.50624999999933
20974.44374996973 488.0249999985972 20486.418749972887
41431.0 964.0 40467.0
0


HOST: 213
0.5240101162398194 0.5211808487596821 0.5384152173916622
20556.392849971875 17088.998849981217 3467.3940000023044
39229.0 32789.0 6440.0
0


HOST: 214
0.5062499999992258 0.5062499999985448 0.5062499999996404
22317.52499996587 3173.6812499908774 19143.8437499864
44084.0 6269.0 37815.0
0


HOST: 215
0.5151882853850291 0.5128528361330166 0.5162835690913172
21507.565349968812 6835.302599980845 14672.262750006144
41747.0 13328.0 28419.0
0


HOST: 216
0.5157510792293127 0.5157510792293127 0.0
19880.141099973087 19880.141099973087 0.0
38546.0 38546.0 0.0
0


HOST: 217
0.5062499999993234 0.5062499999985448 0.5062499999995727
19518.974999973914 1708.5937499950887 17810.381249984966
38556.0 3375.0 35181.0
0


HOST: 218
0.5386404010197576 0.5270646437608874 0.5432117437722891
20268.49964997246 5614.819649984733 14653.680000001272
37629.0 10653.0 26976.0
0


HOST: 219
0.5250941720478352 0.5250941720478352 0.0
16749.453899981847 16749.453899981847 0.0
31898.0 31898.0 0.0
0


HOST: 220
0.5182621442608973 0.5182621442608973 0.0
16080.119549982861 16080.119549982861 0.0
31027.0 31027.0 0.0
0


HOST: 221
0.5120610145659781 0.5120610145659781 0.0
12022.168499980035 12022.168499980035 0.0
23478.0 23478.0 0.0
0


HOST: 222
0.5268399234036071 0.5268399234036071 0.0
18571.10729997715 18571.10729997715 0.0
35250.0 35250.0 0.0
0


HOST: 223
0.5292102974821088 0.5293152595275001 0.506250000000187
20351.311199971977 20262.71744997223 88.59375000003274
38456.0 38281.0 175.0
0


HOST: 224
0.5080389385572871 0.5062499999985448 0.5082141145405908
16479.25904998272 1464.5812499957901 15014.677799987216
32437.0 2893.0 29544.0
0


HOST: 225
0.5224986073200567 0.527505796404943 0.5128832740568731
23167.065749963993 15379.958999982517 7787.106750005503
44339.0 29156.0 15183.0
0


HOST: 226
0.5204701069003119 0.5137235518871609 0.5255385135419836
21909.18914996863 9276.81989997835 12632.36925000866
42095.0 18058.0 24037.0
0


HOST: 227
0.5242254730659865 0.5286154311544672 0.5089774738242839
15901.855499983636 12450.479249981167 3451.3762500024695
30334.0 23553.0 6781.0
0


HOST: 228
0.5380816642280223 0.5389515262037432 0.5349701716741817
14345.795249983303 11229.593999981194 3116.2012500021083
26661.0 20836.0 5825.0
0


HOST: 229
0.5062499999993147 0.5062499999985448 0.5062499999994052
13920.862499981156 1464.5812499957901 12456.281249985366
27498.0 2893.0 24605.0
0


HOST: 230
0.5216487271332203 0.5216487271332203 0.0
14343.77504998216 14343.77504998216 0.0
27497.0 27497.0 0.0
0


HOST: 231
0.5187033798338705 0.5187033798338705 0.0
13236.791549980542 13236.791549980542 0.0
25519.0 25519.0 0.0
0


HOST: 232
0.5062499999993479 0.5062499999985448 0.5062499999994563
14376.487499981484 1708.5937499950887 12667.893749986395
28398.0 3375.0 25023.0
0


HOST: 233
0.5309089117538102 0.5309089117538102 0.0
18265.390199978086 18265.390199978086 0.0
34404.0 34404.0 0.0
0


HOST: 234
0.5379713114746375 0.5379713114746375 0.0
13192.132499981062 13192.132499981062 0.0
24522.0 24522.0 0.0
0


HOST: 235
0.5240744475011028 0.5250744297708811 0.517953306797671
12188.923499980649 10497.287999979455 1691.6355000011936
23258.0 19992.0 3266.0
0


HOST: 236
0.5253227944328611 0.5335422068177218 0.5183617880378053
18345.847949978808 8544.144899978997 9801.70305000686
34923.0 16014.0 18909.0
0


HOST: 237
0.5534902627835326 0.5662466075475547 0.5181391120935757
15586.28579998428 11717.34104998155 3868.944750002729
28160.0 20693.0 7467.0
0


HOST: 238
0.9040791071157005 2.8075308729246387 0.5062499999993264
55477.00624994073 29782.287499984566 25694.71874996581
61363.0 10608.0 50755.0
2


HOST: 239
0.5232708684374826 0.5432976296446662 0.5194059039555499
14533.325099982641 2441.0362499934854 12092.288849989156
27774.0 4493.0 23281.0
0


HOST: 240
0.5247360554386638 0.527221270785844 0.5097018477047316
19819.805549973767 17088.82304998156 2730.982500001952
37771.0 32413.0 5358.0
0


HOST: 241
0.5177542753306749 0.522068670518982 0.5140453190224242
19376.435999975176 9031.787999978389 10344.648000007266
37424.0 17300.0 20124.0
0


HOST: 242
0.53437160404374 0.5354754386852814 0.506249999999909
21774.039749970274 20994.920999972514 779.11874999986
40747.0 39208.0 1539.0
0


HOST: 243
0.5209413221949587 0.5227268667834674 0.5077789510490428
21827.441399968768 19286.00774997603 2541.4336500004592
41900.0 36895.0 5005.0
0


HOST: 244
0.5287385229715524 0.5494267741921194 0.5177833571686641
20358.019349973685 7323.858899980951 13034.16045000678
38503.0 13330.0 25173.0
0


HOST: 245
0.5227088979614629 0.5227088979614629 0.0
21315.546149970498 21315.546149970498 0.0
40779.0 40779.0 0.0
0


HOST: 246
0.5219382169846015 0.5231672164136356 0.5148068811966778
21129.10289997064 18065.48714997925 3063.61575000143
40482.0 34531.0 5951.0
0


HOST: 247
0.5198995549555882 0.5198995549555882 0.0
15420.220799982746 15420.220799982746 0.0
29660.0 29660.0 0.0
0


HOST: 248
0.5274920107170665 0.5289984894823729 0.5265094837265113
20966.22494997124 8299.98629997843 12666.238650008683
39747.0 15690.0 24057.0
0


HOST: 249
0.5226715512156374 0.5207528498287403 0.5301789561541733
23073.858299965526 18309.670199978507 4764.188100001402
44146.0 35160.0 8986.0
0


HOST: 250
0.5194088017135753 0.5256993946489841 0.5139619416594343
23389.497749964008 10985.54024997982 12403.957500008788
45031.0 20897.0 24134.0
0


HOST: 251
0.5223833855214083 0.5173929096208476 0.5271566985002932
22688.155199965804 10985.803649979456 11702.351550008008
43432.0 21233.0 22199.0
0


HOST: 252
0.5228168325399632 0.5228168325399632 0.0
19016.416649976083 19016.416649976083 0.0
36373.0 36373.0 0.0
0


HOST: 253
0.5223376387970436 0.5223376387970436 0.0
19898.452349973377 19898.452349973377 0.0
38095.0 38095.0 0.0
0


HOST: 254
0.5244177976443731 0.5139470947358743 0.5416076036869995
18037.350149978214 10985.619149979313 7051.731000004733
34395.0 21375.0 13020.0
0


HOST: 255
0.5194033516435421 0.5238225738798071 0.5148511553728446
20990.647649970466 10741.505699979325 10249.141950007219
40413.0 20506.0 19907.0
0


HOST: 256
0.5062499999992978 0.5062499999985448 0.5062499999999451
20185.706249971998 4394.249999987369 15791.45624999829
39873.0 8680.0 31193.0
0


HOST: 257
0.5181386497570744 0.5164266610534214 0.5202537977387857
21715.708949968743 11961.9907499804 9753.718200006753
41911.0 23163.0 18748.0
0


HOST: 258
0.5225475256939488 0.5280532918745209 0.5094565091614033
21963.717599968055 15624.040799983324 6339.676800004503
42032.0 29588.0 12444.0
0


HOST: 259
0.5307921550856947 0.5412621788984077 0.5155723382977636
23437.658399963933 14159.418599982346 9278.239800006553
44156.0 26160.0 17996.0
0


HOST: 260
0.5352502834971258 0.5390398583821432 0.5273076877048187
20768.246249971977 14159.498999982137 6608.747250004493
38801.0 26268.0 12533.0
0


HOST: 261
0.5062499999992552 0.5062499999985448 0.5062499999995094
21394.124999968524 1952.6062499943873 19441.518749981158
42260.0 3857.0 38403.0
0


HOST: 262
0.5188381726077747 0.516009585709831 0.5201973997835938
22688.274449965378 7323.724049979632 15364.550400008227
43729.0 14193.0 29536.0
0


HOST: 263
0.5246912816463865 0.5245015855310157 0.5265105633804351
21304.564799969878 19285.923299975446 2018.6415000005882
40604.0 36770.0 3834.0
0


HOST: 264
0.5292397327209332 0.5314765079819858 0.5156206256629989
21226.747199971185 18309.36569997941 2917.3815000012482
40108.0 34450.0 5658.0
0


HOST: 265
0.5196945748691473 0.5122137431794255 0.522962792872178
20365.790999972145 6103.026749982855 14262.76425000291
39188.0 11915.0 27273.0
0


HOST: 266
0.5181825996728188 0.5211781195510579 0.5124883767335382
22224.8516999672 14647.711049982481 7577.140650005362
42890.0 28105.0 14785.0
0


HOST: 267
0.5346477649218941 0.5346477649218941 0.0
16266.123599983706 16266.123599983706 0.0
30424.0 30424.0 0.0
0


HOST: 268
0.5219457878536155 0.5161205527016758 0.5247300606303315
21375.245849969113 6835.500599980995 14539.745250005853
40953.0 13244.0 27709.0
0


HOST: 269
0.506249999999221 0.5062499999985448 0.506249999999707
22472.943749965423 3661.7062499894746 18811.23749998911
44391.0 7233.0 37158.0
0


HOST: 270
0.5251379113189996 0.5251379113189996 0.0
21033.873899971208 21033.873899971208 0.0
40054.0 40054.0 0.0
0


HOST: 271
0.5248515658319974 0.5248515658319974 0.0
20915.85974997093 20915.85974997093 0.0
39851.0 39851.0 0.0
0


HOST: 272
0.5062499999991432 0.5062499999985448 0.5062499999991964
11964.71249997975 976.0499999971944 10988.662499982556
23634.0 1928.0 21706.0
0


HOST: 273
0.506249999999437 0.5062499999985448 0.5062499999995649
17033.793749981058 976.0499999971944 16057.743749986199
33647.0 1928.0 31719.0
0


HOST: 274
0.5142200262014018 0.5144782398082477 0.5062500000003638
16877.72969998241 16356.29219998381 521.4375000003747
32822.0 31792.0 1030.0
0


HOST: 275
0.528430437860855 0.528430437860855 0.0
17909.564399980096 17909.564399980096 0.0
33892.0 33892.0 0.0
0


HOST: 276
0.5628511193040915 0.5874107122223374 0.5096676740312079
17097.165599981083 12206.39459998017 4890.771000003471
30376.0 20780.0 9596.0
0


HOST: 277
0.5333293281447832 0.5336908650836257 0.5062500000003638
13844.162699982282 13671.025199982158 173.13750000012442
25958.0 25616.0 342.0
0


HOST: 278
0.5227456686030048 0.5251657385214945 0.5162311002899127
14663.538749982885 10741.214849980128 3922.323900002757
28051.0 20453.0 7598.0
0


HOST: 279
0.5460399720759851 0.5460399720759851 0.0
8995.462499979778 8995.462499979778 0.0
16474.0 16474.0 0.0
0


HOST: 280
0.5333631552436563 0.5333631552436563 0.0
9004.770149978649 9004.770149978649 0.0
16883.0 16883.0 0.0
0


HOST: 281
0.5355400674147279 0.5355400674147279 0.0
10724.189849979926 10724.189849979926 0.0
20025.0 20025.0 0.0
0


HOST: 282
0.5411412497234095 0.5411412497234095 0.0
9820.631399980435 9820.631399980435 0.0
18148.0 18148.0 0.0
0


HOST: 283
0.5299237157068157 0.5552804792837354 0.5233074589847868
15762.050999983529 3417.751349991391 12344.299649992137
29744.0 6155.0 23589.0
0


HOST: 284
0.5209817186005941 0.5209817186005941 0.0
15314.778599983063 15314.778599983063 0.0
29396.0 29396.0 0.0
0


HOST: 285
0.527285392011214 0.527285392011214 0.0
14257.796999983228 14257.796999983228 0.0
27040.0 27040.0 0.0
0


HOST: 286
0.5342221243313195 0.5529570428321838 0.5168800038127916
16190.135699984969 8055.478199979254 8134.657500005715
30306.0 14568.0 15738.0
0


HOST: 287
0.5175023800500632 0.5311133252433102 0.5062499999999459
13665.685349982019 6347.335349982801 7318.349999999218
26407.0 11951.0 14456.0
0


HOST: 288
0.5260526614000354 0.5392289124913364 0.514477382719231
17315.023349982162 8300.350649979142 9014.672700006366
32915.0 15393.0 17522.0
0


HOST: 289
0.5196153063462993 0.5196153063462993 0.0
14171.46824998262 14171.46824998262 0.0
27273.0 27273.0 0.0
0


HOST: 290
0.5278294768169711 0.5278294768169711 0.0
14628.793949982353 14628.793949982353 0.0
27715.0 27715.0 0.0
0


HOST: 291
0.516641617912361 0.5271362044131375 0.5122381914730156
14570.843549982315 4394.207399987914 10176.636149994401
28203.0 8336.0 19867.0
0


HOST: 292
0.5210014759727465 0.5239000648268003 0.5062500000003638
13943.04149998264 11718.072749981042 2224.968750001599
26762.0 22367.0 4395.0
0


HOST: 293
0.5362280582950375 0.5516978145877872 0.5062500000003638
16906.734449984237 11473.659449982211 5433.075000003904
31529.0 20797.0 10732.0
0


HOST: 294
0.5280067396395737 0.5062499999985448 0.5285947266598695
9671.499449978071 244.0124999992986 9427.486949978773
18317.0 482.0 17835.0
0


HOST: 295
0.5680505231538232 0.5680505231538232 0.0
17590.25249998129 17590.25249998129 0.0
30966.0 30966.0 0.0
0


HOST: 296
0.5511813121364306 0.5453415270450012 0.552692998760531
16798.352849981995 3417.6553499910224 13380.697499992457
30477.0 6267.0 24210.0
0


HOST: 297
0.5267253907766961 0.5267253907766961 0.0
14860.503449982927 14860.503449982927 0.0
28213.0 28213.0 0.0
0


HOST: 298
0.523017854386912 0.5251029478132315 0.5141082190752463
18304.05584997876 14891.919599983245 3412.1362500024097
34997.0 28360.0 6637.0
0


HOST: 299
0.5269638052874228 0.5296326535028951 0.5190086095395734
12974.375849981636 9764.307599979375 3210.0682500022613
24621.0 18436.0 6185.0
0


HOST: 300
0.5750664690376319 0.586048070476599 0.5288499618760772
15713.116199984255 12938.769299982354 2774.3469000019013
27324.0 22078.0 5246.0
0


HOST: 301
0.5352886724868285 0.5352886724868285 0.0
12629.065649981745 12629.065649981745 0.0
23593.0 23593.0 0.0
0


HOST: 302
0.5393474683006442 0.5475022922849202 0.5062500000003638
12888.786449980493 10497.261449978774 2391.5250000017186
23897.0 19173.0 4724.0
0


HOST: 303
0.545473277145488 0.545473277145488 0.0
13915.0232999814 13915.0232999814 0.0
25510.0 25510.0 0.0
0


HOST: 304
0.5213068605501616 0.5213068605501616 0.0
19099.11944997627 19099.11944997627 0.0
36637.0 36637.0 0.0
0


HOST: 305
0.5367623339195514 0.5367623339195514 0.0
13412.61719998175 13412.61719998175 0.0
24988.0 24988.0 0.0
0


HOST: 306
0.5201660104757045 0.5251715119838352 0.5166531631915657
12313.36979998088 5126.724299986199 7186.64549999468
23672.0 9762.0 13910.0
0


HOST: 307
0.5274821863766508 0.5311965947161205 0.5062500000003638
14241.491549983195 12206.366549981733 2035.1250000014625
26999.0 22979.0 4020.0
0


HOST: 308
0.5187967449624798 0.5189976546421297 0.5062500000003638
15372.46634998324 15136.04759998307 236.4187500001699
29631.0 29164.0 467.0
0


HOST: 309
0.5062499999993807 0.5062499999985448 0.5062499999994394
14854.893749981828 976.0499999971944 13878.843749984633
29343.0 1928.0 27415.0
0


HOST: 310
0.519290221087836 0.5247624552085471 0.5174932719910128
14656.447199983082 3661.2676499900335 10995.179549993049
28224.0 6977.0 21247.0
0


HOST: 311
0.5448600868999899 0.548763416783388 0.5342947387262081
16928.802899982686 12450.344399981506 4478.458500003077
31070.0 22688.0 8382.0
0


HOST: 312
0.5245330848987347 0.5245330848987347 0.0
12140.318249981216 12140.318249981216 0.0
23145.0 23145.0 0.0
0


HOST: 313
0.5207355243997723 0.547106275860651 0.5148067563374092
16454.201099984006 3173.2163999917757 13280.984699992483
31598.0 5800.0 25798.0
0


HOST: 314
0.5062499999994224 0.5062499999985448 0.5062499999997429
15513.0187499823 4149.731249988072 11363.287499994229
30643.0 8197.0 22446.0
0


HOST: 315
0.5298836684486137 0.5645996964426431 0.5250004696835636
14863.236899983614 1952.9503499951024 12910.286549988512
28050.0 3459.0 24591.0
0


HOST: 316
0.5290494430471058 0.5290494430471058 0.0
13678.57334998292 13678.57334998292 0.0
25855.0 25855.0 0.0
0


HOST: 317
0.5310565019360066 0.5349347237425008 0.5290466905951526
19880.10014997441 6835.395899981675 13044.70425000468
37435.0 12778.0 24657.0
0


HOST: 318
0.5271664584223256 0.5273824039178784 0.5227981707316194
22023.96029996792 20995.09349997074 1028.866799999827
41778.0 39810.0 1968.0
0


HOST: 319
0.5389680976263017 0.5389680976263017 0.0
16760.82989998273 16760.82989998273 0.0
31098.0 31098.0 0.0
0


HOST: 320
0.5137547399539575 0.5126329900639814 0.5144291298437105
16941.062549981747 6346.909049982154 10594.153500001374
32975.0 12381.0 20594.0
0


HOST: 321
0.5229349783652752 0.523389531478069 0.5062500000001661
20546.115299971665 20018.60279997318 527.5125000001731
39290.0 38248.0 1042.0
0


HOST: 322
0.5220639946037305 0.5227938344661703 0.5184410070394202
21674.008799968477 18065.140949978515 3608.8678500014043
41516.0 34555.0 6961.0
0


HOST: 323
0.5293064174484072 0.5295997620707599 0.528684705228393
22265.274449967248 15135.961199982317 7129.31325000488
42065.0 28580.0 13485.0
0


HOST: 324
0.5176481086867052 0.5195582601750008 0.5116539444853901
20527.335749971295 15624.155999982624 4903.179750003494
39655.0 30072.0 9583.0
0


HOST: 325
0.5245722011377341 0.5235722498947739 0.5250841302733907
22392.413549966455 7567.713299979063 14824.700250008642
42687.0 14454.0 28233.0
0


HOST: 326
0.5062499999992986 0.5062499999985448 0.5062499999999024
20159.381249972073 3905.718749988773 16253.662499996866
39821.0 7715.0 32106.0
0


HOST: 327
0.5184227555945771 0.5184227555945771 0.0
16307.506199983016 16307.506199983016 0.0
31456.0 31456.0 0.0
0


HOST: 328
0.5203275074545645 0.5203275074545645 0.0
9945.01964997909 9945.01964997909 0.0
19113.0 19113.0 0.0
0


HOST: 329
0.512082635671881 0.5130967314088994 0.5062499999989422
8294.202449977456 7079.708699979994 1214.4937499974621
16197.0 13798.0 2399.0
0


HOST: 330
0.517748295158446 0.517748295158446 0.0
10963.320149980094 10963.320149980094 0.0
21175.0 21175.0 0.0
0


HOST: 331
0.5228959889632334 0.5228959889632334 0.0
9855.543599979024 9855.543599979024 0.0
18848.0 18848.0 0.0
0


HOST: 332
0.5272794591031882 0.5272794591031882 0.0
13628.064899981002 13628.064899981002 0.0
25846.0 25846.0 0.0
0


HOST: 333
0.5243973276248611 0.5243973276248611 0.0
9065.780999978599 9065.780999978599 0.0
17288.0 17288.0 0.0
0


HOST: 334
0.5266626839082134 0.5100769197269122 0.5399456351971846
13602.643799981335 5858.743499983313 7743.900299998022
25828.0 11486.0 14342.0
0


HOST: 335
0.5163656089672918 0.5163656089672918 0.0
10870.528799979427 10870.528799979427 0.0
21052.0 21052.0 0.0
0


HOST: 336
0.5062499999989875 0.5062499999985448 0.5062499999990725
10610.999999978778 1708.5937499950887 8902.40624998369
20960.0 3375.0 17585.0
0


HOST: 337
0.5212971116084772 0.5212971116084772 0.0
9294.72749997915 9294.72749997915 0.0
17830.0 17830.0 0.0
0


HOST: 338
0.5236897672041647 0.5321260060348132 0.5062499999993165
9268.261499979308 6347.198999983251 2921.0624999960564
17698.0 11928.0 5770.0
0


HOST: 339
0.5495859466213552 0.5410087760048443 0.5653817182359883
11861.163899982088 7567.0897499797575 4294.0741500023305
21582.0 13987.0 7595.0
0


HOST: 340
0.5303920406989733 0.5303920406989733 0.0
11155.205399980805 11155.205399980805 0.0
21032.0 21032.0 0.0
0


HOST: 341
0.5327114146378642 0.5327114146378642 0.0
11251.930499980966 11251.930499980966 0.0
21122.0 21122.0 0.0
0


HOST: 342
0.5213382233197784 0.5213382233197784 0.0
10757.292899980308 10757.292899980308 0.0
20634.0 20634.0 0.0
0


HOST: 343
0.5428414028254381 0.5428414028254381 0.0
11024.566049981822 11024.566049981822 0.0
20309.0 20309.0 0.0
0


HOST: 344
0.5062499999985448 0.5062499999985448 0.5062499999985448
7900.031249977292 244.0124999992986 7656.018749977993
15605.0 482.0 15123.0
0


HOST: 345
0.522409110434109 0.522409110434109 0.0
11674.798799981469 11674.798799981469 0.0
22348.0 22348.0 0.0
0


HOST: 346
0.5359769414157356 0.5359769414157356 0.0
9441.769799979598 9441.769799979598 0.0
17616.0 17616.0 0.0
0


HOST: 347
0.5462999569226653 0.7001740917769136 0.5124698556704667
9511.628549980525 2197.146299995955 7314.48224998457
17411.0 3138.0 14273.0
0


HOST: 348
0.525035934199439 0.525035934199439 0.0
20634.43724997215 20634.43724997215 0.0
39301.0 39301.0 0.0
0


HOST: 349
0.5135065130252675 0.5068985428239081 0.5164839414597248
22292.85824996594 6835.526849980401 15457.331400006642
43413.0 13485.0 29928.0
0


HOST: 350
0.5274996232730564 0.5274996232730564 0.0
22193.491649967305 22193.491649967305 0.0
42073.0 42073.0 0.0
0


HOST: 351
0.5062499999992337 0.5062499999985448 0.5062500000001692
22059.84374996661 6347.362499981755 15712.48125000525
43575.0 12538.0 31037.0
0


HOST: 352
0.5163777295221973 0.5169765411757179 0.514071477118625
16586.5690499825 13182.901799980807 3403.667250002416
32121.0 25500.0 6621.0
0


HOST: 353
0.5215146458113663 0.5251288703823143 0.5062500000002853
20989.39994997006 17088.74369998127 3900.6562500021987
40247.0 32542.0 7705.0
0


HOST: 354
0.5240354537789331 0.5240354537789331 0.0
17414.746199981506 17414.746199981506 0.0
33232.0 33232.0 0.0
0


HOST: 355
0.5174626442854996 0.5227932734218333 0.5084308993135679
21518.166599968215 13671.044099980942 7847.122500005607
41584.0 26150.0 15434.0
0


HOST: 356
0.5208173151964662 0.5237156022501219 0.5089199870077267
18417.14189997744 14891.853149982218 3525.2887500025226
35362.0 28435.0 6927.0
0


HOST: 357
0.5165477354286963 0.5149306903158458 0.5226614789757137
20437.727699971794 16112.181299982816 4325.546400003006
39566.0 31290.0 8276.0
0


HOST: 358
0.5136999940356946 0.5161443549401875 0.5078532568022238
17227.442999981053 12206.297849980494 5021.145150003587
33536.0 23649.0 9887.0
0


HOST: 359
0.5174351338243643 0.5145237354074041 0.520903395995984
17611.93964997989 9520.747199978607 8091.192450005619
34037.0 18504.0 15533.0
0


HOST: 360
0.5181192298390387 0.5208189409484036 0.5140637864316123
21440.29184996926 12938.704949981191 8501.586900006005
41381.0 24843.0 16538.0
0


HOST: 361
0.5092314773974268 0.5084903144512822 0.5097947582089295
17551.17209997971 7567.861349978433 9983.310750005467
34466.0 14883.0 19583.0
0


HOST: 362
0.5200843090990054 0.5200843090990054 0.0
9149.843249978801 9149.843249978801 0.0
17593.0 17593.0 0.0
0


HOST: 363
0.5062499999988562 0.5062499999985448 0.5062499999989348
9687.093749978114 1952.6062499943873 7734.487499983727
19135.0 3857.0 15278.0
0


HOST: 364
0.5239683223801817 0.5239683223801817 0.0
10844.04839998024 10844.04839998024 0.0
20696.0 20696.0 0.0
0


HOST: 365
0.5062499999986662 0.5062499999986662 0.0
8602.706249977335 8602.706249977335 0.0
16993.0 16993.0 0.0
0


HOST: 366
0.5062499999990163 0.5062499999990163 0.0
10837.79999997894 10837.79999997894 0.0
21408.0 21408.0 0.0
0


HOST: 367
0.5426129049728882 0.5426129049728882 0.0
9010.62989997978 9010.62989997978 0.0
16606.0 16606.0 0.0
0


HOST: 368
0.51663152915929 0.524066672628281 0.5062499999993901
9912.609149979298 5859.065399984182 4053.5437499951167
19187.0 11180.0 8007.0
0


HOST: 369
0.5174330978219824 0.5174330978219824 0.0
9484.031249979116 9484.031249979116 0.0
18329.0 18329.0 0.0
0


HOST: 370
0.5062499999986382 0.5062499999985448 0.5062499999986618
8462.981249977234 1708.5937499950887 6754.3874999821455
16717.0 3375.0 13342.0
0


HOST: 371
0.5062499999987757 0.5062499999987757 0.0
9196.031249977761 9196.031249977761 0.0
18165.0 18165.0 0.0
0


HOST: 372
0.5062499999990072 0.5062499999985448 0.506249999999041
10765.406249978889 732.0374999978958 10033.368749980993
21265.0 1446.0 19819.0
0


HOST: 373
0.5062499999991494 0.5062499999985448 0.5062499999992667
12025.968749979795 1952.6062499943873 10073.362499985407
23755.0 3857.0 19898.0
0


HOST: 374
0.5223332979420507 0.5223332979420507 0.0
8609.619749978823 8609.619749978823 0.0
16483.0 16483.0 0.0
0


HOST: 375
0.5062499999985448 0.5062499999985448 0.0
7864.087499977395 7864.087499977395 0.0
15534.0 15534.0 0.0
0


HOST: 376
0.5162825485771563 0.5162825485771563 0.0
10548.16874997988 10548.16874997988 0.0
20431.0 20431.0 0.0
0


HOST: 377
0.5399251141355709 0.5399251141355709 0.0
6740.965049982602 6740.965049982602 0.0
12485.0 12485.0 0.0
0


HOST: 378
0.5570862336105071 0.5570862336105071 0.0
10750.093049981955 10750.093049981955 0.0
19297.0 19297.0 0.0
0


HOST: 379
0.5264508306700701 0.5264508306700701 0.0
11534.537699981238 11534.537699981238 0.0
21910.0 21910.0 0.0
0


HOST: 380
0.5375427336935092 0.5531602567961604 0.5116795684803632
11414.719949981669 7323.8417999811645 4090.8781500005043
21235.0 13240.0 7995.0
0


HOST: 381
0.5260605468738854 0.5371528436004647 0.5062499999994504
9696.347999979454 6346.99799998309 3349.349999996364
18432.0 11816.0 6616.0
0


HOST: 382
0.5429596813863733 0.5431343705568029 0.5062500000003638
8827.438499979657 8788.457249979629 38.98125000002801
16258.0 16181.0 77.0
0


HOST: 383
0.5319793032342907 0.5319793032342907 0.0
7612.091849979464 7612.091849979464 0.0
14309.0 14309.0 0.0
0


HOST: 384
0.5274098382049048 0.5274098382049048 0.0
10300.841549979996 10300.841549979996 0.0
19531.0 19531.0 0.0
0


HOST: 385
0.567395076440176 0.567395076440176 0.0
11950.475099982985 11950.475099982985 0.0
21062.0 21062.0 0.0
0


HOST: 386
0.5127869773631214 0.5120527529243987 0.5151100165909901
20591.986649970866 15624.265649982175 4967.721000003508
40157.0 30513.0 9644.0
0


HOST: 387
0.5137726559178546 0.5138081297448884 0.5062500000003638
19375.39439997413 19285.78814997439 89.60625000006439
37712.0 37535.0 177.0
0


HOST: 388
0.5238039689525575 0.5265622819254776 0.5114886347546487
20212.023749972337 16600.402499982607 3611.621250002574
38587.0 31526.0 7061.0
0


HOST: 389
0.5201309714881416 0.519196102535459 0.5226358746334149
22165.381349967152 16112.2126499829 6053.168700004211
42615.0 31033.0 11582.0
0


HOST: 390
0.5169273579240014 0.5094856033068906 0.520482920929374
20684.33129997099 6591.215249981244 14093.11605000466
40014.0 12937.0 27077.0
0


HOST: 391
0.5261419908460176 0.5224916060254425 0.527845756583008
19313.620199975616 6103.224449983194 13210.395750002943
36708.0 11681.0 25027.0
0


HOST: 392
0.506249999999327 0.5062499999985448 0.506249999999394
19430.887499974167 488.0249999985972 18942.862499977324
38382.0 964.0 37418.0
0


HOST: 393
0.5262496554017244 0.5267300886368517 0.5164823651455934
18936.56759997565 18065.261849978102 871.3057500006162
35984.0 34297.0 1687.0
0


HOST: 394
0.5207810719326154 0.5258901036906095 0.5099672179292641
21002.579849970447 14403.604049982105 6598.975800004679
40329.0 27389.0 12940.0
0


HOST: 395
0.5262971803773665 0.5262971803773665 0.0
17573.589149980646 17573.589149980646 0.0
33391.0 33391.0 0.0
0


HOST: 396
0.5251579089268459 0.5315085867901623 0.5206934952000303
19282.74809997593 8056.075649978491 11226.672450007853
36718.0 15157.0 21561.0
0


HOST: 397
0.5206387227796055 0.5249013156541591 0.5104885209268161
21661.69469996827 15380.133449982517 6281.561250004472
41606.0 29301.0 12305.0
0


HOST: 398
0.5290773101068593 0.5290773101068593 0.0
16598.7424499825 16598.7424499825 0.0
31373.0 31373.0 0.0
0


HOST: 399
0.5245105676688797 0.5240271099613956 0.5259540396197068
21528.53624996917 16112.261549983028 5416.27470000374
41045.0 30747.0 10298.0
0


HOST: 400
0.5062499999994718 0.5062499999985448 0.506249999999581
16394.906249982894 1708.5937499950887 14686.312499987846
32385.0 3375.0 29010.0
0


HOST: 401
0.5182837608202276 0.5183244088783292 0.5062500000003638
16165.2704999829 16112.114249982862 53.1562500000382
31190.0 31085.0 105.0
0


HOST: 402
0.5134610290466454 0.5129345830583043 0.513756353825521
21759.964949967783 7811.993699977975 13947.971250009068
42379.0 15230.0 27149.0
0


HOST: 403
0.5237313854585228 0.5202769730255259 0.5264495493138118
17857.669049979253 7811.958749978272 10045.710300006158
34097.0 15015.0 19082.0
0


HOST: 404
0.5287601063822913 0.5324518320596303 0.5266956397124225
20279.007599973636 7323.874949980214 12955.132650006457
38352.0 13755.0 24597.0
0


HOST: 405
0.5218777050406653 0.5242339397508152 0.5104329881007835
20807.264099971326 17332.746749981205 3474.5173500020333
39870.0 33063.0 6807.0
0


HOST: 406
0.5299872391317355 0.5335675428498755 0.518301289111749
18056.135249979096 13914.907949981904 4141.2273000028745
34069.0 26079.0 7990.0
0


HOST: 407
0.5294208090707024 0.5294208090707024 0.0
20730.001199972423 20730.001199972423 0.0
39156.0 39156.0 0.0
0


HOST: 408
0.5268659532180241 0.5268659532180241 0.0
20812.785749971605 20812.785749971605 0.0
39503.0 39503.0 0.0
0


HOST: 409
0.5062499999993222 0.5062499999985448 0.5062499999998844
19548.84374997383 3905.718749988773 15643.124999996428
38615.0 7715.0 30900.0
0


HOST: 410
0.530435330546212 0.5322866020191237 0.5157096531266857
20813.221499972264 18553.381799978575 2259.839700001137
39238.0 34856.0 4382.0
0


HOST: 411
0.522882058058765 0.5204138827031116 0.5270925569746533
17507.65994998163 10985.416649979983 6522.24330000436
33483.0 21109.0 12374.0
0


HOST: 412
0.5210205962420673 0.5227425029370352 0.5096141930461405
22964.503799965358 20018.42414997376 2946.0796499997386
44076.0 38295.0 5781.0
0


HOST: 413
0.5196297345194395 0.5182536570318353 0.5204653961325494
20082.13034997278 7567.5398999788595 12514.59045000715
38647.0 14602.0 24045.0
0


HOST: 414
0.5194965129630955 0.5089089298109217 0.5203567671715229
19896.196949973593 1464.6398999958328 18431.55704998251
38299.0 2878.0 35421.0
0


HOST: 415
0.5236418465095921 0.5216842932721935 0.5243147939550822
20114.654249972962 5126.591549985846 14988.062699999979
38413.0 9827.0 28586.0
0


HOST: 416
0.5248184172934417 0.5373015441945179 0.5158119198855351
17637.572549980694 7567.8922499797845 10069.680300005415
33607.0 14085.0 19522.0
0


HOST: 417
0.506249999999292 0.5062499999985448 0.5062499999993497
13626.224999980945 976.0499999971944 12650.17499998375
26916.0 1928.0 24988.0
0


HOST: 418
0.5265136612663112 0.5621815326618738 0.5196427802198381
15568.482449983556 2684.978999993109 12883.503449990447
29569.0 4776.0 24793.0
0


HOST: 419
0.5426872482392956 0.5426872482392956 0.0
15493.17824998365 15493.17824998365 0.0
28549.0 28549.0 0.0
0


HOST: 420
0.5195744353176941 0.522177835050948 0.5062500000003638
17712.29249998019 14891.467499982933 2820.825000002027
34090.0 28518.0 5572.0
0


HOST: 421
0.5247655789270598 0.5247655789270598 0.0
16764.685949982777 16764.685949982777 0.0
31947.0 31947.0 0.0
0


HOST: 422
0.5450749128279173 0.635002508359767 0.5277188804406113
9066.776099979577 1708.7917499961331 7357.984349983444
16634.0 2691.0 13943.0
0


HOST: 423
0.5280277635723757 0.5280277635723757 0.0
13217.062949980136 13217.062949980136 0.0
25031.0 25031.0 0.0
0


HOST: 424
0.5451600569898695 0.551151312043404 0.5062500000003638
19227.250049975708 16844.837549982556 2382.412500001712
35269.0 30563.0 4706.0
0


HOST: 425
0.526083186323357 0.5425569400935317 0.5150765928722933
13002.145949981768 5370.771149985871 7631.374799995898
24715.0 9899.0 14816.0
0


HOST: 426
0.5079642240749256 0.5076745551860979 0.5084417216858511
10595.625749978874 6591.13874998111 4004.4869999977636
20859.0 12983.0 7876.0
0


HOST: 427
0.5196218622292561 0.5196218622292561 0.0
13351.683749980735 13351.683749980735 0.0
25695.0 25695.0 0.0
0


HOST: 428
0.5106305961414629 0.5106305961414629 0.0
9610.578449978473 9610.578449978473 0.0
18821.0 18821.0 0.0
0


HOST: 429
0.525885294574403 0.525885294574403 0.0
13523.140349980775 13523.140349980775 0.0
25715.0 25715.0 0.0
0


HOST: 430
0.511572823669425 0.511572823669425 0.0
8515.12964997758 8515.12964997758 0.0
16645.0 16645.0 0.0
0


HOST: 431
0.5101571119921589 0.5101571119921589 0.0
8736.950699977713 8736.950699977713 0.0
17126.0 17126.0 0.0
0


HOST: 432
0.5075049164561413 0.5075049164561413 0.0
10296.76724997865 10296.76724997865 0.0
20289.0 20289.0 0.0
0


HOST: 433
0.5077874755125007 0.5077874755125007 0.0
10109.540849978377 10109.540849978377 0.0
19909.0 19909.0 0.0
0


HOST: 434
0.5106134135703243 0.5106134135703243 0.0
9375.883499978294 9375.883499978294 0.0
18362.0 18362.0 0.0
0


HOST: 435
0.5474069230759442 0.5474069230759442 0.0
10887.923699980529 10887.923699980529 0.0
19890.0 19890.0 0.0
0


HOST: 436
0.5163068014776376 0.5163068014776376 0.0
12012.910349980195 12012.910349980195 0.0
23267.0 23267.0 0.0
0


HOST: 437
0.5233921998369785 0.5235913347903822 0.5227153516298619
16107.394949983014 12450.4783499805 3656.9166000025143
30775.0 23779.0 6996.0
0


HOST: 438
0.5229208253957344 0.5250369811441706 0.5169587457078049
9883.203599979379 7323.740849980037 2559.462749999342
18900.0 13949.0 4951.0
0


HOST: 439
0.5519375646359028 0.6246721211246361 0.5122313271239316
10994.044349982549 4393.94369999069 6600.1006499918585
19919.0 7034.0 12885.0
0


HOST: 440
0.5342974241712488 0.5342974241712488 0.0
8120.786549978811 8120.786549978811 0.0
15199.0 15199.0 0.0
0


HOST: 441
0.5325274656065103 0.5702150802905397 0.5138120704647383
10993.496999980798 3905.973299990197 7087.523699990601
20644.0 6850.0 13794.0
0


HOST: 442
0.5906412174737646 0.5906412174737646 0.0
10464.390449982688 10464.390449982688 0.0
17717.0 17717.0 0.0
0


HOST: 443
0.5542772651042754 0.5542772651042754 0.0
9916.574549980593 9916.574549980593 0.0
17891.0 17891.0 0.0
0


HOST: 444
0.5062499999985448 0.5062499999985448 0.5062499999985448
6243.074999982055 1220.5687499964915 5022.506249985563
12332.0 2411.0 9921.0
0


HOST: 445
0.5384317629165503 0.5384317629165503 0.0
4782.889349987716 4782.889349987716 0.0
8883.0 8883.0 0.0
0


HOST: 446
0.530523264928493 0.530523264928493 0.0
9203.517599979497 9203.517599979497 0.0
17348.0 17348.0 0.0
0


HOST: 447
0.5335833237152202 0.5335833237152202 0.0
11096.39879998172 11096.39879998172 0.0
20796.0 20796.0 0.0
0


HOST: 448
0.5424164510487995 0.5714696927564616 0.5137366551112099
7463.107949980433 3905.995349990415 3557.1125999900178
13759.0 6835.0 6924.0
0


HOST: 449
0.5062499999990391 0.5062499999985448 0.5062499999991983
11024.606249979075 2685.1499999922817 8339.456249986793
21777.0 5304.0 16473.0
0


HOST: 450
0.5122601486605967 0.5122601486605967 0.0
7753.057349978131 7753.057349978131 0.0
15135.0 15135.0 0.0
0


HOST: 451
0.520007763269304 0.5154005609831009 0.5265886868864567
14655.898799982064 8544.310499977848 6111.588300004216
28184.0 16578.0 11606.0
0


HOST: 452
0.5138511217039258 0.5113774863373566 0.5169972489279416
10078.162049979095 5614.9247999841755 4463.23724999492
19613.0 10980.0 8633.0
0


HOST: 453
0.5137915782680258 0.5137915782680258 0.0
10365.231299979152 10365.231299979152 0.0
20174.0 20174.0 0.0
0


HOST: 454
0.5062499999988098 0.5062499999985448 0.5062499999988688
9398.024999977906 1708.5937499950887 7689.4312499828175
18564.0 3375.0 15189.0
0


HOST: 455
0.5188333041232481 0.5188333041232481 0.0
14506.060349981894 14506.060349981894 0.0
27959.0 27959.0 0.0
0


HOST: 456
0.5062499999986487 0.5062499999985448 0.5062499999986585
8515.124999977272 732.0374999978958 7783.087499979376
16820.0 1446.0 15374.0
0


HOST: 457
0.5110178303791951 0.5116254797287259 0.5062499999999638
8797.171949977845 7812.009449977915 985.1624999999294
17215.0 15269.0 1946.0
0


HOST: 458
0.7780439332868889 1.0025698369443403 0.5062499999999936
69882.34999996179 49312.39999994432 20569.949999999742
89818.0 49186.0 40632.0
2


HOST: 459
0.5134922907476602 0.5134922907476602 0.0
9091.894499978072 9091.894499978072 0.0
17706.0 17706.0 0.0
0


HOST: 460
0.5197949171966082 0.5197949171966082 0.0
12241.170299980122 12241.170299980122 0.0
23550.0 23550.0 0.0
0


HOST: 461
0.5062499999985784 0.5062499999985784 0.0
8179.987499977031 8179.987499977031 0.0
16158.0 16158.0 0.0
0


HOST: 462
0.5062499999985448 0.5062499999985448 0.0
7652.474999978003 7652.474999978003 0.0
15116.0 15116.0 0.0
0


HOST: 463
0.5372639910523757 0.5372639910523757 0.0
8647.801199979038 8647.801199979038 0.0
16096.0 16096.0 0.0
0


HOST: 464
0.5119130339184752 0.5119130339184752 0.0
9779.58659997855 9779.58659997855 0.0
19104.0 19104.0 0.0
0


HOST: 465
0.5233979751594561 0.5334022817029018 0.5062499999994934
9861.341249979312 6346.953749982829 3514.387499996483
18841.0 11899.0 6942.0
0


HOST: 466
0.5122307899347227 0.5156490014387828 0.5073081305300232
9039.33674997805 5370.484349984923 3668.8523999931276
17647.0 10415.0 7232.0
0


HOST: 467
0.5183896343769088 0.5200920221020011 0.5083879400264382
13667.861099981577 11718.193349980187 1949.6677500013902
26366.0 22531.0 3835.0
0


HOST: 468
0.5150698456989087 0.5150698456989087 0.0
8211.758549977701 8211.758549977701 0.0
15943.0 15943.0 0.0
0


HOST: 469
0.5183239854538763 0.5139285684196016 0.5230511320756435
14253.909599981598 7323.482099979323 6930.427500002275
27500.0 14250.0 13250.0
0


HOST: 470
0.5261468285001477 0.5261468285001477 0.0
12376.025699980473 12376.025699980473 0.0
23522.0 23522.0 0.0
0


HOST: 471
0.5062499999987978 0.5062499999985448 0.5062499999989442
9325.631249977854 3417.693749990176 5907.937499987678
18421.0 6751.0 11670.0
0


HOST: 472
0.5235234427534401 0.5235234427534401 0.0
13077.615599980934 13077.615599980934 0.0
24980.0 24980.0 0.0
0


HOST: 473
0.5062499999990342 0.5062499999985448 0.5062499999991741
10983.599999979046 2441.137499992983 8542.462499986063
21696.0 4822.0 16874.0
0


HOST: 474
0.5062499999985448 0.5062499999985448 0.0
4384.631249987397 4384.631249987397 0.0
8661.0 8661.0 0.0
0


HOST: 475
0.5062499999988481 0.5062499999985448 0.5062499999989807
9635.456249978077 2929.1624999915803 6706.293749986497
19033.0 5786.0 13247.0
0


HOST: 476
0.5096124617801966 0.5127598338729054 0.5062499999993896
10333.921499978826 5370.64649998481 4963.274999994015
20278.0 10474.0 9804.0
0


HOST: 477
0.5167483746602952 0.5148582885148404 0.5185937043130645
9919.501799979027 4882.401149986232 5037.100649992795
19196.0 9483.0 9713.0
0


HOST: 478
0.50624999999871 0.5062499999985448 0.5062499999987429
8830.518749977498 1464.5812499957901 7365.937499981708
17443.0 2893.0 14550.0
0


HOST: 479
0.5083959175541549 0.5096277369505373 0.5062499999993572
9582.754649978266 6102.792149982684 3479.9624999955813
18849.0 11975.0 6874.0
0


HOST: 480
0.5115087951795627 0.5136296212789803 0.506249999999565
9552.426749978335 6835.382999980669 2717.043749997665
18675.0 13308.0 5367.0
0


HOST: 481
0.5077102274046109 0.5127926470573745 0.5062499999987167
8662.551899977472 1952.714399994482 6709.83749998299
17062.0 3808.0 13254.0
0


HOST: 482
0.5164099294064632 0.5164099294064632 0.0
11119.338599979967 11119.338599979967 0.0
21532.0 21532.0 0.0
0


HOST: 483
0.506249999999452 0.5062499999985448 0.5062499999997445
16016.231249982662 3905.718749988773 12110.512499993889
31637.0 7715.0 23922.0
0


HOST: 484
0.5268376283980456 0.5268376283980456 0.0
20925.99059997037 20925.99059997037 0.0
39720.0 39720.0 0.0
0


HOST: 485
0.5158737110737518 0.5159914868348945 0.5062500000003638
20011.772999972978 19774.34174997366 237.43125000017062
38792.0 38323.0 469.0
0


HOST: 486
0.5319054700000201 0.5319054700000201 0.0
20931.01214997079 20931.01214997079 0.0
39351.0 39351.0 0.0
0


HOST: 487
0.52807339740877 0.5236276224737868 0.5453009987937687
19202.332949975105 15134.932799982333 4067.4001500027207
36363.0 28904.0 7459.0
0


HOST: 488
0.5282024245612952 0.5309151787935966 0.5211726718407207
20532.812849971226 14891.639849981591 5641.173000003961
38873.0 28049.0 10824.0
0


HOST: 489
0.5152299788210573 0.5178658620447487 0.5071137800256478
19949.189549972514 15135.665549981872 4813.524000003448
38719.0 29227.0 9492.0
0


HOST: 490
0.5161102587991514 0.5161102587991514 0.0
9412.818899978924 9412.818899978924 0.0
18238.0 18238.0 0.0
0


HOST: 491
0.5654747537155062 0.5654747537155062 0.0
9471.136649981012 9471.136649981012 0.0
16749.0 16749.0 0.0
0


HOST: 492
0.526551715755429 0.526551715755429 0.0
11048.10809998041 11048.10809998041 0.0
20982.0 20982.0 0.0
0


HOST: 493
0.5509437995103988 0.5509437995103988 0.0
9249.795449980087 9249.795449980087 0.0
16789.0 16789.0 0.0
0


HOST: 494
0.5269612237807338 0.5269612237807338 0.0
9873.672449979611 9873.672449979611 0.0
18737.0 18737.0 0.0
0


HOST: 495
0.5232396153642412 0.5232396153642412 0.0
10379.504249980453 10379.504249980453 0.0
19837.0 19837.0 0.0
0


HOST: 496
0.5173691727399465 0.5173691727399465 0.0
9155.882249978833 9155.882249978833 0.0
17697.0 17697.0 0.0
0


HOST: 497
0.5062499999989889 0.5062499999985448 0.5062499999990218
10622.137499978786 732.0374999978958 9890.09999998089
20982.0 1446.0 19536.0
0


HOST: 498
0.529259608297227 0.5354433160161415 0.5062500000003638
11633.655449981345 9276.55544997965 2357.100000001694
21981.0 17325.0 4656.0
0


HOST: 499
0.5310675025346239 0.5310675025346239 0.0
9424.323899979436 9424.323899979436 0.0
17746.0 17746.0 0.0
0


HOST: 500
0.5374418844032932 0.5374418844032932 0.0
9893.767649980226 9893.767649980226 0.0
18409.0 18409.0 0.0
0


HOST: 501
0.523433557854453 0.523433557854453 0.0
11734.333499981127 11734.333499981127 0.0
22418.0 22418.0 0.0
0


HOST: 502
0.5062499999986517 0.5062499999986517 0.0
8529.806249977282 8529.806249977282 0.0
16849.0 16849.0 0.0
0


HOST: 503
0.5551339916067413 0.5908588342059828 0.5256379433790911
6085.933949984705 2929.4780999932627 3156.455849991442
10963.0 4958.0 6005.0
0


HOST: 504
0.5207616213409338 0.5241108759648143 0.509735864297618
11068.267499980208 8544.055499978404 2524.212000001804
21254.0 16302.0 4952.0
0


HOST: 505
0.5268331227296202 0.5268331227296202 0.0
10881.738149980305 10881.738149980305 0.0
20655.0 20655.0 0.0
0


HOST: 506
0.5062499999985448 0.5062499999985448 0.0
7807.893749977557 7807.893749977557 0.0
15423.0 15423.0 0.0
0


HOST: 507
0.5244391541170846 0.5244391541170846 0.0
10831.241849980148 10831.241849980148 0.0
20653.0 20653.0 0.0
0


HOST: 508
0.5090636148049595 0.5090636148049595 0.0
8801.70989997775 8801.70989997775 0.0
17290.0 17290.0 0.0
0


HOST: 509
0.5136588746558268 0.5136588746558268 0.0
10105.724699978737 10105.724699978737 0.0
19674.0 19674.0 0.0
0


HOST: 510
0.5299001170951526 0.5299001170951526 0.0
11539.634849981137 11539.634849981137 0.0
21777.0 21777.0 0.0
0


HOST: 511
0.5062499999991195 0.5062499999985448 0.5062499999991317
11736.393749979587 244.0124999992986 11492.381249980288
23183.0 482.0 22701.0
0


HOST: 512
0.5108158929146107 0.5201746033611107 0.5080015488132386
9330.563099978279 2196.6973499939704 7133.865749984308
18266.0 4223.0 14043.0
0


HOST: 513
0.536216556322698 0.536216556322698 0.0
11014.960499980863 11014.960499980863 0.0
20542.0 20542.0 0.0
0


HOST: 514
0.5263073672764276 0.5393976523646077 0.506249999999264
9447.743549979152 5858.937299984369 3588.806249994783
17951.0 10862.0 7089.0
0


HOST: 515
0.5257654768752735 0.5257654768752735 0.0
10038.440249979598 10038.440249979598 0.0
19093.0 19093.0 0.0
0


HOST: 516
0.5303088257071323 0.6385011445374779 0.5190308017439745
8589.412049978422 976.2682499978037 7613.1437999806185
16197.0 1529.0 14668.0
0


HOST: 517
0.5381025012536551 0.5504810745278197 0.5259875634509
9648.715949979289 4882.216649987233 4766.499299992056
17931.0 8869.0 9062.0
0


HOST: 518
0.522777684091284 0.5294382886421202 0.5062500000003638
11160.257999980731 8055.9329999785 3104.325000002231
21348.0 15216.0 6132.0
0


HOST: 519
0.5426955567553554 0.5426955567553554 0.0
5019.933899987038 5019.933899987038 0.0
9250.0 9250.0 0.0
0


HOST: 520
0.5522567841924108 0.5211869769413695 0.5563328254528823
11152.273499981542 1220.6198999966873 9931.653599984855
20194.0 2342.0 17852.0
0


HOST: 521
0.532212169311041 0.532212169311041 0.0
9656.457599979527 9656.457599979527 0.0
18144.0 18144.0 0.0
0


HOST: 522
0.5653022996047421 0.5653022996047421 0.0
9894.486149981802 9894.486149981802 0.0
17503.0 17503.0 0.0
0


HOST: 523
0.5346610301098904 0.5346610301098904 0.0
10121.133299980225 10121.133299980225 0.0
18930.0 18930.0 0.0
0


HOST: 524
0.5210964439985069 0.5210964439985069 0.0
9891.452699979656 9891.452699979656 0.0
18982.0 18982.0 0.0
0


HOST: 525
0.5161125418265358 0.5161125418265358 0.0
7866.071249978231 7866.071249978231 0.0
15241.0 15241.0 0.0
0


HOST: 526
0.5343405283005487 0.5343405283005487 0.0
8496.014399978723 8496.014399978723 0.0
15900.0 15900.0 0.0
0


HOST: 527
0.5268993484503446 0.5133213056762365 0.5325833066570794
9340.344749979258 2685.183749992393 6655.160999986865
17727.0 5231.0 12496.0
0


HOST: 528
0.5108824288907688 0.5108824288907688 0.0
5460.311399984537 5460.311399984537 0.0
10688.0 10688.0 0.0
0


HOST: 529
0.5138321873388028 0.5138321873388028 0.0
9034.711349978168 9034.711349978168 0.0
17583.0 17583.0 0.0
0


HOST: 530
0.5062499999986813 0.5062499999985448 0.5062499999986938
8679.65624997739 732.0374999978958 7947.618749979494
17145.0 1446.0 15699.0
0


HOST: 531
0.5237326054762405 0.5237326054762405 0.0
9198.31574997921 9198.31574997921 0.0
17563.0 17563.0 0.0
0


HOST: 532
0.531242704903673 0.5695397806798417 0.5109013383996256
9845.52104997977 3661.571249990702 6183.949799989068
18533.0 6429.0 12104.0
0


HOST: 533
0.5062499999985659 0.5062499999985448 0.5062499999985763
8122.78124997699 2685.1499999922817 5437.631249984708
16045.0 5304.0 10741.0
0


HOST: 534
0.5301773873124681 0.5304173991398208 0.5272244835969646
11609.294249981114 10741.48274998051 867.8115000006037
21897.0 20251.0 1646.0
0


HOST: 535
0.534294423379732 0.534294423379732 0.0
10146.251099981111 10146.251099981111 0.0
18990.0 18990.0 0.0
0


HOST: 536
0.5209235152474687 0.5221367455369847 0.506249999999733
8437.919099978499 7811.687849978829 626.2312499996697
16198.0 14961.0 1237.0
0


HOST: 537
0.5395865365959377 0.5395865365959377 0.0
8905.336199979356 8905.336199979356 0.0
16504.0 16504.0 0.0
0


HOST: 538
0.523644888147572 0.523644888147572 0.0
11001.779099980487 11001.779099980487 0.0
21010.0 21010.0 0.0
0


HOST: 539
0.5323955807002314 0.5454175733422457 0.5062499999986718
8210.072249978268 5614.528499985077 2595.5437499931904
15421.0 10294.0 5127.0
0


HOST: 540
0.5416171468269604 0.5416171468269604 0.0
6429.537149982847 6429.537149982847 0.0
11871.0 11871.0 0.0
0


HOST: 541
0.5547963480496253 0.5547963480496253 0.0
9449.291399981219 9449.291399981219 0.0
17032.0 17032.0 0.0
0


HOST: 542
0.5161948952929729 0.5161948952929729 0.0
11462.107649980464 11462.107649980464 0.0
22205.0 22205.0 0.0
0


HOST: 543
0.5062499999990485 0.5062499999985448 0.5062499999992092
11103.074999979131 2685.1499999922817 8417.92499998685
21932.0 5304.0 16628.0
0


HOST: 544
0.5134864569823073 0.5134864569823073 0.0
10301.565299979049 10301.565299979049 0.0
20062.0 20062.0 0.0
0


HOST: 545
0.5093317866879258 0.5116007073232903 0.5070547533907038
9703.789199978362 4882.20554998616 4821.5836499922025
19052.0 9543.0 9509.0
0


HOST: 546
0.5136130033595969 0.5136130033595969 0.0
8099.163449977485 8099.163449977485 0.0
15769.0 15769.0 0.0
0


HOST: 547
0.5141915730326444 0.5141915730326444 0.0
10159.397099978989 10159.397099978989 0.0
19758.0 19758.0 0.0
0


HOST: 548
0.5327175509854571 0.5327175509854571 0.0
9638.458649979875 9638.458649979875 0.0
18093.0 18093.0 0.0
0


HOST: 549
0.5062499999990926 0.5062499999985448 0.5062499999991578
11488.331249979408 1220.5687499964915 10267.762499982917
22693.0 2411.0 20282.0
0


HOST: 550
0.5343510155787659 0.5343510155787659 0.0
9260.303099980012 9260.303099980012 0.0
17330.0 17330.0 0.0
0


HOST: 551
0.5574009196174836 0.5574009196174836 0.0
9819.174599981592 9819.174599981592 0.0
17616.0 17616.0 0.0
0


HOST: 552
0.5227017879612609 0.5227017879612609 0.0
11211.430649981085 11211.430649981085 0.0
21449.0 21449.0 0.0
0


HOST: 553
0.5342552328912858 0.5359494145614769 0.5062500000003638
9290.69849997946 8788.4984999791 502.2000000003609
17390.0 16398.0 992.0
0


HOST: 554
0.5602118248303699 0.5602118248303699 0.0
11948.197799982128 11948.197799982128 0.0
21328.0 21328.0 0.0
0


HOST: 555
0.524635784964594 0.5322308750549455 0.5062499999997431
9861.578849979473 7079.735099980884 2781.8437499985885
18797.0 13302.0 5495.0
0


HOST: 556
0.5291967404721731 0.5291967404721731 0.0
11567.711549981232 11567.711549981232 0.0
21859.0 21859.0 0.0
0


HOST: 557
0.5062499999989111 0.5062499999985448 0.5062499999989399
10053.112499978377 732.0374999978958 9321.074999980481
19858.0 1446.0 18412.0
0


HOST: 558
0.5808154409211767 0.5808154409211767 0.0
10077.147899982414 10077.147899982414 0.0
17350.0 17350.0 0.0
0


HOST: 559
0.5227835344986687 0.5227835344986687 0.0
7796.270849978646 7796.270849978646 0.0
14913.0 14913.0 0.0
0


HOST: 560
0.5334778849875884 0.5334778849875884 0.0
8237.96549997834 8237.96549997834 0.0
15442.0 15442.0 0.0
0


HOST: 561
0.5217779163303584 0.5274934680817726 0.5133562350749914
9728.549249979533 5858.869949984248 3869.679299995285
18645.0 11107.0 7538.0
0


HOST: 562
0.5301457404340888 0.5301457404340888 0.0
6110.989949983741 6110.989949983741 0.0
11527.0 11527.0 0.0
0


HOST: 563
0.5165227586197323 0.5165227586197323 0.0
10784.99519998001 10784.99519998001 0.0
20880.0 20880.0 0.0
0


HOST: 564
0.5399040472031601 0.5399040472031601 0.0
10225.242749980649 10225.242749980649 0.0
18939.0 18939.0 0.0
0


HOST: 565
0.5189821403535442 0.5189821403535442 0.0
9628.675649979305 9628.675649979305 0.0
18553.0 18553.0 0.0
0


HOST: 566
0.5345275807776896 0.5345275807776896 0.0
9677.621849980069 9677.621849980069 0.0
18105.0 18105.0 0.0
0


HOST: 567
0.5062499999986734 0.5062499999985448 0.5062499999987393
8639.15624997736 2929.1624999915803 5709.993749985781
17065.0 5786.0 11279.0
0


HOST: 568
0.5232173556283659 0.5232173556283659 0.0
10075.073399979814 10075.073399979814 0.0
19256.0 19256.0 0.0
0


HOST: 569
0.5245742754523103 0.5245742754523103 0.0
10443.749249980046 10443.749249980046 0.0
19909.0 19909.0 0.0
0


HOST: 570
0.5344545359668412 0.5344545359668412 0.0
11523.374249981063 11523.374249981063 0.0
21561.0 21561.0 0.0
0


HOST: 571
0.5226098092953528 0.5226098092953528 0.0
6577.044449982015 6577.044449982015 0.0
12585.0 12585.0 0.0
0


HOST: 572
0.5328464312864667 0.5328464312864667 0.0
9107.944049979575 9107.944049979575 0.0
17093.0 17093.0 0.0
0


HOST: 573
0.5062499999988704 0.5062499999985448 0.5062499999989065
9779.23124997818 976.0499999971944 8803.181249980986
19317.0 1928.0 17389.0
0


HOST: 574
0.516391949052257 0.5412408486178611 0.5062499999987843
8838.564599978432 2685.0958499932094 6153.4687499852225
17116.0 4961.0 12155.0
0


HOST: 575
0.5329260651885603 0.5329260651885603 0.0
10006.219799980408 10006.219799980408 0.0
18776.0 18776.0 0.0
0


HOST: 576
0.5062499999990279 0.5062499999990279 0.0
10931.456249979008 10931.456249979008 0.0
21593.0 21593.0 0.0
0


HOST: 577
0.5062499999985448 0.5062499999985448 0.5062499999985448
7658.043749977987 2929.1624999915803 4728.881249986407
15127.0 5786.0 9341.0
0


HOST: 578
0.5162399202469462 0.5168579745929475 0.5062500000003638
9321.22799997886 8788.652999978478 532.5750000003827
18056.0 17004.0 1052.0
0


HOST: 579
0.5304768627051669 0.5304768627051669 0.0
10679.56019998042 10679.56019998042 0.0
20132.0 20132.0 0.0
0


HOST: 580
0.5521619410878585 0.5521619410878585 0.0
11472.268649982436 11472.268649982436 0.0
20777.0 20777.0 0.0
0


HOST: 581
0.5558767837526682 0.5558767837526682 0.0
4557.6337499881265 4557.6337499881265 0.0
8199.0 8199.0 0.0
0


HOST: 582
0.5665517168874876 0.5665517168874876 0.0
9701.631599981338 9701.631599981338 0.0
17124.0 17124.0 0.0
0


HOST: 583
0.5498733077931212 0.5498733077931212 0.0
9545.25074998079 9545.25074998079 0.0
17359.0 17359.0 0.0
0


HOST: 584
0.5163746321594275 0.5163746321594275 0.0
10844.383649980136 10844.383649980136 0.0
21001.0 21001.0 0.0
0


HOST: 585
0.5868334012709118 0.5868334012709118 0.0
10797.147749983505 10797.147749983505 0.0
18399.0 18399.0 0.0
0


HOST: 586
0.5617445905992066 0.5617445905992066 0.0
11402.291699982694 11402.291699982694 0.0
20298.0 20298.0 0.0
0


HOST: 587
0.518809142992276 0.518809142992276 0.0
8693.165999978577 8693.165999978577 0.0
16756.0 16756.0 0.0
0


HOST: 588
0.5368647073260466 0.5408187145393677 0.518053187661025
12024.158849981466 10008.931949980079 2015.2269000013875
22397.0 18507.0 3890.0
0


HOST: 589
0.5356542228900543 0.5440169323719197 0.524734499160348
11035.548299980897 6347.045549983188 4688.5027499977095
20602.0 11667.0 8935.0
0


HOST: 590
0.5234837190077114 0.5234837190077114 0.0
16152.090149982934 16152.090149982934 0.0
30855.0 30855.0 0.0
0


HOST: 591
0.5209025212604366 0.5137433894513835 0.5230567945612384
18191.478749978225 4150.019099988276 14041.459649996445
34923.0 8078.0 26845.0
0


HOST: 592
0.5238952177690628 0.5165602306379043 0.5300724617992681
21663.591149968517 9765.054599978943 11898.536550008172
41351.0 18904.0 22447.0
0


HOST: 593
0.518306288934308 0.520295473144938 0.5155599223167463
20966.525999970625 12206.131799980245 8760.394200006152
40452.0 23460.0 16992.0
0


HOST: 594
0.5174779237417123 0.5177546115895977 0.5171513331784495
19380.583199974608 10497.474749979094 8883.108450006228
37452.0 20275.0 17177.0
0


HOST: 595
0.5195972681611472 0.5217771863669419 0.5175350146038198
18002.486549979265 8788.293149978403 9214.193400006408
34647.0 16843.0 17804.0
0


HOST: 596
0.5269315842187132 0.52953266078992 0.5192929929225075
20515.55429997138 15379.746599982436 5135.807700003599
38934.0 29044.0 9890.0
0


HOST: 597
0.5176937592860563 0.5218962175007968 0.515338960161046
20904.473999970956 7568.017049979055 13336.456950007709
40380.0 14501.0 25879.0
0


HOST: 598
0.5623126014902817 0.5623126014902817 0.0
10180.66964998155 10180.66964998155 0.0
18105.0 18105.0 0.0
0


HOST: 599
0.5111713504089416 0.5111713504089416 0.0
8221.679999977416 8221.679999977416 0.0
16084.0 16084.0 0.0
0


HOST: 600
0.5089349688884113 0.5092684071650765 0.5062499999985448
4662.353249986736 4150.028249988209 512.3249999985273
9161.0 8149.0 1012.0
0


HOST: 601
0.5062499999986213 0.506249999998551 0.5062500000003638
8380.968749977175 8055.956249976942 325.01250000023356
16555.0 15913.0 642.0
0


HOST: 602
0.5189480909175653 0.5189480909175653 0.0
9840.293699978874 9840.293699978874 0.0
18962.0 18962.0 0.0
0


HOST: 603
0.5178836902080705 0.5102013724382835 0.530400374574418
11996.257799979743 7323.43049997912 4672.827300000623
23164.0 14354.0 8810.0
0


HOST: 604
0.5121620404207486 0.507080741171206 0.524443143137379
14292.39389998141 10009.266749978437 4283.127150002974
27906.0 19739.0 8167.0
0


HOST: 605
0.5119717114900707 0.5119717114900707 0.0
8375.857199977556 8375.857199977556 0.0
16360.0 16360.0 0.0
0


HOST: 606
0.5313586014260248 0.535474744097591 0.5062500000003638
11842.389149981815 10253.270399980673 1589.118750001142
22287.0 19148.0 3139.0
0


HOST: 607
0.5494600840325308 0.5494600840325308 0.0
9807.862499980674 9807.862499980674 0.0
17850.0 17850.0 0.0
0


HOST: 608
0.5177315871837808 0.5177315871837808 0.0
11247.200999980452 11247.200999980452 0.0
21724.0 21724.0 0.0
0


HOST: 609
0.5925321670420698 0.5925321670420698 0.0
11549.636999984024 11549.636999984024 0.0
19492.0 19492.0 0.0
0


HOST: 610
0.5247425437719427 0.5247425437719427 0.0
8001.7990499783555 8001.7990499783555 0.0
15249.0 15249.0 0.0
0


HOST: 611
0.5179141825084549 0.5179141825084549 0.0
10215.857249979272 10215.857249979272 0.0
19725.0 19725.0 0.0
0


HOST: 612
0.5123355107629156 0.5167160252078488 0.5070163512085061
9709.782599978776 5370.229649985173 4339.552949993604
18952.0 10393.0 8559.0
0


HOST: 613
0.518606921206677 0.5193313535833396 0.5062500000003638
11097.150899980474 10497.244649980043 599.9062500004311
21398.0 20213.0 1185.0
0


HOST: 614
0.509355051733552 0.509355051733552 0.0
10042.444199978712 10042.444199978712 0.0
19716.0 19716.0 0.0
0


HOST: 615
0.5255316169537315 0.5140207324399193 0.5670294686430524
13390.545599981078 10253.17154997907 3137.3740500020085
25480.0 19947.0 5533.0
0


HOST: 616
0.5062499999990502 0.5062499999985448 0.5062499999991269
11117.249999979142 1464.5812499957901 9652.668749983352
21960.0 2893.0 19067.0
0


HOST: 617
0.5135811478737053 0.5142333924599977 0.5062500000003638
10089.301649978941 9276.770399978357 812.5312500005839
19645.0 18040.0 1605.0
0


HOST: 618
0.5194434053388933 0.5077329083002309 0.527942662115838
13658.24489998086 5614.510499983953 8043.734399996907
26294.0 11058.0 15236.0
0


HOST: 619
0.5128778142322562 0.510335822879596 0.5179994320360972
12114.686849980124 8056.161299977302 4058.5255500028215
23621.0 15786.0 7835.0
0


HOST: 620
0.528238879177398 0.528238879177398 0.0
9670.997399979802 9670.997399979802 0.0
18308.0 18308.0 0.0
0


HOST: 621
0.5508492507508261 0.5508492507508261 0.0
11175.078749982009 11175.078749982009 0.0
20287.0 20287.0 0.0
0


HOST: 622
0.5636191401125226 0.5636191401125226 0.0
10330.011599982314 10330.011599982314 0.0
18328.0 18328.0 0.0
0


HOST: 623
0.5510951636004638 0.5510951636004638 0.0
9229.74179998057 9229.74179998057 0.0
16748.0 16748.0 0.0
0


HOST: 624
0.5062499999987551 0.5062499999987551 0.0
9078.074999977676 9078.074999977676 0.0
17932.0 17932.0 0.0
0


