0 3348
1 1981
2 4466
3 3284
4 2961
5 2677
6 762
7 1050
8 1527
9 2867
10 545
11 435
12 4371
13 4085
14 2319
15 4024
16 3454
17 976
18 676
19 1394
20 1350
21 2372
22 2486
23 3022
24 3229
25 3092
26 2434
27 2930
28 1996
29 2813
30 3281
31 4083
32 2388
33 2636
34 2412
35 2737
36 2824
37 3203
38 2586
39 3485
40 2590
41 2131
42 4114
43 3605
44 2965
45 2626
46 3217
47 3969
48 3118
49 3943
50 4118
51 3639
52 4258
53 3048
54 1893
55 3721
56 3355
57 3778
58 2782
59 5381
60 3592
61 2390
62 1494
63 3543
64 2376
65 5047
66 3276
67 1994
68 1389
69 3979
70 3167
71 4674
72 3604
73 4764
74 4498
75 4970
76 5464
77 5265
78 5062
79 3919
80 4184
81 5283
82 1441
83 5445
84 2749
85 4153
86 4110
87 5653
88 5245
89 5117
90 4187
91 2014
92 5284
93 1845
94 4157
95 2371
96 657
97 3954
