records: 20
      Record Time
Host  UsedBuffer

  49376.0 98752.0 148128.0 197504.0 246880.0 296256.0 345632.0 395008.0 444384.0 493760.0 543136.0 592512.0 641888.0 691264.0 740640.0 790016.0 839392.0 888768.0 938144.0 987520.0
0 0.0 4.0E8 4.0E8 5.0E8 7.0E8 7.0E8 9.0E8 1.0E9 1.1E9 1.1E9 1.1E9 1.1E9 1.2E9 1.4E9 1.6E9 1.6E9 1.6E9 1.6E9 1.7E9 1.8E9
1 6.0E8 6.0E8 5.05032704E8 5.05032704E8 7.05032704E8 5.15098112E8 -1.979869184E9 -1.379869184E9 -1.7483648E8 -1.7483648E8 -2.69803776E8 -1.69803776E8 7.35228928E8 8.35228928E8 8.35228928E8 8.35228928E8 1.035228928E9 1.035228928E9 1.435228928E9 1.535228928E9
2 1.0E8 2.0E8 3.0E8 4.0E8 5.0E8 6.0E8 7.0E8 8.0E8 1.0E9 1.0E9 1.1E9 1.4E9 1.5E9 1.5E9 1.6E9 1.6E9 1.9E9 1.9E9 1.9E9 -2.094967296E9
3 2.0E8 2.0E8 -9.94967296E8 -8.94967296E8 -6.94967296E8 4.15098112E8 -2.079869184E9 -1.579869184E9 -4.7483648E8 1.62516352E9 -8.69803776E8 -6.69803776E8 1.135228928E9 1.235228928E9 1.335228928E9 1.435228928E9 1.535228928E9 1.535228928E9 1.535228928E9 1.535228928E9
4 3.0E8 9.0E8 7.05032704E8 8.05032704E8 1.105032704E9 8.15098112E8 1.515098112E9 1.615098112E9 -3.7483648E8 1.32516352E9 -1.69803776E8 -6.9803776E7 1.935228928E9 2.035228928E9 -2.059738368E9 -1.959738368E9 -1.959738368E9 -1.84967296E9 -1.64967296E9 -1.44967296E9
5 1.0E8 3.0E8 4.0E8 5.0E8 6.0E8 7.0E8 7.0E8 7.0E8 8.0E8 8.0E8 8.0E8 8.0E8 1.0E9 1.2E9 1.3E9 1.3E9 1.4E9 1.7E9 1.7E9 1.8E9
6 1.0E8 3.0E8 4.0E8 5.0E8 5.0E8 6.0E8 7.0E8 8.0E8 8.0E8 1.0E9 1.3E9 1.5E9 1.6E9 1.6E9 1.6E9 1.8E9 1.8E9 1.9E9 1.9E9 1.9E9
7 1.0E8 3.0E8 4.0E8 4.0E8 5.0E8 6.0E8 8.0E8 9.0E8 9.0E8 1.2E9 1.2E9 1.2E9 1.3E9 1.4E9 1.4E9 1.5E9 1.6E9 1.6E9 1.8E9 1.8E9
8 3.0E8 4.0E8 5.0E8 5.0E8 1.1E9 2.010065408E9 3.15098112E8 -1.079869184E9 -7.483648E7 2.516352E7 -2.69803776E8 -1.69803776E8 -1.064771072E9 -1.064771072E9 -1.064771072E9 -9.64771072E8 -6.64771072E8 -5.64771072E8 -5.64771072E8 -4.64771072E8
9 0.0 1.0E8 1.0E8 2.0E8 2.0E8 3.0E8 3.0E8 3.0E8 4.0E8 4.0E8 5.0E8 5.0E8 7.0E8 7.0E8 7.0E8 7.0E8 7.0E8 8.0E8 8.0E8 9.0E8
10 0.0 1.0E8 1.0E8 1.0E8 1.0E8 2.0E8 3.0E8 3.0E8 5.0E8 5.0E8 5.0E8 5.0E8 6.0E8 7.0E8 8.0E8 8.0E8 8.0E8 9.0E8 1.0E9 1.1E9
11 0.0 2.0E8 2.0E8 2.0E8 2.0E8 2.0E8 3.0E8 6.0E8 9.0E8 1.2E9 1.3E9 1.5E9 1.5E9 1.5E9 1.6E9 1.7E9 1.8E9 1.8E9 1.8E9 1.8E9
12 0.0 1.0E8 1.0E8 1.0E8 1.0E8 1.0E8 2.0E8 3.0E8 4.0E8 4.0E8 4.0E8 6.0E8 8.0E8 9.0E8 9.0E8 1.2E9 1.3E9 1.3E9 1.4E9 1.5E9
13 1.0E8 1.0E8 2.0E8 3.0E8 3.0E8 3.0E8 3.0E8 4.0E8 4.0E8 4.0E8 4.0E8 4.0E8 4.0E8 4.0E8 4.0E8 5.0E8 6.0E8 7.0E8 1.2E9 1.4E9
14 2.0E8 3.0E8 -1.194967296E9 -1.094967296E9 -7.94967296E8 1.115098112E9 -1.779869184E9 3.20130816E8 2.516352E7 1.82516352E9 -4.69803776E8 -4.69803776E8 1.835228928E9 1.935228928E9 2.035228928E9 -2.059738368E9 -1.559738368E9 2.045294336E9 2.045294336E9 2.145294336E9
15 2.0E8 2.0E8 2.0E8 2.0E8 2.0E8 4.0E8 6.0E8 7.0E8 9.0E8 9.0E8 9.0E8 1.0E9 1.1E9 1.1E9 1.1E9 1.1E9 1.1E9 1.1E9 1.1E9 1.1E9
16 7.0E8 7.0E8 7.0E8 7.0E8 7.0E8 8.15098112E8 1.015098112E9 1.215098112E9 2.2516352E8 2.12516352E9 -2.69803776E8 -1.69803776E8 -1.859738368E9 -1.759738368E9 -3.59738368E8 -1.59738368E8 4.0261632E7 -1.44967296E9 -1.04967296E9 7.5032704E8
17 3.0E8 1.3E9 -8.94967296E8 -7.94967296E8 -3.94967296E8 8.15098112E8 1.715098112E9 1.915098112E9 2.516352E7 2.516352E7 -4.69803776E8 -4.69803776E8 -1.859738368E9 -1.659738368E9 -2.59738368E8 -5.9738368E7 -5.9738368E7 -1.54967296E9 -7.4967296E8 8.5032704E8
18 0.0 1.0E8 1.0E8 2.0E8 3.0E8 5.0E8 5.0E8 5.0E8 5.0E8 8.0E8 8.0E8 8.0E8 8.0E8 8.0E8 9.0E8 1.0E9 1.1E9 1.3E9 1.3E9 1.3E9
19 1.0E8 1.0E8 3.0E8 4.0E8 5.0E8 5.0E8 5.0E8 6.0E8 6.0E8 8.0E8 9.0E8 1.1E9 1.3E9 1.3E9 1.3E9 1.3E9 1.3E9 1.3E9 1.3E9 1.4E9
20 0.0 1.0E8 2.0E8 3.0E8 3.0E8 3.0E8 4.0E8 4.0E8 4.0E8 4.0E8 5.0E8 5.0E8 5.0E8 5.0E8 5.0E8 5.0E8 6.0E8 8.0E8 8.0E8 8.0E8
21 1.0E8 3.0E8 3.0E8 3.0E8 3.0E8 3.0E8 5.0E8 7.0E8 8.0E8 8.0E8 1.0E9 1.0E9 1.1E9 1.1E9 1.1E9 1.2E9 1.3E9 1.4E9 1.5E9 1.5E9
22 1.0E8 1.0E8 2.0E8 2.0E8 5.0E8 6.0E8 6.0E8 7.0E8 7.0E8 8.0E8 9.0E8 9.0E8 1.0E9 1.0E9 1.0E9 1.0E9 1.0E9 1.0E9 1.1E9 1.1E9
23 7.0E8 1.0E9 1.3E9 1.5E9 1.7E9 2.0E9 -2.094967296E9 -2.094967296E9 -2.094967296E9 -2.094967296E9 -2.094967296E9 -1.994967296E9 -1.994967296E9 -1.994967296E9 -1.894967296E9 -1.894967296E9 -1.794967296E9 -1.194967296E9 -1.094967296E9 -8.94967296E8
24 3.0E8 3.0E8 5032704.0 2.105032704E9 -1.589934592E9 7.15098112E8 2.015098112E9 7.20130816E8 1.2516352E8 1.72516352E9 1.30196224E8 1.30196224E8 1.035228928E9 1.135228928E9 -1.559738368E9 -1.559738368E9 -1.354705664E9 -9.4967296E8 -7.4967296E8 -1.844640256E9
25 1.0E8 2.0E8 2.0E8 3.0E8 5.0E8 5.0E8 7.0E8 8.0E8 1.0E9 1.0E9 1.1E9 1.1E9 1.1E9 1.2E9 1.2E9 1.2E9 1.2E9 1.3E9 1.4E9 1.4E9
26 0.0 2.0E8 2.0E8 2.005032704E9 -1.689934592E9 9.15098112E8 -2.079869184E9 1.020130816E9 4.2516352E8 1.22516352E9 3.30196224E8 3.30196224E8 9.35228928E8 9.35228928E8 -1.059738368E9 -8.59738368E8 -1.254705664E9 2.045294336E9 2.045294336E9 -1.744640256E9
27 1.0E8 1.0E8 1.0E8 2.0E8 2.0E8 3.0E8 3.0E8 3.0E8 5.0E8 5.0E8 5.0E8 7.0E8 7.0E8 1.0E9 1.1E9 1.4E9 1.5E9 1.6E9 1.7E9 1.7E9
28 1.0E8 1.0E8 2.0E8 4.0E8 4.0E8 6.0E8 6.0E8 7.0E8 8.0E8 1.0E9 1.1E9 1.2E9 1.2E9 1.3E9 1.4E9 1.7E9 1.7E9 1.7E9 1.9E9 2.1E9
29 6.0E8 8.0E8 -7.94967296E8 -7.94967296E8 -2.94967296E8 2.010065408E9 1.715098112E9 1.715098112E9 -6.7483648E8 -6.7483648E8 -4.69803776E8 -4.69803776E8 1.835228928E9 1.835228928E9 -5.59738368E8 -5.59738368E8 -1.254705664E9 1.345294336E9 2.145294336E9 -1.444640256E9
30 1.0E8 1.0E8 1.0E8 2.0E8 4.0E8 6.0E8 8.0E8 8.0E8 1.1E9 1.2E9 1.5E9 1.7E9 1.7E9 1.7E9 1.8E9 1.9E9 1.9E9 2.0E9 2.0E9 2.0E9
31 3.0E8 3.0E8 5.0E8 6.0E8 8.0E8 8.0E8 8.0E8 9.0E8 1.0E9 1.1E9 1.4E9 1.5E9 1.5E9 1.6E9 1.6E9 1.6E9 1.7E9 1.8E9 1.8E9 1.8E9
32 2.0E8 2.0E8 2.0E8 4.0E8 6.0E8 7.0E8 7.0E8 8.0E8 9.0E8 1.0E9 1.2E9 1.3E9 1.3E9 1.7E9 1.7E9 1.8E9 1.9E9 2.1E9 -2.094967296E9 -1.994967296E9
33 7.0E8 8.0E8 8.05032704E8 -1.989934592E9 -1.189934592E9 1.415098112E9 -1.779869184E9 1.320130816E9 6.2516352E8 -2.069803776E9 7.30196224E8 8.30196224E8 1.435228928E9 1.435228928E9 -3.59738368E8 1.40261632E8 -7.54705664E8 -2.4967296E8 -2.4967296E8 -1.244640256E9
34 8.0E8 8.0E8 1.3E9 1.5E9 1.5E9 1.5E9 1.5E9 1.5E9 1.5E9 1.5E9 1.5E9 1.6E9 1.6E9 1.6E9 1.6E9 1.7E9 1.7E9 1.9E9 2.0E9 2.0E9
35 3.0E8 3.0E8 3.0E8 4.0E8 5.0E8 5.0E8 6.0E8 8.0E8 9.0E8 1.1E9 1.1E9 1.2E9 1.2E9 1.4E9 1.5E9 1.5E9 1.6E9 1.6E9 1.7E9 1.8E9
36 1.0E8 1.0E8 7.0E8 7.0E8 8.0E8 9.0E8 1.1E9 1.8E9 1.8E9 1.9E9 1.9E9 2.1E9 2.1E9 -2.094967296E9 -1.994967296E9 -1.994967296E9 -1.894967296E9 -1.194967296E9 -1.194967296E9 -1.194967296E9
37 2.0E8 3.0E8 3.0E8 7.0E8 8.0E8 1.4E9 1.4E9 -2.094967296E9 -1.894967296E9 -5.94967296E8 -3.94967296E8 -1.94967296E8 5.05032704E8 6.05032704E8 1.205032704E9 1.405032704E9 1.605032704E9 -1.389934592E9 -1.389934592E9 -1.389934592E9
38 0.0 3.0E8 3.0E8 4.0E8 8.0E8 9.0E8 9.0E8 1.0E9 1.1E9 1.2E9 1.3E9 1.4E9 1.5E9 1.7E9 1.9E9 2.0E9 2.0E9 2.0E9 2.1E9 2.1E9
39 3.0E8 3.0E8 3.0E8 3.0E8 6.0E8 8.0E8 9.0E8 9.0E8 9.0E8 1.0E9 1.1E9 1.1E9 1.2E9 1.3E9 1.3E9 1.3E9 1.3E9 1.4E9 1.4E9 1.6E9
40 2.0E8 3.0E8 6.0E8 7.0E8 8.0E8 8.0E8 8.0E8 8.0E8 8.0E8 8.0E8 8.0E8 9.0E8 1.0E9 1.0E9 1.1E9 1.1E9 1.2E9 1.4E9 1.5E9 1.6E9
41 2.0E8 3.0E8 4.0E8 6.0E8 6.0E8 7.0E8 9.0E8 1.1E9 1.1E9 1.2E9 1.2E9 1.2E9 1.4E9 1.4E9 1.5E9 1.7E9 1.7E9 1.8E9 1.8E9 1.8E9
42 0.0 1.0E8 1.0E8 4.0E8 4.0E8 4.0E8 4.0E8 5.0E8 6.0E8 6.0E8 8.0E8 9.0E8 9.0E8 1.0E9 1.1E9 1.1E9 1.2E9 1.4E9 1.5E9 1.6E9
43 1.0E8 1.0E8 2.0E8 2.0E8 2.0E8 2.0E8 3.0E8 5.0E8 7.0E8 7.0E8 8.0E8 8.0E8 8.0E8 9.0E8 1.0E9 1.1E9 1.4E9 1.5E9 1.5E9 1.7E9
44 0.0 0.0 0.0 0.0 0.0 1.0E8 2.0E8 2.0E8 3.0E8 3.0E8 4.0E8 5.0E8 9.0E8 1.0E9 1.2E9 1.3E9 1.4E9 1.4E9 1.4E9 1.5E9
45 1.0E8 1.0E8 2.0E8 3.0E8 3.0E8 6.0E8 6.0E8 6.0E8 6.0E8 6.0E8 6.0E8 6.0E8 7.0E8 8.0E8 8.0E8 9.0E8 9.0E8 1.0E9 1.1E9 1.3E9
46 2.0E8 2.0E8 4.0E8 4.0E8 4.0E8 5.0E8 5.0E8 5.0E8 6.0E8 7.0E8 7.0E8 7.0E8 7.0E8 9.0E8 1.1E9 1.1E9 1.2E9 1.3E9 1.3E9 1.3E9
47 0.0 0.0 2.0E8 2.0E8 2.0E8 2.0E8 4.0E8 5.0E8 5.0E8 5.0E8 5.0E8 6.0E8 6.0E8 7.0E8 7.0E8 8.0E8 9.0E8 9.0E8 1.0E9 1.0E9
48 0.0 0.0 1.0E8 2.0E8 2.0E8 3.0E8 4.0E8 4.0E8 4.0E8 5.0E8 5.0E8 5.0E8 5.0E8 6.0E8 6.0E8 6.0E8 7.0E8 8.0E8 8.0E8 9.0E8
49 0.0 1.0E8 2.0E8 2.0E8 2.0E8 2.0E8 3.0E8 3.0E8 3.0E8 4.0E8 4.0E8 5.0E8 8.0E8 1.0E9 1.1E9 1.3E9 1.4E9 1.5E9 1.5E9 1.6E9
50 0.0 3.0E8 4.0E8 7.0E8 7.0E8 8.0E8 1.1E9 1.1E9 1.2E9 1.3E9 1.4E9 1.5E9 1.6E9 1.6E9 1.7E9 1.7E9 1.7E9 1.8E9 1.9E9 2.0E9
51 1.0E8 1.0E8 1.0E8 1.0E8 2.0E8 2.0E8 2.0E8 2.0E8 2.0E8 3.0E8 4.0E8 5.0E8 5.0E8 5.0E8 6.0E8 6.0E8 7.0E8 8.0E8 9.0E8 9.0E8
