records: 20
      Record Time
Host  UsedBuffer

  49376.0 98752.0 148128.0 197504.0 246880.0 296256.0 345632.0 395008.0 444384.0 493760.0 543136.0 592512.0 641888.0 691264.0 740640.0 790016.0 839392.0 888768.0 938144.0 987520.0
0 1.0E9 2.0E9 -2.044967296E9 -1.794967296E9 -1.044967296E9 1.15098112E8 -7.2483648E8 8.45294336E8 -3.79542144E8 -1.29542144E8 -2.014444032E9 -1.764444032E9 1.0065408E8 6.0065408E8 1.10065408E9 1.10065408E9 1.10065408E9 1.10065408E9 1.35065408E9 1.60065408E9
1 1.25E9 1.25E9 9.10065408E8 9.10065408E8 1.070130816E9 -1.609738368E9 2.140261632E9 -1.69967296E9 -1.379542144E9 -1.379542144E9 7.35555968E8 -2.059411328E9 -8.9934592E8 -6.4934592E8 -6.4934592E8 -6.4934592E8 -1.4934592E8 -1.4934592E8 8.5065408E8 1.10065408E9
2 -2.044967296E9 -1.794967296E9 1.205032704E9 -2.134901888E9 -1.429869184E9 1.935228928E9 -9.04705664E8 1.55032704E9 -1.629542144E9 1.120457856E9 1.985555968E9 -1.559411328E9 -1.4934592E8 -1.4934592E8 1.055686784E9 2.055686784E9 -7.84247808E8 -1.714116992E9 -1.714116992E9 -1.304051584E9
3 0.0 0.0 2.5E8 5.0E8 5.0E8 5.0E8 5.0E8 5.0E8 5.0E8 7.5E8 7.5E8 1.25E9 1.5E9 1.75E9 2.0E9 -2.044967296E9 -1.794967296E9 -1.794967296E9 -1.794967296E9 -1.794967296E9
4 1.25E9 1.25E9 -1.884901888E9 -1.634901888E9 5.70130816E8 -1.859738368E9 -6.09738368E8 2.140261632E9 -2.129542144E9 6.20457856E8 9.85555968E8 -5.59411328E8 1.10065408E9 1.35065408E9 1.85065408E9 2.10065408E9 2.10065408E9 -1.964116992E9 -1.464116992E9 -9.64116992E8
5 1.25E9 1.75E9 1.205032704E9 1.910065408E9 -2.2483648E8 1.435228928E9 8.90261632E8 -4.4967296E8 -1.629542144E9 -3.79542144E8 -3.79542144E8 -8.09411328E8 -1.39934592E9 -8.9934592E8 2.10065408E9 2.10065408E9 -1.534247808E9 -1.714116992E9 -1.714116992E9 -1.464116992E9
6 2.0E9 -1.794967296E9 -1.839934592E9 -1.589934592E9 1.60065408E8 -1.109738368E9 -9.04705664E8 -1.744640256E9 -8.79542144E8 -1.42450944E9 1.235555968E9 1.735555968E9 3.5065408E8 3.5065408E8 1.805686784E9 -1.989280512E9 1.260719488E9 3.5883008E7 3.5883008E7 3.5883008E7
7 2.5E8 7.5E8 -7.94967296E8 -7.94967296E8 -1.839934592E9 9.80196224E8 1.480196224E9 -1.744640256E9 -1.744640256E9 -9.94640256E8 9.60392448E8 9.60392448E8 1.960392448E9 -2.084574848E9 -2.084574848E9 -1.834574848E9 -1.584574848E9 -1.719476736E9 -1.219476736E9 -1.219476736E9
8 1.25E9 1.5E9 1.75E9 1.75E9 1.75E9 -2.109738368E9 -3.59738368E8 1.095294336E9 -8.34574848E8 -5.84574848E8 1.235555968E9 1.485555968E9 3.5065408E8 3.5065408E8 3.5065408E8 6.0065408E8 1.35065408E9 1.60065408E9 1.60065408E9 1.85065408E9
9 1.0E9 1.25E9 1.955032704E9 -2.089934592E9 -1.429869184E9 4.35228928E8 -1.904705664E9 -1.654705664E9 5.95294336E8 5.95294336E8 -1.764444032E9 -8.09411328E8 -3.9934592E8 -3.9934592E8 -3.9934592E8 -3.9934592E8 -3.9934592E8 -1.4934592E8 -1.4934592E8 1.0065408E8
10 1.25E9 1.75E9 9.55032704E8 9.55032704E8 1.365098112E9 -8.59738368E8 -3.59738368E8 -6.9967296E8 1.415425152E9 1.20457856E8 1.235555968E9 1.235555968E9 1.0065408E8 3.5065408E8 -4.44313216E8 -4.44313216E8 -7.84247808E8 -1.214116992E9 -9.64116992E8 -7.14116992E8
11 1.75E9 -2.044967296E9 -2.044967296E9 -2.044967296E9 -2.044967296E9 -2.044967296E9 -1.794967296E9 1.27516352E9 2.02516352E9 -1.519803776E9 9.85555968E8 1.485555968E9 1.85065408E9 1.85065408E9 8.05686784E8 1.055686784E9 1.305686784E9 -7.14116992E8 -7.14116992E8 -7.14116992E8
12 1.25E9 1.5E9 -1.544967296E9 -1.544967296E9 1.15098112E8 -2.109738368E9 8.90261632E8 1.30032704E9 1.665425152E9 1.665425152E9 1.665425152E9 -2.129542144E9 1.620457856E9 1.870457856E9 -1.7450944E8 5.7549056E8 -6.04378624E8 1.830850304E9 2.85883008E8 4.90915712E8
13 2.5E8 2.5E8 5.0E8 7.5E8 7.5E8 7.5E8 7.5E8 1.0E9 1.0E9 1.0E9 1.0E9 1.0E9 1.0E9 1.0E9 1.0E9 1.25E9 1.5E9 1.75E9 -1.294967296E9 -7.94967296E8
14 1.0E9 1.25E9 1.955032704E9 -2.089934592E9 -1.884901888E9 -1.109738368E9 -1.904705664E9 8.0032704E8 -8.79542144E8 1.620457856E9 7.35555968E8 -5.59411328E8 3.5065408E8 6.0065408E8 8.5065408E8 1.35065408E9 1.510719488E9 8.0850304E7 8.0850304E7 3.30850304E8
15 1.5E9 1.5E9 -1.044967296E9 -1.044967296E9 -6.79869184E8 -1.359738368E9 -1.154705664E9 -1.994640256E9 -1.879542144E9 1.120457856E9 4.85555968E8 7.35555968E8 -3.9934592E8 -3.9934592E8 -4.44313216E8 -4.44313216E8 -4.44313216E8 3.758176E8 3.758176E8 3.758176E8
16 1.75E9 1.75E9 1.75E9 1.75E9 1.75E9 7.05032704E8 -1.339934592E9 -8.39934592E8 -3.79542144E8 -1.67450944E9 9.85555968E8 1.235555968E9 -1.944313216E9 -1.694313216E9 1.805686784E9 -1.989280512E9 -1.489280512E9 -4.64116992E8 1.285883008E9 -3.04051584E8
17 1.0E9 2.0E9 -1.839934592E9 -1.589934592E9 -1.79869184E8 -1.109738368E9 -8.59738368E8 8.0032704E8 -1.129542144E9 -1.129542144E9 -1.014444032E9 -1.014444032E9 -1.944313216E9 -1.444313216E9 2.055686784E9 -1.739280512E9 -1.739280512E9 -7.14116992E8 1.535883008E9 -3.04051584E8
18 1.25E9 -2.044967296E9 2.05032704E8 4.55032704E8 1.60065408E8 -1.564771072E9 -1.359738368E9 8.45294336E8 6.65425152E8 1.415425152E9 -1.014444032E9 -1.014444032E9 8.5065408E8 8.5065408E8 2.055686784E9 -1.989280512E9 -1.784247808E9 -4.64116992E8 3.5883008E7 -5.4051584E7
19 1.25E9 1.25E9 -1.294967296E9 -2.134901888E9 3.20130816E8 1.685228928E9 2.140261632E9 -1.69967296E9 -1.629542144E9 -1.129542144E9 9.85555968E8 -5.9411328E7 1.10065408E9 1.10065408E9 -4.44313216E8 -4.44313216E8 -4.89280512E8 -1.464116992E9 -2.14116992E8 -1.304051584E9
20 1.25E9 1.5E9 -8.9934592E7 1.60065408E8 -4.29869184E8 -6.09738368E8 -4.04705664E8 -9.94640256E8 -3.79542144E8 2.120457856E9 1.485555968E9 1.485555968E9 1.60065408E9 1.60065408E9 5.10719488E8 2.010719488E9 4.65752192E8 -9.64116992E8 -2.14116992E8 -8.04051584E8
21 1.25E9 1.75E9 -5.44967296E8 7.05032704E8 -1.179869184E9 -1.609738368E9 -9.04705664E8 -1.994640256E9 -1.379542144E9 1.20457856E8 4.85555968E8 4.85555968E8 -1.14934592E9 -1.14934592E9 8.05686784E8 2.055686784E9 -1.784247808E9 2.080850304E9 -1.464116992E9 1.990915712E9
22 1.25E9 1.25E9 1.5E9 1.5E9 -2.044967296E9 2.7516352E8 -1.519803776E9 -1.269803776E9 -1.379542144E9 1.620457856E9 4.85555968E8 -5.59411328E8 1.10065408E9 1.10065408E9 1.055686784E9 1.055686784E9 1.055686784E9 -1.714116992E9 -2.14116992E8 -2.054051584E9
23 1.5E9 -2.044967296E9 -1.294967296E9 -7.94967296E8 -2.94967296E8 4.55032704E8 9.55032704E8 9.55032704E8 9.55032704E8 9.55032704E8 9.55032704E8 1.205032704E9 1.205032704E9 1.205032704E9 1.455032704E9 1.455032704E9 1.705032704E9 -1.089934592E9 -8.39934592E8 -3.39934592E8
24 1.25E9 1.25E9 -5.89934592E8 -5.89934592E8 -6.79869184E8 -1.609738368E9 -1.404705664E9 -1.994640256E9 -1.629542144E9 1.620457856E9 -7.19476736E8 -7.19476736E8 -3.9934592E8 -1.4934592E8 3.05686784E8 3.05686784E8 4.65752192E8 1.830850304E9 -1.964116992E9 -1.804051584E9
25 2.5E8 5.0E8 5.0E8 7.5E8 1.25E9 1.25E9 1.75E9 2.0E9 -1.794967296E9 -1.794967296E9 -1.544967296E9 -1.544967296E9 -1.544967296E9 -1.294967296E9 -1.294967296E9 -1.294967296E9 -1.294967296E9 -1.044967296E9 -7.94967296E8 -7.94967296E8
26 0.0 5.0E8 5.0E8 -3.84901888E8 -9.29869184E8 -6.79869184E8 2.140261632E9 -1.994640256E9 1.915425152E9 1.20457856E8 4.85555968E8 4.85555968E8 -6.4934592E8 -6.4934592E8 1.805686784E9 -1.989280512E9 -1.534247808E9 -9.64116992E8 -9.64116992E8 -1.554051584E9
27 2.0E9 2.0E9 -7.94967296E8 -3.39934592E8 1.865098112E9 9.35228928E8 -4.04705664E8 -1.744640256E9 -1.244640256E9 1.870457856E9 7.35555968E8 1.235555968E9 -1.4934592E8 6.0065408E8 1.055686784E9 -1.489280512E9 -1.034247808E9 -1.714116992E9 -9.64116992E8 -1.554051584E9
28 1.5E9 1.75E9 2.0E9 -1.294967296E9 -1.294967296E9 1.230196224E9 -1.109738368E9 1.845294336E9 1.80032704E9 -1.994640256E9 9.85555968E8 1.235555968E9 1.0065408E8 6.0065408E8 1.305686784E9 2.055686784E9 2.055686784E9 -1.964116992E9 -1.464116992E9 -9.64116992E8
29 1.5E9 2.0E9 -1.339934592E9 -1.339934592E9 -8.9934592E7 -7.69803776E8 -8.59738368E8 -8.59738368E8 -8.34574848E8 -8.34574848E8 -1.264444032E9 -1.264444032E9 -1.4934592E8 -1.4934592E8 5.5686784E7 5.5686784E7 -2.84247808E8 -4.19149696E8 1.785883008E9 -1.054051584E9
30 2.5E8 2.5E8 2.5E8 5.0E8 1.0E9 1.5E9 2.0E9 2.0E9 -1.544967296E9 -1.294967296E9 -5.44967296E8 -4.4967296E7 -4.4967296E7 -4.4967296E7 2.05032704E8 4.55032704E8 4.55032704E8 7.05032704E8 7.05032704E8 7.05032704E8
31 -1.794967296E9 -1.794967296E9 -5.44967296E8 1.910065408E9 -6.79869184E8 -1.609738368E9 -1.404705664E9 -1.994640256E9 -2.129542144E9 6.20457856E8 7.35555968E8 9.85555968E8 -1.64934592E9 -1.39934592E9 -1.94313216E8 1.055686784E9 -1.534247808E9 1.580850304E9 1.580850304E9 1.490915712E9
32 1.5E9 1.5E9 1.410065408E9 1.910065408E9 1.570130816E9 -1.859738368E9 -1.859738368E9 5.95294336E8 -8.79542144E8 1.370457856E9 9.85555968E8 1.90588672E8 1.60065408E9 -1.694313216E9 1.305686784E9 1.555686784E9 -5.34247808E8 -9.64116992E8 -7.14116992E8 -5.54051584E8
33 1.75E9 2.0E9 -1.634901888E9 1.15098112E8 2.7516352E8 -3.59738368E8 -6.54705664E8 -1.494640256E9 -1.129542144E9 -1.92450944E9 9.85555968E8 1.235555968E9 1.0065408E8 1.0065408E8 -1.489280512E9 5.10719488E8 4.65752192E8 -9.64116992E8 -9.64116992E8 -8.04051584E8
34 1.75E9 1.75E9 9.55032704E8 1.455032704E9 1.455032704E9 1.455032704E9 1.455032704E9 1.455032704E9 1.455032704E9 1.455032704E9 1.455032704E9 1.705032704E9 1.705032704E9 1.705032704E9 1.705032704E9 1.955032704E9 1.955032704E9 -1.839934592E9 -1.589934592E9 -1.589934592E9
35 1.5E9 1.5E9 -1.839934592E9 -1.34901888E8 -4.29869184E8 -1.109738368E9 -9.04705664E8 -1.994640256E9 -1.379542144E9 -1.92450944E9 7.35555968E8 9.85555968E8 -1.4934592E8 3.5065408E8 1.305686784E9 -1.739280512E9 -2.84247808E8 -1.214116992E9 -9.64116992E8 -1.304051584E9
36 2.5E8 2.5E8 1.25E9 1.25E9 1.5E9 1.75E9 -2.044967296E9 -1.794967296E9 -1.794967296E9 -1.544967296E9 -1.544967296E9 -1.044967296E9 -1.044967296E9 -7.94967296E8 -5.44967296E8 -5.44967296E8 -2.94967296E8 -2.94967296E8 -2.94967296E8 -2.94967296E8
37 5.0E8 7.5E8 7.5E8 -1.294967296E9 -1.044967296E9 -5.44967296E8 -5.44967296E8 -4.4967296E7 4.55032704E8 -2.089934592E9 -1.589934592E9 -1.089934592E9 -8.39934592E8 -5.89934592E8 -3.39934592E8 1.60065408E8 6.60065408E8 6.60065408E8 6.60065408E8 6.60065408E8
38 0.0 7.5E8 7.5E8 1.0E9 2.0E9 -2.044967296E9 -2.044967296E9 -1.794967296E9 -1.544967296E9 -1.294967296E9 -1.044967296E9 -7.94967296E8 -5.44967296E8 -4.4967296E7 4.55032704E8 7.05032704E8 7.05032704E8 7.05032704E8 9.55032704E8 9.55032704E8
39 7.5E8 7.5E8 7.5E8 7.5E8 1.5E9 2.0E9 -2.044967296E9 -2.044967296E9 -2.044967296E9 -1.794967296E9 -1.544967296E9 -1.544967296E9 -1.294967296E9 -1.044967296E9 -1.044967296E9 -1.044967296E9 -1.044967296E9 -7.94967296E8 -7.94967296E8 -2.94967296E8
40 5.0E8 7.5E8 1.5E9 1.75E9 2.0E9 2.0E9 2.0E9 2.0E9 2.0E9 2.0E9 2.0E9 -2.044967296E9 -1.794967296E9 -1.794967296E9 -1.544967296E9 -1.544967296E9 -1.294967296E9 -7.94967296E8 -5.44967296E8 -2.94967296E8
41 5.0E8 7.5E8 1.0E9 1.5E9 1.5E9 1.75E9 -2.044967296E9 -1.544967296E9 -1.544967296E9 -1.294967296E9 -1.294967296E9 -1.294967296E9 -7.94967296E8 -7.94967296E8 -5.44967296E8 -4.4967296E7 -4.4967296E7 2.05032704E8 2.05032704E8 2.05032704E8
42 0.0 2.5E8 2.5E8 1.0E9 1.0E9 1.0E9 1.0E9 1.25E9 1.5E9 1.5E9 2.0E9 -2.044967296E9 -2.044967296E9 -1.794967296E9 -1.544967296E9 -1.544967296E9 -1.294967296E9 -7.94967296E8 -5.44967296E8 -2.94967296E8
43 2.5E8 2.5E8 5.0E8 5.0E8 5.0E8 5.0E8 7.5E8 1.25E9 1.75E9 1.75E9 2.0E9 2.0E9 2.0E9 -2.044967296E9 -1.794967296E9 -1.544967296E9 -7.94967296E8 -5.44967296E8 -5.44967296E8 -4.4967296E7
44 0.0 0.0 0.0 0.0 0.0 2.5E8 5.0E8 5.0E8 7.5E8 7.5E8 1.0E9 1.25E9 -2.044967296E9 -1.794967296E9 -1.294967296E9 -1.044967296E9 -7.94967296E8 -7.94967296E8 -7.94967296E8 -5.44967296E8
45 2.5E8 2.5E8 5.0E8 7.5E8 7.5E8 1.5E9 1.5E9 1.5E9 1.5E9 1.5E9 1.5E9 1.5E9 1.75E9 2.0E9 2.0E9 -2.044967296E9 -2.044967296E9 -1.794967296E9 -1.544967296E9 -1.044967296E9
46 5.0E8 5.0E8 1.0E9 1.0E9 1.0E9 1.25E9 1.25E9 1.25E9 1.5E9 1.75E9 1.75E9 1.75E9 1.75E9 -2.044967296E9 -1.544967296E9 -1.544967296E9 -1.294967296E9 -1.044967296E9 -1.044967296E9 -1.044967296E9
47 0.0 0.0 5.0E8 5.0E8 5.0E8 5.0E8 1.0E9 1.25E9 1.25E9 1.25E9 1.25E9 1.5E9 1.5E9 1.75E9 1.75E9 2.0E9 -2.044967296E9 -2.044967296E9 -1.794967296E9 -1.794967296E9
48 0.0 0.0 2.5E8 5.0E8 5.0E8 7.5E8 1.0E9 1.0E9 1.0E9 1.25E9 1.25E9 1.25E9 1.25E9 1.5E9 1.5E9 1.5E9 1.75E9 2.0E9 2.0E9 -2.044967296E9
49 0.0 2.5E8 5.0E8 5.0E8 5.0E8 5.0E8 7.5E8 7.5E8 7.5E8 1.0E9 1.0E9 1.25E9 2.0E9 -1.794967296E9 -1.544967296E9 -1.044967296E9 -7.94967296E8 -5.44967296E8 -5.44967296E8 -2.94967296E8
50 0.0 7.5E8 1.0E9 1.75E9 1.75E9 2.0E9 -1.544967296E9 -1.544967296E9 -1.294967296E9 -1.044967296E9 -7.94967296E8 -5.44967296E8 -2.94967296E8 -2.94967296E8 -4.4967296E7 -4.4967296E7 -4.4967296E7 2.05032704E8 4.55032704E8 7.05032704E8
51 1.5E9 1.5E9 1.5E9 1.5E9 1.75E9 7.05032704E8 7.05032704E8 7.05032704E8 7.05032704E8 -1.589934592E9 -1.339934592E9 -1.089934592E9 -1.884901888E9 -1.884901888E9 -1.634901888E9 -1.634901888E9 -1.384901888E9 1.615098112E9 1.865098112E9 1.865098112E9
