records: 20
      Record Time
Host  UsedBuffer

  49376.0 98752.0 148128.0 197504.0 246880.0 296256.0 345632.0 395008.0 444384.0 493760.0 543136.0 592512.0 641888.0 691264.0 740640.0 790016.0 839392.0 888768.0 938144.0 987520.0
0 2.0E8 6.0E8 -8.94967296E8 -7.94967296E8 -4.94967296E8 1.115098112E9 -5.79869184E8 8.20130816E8 -1.969803776E9 -8.69803776E8 -1.064771072E9 -9.64771072E8 -1.259738368E9 -1.059738368E9 -8.59738368E8 -8.59738368E8 -8.59738368E8 -8.59738368E8 -7.59738368E8 -6.59738368E8
1 6.0E8 6.0E8 6.05032704E8 6.05032704E8 5.10065408E8 1.015098112E9 -7.79869184E8 6.20130816E8 2.12516352E9 2.12516352E9 -1.164771072E9 -6.64771072E8 -1.859738368E9 -1.759738368E9 -1.759738368E9 -1.759738368E9 -1.559738368E9 -1.559738368E9 -1.159738368E9 -1.059738368E9
2 1.0E8 2.0E8 3.0E8 4.0E8 5.0E8 6.0E8 7.0E8 8.0E8 1.0E9 1.0E9 1.1E9 1.4E9 1.5E9 1.5E9 1.6E9 1.6E9 1.9E9 1.9E9 1.9E9 -2.094967296E9
3 2.0E8 2.0E8 -8.94967296E8 -7.94967296E8 -5.94967296E8 1.015098112E9 -8.79869184E8 3.20130816E8 1.92516352E9 -1.169803776E9 -1.364771072E9 -6.64771072E8 -1.559738368E9 -1.459738368E9 -1.359738368E9 -1.259738368E9 -1.159738368E9 -1.159738368E9 -1.159738368E9 -1.159738368E9
4 4.0E8 5.0E8 8.05032704E8 9.05032704E8 1.10065408E8 9.15098112E8 -1.879869184E9 1.720130816E9 1.82516352E9 -1.469803776E9 -1.064771072E9 -3.64771072E8 -1.059738368E9 -9.59738368E8 -7.59738368E8 -6.59738368E8 -6.59738368E8 1.35032704E9 1.55032704E9 1.75032704E9
5 4.0E8 6.0E8 2.05032704E8 6.05032704E8 6.10065408E8 4.15098112E8 -9.79869184E8 1.720130816E9 1.82516352E9 1.82516352E9 1.82516352E9 -4.64771072E8 -2.059738368E9 -1.859738368E9 1.640261632E9 1.640261632E9 1.945294336E9 1.45032704E9 1.45032704E9 1.55032704E9
6 8.0E8 1.0E9 3.05032704E8 -1.989934592E9 7.10065408E8 1.115098112E9 -1.479869184E9 -2.07483648E9 -2.069803776E9 -7.69803776E8 -1.064771072E9 -8.64771072E8 -1.459738368E9 -1.459738368E9 -1.054705664E9 -8.54705664E8 1.945294336E9 1.75032704E9 1.75032704E9 1.75032704E9
7 1.0E8 3.0E8 -1.294967296E9 -1.294967296E9 8.10065408E8 7.15098112E8 9.15098112E8 -1.97483648E9 -1.97483648E9 -1.67483648E9 1.130196224E9 1.130196224E9 1.230196224E9 1.330196224E9 1.330196224E9 1.430196224E9 1.530196224E9 -1.64967296E9 -1.44967296E9 -1.44967296E9
8 4.0E8 5.0E8 6.0E8 6.0E8 -1.594967296E9 8.15098112E8 -1.279869184E9 1.920130816E9 2.02516352E9 2.12516352E9 -9.64771072E8 -8.64771072E8 -9.59738368E8 -9.59738368E8 -9.59738368E8 -8.59738368E8 -5.59738368E8 -4.59738368E8 -4.59738368E8 -3.59738368E8
9 0.0 1.0E8 1.0E8 2.0E8 2.0E8 3.0E8 3.0E8 3.0E8 4.0E8 4.0E8 5.0E8 5.0E8 7.0E8 7.0E8 7.0E8 7.0E8 7.0E8 8.0E8 8.0E8 9.0E8
10 5.0E8 7.0E8 1.4E9 1.4E9 -1.389934592E9 1.515098112E9 -1.379869184E9 1.020130816E9 -2.069803776E9 -1.469803776E9 -1.064771072E9 -1.064771072E9 -1.259738368E9 -1.159738368E9 1.140261632E9 1.140261632E9 5.45294336E8 1.65032704E9 1.75032704E9 1.85032704E9
11 0.0 2.0E8 2.0E8 2.0E8 2.0E8 2.0E8 3.0E8 6.0E8 9.0E8 1.2E9 1.3E9 1.5E9 1.5E9 1.5E9 1.6E9 1.7E9 1.8E9 1.8E9 1.8E9 1.8E9
12 4.0E8 5.0E8 1.7E9 1.7E9 -3.89934592E8 1.115098112E9 -1.079869184E9 1.720130816E9 1.72516352E9 1.72516352E9 1.72516352E9 1.92516352E9 -1.64771072E8 -6.4771072E7 4.0261632E7 3.40261632E8 1.745294336E9 1.15032704E9 -1.944640256E9 8.55359744E8
13 3.0E8 3.0E8 -1.094967296E9 -9.94967296E8 -9.94967296E8 1.615098112E9 -5.79869184E8 8.20130816E8 2.02516352E9 2.02516352E9 -1.464771072E9 -1.464771072E9 -6.59738368E8 -6.59738368E8 1.240261632E9 1.340261632E9 1.145294336E9 1.15032704E9 -1.344640256E9 1.055359744E9
14 2.0E8 3.0E8 -1.094967296E9 -9.94967296E8 1.10065408E8 1.615098112E9 -4.79869184E8 -2.07483648E9 -2.069803776E9 -1.069803776E9 -9.64771072E8 -3.64771072E8 -1.259738368E9 -1.159738368E9 -1.059738368E9 -8.59738368E8 1.345294336E9 1.05032704E9 1.05032704E9 1.15032704E9
15 6.0E8 6.0E8 -1.694967296E9 2.105032704E9 -1.489934592E9 1.315098112E9 -5.79869184E8 2.120130816E9 2.02516352E9 -1.169803776E9 -1.164771072E9 -1.064771072E9 -1.559738368E9 -1.559738368E9 7.40261632E8 7.40261632E8 7.40261632E8 1.35032704E9 1.35032704E9 1.35032704E9
16 1.0E8 1.0E8 1.0E8 1.0E8 1.0E8 1.0E8 3.0E8 5.0E8 6.0E8 6.0E8 7.0E8 8.0E8 1.0E9 1.1E9 1.4E9 1.6E9 1.8E9 2.0E9 -1.994967296E9 -1.894967296E9
17 3.0E8 1.2E9 -7.94967296E8 -6.94967296E8 -1.89934592E8 1.215098112E9 -1.179869184E9 2.120130816E9 -2.069803776E9 -1.969803776E9 -9.64771072E8 -9.64771072E8 -5.59738368E8 -3.59738368E8 -1.154705664E9 -9.54705664E8 -9.54705664E8 1.85032704E9 -4.44640256E8 1.755359744E9
18 5.0E8 1.3E9 -1.494967296E9 -1.394967296E9 1.705032704E9 9.15098112E8 -3.79869184E8 -1.87483648E9 -2.069803776E9 -1.769803776E9 -7.64771072E8 -1.64771072E8 -5.59738368E8 -5.59738368E8 -1.154705664E9 -1.054705664E9 -1.94967296E9 -1.344640256E9 -1.144640256E9 1.955359744E9
19 3.0E8 3.0E8 -9.94967296E8 8.05032704E8 1.0065408E7 1.115098112E9 -7.79869184E8 1.820130816E9 2.02516352E9 -2.069803776E9 -1.064771072E9 -1.64771072E8 -1.059738368E9 -1.059738368E9 1.340261632E9 1.340261632E9 -1.354705664E9 1.55032704E9 1.65032704E9 1.455359744E9
20 5.0E8 6.0E8 2.05032704E8 -1.989934592E9 -1.289934592E9 1.615098112E9 6.20130816E8 -1.77483648E9 -1.869803776E9 -8.69803776E8 -8.64771072E8 -8.64771072E8 -7.59738368E8 -7.59738368E8 -1.054705664E9 -5.54705664E8 8.45294336E8 1.75032704E9 -1.444640256E9 1.555359744E9
21 5.0E8 7.0E8 -9.4967296E7 1.905032704E9 -1.589934592E9 1.215098112E9 2.20130816E8 2.120130816E9 2.12516352E9 -1.769803776E9 -1.264771072E9 -1.264771072E9 -1.959738368E9 -1.959738368E9 -1.554705664E9 -1.054705664E9 1.45294336E8 1.15032704E9 1.45032704E9 9.55359744E8
22 3.0E8 3.0E8 4.0E8 4.0E8 7.0E8 1.715098112E9 -1.379869184E9 -1.279869184E9 -2.069803776E9 -9.69803776E8 -1.064771072E9 -1.64771072E8 -8.59738368E8 -8.59738368E8 -1.154705664E9 -1.154705664E9 -1.154705664E9 1.45032704E9 -1.344640256E9 1.255359744E9
23 7.0E8 1.0E9 1.3E9 1.5E9 1.7E9 6.05032704E8 2.115098112E9 6.20130816E8 6.20130816E8 6.20130816E8 6.20130816E8 7.20130816E8 7.20130816E8 7.20130816E8 8.20130816E8 8.20130816E8 9.20130816E8 -1.7483648E8 4.2516352E8 6.2516352E8
24 5.0E8 5.0E8 -9.4967296E7 2.105032704E9 -1.389934592E9 1.215098112E9 2.0130816E7 -1.97483648E9 1.92516352E9 -1.069803776E9 -1.964771072E9 -1.964771072E9 -1.659738368E9 -1.559738368E9 9.40261632E8 9.40261632E8 1.345294336E9 1.15032704E9 1.35032704E9 1.155359744E9
25 8.0E8 1.0E9 1.2E9 1.3E9 2.05032704E8 6.05032704E8 -2.079869184E9 8.20130816E8 -1.7483648E8 -1.7483648E8 -7.483648E7 -7.483648E7 -7.483648E7 2.516352E7 2.516352E7 2.516352E7 2.516352E7 1.2516352E8 7.2516352E8 7.2516352E8
26 0.0 2.0E8 2.0E8 1.805032704E9 -1.489934592E9 1.315098112E9 -1.579869184E9 2.120130816E9 2.02516352E9 -1.569803776E9 -1.264771072E9 -1.264771072E9 -1.759738368E9 -1.759738368E9 -9.54705664E8 -7.54705664E8 7.45294336E8 1.45032704E9 1.45032704E9 1.255359744E9
27 1.0E8 1.0E8 1.0E8 2.0E8 2.0E8 3.0E8 3.0E8 3.0E8 5.0E8 5.0E8 5.0E8 7.0E8 7.0E8 1.0E9 1.1E9 1.4E9 1.5E9 1.6E9 1.7E9 1.7E9
28 6.0E8 7.0E8 -9.94967296E8 -7.94967296E8 -7.94967296E8 6.15098112E8 -1.379869184E9 2.020130816E9 -1.87483648E9 1.42516352E9 -1.064771072E9 -9.64771072E8 -1.359738368E9 -1.159738368E9 1.040261632E9 1.340261632E9 1.340261632E9 -2.044640256E9 -1.844640256E9 -1.644640256E9
29 6.0E8 8.0E8 -5.94967296E8 -5.94967296E8 2.05032704E8 6.15098112E8 -1.179869184E9 -1.179869184E9 2.02516352E9 2.02516352E9 -1.064771072E9 -1.064771072E9 -1.259738368E9 -1.259738368E9 1.640261632E9 1.640261632E9 7.45294336E8 1.45032704E9 -1.244640256E9 1.555359744E9
30 3.0E8 5.0E8 5.0E8 6.0E8 8.0E8 1.0E9 1.2E9 1.2E9 -4.89934592E8 -3.89934592E8 7.10065408E8 9.10065408E8 9.10065408E8 9.10065408E8 1.010065408E9 1.110065408E9 1.110065408E9 -8.79869184E8 -8.79869184E8 -8.79869184E8
31 8.0E8 8.0E8 1.05032704E8 2.105032704E9 -1.389934592E9 1.115098112E9 -4.79869184E8 2.120130816E9 1.72516352E9 -1.469803776E9 -1.564771072E9 -1.464771072E9 2.135228928E9 -2.059738368E9 5.40261632E8 -1.154705664E9 1.45294336E8 9.5032704E8 9.5032704E8 7.55359744E8
32 5.0E8 5.0E8 3.05032704E8 5.05032704E8 4.10065408E8 9.15098112E8 9.15098112E8 -2.07483648E9 -2.069803776E9 -1.169803776E9 -1.064771072E9 -6.4771072E7 -6.59738368E8 -2.59738368E8 -1.554705664E9 -1.454705664E9 2.45294336E8 1.65032704E9 1.75032704E9 1.555359744E9
33 7.0E8 8.0E8 9.05032704E8 -1.989934592E9 8.10065408E8 1.815098112E9 4.20130816E8 -1.97483648E9 -1.969803776E9 -6.69803776E8 -9.64771072E8 -8.64771072E8 -1.359738368E9 -1.359738368E9 -7.54705664E8 -3.54705664E8 1.145294336E9 1.95032704E9 1.95032704E9 1.555359744E9
34 8.0E8 8.0E8 1.4E9 1.6E9 1.6E9 1.6E9 1.6E9 1.6E9 1.6E9 1.6E9 1.6E9 1.7E9 1.7E9 1.7E9 1.7E9 1.8E9 1.8E9 2.0E9 2.1E9 2.1E9
35 6.0E8 6.0E8 5032704.0 2.005032704E9 -1.389934592E9 1.315098112E9 -5.79869184E8 2.120130816E9 -2.069803776E9 -7.69803776E8 -1.164771072E9 -1.064771072E9 -1.459738368E9 -1.259738368E9 1.240261632E9 -5.54705664E8 8.45294336E8 1.75032704E9 1.85032704E9 1.455359744E9
36 1.0E8 1.0E8 9.0E8 9.0E8 1.0E9 1.1E9 1.3E9 1.7E9 1.7E9 1.8E9 1.8E9 2.0E9 2.0E9 2.1E9 -2.094967296E9 -2.094967296E9 -1.994967296E9 -1.294967296E9 -1.294967296E9 -1.294967296E9
37 2.0E8 5.0E8 5.0E8 -1.194967296E9 -9.94967296E8 -2.94967296E8 -2.94967296E8 1.05032704E8 3.05032704E8 1.405032704E9 1.605032704E9 1.805032704E9 -1.889934592E9 -1.789934592E9 -1.289934592E9 -1.089934592E9 -8.89934592E8 -8.89934592E8 -8.89934592E8 -8.89934592E8
38 0.0 3.0E8 3.0E8 4.0E8 8.0E8 9.0E8 9.0E8 1.0E9 1.1E9 1.2E9 1.3E9 1.4E9 1.5E9 1.7E9 1.9E9 2.0E9 2.0E9 2.0E9 2.1E9 2.1E9
39 3.0E8 3.0E8 3.0E8 3.0E8 6.0E8 8.0E8 9.0E8 9.0E8 9.0E8 1.0E9 1.1E9 1.1E9 1.2E9 1.3E9 1.3E9 1.3E9 1.3E9 1.4E9 1.4E9 1.6E9
40 2.0E8 3.0E8 6.0E8 7.0E8 8.0E8 8.0E8 8.0E8 8.0E8 8.0E8 8.0E8 8.0E8 9.0E8 1.0E9 1.0E9 1.1E9 1.1E9 1.2E9 1.4E9 1.5E9 1.6E9
41 2.0E8 3.0E8 4.0E8 6.0E8 6.0E8 7.0E8 9.0E8 1.1E9 1.1E9 1.2E9 1.2E9 1.2E9 1.4E9 1.4E9 1.5E9 1.7E9 1.7E9 1.8E9 1.8E9 1.8E9
42 0.0 1.0E8 1.0E8 4.0E8 4.0E8 4.0E8 4.0E8 5.0E8 6.0E8 6.0E8 8.0E8 9.0E8 9.0E8 1.0E9 1.1E9 1.1E9 1.2E9 1.4E9 1.5E9 1.6E9
43 1.0E8 1.0E8 2.0E8 2.0E8 2.0E8 2.0E8 3.0E8 5.0E8 7.0E8 7.0E8 8.0E8 8.0E8 8.0E8 9.0E8 1.0E9 1.1E9 1.4E9 1.5E9 1.5E9 1.7E9
44 0.0 0.0 0.0 0.0 0.0 1.0E8 2.0E8 2.0E8 3.0E8 3.0E8 4.0E8 5.0E8 8.10065408E8 9.10065408E8 1.110065408E9 1.210065408E9 1.310065408E9 1.310065408E9 1.310065408E9 1.410065408E9
45 1.0E8 1.0E8 2.0E8 3.0E8 3.0E8 6.0E8 6.0E8 6.0E8 6.0E8 6.0E8 6.0E8 6.0E8 7.0E8 8.0E8 8.0E8 9.0E8 9.0E8 1.0E9 1.1E9 1.3E9
46 2.0E8 2.0E8 4.0E8 4.0E8 4.0E8 5.0E8 5.0E8 5.0E8 6.0E8 7.0E8 7.0E8 7.0E8 7.0E8 9.0E8 1.1E9 1.1E9 1.2E9 1.3E9 1.3E9 1.3E9
47 0.0 0.0 2.0E8 2.0E8 2.0E8 2.0E8 4.0E8 5.0E8 5.0E8 -1.989934592E9 -1.989934592E9 -1.889934592E9 -1.889934592E9 -1.789934592E9 -1.789934592E9 -1.689934592E9 -1.589934592E9 -1.589934592E9 -1.489934592E9 -1.489934592E9
48 0.0 0.0 1.0E8 2.0E8 2.0E8 3.0E8 4.0E8 4.0E8 4.0E8 5.0E8 5.0E8 5.0E8 5.0E8 6.0E8 6.0E8 6.0E8 7.0E8 8.0E8 8.0E8 9.0E8
49 0.0 1.0E8 2.0E8 2.0E8 2.0E8 2.0E8 3.0E8 3.0E8 3.0E8 4.0E8 4.0E8 5.0E8 8.0E8 1.0E9 1.1E9 1.3E9 1.4E9 1.5E9 1.5E9 1.6E9
50 0.0 3.0E8 4.0E8 7.0E8 7.0E8 8.0E8 1.1E9 1.1E9 1.2E9 1.3E9 1.4E9 1.5E9 1.6E9 1.6E9 1.7E9 1.7E9 1.7E9 1.8E9 1.9E9 2.0E9
51 6.0E8 6.0E8 6.0E8 6.0E8 7.0E8 -9.4967296E7 -9.4967296E7 -9.4967296E7 -9.4967296E7 1.005032704E9 1.105032704E9 1.205032704E9 5.10065408E8 5.10065408E8 6.10065408E8 6.10065408E8 7.10065408E8 -4.84901888E8 -3.84901888E8 -3.84901888E8
