0 3350
1 1982
2 4461
3 3281
4 2961
5 2677
6 762
7 1051
8 1526
9 2867
10 545
11 435
12 4369
13 4083
14 2319
15 4024
16 3452
17 976
18 676
19 1394
20 1350
21 2371
22 2488
23 3022
24 3229
25 3093
26 2433
27 2931
28 1996
29 2815
30 3280
31 4084
32 2386
33 2635
34 2410
35 2739
36 2826
37 3205
38 2584
39 3486
40 2590
41 2130
42 4114
43 3605
44 2967
45 2627
46 3218
47 3968
48 3118
49 3943
50 4116
51 3639
52 4257
53 3048
54 1892
55 3723
56 3354
57 3779
58 2783
59 5381
60 3592
61 2391
62 1495
63 3542
64 2375
65 5046
66 3276
67 1991
68 1388
69 3979
70 3168
71 4673
72 3604
73 4763
74 4496
75 4969
76 5466
77 5267
78 5061
79 3919
80 4184
81 5285
82 1441
83 5445
84 2749
85 4152
86 4108
87 5653
88 5243
89 5120
90 4187
91 2014
92 5284
93 1844
94 4157
95 2371
96 657
97 3953
