records: 20
      Record Time
Host  UsedBuffer

  16870.0 33740.0 50610.0 67480.0 84350.0 101220.0 118090.0 134960.0 151830.0 168700.0 185570.0 202440.0 219310.0 236180.0 253050.0 269920.0 286790.0 303660.0 320530.0 337400.0
0 5.0E8 5.0E8 5.0E8 1.5E9 1.5E9 1.5E9 1.5E9 1.5E9 2.0E9 2.0E9 2.0E9 2.0E9 2.0E9 2.0E9 2.0E9 2.0E9 2.0E9 2.0E9 2.0E9 2.0E9
1 0.0 5.0E8 5.0E8 1.0E9 1.0E9 1.5E9 1.5E9 1.5E9 1.5E9 1.5E9 2.0E9 2.0E9 2.0E9 2.0E9 2.0E9 2.0E9 2.0E9 2.0E9 2.0E9 2.0E9
2 -1.794967296E9 -1.294967296E9 2.05032704E8 2.516352E7 1.435228928E9 -8.59738368E8 8.45294336E8 1.845294336E9 -8.34574848E8 5.7549056E8 1.780523264E9 4.85555968E8 9.85555968E8 2.10065408E9 -1.489280512E9 1.0719488E7 -2.84247808E8 -5.79215104E8 1.330850304E9 3.5883008E7
3 0.0 0.0 0.0 0.0 0.0 0.0 5.0E8 5.0E8 5.0E8 5.0E8 5.0E8 5.0E8 5.0E8 5.0E8 5.0E8 1.0E9 1.0E9 1.0E9 1.0E9 1.0E9
4 5.0E8 5.0E8 5.0E8 5.0E8 5.0E8 1.0E9 1.0E9 1.0E9 1.0E9 1.0E9 1.5E9 1.5E9 1.5E9 1.5E9 2.0E9 2.0E9 2.0E9 -1.794967296E9 -1.294967296E9 -1.294967296E9
5 0.0 0.0 0.0 2.516352E7 1.935228928E9 1.40261632E8 1.640261632E9 1.640261632E9 2.140261632E9 3.70457856E8 1.870457856E9 -1.219476736E9 -1.219476736E9 1.60065408E9 -9.89280512E8 5.10719488E8 5.10719488E8 -7.84247808E8 1.330850304E9 1.330850304E9
6 0.0 0.0 0.0 2.0E9 -2.94967296E8 1.615098112E9 1.615098112E9 -1.179869184E9 2.140261632E9 1.57549056E9 -1.219476736E9 -7.19476736E8 7.80523264E8 1.60065408E9 -1.989280512E9 -1.489280512E9 -7.84247808E8 -7.84247808E8 1.420784896E9 1.420784896E9
7 1.0E9 -1.294967296E9 -7.94967296E8 -1.179869184E9 -2.69803776E8 -2.69803776E8 -2.69803776E8 2.30196224E8 1.140261632E9 -8.34574848E8 -8.34574848E8 -8.34574848E8 -8.34574848E8 -2.129542144E9 8.05686784E8 1.305686784E9 1.805686784E9 1.805686784E9 7.15752192E8 -1.464116992E9
8 0.0 0.0 0.0 0.0 0.0 0.0 0.0 0.0 0.0 0.0 0.0 0.0 0.0 0.0 0.0 0.0 0.0 5.0E8 5.0E8 5.0E8
9 0.0 5.0E8 5.0E8 5.0E8 5.0E8 5.0E8 1.0E9 1.0E9 1.0E9 1.0E9 1.0E9 1.0E9 1.0E9 1.5E9 1.5E9 2.0E9 2.0E9 2.0E9 2.0E9 -1.794967296E9
10 0.0 0.0 0.0 0.0 0.0 0.0 0.0 0.0 5.0E8 1.0E9 1.5E9 1.5E9 1.5E9 1.5E9 1.5E9 1.5E9 1.5E9 1.5E9 1.5E9 2.0E9
11 0.0 0.0 0.0 1.820130816E9 -5.64771072E8 9.35228928E8 1.640261632E9 2.140261632E9 5.032704E7 5.7549056E8 1.07549056E9 1.07549056E9 1.780523264E9 -1.39934592E9 1.805686784E9 -1.989280512E9 -1.989280512E9 7.15752192E8 -7.9215104E7 -7.9215104E7
12 -7.94967296E8 -1.589934592E9 1.910065408E9 5.2516352E8 1.935228928E9 1.40261632E8 1.345294336E9 -1.94967296E9 1.65425152E8 -1.719476736E9 -5.14444032E8 1.985555968E9 -1.809411328E9 -1.694313216E9 -9.89280512E8 2.010719488E9 -1.284247808E9 -2.84247808E8 7.15752192E8 -2.079215104E9
13 0.0 5.0E8 1.0E9 1.0E9 1.0E9 1.0E9 1.0E9 1.0E9 1.0E9 1.0E9 1.5E9 1.5E9 1.5E9 1.5E9 1.5E9 1.5E9 1.5E9 2.0E9 2.0E9 2.0E9
14 5.0E8 5.0E8 -1.089934592E9 -4.7483648E8 4.35228928E8 9.35228928E8 9.35228928E8 3.45294336E8 -3.34574848E8 1.07549056E9 -1.219476736E9 -1.219476736E9 7.80523264E8 1.60065408E9 -6.94313216E8 -6.94313216E8 -6.94313216E8 -1.94313216E8 -1.94313216E8 -1.94313216E8
15 -7.94967296E8 -2.089934592E9 1.910065408E9 5.2516352E8 -1.859738368E9 6.40261632E8 1.845294336E9 -1.44967296E9 1.460392448E9 -1.219476736E9 -1.4444032E7 -1.809411328E9 -1.309411328E9 3.05686784E8 1.0719488E7 2.010719488E9 -7.84247808E8 -7.84247808E8 3.30850304E8 1.330850304E9
16 0.0 0.0 0.0 0.0 0.0 0.0 0.0 0.0 0.0 0.0 0.0 0.0 0.0 0.0 0.0 0.0 0.0 0.0 0.0 0.0
17 -1.794967296E9 7.05032704E8 -2.089934592E9 -5.89934592E8 9.10065408E8 -1.384901888E9 2.115098112E9 1.320130816E9 7.30196224E8 7.30196224E8 9.35228928E8 -1.359738368E9 -6.54705664E8 1.345294336E9 1.05032704E9 1.55032704E9 1.255359744E9 9.60392448E8 1.960392448E9 1.960392448E9
18 0.0 0.0 0.0 5.0E8 5.0E8 5.0E8 5.0E8 5.0E8 5.0E8 1.0E9 1.0E9 1.0E9 1.0E9 1.0E9 1.5E9 1.5E9 1.5E9 1.5E9 1.5E9 1.5E9
19 -1.794967296E9 1.705032704E9 -2.089934592E9 -5.89934592E8 9.10065408E8 1.15098112E8 2.115098112E9 1.02516352E9 7.30196224E8 7.30196224E8 4.35228928E8 1.935228928E9 -1.54705664E8 1.345294336E9 1.05032704E9 -7.44640256E8 1.755359744E9 9.60392448E8 -8.34574848E8 -8.34574848E8
20 -1.794967296E9 -1.794967296E9 -1.794967296E9 -1.794967296E9 -1.794967296E9 -1.794967296E9 -1.794967296E9 -1.794967296E9 7.05032704E8 -2.089934592E9 -2.089934592E9 -1.97483648E9 -4.7483648E8 2.02516352E9 -1.129542144E9 -1.92450944E9 -1.92450944E9 -1.92450944E9 -9.2450944E8 5.7549056E8
21 -7.94967296E8 1.205032704E9 1.705032704E9 -2.089934592E9 -2.089934592E9 6.40261632E8 1.140261632E9 2.140261632E9 1.165425152E9 1.07549056E9 1.07549056E9 2.07549056E9 2.07549056E9 -1.04378624E8 1.0719488E7 5.10719488E8 5.10719488E8 1.010719488E9 1.215752192E9 -1.3741824E9
22 0.0 0.0 0.0 0.0 0.0 0.0 0.0 0.0 0.0 0.0 0.0 0.0 0.0 0.0 5.0E8 5.0E8 1.0E9 1.0E9 1.0E9 1.0E9
23 0.0 2.0E9 4.10065408E8 -4.7483648E8 1.435228928E9 -1.359738368E9 1.140261632E9 2.140261632E9 6.65425152E8 -2.129542144E9 2.80523264E8 7.80523264E8 7.80523264E8 1.10065408E9 -1.489280512E9 1.0719488E7 1.0719488E7 1.510719488E9 -1.464116992E9 1.535883008E9
24 0.0 0.0 5.0E8 1.0E9 1.0E9 1.0E9 1.0E9 1.0E9 1.0E9 1.0E9 1.0E9 1.0E9 1.0E9 1.0E9 1.0E9 1.0E9 1.0E9 1.5E9 1.5E9 1.5E9
25 0.0 0.0 0.0 0.0 5.0E8 5.0E8 5.0E8 5.0E8 5.0E8 1.0E9 1.0E9 1.0E9 1.0E9 1.5E9 1.5E9 2.0E9 2.0E9 2.0E9 2.0E9 2.0E9
26 -2.94967296E8 2.05032704E8 6.15098112E8 5.2516352E8 1.935228928E9 -3.59738368E8 -1.654705664E9 -1.654705664E9 9.60392448E8 -1.719476736E9 -1.219476736E9 -1.219476736E9 4.85555968E8 -6.94313216E8 -1.989280512E9 -1.989280512E9 -1.989280512E9 -1.989280512E9 -1.989280512E9 -1.989280512E9
27 0.0 5.0E8 5.0E8 5.0E8 5.0E8 5.0E8 5.0E8 5.0E8 1.0E9 1.0E9 1.0E9 1.0E9 1.0E9 1.5E9 1.5E9 1.5E9 1.5E9 1.5E9 1.5E9 1.5E9
28 -1.294967296E9 2.05032704E8 1.910065408E9 2.516352E7 4.35228928E8 -8.59738368E8 -8.59738368E8 -8.59738368E8 -7.44640256E8 1.57549056E9 -7.19476736E8 -7.19476736E8 -7.19476736E8 -7.19476736E8 -2.19476736E8 -2.19476736E8 -2.19476736E8 -2.19476736E8 3.95621376E8 -7.9215104E7
29 -1.794967296E9 -1.794967296E9 1.115098112E9 2.516352E7 9.35228928E8 -3.59738368E8 -3.59738368E8 -3.59738368E8 -3.59738368E8 -3.59738368E8 1.640261632E9 1.640261632E9 2.140261632E9 1.90588672E8 -9.89280512E8 -4.89280512E8 -4.89280512E8 -4.89280512E8 1.830850304E9 5.35883008E8
30 2.0E9 2.0E9 2.0E9 -4.7483648E8 -4.7483648E8 2.516352E7 2.02516352E9 1.730196224E9 -3.34574848E8 1.57549056E9 1.280523264E9 -2.014444032E9 -2.014444032E9 3.95621376E8 -4.89280512E8 1.0719488E7 1.0719488E7 1.0719488E7 1.0719488E7 7.15752192E8
31 0.0 0.0 0.0 0.0 5.0E8 5.0E8 5.0E8 5.0E8 5.0E8 5.0E8 5.0E8 5.0E8 5.0E8 5.0E8 5.0E8 5.0E8 5.0E8 1.0E9 1.5E9 2.0E9
32 0.0 0.0 0.0 0.0 0.0 0.0 0.0 5.0E8 5.0E8 5.0E8 5.0E8 5.0E8 1.0E9 1.0E9 1.5E9 1.5E9 1.5E9 1.5E9 2.0E9 2.0E9
33 0.0 0.0 -3.84901888E8 1.02516352E9 -1.769803776E9 -1.269803776E9 -1.269803776E9 2.30196224E8 4.35228928E8 2.07549056E9 1.280523264E9 1.280523264E9 1.780523264E9 1.780523264E9 -2.014444032E9 -2.014444032E9 -1.514444032E9 -1.514444032E9 -1.514444032E9 -1.514444032E9
34 0.0 0.0 0.0 0.0 0.0 0.0 5.0E8 5.0E8 1.5E9 1.5E9 1.5E9 1.5E9 1.5E9 1.5E9 1.5E9 1.5E9 1.5E9 1.5E9 1.5E9 1.5E9
35 0.0 0.0 5.0E8 5.0E8 1.0E9 1.0E9 1.0E9 1.0E9 1.5E9 1.5E9 2.0E9 2.0E9 -1.794967296E9 -1.794967296E9 -1.794967296E9 -1.794967296E9 -1.794967296E9 -1.794967296E9 -1.794967296E9 -1.794967296E9
36 0.0 5.0E8 5.0E8 5.0E8 5.0E8 1.0E9 1.0E9 1.0E9 1.0E9 1.5E9 1.5E9 1.5E9 1.5E9 1.5E9 2.0E9 2.0E9 -1.794967296E9 -1.794967296E9 -1.294967296E9 -1.294967296E9
37 1.5E9 1.5E9 -8.84901888E8 1.02516352E9 1.935228928E9 6.40261632E8 2.140261632E9 1.345294336E9 1.165425152E9 2.07549056E9 1.780523264E9 1.780523264E9 -2.014444032E9 2.10065408E9 -9.89280512E8 2.010719488E9 -7.84247808E8 2.15752192E8 -1.669149696E9 -9.64116992E8
38 -1.794967296E9 -1.294967296E9 -1.294967296E9 -7.94967296E8 1.935228928E9 -3.59738368E8 1.40261632E8 2.140261632E9 -8.34574848E8 -1.92450944E9 2.80523264E8 -1.514444032E9 -5.14444032E8 1.895621376E9 1.305686784E9 1.0719488E7 5.10719488E8 5.10719488E8 1.510719488E9 1.510719488E9
39 0.0 0.0 0.0 5.0E8 5.0E8 5.0E8 5.0E8 1.0E9 1.0E9 1.0E9 1.0E9 1.0E9 1.0E9 1.0E9 1.0E9 1.0E9 1.0E9 1.0E9 1.0E9 1.0E9
40 0.0 0.0 0.0 0.0 0.0 0.0 0.0 0.0 0.0 0.0 0.0 0.0 0.0 0.0 0.0 5.0E8 5.0E8 5.0E8 5.0E8 5.0E8
41 0.0 5.0E8 5.0E8 5.0E8 5.0E8 5.0E8 5.0E8 5.0E8 5.0E8 5.0E8 5.0E8 5.0E8 5.0E8 5.0E8 1.5E9 1.5E9 1.5E9 2.0E9 2.0E9 2.0E9
42 -7.94967296E8 2.05032704E8 -1.384901888E9 -1.47483648E9 -1.769803776E9 -5.64771072E8 -6.4771072E7 1.345294336E9 6.65425152E8 2.07549056E9 1.280523264E9 1.280523264E9 1.280523264E9 -1.194313216E9 -4.89280512E8 1.0719488E7 1.010719488E9 7.15752192E8 8.30850304E8 1.035883008E9
43 5.0E8 5.0E8 5.0E8 1.0E9 1.0E9 1.0E9 1.0E9 1.0E9 1.0E9 1.5E9 1.5E9 1.5E9 1.5E9 1.5E9 1.5E9 -1.794967296E9 -1.794967296E9 -1.794967296E9 -1.294967296E9 -1.294967296E9
44 0.0 0.0 5.0E8 5.0E8 5.0E8 5.0E8 5.0E8 5.0E8 5.0E8 5.0E8 5.0E8 5.0E8 5.0E8 5.0E8 5.0E8 5.0E8 5.0E8 5.0E8 5.0E8 5.0E8
45 -1.794967296E9 -1.294967296E9 -1.294967296E9 -7.94967296E8 -1.859738368E9 1.40261632E8 6.40261632E8 -1.654705664E9 1.165425152E9 -4.2450944E8 -1.514444032E9 9.85555968E8 1.985555968E9 -1.94313216E8 -9.89280512E8 2.010719488E9 -1.784247808E9 -2.84247808E8 1.258176E8 -1.669149696E9
46 0.0 0.0 5.0E8 5.0E8 5.0E8 5.0E8 5.0E8 5.0E8 5.0E8 5.0E8 1.0E9 1.0E9 1.0E9 1.0E9 1.0E9 1.0E9 1.0E9 1.0E9 1.0E9 1.0E9
47 0.0 0.0 0.0 0.0 0.0 0.0 0.0 0.0 0.0 0.0 0.0 0.0 0.0 0.0 0.0 0.0 0.0 0.0 0.0 0.0
48 5.0E8 5.0E8 -1.294967296E9 2.516352E7 4.35228928E8 6.40261632E8 1.640261632E9 1.845294336E9 1.665425152E9 2.07549056E9 -2.014444032E9 -2.014444032E9 4.85555968E8 -1.94313216E8 -9.89280512E8 -1.284247808E9 1.715752192E9 1.715752192E9 -6.69149696E8 3.5883008E7
49 -1.294967296E9 -2.94967296E8 6.15098112E8 1.02516352E9 1.935228928E9 1.40261632E8 1.40261632E8 2.140261632E9 6.65425152E8 2.07549056E9 2.80523264E8 1.780523264E9 1.780523264E9 -1.94313216E8 -4.89280512E8 2.010719488E9 2.010719488E9 2.010719488E9 -1.079215104E9 3.5883008E7
50 0.0 5.0E8 5.0E8 5.0E8 1.0E9 1.0E9 1.5E9 1.5E9 1.5E9 1.5E9 1.5E9 1.5E9 2.0E9 2.0E9 2.0E9 2.0E9 2.0E9 2.0E9 2.0E9 2.0E9
51 -7.94967296E8 1.705032704E9 -3.84901888E8 5.2516352E8 4.35228928E8 -8.59738368E8 6.40261632E8 1.640261632E9 6.65425152E8 1.57549056E9 1.57549056E9 -2.19476736E8 1.780523264E9 -1.194313216E9 -1.989280512E9 -1.784247808E9 -7.84247808E8 2.15752192E8 1.6258176E9 1.6258176E9
52 0.0 0.0 5.0E8 5.0E8 1.0E9 1.0E9 1.0E9 1.0E9 1.0E9 1.5E9 1.5E9 1.5E9 1.5E9 1.5E9 2.0E9 2.0E9 2.0E9 -1.794967296E9 -1.794967296E9 -1.294967296E9
53 5.0E8 5.0E8 5.0E8 5.0E8 1.5E9 1.5E9 1.5E9 1.5E9 1.5E9 1.5E9 1.5E9 -1.794967296E9 -1.794967296E9 -1.794967296E9 -1.294967296E9 -1.294967296E9 -1.294967296E9 -1.294967296E9 -1.294967296E9 -1.294967296E9
54 5.0E8 5.0E8 9.10065408E8 2.516352E7 1.935228928E9 -1.859738368E9 1.640261632E9 1.345294336E9 -3.34574848E8 -1.29542144E8 -1.29542144E8 3.70457856E8 1.370457856E9 -1.194313216E9 3.05686784E8 8.05686784E8 1.010719488E9 1.510719488E9 -1.964116992E9 -4.64116992E8
55 -7.94967296E8 -2.089934592E9 -2.089934592E9 1.02516352E9 4.35228928E8 1.40261632E8 -1.654705664E9 -1.654705664E9 1.65425152E8 1.57549056E9 1.280523264E9 -2.014444032E9 9.85555968E8 2.10065408E9 -1.989280512E9 1.010719488E9 -7.84247808E8 -7.84247808E8 1.920784896E9 -1.169149696E9
56 -7.94967296E8 1.205032704E9 1.15098112E8 1.02516352E9 1.935228928E9 1.40261632E8 1.140261632E9 1.140261632E9 -1.54705664E8 -1.54705664E8 8.45294336E8 8.45294336E8 8.45294336E8 -1.334574848E9 2.07549056E9 6.0065408E8 1.10065408E9 1.10065408E9 -1.8741824E9 -1.8741824E9
57 1.5E9 -2.089934592E9 1.115098112E9 -1.97483648E9 -1.97483648E9 6.40261632E8 1.140261632E9 1.140261632E9 1.665425152E9 2.07549056E9 1.780523264E9 -2.014444032E9 -1.514444032E9 -6.94313216E8 -4.89280512E8 5.10719488E8 1.510719488E9 4.20784896E8 -1.464116992E9 1.035883008E9
58 0.0 0.0 0.0 0.0 0.0 0.0 0.0 0.0 0.0 0.0 5.0E8 5.0E8 5.0E8 5.0E8 5.0E8 5.0E8 1.0E9 1.0E9 1.5E9 1.5E9
59 0.0 0.0 5.0E8 5.0E8 1.0E9 1.0E9 1.0E9 1.0E9 1.0E9 1.0E9 1.0E9 1.0E9 1.5E9 1.5E9 1.5E9 1.5E9 2.0E9 2.0E9 2.0E9 2.0E9
60 -1.294967296E9 -1.294967296E9 -1.384901888E9 2.516352E7 1.935228928E9 -1.359738368E9 3.45294336E8 1.845294336E9 -1.834574848E9 1.57549056E9 -1.719476736E9 -1.014444032E9 1.485555968E9 1.60065408E9 -1.989280512E9 -1.489280512E9 7.15752192E8 7.15752192E8 2.1258176E9 2.1258176E9
61 1.5E9 1.5E9 -2.089934592E9 5.2516352E8 4.35228928E8 1.40261632E8 2.140261632E9 -1.154705664E9 1.755359744E9 -1.719476736E9 -2.19476736E8 -2.19476736E8 -2.19476736E8 -3.09411328E8 -3.09411328E8 -3.09411328E8 -3.09411328E8 -3.09411328E8 -3.09411328E8 -3.09411328E8
62 0.0 0.0 0.0 0.0 0.0 0.0 0.0 0.0 0.0 0.0 0.0 0.0 0.0 0.0 0.0 0.0 0.0 0.0 0.0 5.0E8
63 -2.94967296E8 -2.94967296E8 2.05032704E8 2.05032704E8 1.205032704E9 6.40261632E8 -1.654705664E9 1.345294336E9 1.165425152E9 -1.719476736E9 -2.014444032E9 -1.4444032E7 -1.4444032E7 -1.94313216E8 -4.89280512E8 5.10719488E8 5.10719488E8 5.10719488E8 -1.284247808E9 1.6258176E9
64 0.0 0.0 0.0 0.0 0.0 0.0 0.0 0.0 0.0 0.0 0.0 0.0 0.0 0.0 0.0 0.0 5.0E8 1.0E9 1.0E9 1.5E9
65 0.0 0.0 0.0 0.0 5.0E8 5.0E8 5.0E8 5.0E8 5.0E8 5.0E8 5.0E8 5.0E8 5.0E8 5.0E8 5.0E8 5.0E8 5.0E8 5.0E8 1.0E9 1.0E9
66 -1.294967296E9 1.205032704E9 1.205032704E9 1.205032704E9 4.35228928E8 -3.59738368E8 1.40261632E8 -1.154705664E9 6.65425152E8 2.07549056E9 1.780523264E9 -2.014444032E9 -1.014444032E9 -8.9934592E8 -1.489280512E9 -1.489280512E9 -1.784247808E9 -1.784247808E9 1.330850304E9 -9.64116992E8
67 0.0 5.0E8 5.0E8 5.0E8 5.0E8 5.0E8 5.0E8 5.0E8 1.0E9 1.0E9 1.0E9 1.0E9 1.0E9 1.0E9 1.0E9 1.0E9 1.5E9 1.5E9 2.0E9 2.0E9
68 2.0E9 -1.794967296E9 -1.794967296E9 -1.794967296E9 -1.794967296E9 -1.794967296E9 -1.794967296E9 -1.794967296E9 -1.794967296E9 -7.94967296E8 -7.94967296E8 -7.94967296E8 -7.94967296E8 8.70457856E8 -1.104378624E9 -6.04378624E8 -6.04378624E8 -6.04378624E8 -6.04378624E8 -1.04378624E8
69 -2.94967296E8 -2.94967296E8 -2.94967296E8 -4.7483648E8 9.35228928E8 -3.59738368E8 6.40261632E8 6.40261632E8 -1.039607552E9 1.370457856E9 1.780523264E9 -1.514444032E9 -1.014444032E9 1.60065408E9 8.05686784E8 1.010719488E9 1.010719488E9 1.010719488E9 -8.741824E8 8.30850304E8
70 0.0 0.0 0.0 0.0 0.0 0.0 0.0 0.0 0.0 0.0 5.0E8 1.5E9 1.5E9 1.5E9 1.5E9 1.5E9 1.5E9 1.5E9 2.0E9 2.0E9
71 0.0 0.0 0.0 0.0 0.0 0.0 0.0 0.0 0.0 0.0 0.0 0.0 5.0E8 5.0E8 5.0E8 5.0E8 5.0E8 5.0E8 1.0E9 1.0E9
72 -2.94967296E8 2.05032704E8 7.05032704E8 2.516352E7 9.35228928E8 1.40261632E8 -1.654705664E9 3.45294336E8 -8.34574848E8 1.57549056E9 7.80523264E8 7.80523264E8 -5.14444032E8 1.60065408E9 2.10065408E9 2.10065408E9 -1.194313216E9 -1.94313216E8 7.15752192E8 7.15752192E8
73 -1.294967296E9 1.705032704E9 1.115098112E9 1.02516352E9 -1.859738368E9 6.40261632E8 -1.654705664E9 1.345294336E9 1.165425152E9 -1.219476736E9 -1.014444032E9 4.85555968E8 4.85555968E8 -6.94313216E8 -4.89280512E8 1.010719488E9 1.010719488E9 1.510719488E9 2.010719488E9 -1.964116992E9
74 0.0 0.0 0.0 0.0 0.0 5.0E8 5.0E8 5.0E8 1.0E9 1.0E9 1.0E9 1.0E9 1.0E9 1.0E9 1.0E9 1.0E9 1.0E9 1.5E9 1.5E9 1.5E9
75 -1.794967296E9 -1.294967296E9 -1.384901888E9 2.516352E7 -1.859738368E9 -3.59738368E8 1.40261632E8 3.45294336E8 1.665425152E9 2.07549056E9 1.780523264E9 1.780523264E9 1.780523264E9 -6.94313216E8 8.05686784E8 8.05686784E8 8.05686784E8 8.05686784E8 1.715752192E9 -1.079215104E9
76 -7.94967296E8 -2.94967296E8 -1.384901888E9 1.02516352E9 -1.859738368E9 6.40261632E8 6.40261632E8 1.345294336E9 -2.129542144E9 -1.719476736E9 1.780523264E9 1.780523264E9 1.780523264E9 1.0065408E8 -4.89280512E8 -1.784247808E9 -1.784247808E9 -1.784247808E9 1.715752192E9 1.420784896E9
77 5.0E8 5.0E8 5.0E8 5.0E8 5.0E8 5.0E8 5.0E8 5.0E8 1.0E9 1.0E9 1.0E9 1.0E9 1.0E9 1.0E9 1.0E9 1.0E9 1.0E9 1.0E9 1.0E9 1.0E9
78 0.0 0.0 0.0 0.0 0.0 0.0 0.0 0.0 0.0 0.0 0.0 0.0 0.0 0.0 0.0 0.0 0.0 0.0 0.0 0.0
79 1.0E9 1.0E9 1.0E9 1.5E9 1.5E9 1.5E9 1.5E9 1.5E9 1.5E9 1.5E9 1.5E9 1.5E9 1.5E9 1.5E9 1.5E9 1.5E9 2.0E9 -1.794967296E9 -1.794967296E9 -1.794967296E9
80 -1.294967296E9 1.205032704E9 1.205032704E9 5.2516352E8 1.935228928E9 -8.59738368E8 -3.59738368E8 -1.654705664E9 1.165425152E9 2.07549056E9 1.780523264E9 -2.014444032E9 -1.014444032E9 -2.104378624E9 -1.489280512E9 5.10719488E8 1.010719488E9 1.510719488E9 1.420784896E9 -8.741824E8
81 0.0 0.0 0.0 0.0 0.0 0.0 0.0 0.0 0.0 0.0 0.0 0.0 0.0 0.0 0.0 0.0 0.0 0.0 0.0 0.0
82 -2.94967296E8 1.705032704E9 1.910065408E9 5.2516352E8 2.30196224E8 2.30196224E8 2.30196224E8 1.730196224E9 1.730196224E9 1.65425152E8 1.165425152E9 1.165425152E9 1.165425152E9 1.165425152E9 1.165425152E9 1.165425152E9 1.165425152E9 1.165425152E9 -1.489280512E9 -1.489280512E9
83 0.0 5.0E8 5.0E8 5.0E8 1.0E9 1.5E9 1.5E9 2.0E9 2.0E9 2.0E9 -1.794967296E9 -1.794967296E9 -1.794967296E9 -1.794967296E9 -1.794967296E9 -1.794967296E9 -1.794967296E9 -1.794967296E9 -1.794967296E9 -1.794967296E9
84 0.0 0.0 0.0 0.0 0.0 0.0 0.0 0.0 0.0 0.0 0.0 5.0E8 5.0E8 5.0E8 5.0E8 5.0E8 5.0E8 1.0E9 1.0E9 1.5E9
85 0.0 0.0 0.0 0.0 0.0 0.0 0.0 0.0 0.0 0.0 5.0E8 5.0E8 5.0E8 5.0E8 1.0E9 1.0E9 1.0E9 1.0E9 1.0E9 1.0E9
86 2.0E9 2.0E9 -1.794967296E9 5.2516352E8 1.435228928E9 -8.59738368E8 -3.59738368E8 1.140261632E9 -1.834574848E9 1.07549056E9 2.80523264E8 2.80523264E8 2.80523264E8 7.80523264E8 1.280523264E9 1.280523264E9 1.280523264E9 1.280523264E9 1.280523264E9 1.280523264E9
87 -7.94967296E8 7.05032704E8 6.15098112E8 1.02516352E9 1.935228928E9 1.40261632E8 1.640261632E9 -1.654705664E9 1.665425152E9 2.07549056E9 1.280523264E9 -2.014444032E9 -1.514444032E9 8.95621376E8 8.95621376E8 8.95621376E8 8.95621376E8 8.95621376E8 8.95621376E8 8.95621376E8
88 -2.94967296E8 1.205032704E9 1.410065408E9 1.52516352E9 1.935228928E9 -3.59738368E8 -1.154705664E9 8.45294336E8 1.665425152E9 2.07549056E9 1.780523264E9 -2.014444032E9 -1.014444032E9 -1.194313216E9 -9.89280512E8 5.10719488E8 2.15752192E8 2.15752192E8 1.330850304E9 -1.464116992E9
89 1.0E9 1.0E9 1.0E9 1.0E9 1.0E9 1.0E9 1.0E9 1.0E9 1.0E9 1.0E9 1.0E9 1.5E9 2.0E9 -1.794967296E9 -1.794967296E9 -1.794967296E9 -1.794967296E9 -1.294967296E9 -1.294967296E9 -1.294967296E9
90 -1.794967296E9 1.205032704E9 1.205032704E9 1.02516352E9 1.935228928E9 -3.59738368E8 6.40261632E8 8.45294336E8 1.460392448E9 1.57549056E9 1.280523264E9 -5.14444032E8 -5.14444032E8 1.60065408E9 1.805686784E9 1.510719488E9 1.510719488E9 -7.84247808E8 -1.8741824E9 -1.8741824E9
91 -2.94967296E8 1.205032704E9 1.205032704E9 1.820130816E9 1.52516352E9 -1.564771072E9 -1.564771072E9 -5.64771072E8 1.65425152E8 8.70457856E8 8.70457856E8 1.370457856E9 1.370457856E9 1.370457856E9 1.370457856E9 1.370457856E9 1.370457856E9 1.370457856E9 1.370457856E9 1.370457856E9
92 0.0 0.0 0.0 0.0 0.0 0.0 0.0 0.0 0.0 0.0 0.0 0.0 0.0 5.0E8 5.0E8 5.0E8 5.0E8 5.0E8 5.0E8 5.0E8
93 2.0E9 2.0E9 1.410065408E9 -1.97483648E9 1.02516352E9 1.52516352E9 2.140261632E9 2.140261632E9 -8.34574848E8 1.665425152E9 1.665425152E9 1.665425152E9 -2.129542144E9 -2.129542144E9 -2.129542144E9 -2.129542144E9 -2.129542144E9 -2.129542144E9 -2.129542144E9 -2.129542144E9
94 -2.94967296E8 2.05032704E8 2.05032704E8 1.02516352E9 -1.859738368E9 -3.59738368E8 1.640261632E9 3.45294336E8 6.65425152E8 2.07549056E9 2.07549056E9 2.07549056E9 2.07549056E9 2.07549056E9 2.07549056E9 2.07549056E9 -1.719476736E9 -1.719476736E9 -1.719476736E9 -1.719476736E9
95 0.0 0.0 0.0 0.0 0.0 0.0 0.0 0.0 0.0 0.0 0.0 5.0E8 5.0E8 5.0E8 5.0E8 5.0E8 5.0E8 5.0E8 5.0E8 5.0E8
96 -2.94967296E8 -2.089934592E9 -2.089934592E9 -2.089934592E9 -1.589934592E9 6.15098112E8 1.320130816E9 1.320130816E9 1.320130816E9 1.320130816E9 1.820130816E9 -9.7483648E8 -9.7483648E8 1.230196224E9 1.07549056E9 -1.514444032E9 -1.514444032E9 -1.514444032E9 -1.4444032E7 -1.4444032E7
97 0.0 0.0 5.0E8 5.0E8 5.0E8 5.0E8 5.0E8 5.0E8 5.0E8 5.0E8 5.0E8 5.0E8 1.0E9 2.0E9 2.0E9 -1.794967296E9 -1.794967296E9 -1.794967296E9 -1.794967296E9 -1.794967296E9
