0 3350
1 1983
2 4466
3 3280
4 2959
5 2678
6 763
7 1049
8 1525
9 2865
10 545
11 435
12 4375
13 4079
14 2319
15 4025
16 3453
17 977
18 676
19 1395
20 1351
21 2371
22 2488
23 3024
24 3230
25 3093
26 2437
27 2930
28 1995
29 2815
30 3282
31 4085
32 2388
33 2638
34 2414
35 2739
36 2832
37 3207
38 2585
39 3485
40 2590
41 2130
42 4117
43 3606
44 2966
45 2627
46 3217
47 3967
48 3121
49 3944
50 4117
51 3641
52 4259
53 3049
54 1894
55 3723
56 3354
57 3780
58 2783
59 5384
60 3589
61 2391
62 1496
63 3542
64 2375
65 5047
66 3278
67 1991
68 1388
69 3980
70 3168
71 4675
72 3604
73 4766
74 4496
75 4976
76 5463
77 5268
78 5060
79 3919
80 4184
81 5286
82 1441
83 5447
84 2749
85 4154
86 4109
87 5653
88 5245
89 5118
90 4186
91 2014
92 5284
93 1847
94 4160
95 2371
96 657
97 3952
