0 3348
1 1984
2 4467
3 3279
4 2962
5 2676
6 764
7 1050
8 1524
9 2870
10 545
11 435
12 4370
13 4077
14 2317
15 4022
16 3451
17 976
18 676
19 1394
20 1350
21 2371
22 2488
23 3022
24 3229
25 3092
26 2434
27 2930
28 1996
29 2813
30 3280
31 4084
32 2388
33 2636
34 2412
35 2738
36 2827
37 3205
38 2585
39 3484
40 2591
41 2131
42 4114
43 3605
44 2965
45 2626
46 3221
47 3968
48 3118
49 3943
50 4119
51 3640
52 4259
53 3049
54 1893
55 3722
56 3355
57 3780
58 2783
59 5387
60 3592
61 2391
62 1494
63 3542
64 2375
65 5048
66 3277
67 1993
68 1388
69 3977
70 3168
71 4675
72 3603
73 4764
74 4497
75 4970
76 5464
77 5267
78 5057
79 3918
80 4186
81 5287
82 1441
83 5446
84 2749
85 4152
86 4108
87 5654
88 5245
89 5119
90 4187
91 2013
92 5284
93 1843
94 4160
95 2372
96 657
97 3951
