records: 20
      Record Time
Host  UsedBuffer

  16870.0 33740.0 50610.0 67480.0 84350.0 101220.0 118090.0 134960.0 151830.0 168700.0 185570.0 202440.0 219310.0 236180.0 253050.0 269920.0 286790.0 303660.0 320530.0 337400.0
0 5.0E8 5.0E8 5.0E8 1.5E9 1.5E9 1.5E9 1.5E9 1.5E9 2.0E9 2.0E9 2.0E9 2.0E9 2.0E9 2.0E9 2.0E9 2.0E9 2.0E9 2.0E9 2.0E9 2.0E9
1 0.0 5.0E8 5.0E8 1.0E9 1.0E9 1.5E9 1.5E9 1.5E9 1.5E9 1.5E9 2.0E9 2.0E9 2.0E9 2.0E9 2.0E9 2.0E9 2.0E9 2.0E9 2.0E9 2.0E9
2 0.0 0.0 0.0 0.0 0.0 1.0E9 1.0E9 1.5E9 1.5E9 1.5E9 1.5E9 2.0E9 2.0E9 2.0E9 2.0E9 -1.794967296E9 -1.294967296E9 -1.294967296E9 -1.294967296E9 -1.294967296E9
3 0.0 0.0 0.0 0.0 0.0 0.0 5.0E8 5.0E8 5.0E8 5.0E8 5.0E8 5.0E8 5.0E8 5.0E8 5.0E8 1.0E9 1.0E9 1.0E9 1.0E9 1.0E9
4 1.0E9 1.5E9 1.5E9 -8.9934592E7 1.410065408E9 1.820130816E9 -1.47483648E9 -4.7483648E8 -1.859738368E9 1.255359744E9 1.65425152E8 6.65425152E8 6.65425152E8 2.80523264E8 8.95621376E8 1.395621376E9 1.895621376E9 -8.9934592E8 -1.284247808E9 1.6258176E9
5 0.0 0.0 0.0 2.0E9 -3.84901888E8 3.20130816E8 1.820130816E9 1.820130816E9 -1.47483648E9 3.45294336E8 1.845294336E9 -9.4967296E8 -9.4967296E8 -1.744640256E9 1.60065408E9 -1.694313216E9 -1.694313216E9 -6.94313216E8 1.0719488E7 1.715752192E9
6 0.0 0.0 0.0 1.5E9 1.205032704E9 1.205032704E9 1.205032704E9 -1.589934592E9 2.02516352E9 -1.359738368E9 -3.59738368E8 1.40261632E8 1.140261632E9 -1.44967296E9 5.5032704E8 1.05032704E9 -1.244640256E9 -1.244640256E9 1.960392448E9 1.960392448E9
7 0.0 0.0 5.0E8 5.0E8 5.0E8 5.0E8 5.0E8 5.0E8 5.0E8 5.0E8 5.0E8 5.0E8 5.0E8 5.0E8 5.0E8 5.0E8 1.0E9 1.0E9 1.0E9 1.5E9
8 0.0 0.0 0.0 0.0 0.0 0.0 0.0 0.0 0.0 0.0 0.0 0.0 0.0 0.0 0.0 0.0 0.0 5.0E8 5.0E8 5.0E8
9 0.0 5.0E8 5.0E8 5.0E8 5.0E8 5.0E8 1.0E9 1.0E9 1.0E9 1.0E9 1.0E9 1.0E9 1.0E9 1.5E9 1.5E9 2.0E9 2.0E9 2.0E9 2.0E9 -1.794967296E9
10 0.0 0.0 0.0 0.0 0.0 0.0 0.0 0.0 5.0E8 1.0E9 1.5E9 1.5E9 1.5E9 1.5E9 1.5E9 1.5E9 1.5E9 1.5E9 1.5E9 2.0E9
11 0.0 0.0 0.0 0.0 0.0 1.5E9 1.5E9 1.5E9 1.5E9 1.5E9 1.5E9 1.5E9 1.5E9 1.5E9 1.5E9 1.5E9 1.5E9 1.5E9 1.5E9 1.5E9
12 0.0 0.0 0.0 0.0 0.0 0.0 0.0 0.0 0.0 0.0 0.0 0.0 0.0 0.0 0.0 0.0 5.0E8 5.0E8 5.0E8 1.0E9
13 5.0E8 1.0E9 1.5E9 1.320130816E9 7.30196224E8 1.730196224E9 1.730196224E9 -5.64771072E8 6.40261632E8 1.65425152E8 1.665425152E9 -2.129542144E9 -2.129542144E9 -8.09411328E8 -8.09411328E8 -8.09411328E8 -8.09411328E8 -3.09411328E8 -3.09411328E8 -3.09411328E8
14 0.0 0.0 0.0 0.0 5.0E8 5.0E8 5.0E8 5.0E8 1.0E9 1.0E9 1.0E9 1.0E9 1.0E9 1.0E9 1.5E9 1.5E9 1.5E9 2.0E9 2.0E9 2.0E9
15 0.0 0.0 0.0 0.0 0.0 0.0 0.0 0.0 0.0 0.0 0.0 0.0 0.0 0.0 0.0 0.0 0.0 0.0 0.0 0.0
16 0.0 0.0 0.0 0.0 0.0 0.0 0.0 0.0 0.0 0.0 0.0 0.0 0.0 0.0 0.0 0.0 0.0 0.0 0.0 0.0
17 5.0E8 5.0E8 5.0E8 1.0E9 1.0E9 1.0E9 1.0E9 1.0E9 1.0E9 1.0E9 1.0E9 1.5E9 1.5E9 1.5E9 1.5E9 1.5E9 1.5E9 1.5E9 2.0E9 2.0E9
18 0.0 0.0 0.0 5.0E8 5.0E8 5.0E8 5.0E8 5.0E8 5.0E8 1.0E9 1.0E9 1.0E9 1.0E9 1.0E9 1.5E9 1.5E9 1.5E9 1.5E9 1.5E9 1.5E9
19 0.0 0.0 0.0 0.0 0.0 0.0 5.0E8 1.5E9 1.5E9 1.5E9 1.5E9 1.5E9 1.5E9 1.5E9 1.5E9 1.5E9 1.5E9 1.5E9 1.5E9 1.5E9
20 2.0E9 2.0E9 2.0E9 2.0E9 2.0E9 2.0E9 2.0E9 2.0E9 -2.94967296E8 2.05032704E8 2.05032704E8 -2.089934592E9 -2.089934592E9 -5.89934592E8 -4.2450944E8 -4.2450944E8 -4.2450944E8 -4.2450944E8 5.7549056E8 1.07549056E9
21 0.0 0.0 0.0 0.0 0.0 0.0 0.0 1.0E9 1.0E9 1.0E9 1.0E9 1.0E9 1.0E9 1.0E9 1.0E9 1.0E9 1.0E9 1.0E9 1.0E9 1.0E9
22 2.0E9 -1.294967296E9 1.910065408E9 1.320130816E9 2.516352E7 2.516352E7 2.516352E7 1.02516352E9 -1.359738368E9 1.05032704E9 1.05032704E9 1.05032704E9 1.05032704E9 1.05032704E9 1.55032704E9 1.55032704E9 2.05032704E9 2.05032704E9 2.05032704E9 2.05032704E9
23 0.0 1.0E9 1.5E9 1.5E9 1.5E9 1.5E9 1.5E9 1.5E9 1.5E9 1.5E9 1.5E9 2.0E9 2.0E9 2.0E9 2.0E9 2.0E9 2.0E9 2.0E9 2.0E9 2.0E9
24 0.0 0.0 5.0E8 1.0E9 1.0E9 1.0E9 1.0E9 1.0E9 1.0E9 1.0E9 1.0E9 1.0E9 1.0E9 1.0E9 1.0E9 1.0E9 1.0E9 1.5E9 1.5E9 1.5E9
25 0.0 0.0 0.0 0.0 5.0E8 5.0E8 5.0E8 5.0E8 5.0E8 1.0E9 1.0E9 1.0E9 1.0E9 1.5E9 1.5E9 2.0E9 2.0E9 2.0E9 2.0E9 2.0E9
26 0.0 0.0 0.0 1.0E9 1.5E9 2.0E9 2.0E9 2.0E9 2.0E9 2.0E9 2.0E9 2.0E9 2.0E9 2.0E9 2.0E9 2.0E9 2.0E9 2.0E9 2.0E9 2.0E9
27 0.0 5.0E8 5.0E8 5.0E8 5.0E8 5.0E8 5.0E8 5.0E8 1.0E9 1.0E9 1.0E9 1.0E9 1.0E9 1.5E9 1.5E9 1.5E9 1.5E9 1.5E9 1.5E9 1.5E9
28 0.0 0.0 0.0 0.0 0.0 0.0 0.0 0.0 5.0E8 5.0E8 5.0E8 5.0E8 5.0E8 5.0E8 1.0E9 1.0E9 1.0E9 1.0E9 1.5E9 1.5E9
29 0.0 0.0 0.0 0.0 0.0 0.0 0.0 0.0 0.0 0.0 0.0 0.0 0.0 0.0 0.0 0.0 0.0 0.0 5.0E8 1.0E9
30 0.0 0.0 0.0 0.0 0.0 0.0 5.0E8 1.0E9 2.0E9 2.0E9 2.0E9 2.0E9 2.0E9 2.0E9 2.0E9 -1.794967296E9 -1.794967296E9 -1.794967296E9 -1.794967296E9 -1.794967296E9
31 2.0E9 -1.794967296E9 1.410065408E9 8.20130816E8 -1.769803776E9 -1.769803776E9 -1.269803776E9 -7.69803776E8 5.5032704E8 -2.129542144E9 8.70457856E8 1.370457856E9 1.370457856E9 -1.719476736E9 1.395621376E9 1.395621376E9 1.395621376E9 1.895621376E9 -1.94313216E8 1.920784896E9
32 0.0 0.0 0.0 0.0 0.0 0.0 0.0 5.0E8 5.0E8 5.0E8 5.0E8 5.0E8 1.0E9 1.0E9 1.5E9 1.5E9 1.5E9 1.5E9 2.0E9 2.0E9
33 0.0 0.0 0.0 0.0 0.0 0.0 0.0 5.0E8 5.0E8 5.0E8 5.0E8 5.0E8 1.0E9 1.0E9 1.0E9 1.0E9 1.0E9 1.0E9 1.0E9 1.0E9
34 0.0 0.0 0.0 0.0 0.0 0.0 5.0E8 5.0E8 1.5E9 1.5E9 1.5E9 1.5E9 1.5E9 1.5E9 1.5E9 1.5E9 1.5E9 1.5E9 1.5E9 1.5E9
35 0.0 0.0 5.0E8 5.0E8 1.0E9 1.0E9 1.0E9 1.0E9 1.5E9 1.5E9 2.0E9 2.0E9 -1.794967296E9 -1.794967296E9 -1.794967296E9 -1.794967296E9 -1.794967296E9 -1.794967296E9 -1.794967296E9 -1.794967296E9
36 0.0 5.0E8 5.0E8 5.0E8 5.0E8 1.0E9 1.0E9 1.0E9 1.0E9 1.5E9 1.5E9 1.5E9 1.5E9 1.5E9 2.0E9 2.0E9 -1.794967296E9 -1.794967296E9 -1.294967296E9 -1.294967296E9
37 5.0E8 5.0E8 1.410065408E9 1.320130816E9 -7.69803776E8 -1.564771072E9 -1.064771072E9 -5.64771072E8 -2.44640256E8 1.665425152E9 -4.2450944E8 -4.2450944E8 2.07549056E9 2.80523264E8 3.95621376E8 1.895621376E9 1.895621376E9 -1.39934592E9 2.010719488E9 4.20784896E8
38 0.0 0.0 0.0 5.0E8 5.0E8 5.0E8 5.0E8 5.0E8 5.0E8 5.0E8 5.0E8 5.0E8 1.0E9 1.0E9 1.0E9 1.0E9 1.5E9 1.5E9 1.5E9 1.5E9
39 5.0E8 5.0E8 -1.884901888E9 8.20130816E8 -2.69803776E8 -2.064771072E9 -2.064771072E9 4.35228928E8 1.55032704E9 1.165425152E9 -1.42450944E9 -1.42450944E9 -1.42450944E9 -9.2450944E8 -1.04378624E8 3.95621376E8 3.95621376E8 3.95621376E8 2.15752192E8 4.20784896E8
40 0.0 0.0 0.0 0.0 0.0 0.0 0.0 0.0 0.0 0.0 0.0 0.0 0.0 0.0 0.0 5.0E8 5.0E8 5.0E8 5.0E8 5.0E8
41 2.0E9 -1.294967296E9 1.410065408E9 1.410065408E9 1.410065408E9 1.410065408E9 1.410065408E9 -1.884901888E9 1.730196224E9 1.165425152E9 1.665425152E9 1.665425152E9 -2.129542144E9 1.190588672E9 -1.104378624E9 -1.104378624E9 -1.104378624E9 3.95621376E8 -2.84247808E8 -1.669149696E9
42 0.0 0.0 0.0 0.0 0.0 0.0 0.0 0.0 0.0 0.0 5.0E8 5.0E8 5.0E8 5.0E8 5.0E8 5.0E8 1.5E9 1.5E9 1.5E9 1.5E9
43 5.0E8 5.0E8 5.0E8 1.0E9 1.0E9 1.0E9 1.0E9 1.0E9 1.0E9 1.5E9 1.5E9 1.5E9 1.5E9 1.5E9 1.5E9 -1.794967296E9 -1.794967296E9 -1.794967296E9 -1.294967296E9 -1.294967296E9
44 0.0 0.0 5.0E8 5.0E8 5.0E8 5.0E8 5.0E8 5.0E8 5.0E8 5.0E8 5.0E8 5.0E8 5.0E8 5.0E8 5.0E8 5.0E8 5.0E8 5.0E8 5.0E8 5.0E8
45 0.0 5.0E8 5.0E8 5.0E8 5.0E8 5.0E8 5.0E8 5.0E8 5.0E8 1.0E9 1.5E9 1.5E9 2.0E9 -1.794967296E9 -1.794967296E9 -1.794967296E9 -1.794967296E9 -1.794967296E9 -1.794967296E9 -1.794967296E9
46 2.0E9 2.0E9 -1.794967296E9 1.410065408E9 2.30196224E8 1.730196224E9 1.730196224E9 -2.064771072E9 3.45294336E8 -5.39607552E8 6.65425152E8 6.65425152E8 6.65425152E8 -1.629542144E9 1.90588672E8 6.90588672E8 6.90588672E8 6.90588672E8 -1.284247808E9 -1.579215104E9
47 0.0 0.0 0.0 0.0 0.0 0.0 0.0 0.0 0.0 0.0 0.0 0.0 0.0 0.0 0.0 0.0 0.0 0.0 0.0 0.0
48 0.0 0.0 0.0 0.0 5.0E8 5.0E8 5.0E8 5.0E8 5.0E8 5.0E8 5.0E8 5.0E8 5.0E8 1.0E9 1.0E9 1.0E9 1.0E9 1.0E9 1.0E9 1.0E9
49 0.0 0.0 -8.9934592E7 -1.97483648E9 2.30196224E8 1.730196224E9 1.730196224E9 -6.4771072E7 5.5032704E8 -1.629542144E9 -1.629542144E9 -1.129542144E9 -1.129542144E9 1.90588672E8 1.10065408E9 2.10065408E9 2.10065408E9 2.10065408E9 1.305686784E9 7.15752192E8
50 0.0 5.0E8 5.0E8 5.0E8 1.0E9 1.0E9 1.5E9 1.5E9 1.5E9 1.5E9 1.5E9 1.5E9 2.0E9 2.0E9 2.0E9 2.0E9 2.0E9 2.0E9 2.0E9 2.0E9
51 0.0 0.0 0.0 0.0 5.0E8 5.0E8 1.0E9 1.0E9 1.0E9 1.0E9 1.0E9 1.0E9 1.5E9 1.5E9 1.5E9 2.0E9 2.0E9 2.0E9 2.0E9 2.0E9
52 0.0 0.0 5.0E8 5.0E8 1.0E9 1.0E9 1.0E9 1.0E9 1.0E9 1.5E9 1.5E9 1.5E9 1.5E9 1.5E9 2.0E9 2.0E9 2.0E9 -1.794967296E9 -1.794967296E9 -1.294967296E9
53 1.0E9 1.5E9 2.0E9 2.0E9 -1.294967296E9 -1.294967296E9 2.05032704E8 -1.79869184E8 1.05032704E9 1.665425152E9 7.549056E7 1.07549056E9 1.07549056E9 6.90588672E8 1.60065408E9 1.60065408E9 1.60065408E9 1.60065408E9 2.010719488E9 -3.741824E8
54 0.0 0.0 0.0 0.0 0.0 0.0 0.0 0.0 0.0 0.0 0.0 5.0E8 5.0E8 5.0E8 5.0E8 1.0E9 1.0E9 1.0E9 1.0E9 1.5E9
55 0.0 0.0 0.0 0.0 0.0 0.0 0.0 0.0 0.0 0.0 0.0 0.0 0.0 0.0 0.0 5.0E8 5.0E8 5.0E8 1.0E9 1.0E9
56 0.0 0.0 0.0 0.0 0.0 0.0 5.0E8 5.0E8 5.0E8 5.0E8 5.0E8 5.0E8 5.0E8 5.0E8 5.0E8 5.0E8 5.0E8 5.0E8 5.0E8 5.0E8
57 0.0 0.0 0.0 0.0 0.0 0.0 0.0 0.0 0.0 0.0 0.0 0.0 0.0 0.0 0.0 0.0 0.0 0.0 0.0 0.0
58 0.0 0.0 0.0 0.0 0.0 0.0 0.0 0.0 0.0 0.0 5.0E8 5.0E8 5.0E8 5.0E8 5.0E8 5.0E8 1.0E9 1.0E9 1.5E9 1.5E9
59 2.0E9 -1.794967296E9 1.410065408E9 1.320130816E9 7.30196224E8 -2.064771072E9 -1.564771072E9 -1.859738368E9 1.55032704E9 1.665425152E9 7.549056E7 7.549056E7 5.7549056E8 1.190588672E9 -1.89934592E9 1.10065408E9 1.60065408E9 1.60065408E9 1.510719488E9 -1.3741824E9
60 0.0 0.0 0.0 5.0E8 5.0E8 1.0E9 1.0E9 1.0E9 1.0E9 1.0E9 1.0E9 1.0E9 1.0E9 1.5E9 1.5E9 1.5E9 1.5E9 1.5E9 1.5E9 1.5E9
61 5.0E8 5.0E8 5.0E8 5.0E8 5.0E8 5.0E8 5.0E8 5.0E8 5.0E8 5.0E8 5.0E8 5.0E8 5.0E8 5.0E8 5.0E8 5.0E8 5.0E8 5.0E8 5.0E8 5.0E8
62 -1.794967296E9 -1.794967296E9 -5.89934592E8 1.320130816E9 2.516352E7 2.516352E7 5.2516352E8 -1.564771072E9 -7.44640256E8 1.165425152E9 -1.129542144E9 -4.2450944E8 1.57549056E9 -2.19476736E8 3.95621376E8 3.95621376E8 3.95621376E8 3.95621376E8 1.510719488E9 -1.079215104E9
63 0.0 0.0 0.0 0.0 0.0 0.0 0.0 0.0 0.0 0.0 0.0 0.0 0.0 0.0 0.0 0.0 0.0 0.0 0.0 5.0E8
64 0.0 0.0 0.0 0.0 0.0 0.0 0.0 0.0 0.0 0.0 0.0 0.0 0.0 0.0 0.0 0.0 5.0E8 1.0E9 1.0E9 1.5E9
65 0.0 0.0 0.0 0.0 5.0E8 5.0E8 5.0E8 5.0E8 5.0E8 5.0E8 5.0E8 5.0E8 5.0E8 5.0E8 5.0E8 5.0E8 5.0E8 5.0E8 1.0E9 1.0E9
66 1.5E9 2.0E9 2.0E9 2.0E9 -1.679869184E9 -1.269803776E9 -7.69803776E8 9.35228928E8 1.55032704E9 2.55359744E8 7.549056E7 5.7549056E8 1.57549056E9 1.985555968E9 -1.104378624E9 1.0065408E8 6.0065408E8 6.0065408E8 5.10719488E8 1.920784896E9
67 1.5E9 2.0E9 2.0E9 2.0E9 1.15098112E8 1.15098112E8 1.15098112E8 2.115098112E9 -1.679869184E9 4.60392448E8 1.665425152E9 1.665425152E9 -6.29542144E8 6.90588672E8 3.95621376E8 3.95621376E8 8.95621376E8 8.95621376E8 1.395621376E9 1.395621376E9
68 1.5E9 2.0E9 2.0E9 2.0E9 -2.089934592E9 -3.84901888E8 -3.84901888E8 -3.84901888E8 -3.84901888E8 -1.179869184E9 6.65425152E8 1.165425152E9 -1.129542144E9 -3.09411328E8 3.95621376E8 8.95621376E8 8.95621376E8 8.95621376E8 8.95621376E8 1.395621376E9
69 0.0 0.0 0.0 0.0 0.0 0.0 5.0E8 5.0E8 5.0E8 5.0E8 5.0E8 5.0E8 5.0E8 5.0E8 1.0E9 1.0E9 1.0E9 1.0E9 1.0E9 1.0E9
70 0.0 0.0 0.0 0.0 0.0 0.0 0.0 0.0 0.0 0.0 5.0E8 1.5E9 1.5E9 1.5E9 1.5E9 1.5E9 1.5E9 1.5E9 2.0E9 2.0E9
71 0.0 0.0 0.0 0.0 0.0 0.0 0.0 0.0 0.0 0.0 0.0 0.0 5.0E8 5.0E8 5.0E8 5.0E8 5.0E8 5.0E8 1.0E9 1.0E9
72 0.0 0.0 0.0 0.0 0.0 0.0 0.0 1.0E9 1.0E9 2.0E9 2.0E9 2.0E9 2.0E9 2.0E9 2.0E9 2.0E9 2.0E9 2.0E9 2.0E9 2.0E9
73 5.0E8 5.0E8 4.10065408E8 1.320130816E9 7.30196224E8 -2.064771072E9 -1.064771072E9 4.35228928E8 -1.244640256E9 6.65425152E8 7.549056E7 5.7549056E8 5.7549056E8 -1.604378624E9 8.95621376E8 1.395621376E9 1.395621376E9 1.895621376E9 -8.9934592E8 8.05686784E8
74 0.0 0.0 0.0 0.0 0.0 5.0E8 5.0E8 5.0E8 1.0E9 1.0E9 1.0E9 1.0E9 1.0E9 1.0E9 1.0E9 1.0E9 1.0E9 1.5E9 1.5E9 1.5E9
75 0.0 5.0E8 1.0E9 1.0E9 1.0E9 1.0E9 1.0E9 1.0E9 1.0E9 1.0E9 1.0E9 1.0E9 1.0E9 1.5E9 1.5E9 1.5E9 1.5E9 1.5E9 1.5E9 1.5E9
76 0.0 0.0 0.0 0.0 0.0 0.0 0.0 0.0 0.0 0.0 0.0 0.0 0.0 0.0 0.0 0.0 0.0 0.0 0.0 0.0
77 5.0E8 5.0E8 5.0E8 5.0E8 5.0E8 5.0E8 5.0E8 5.0E8 1.0E9 1.0E9 1.0E9 1.0E9 1.0E9 1.0E9 1.0E9 1.0E9 1.0E9 1.0E9 1.0E9 1.0E9
78 0.0 0.0 0.0 0.0 0.0 0.0 0.0 0.0 0.0 0.0 0.0 0.0 0.0 0.0 0.0 0.0 0.0 0.0 0.0 0.0
79 1.0E9 1.0E9 1.0E9 1.5E9 1.5E9 1.5E9 1.5E9 1.5E9 1.5E9 1.5E9 1.5E9 1.5E9 1.5E9 1.5E9 1.5E9 1.5E9 2.0E9 -1.794967296E9 -1.794967296E9 -1.794967296E9
80 0.0 0.0 0.0 0.0 0.0 0.0 0.0 0.0 0.0 0.0 0.0 0.0 5.0E8 5.0E8 5.0E8 5.0E8 5.0E8 5.0E8 5.0E8 5.0E8
81 0.0 0.0 0.0 0.0 0.0 0.0 0.0 0.0 0.0 0.0 0.0 0.0 0.0 0.0 0.0 0.0 0.0 0.0 0.0 0.0
82 0.0 5.0E8 5.0E8 5.0E8 5.0E8 5.0E8 5.0E8 1.0E9 1.0E9 1.0E9 1.5E9 1.5E9 1.5E9 1.5E9 1.5E9 1.5E9 1.5E9 1.5E9 1.5E9 1.5E9
83 0.0 5.0E8 5.0E8 5.0E8 1.0E9 1.5E9 1.5E9 2.0E9 2.0E9 2.0E9 -1.794967296E9 -1.794967296E9 -1.794967296E9 -1.794967296E9 -1.794967296E9 -1.794967296E9 -1.794967296E9 -1.794967296E9 -1.794967296E9 -1.794967296E9
84 0.0 0.0 0.0 0.0 0.0 0.0 0.0 0.0 0.0 0.0 0.0 5.0E8 5.0E8 5.0E8 5.0E8 5.0E8 5.0E8 1.0E9 1.0E9 1.5E9
85 0.0 0.0 0.0 0.0 0.0 0.0 0.0 0.0 0.0 0.0 5.0E8 5.0E8 5.0E8 5.0E8 1.0E9 1.0E9 1.0E9 1.0E9 1.0E9 1.0E9
86 0.0 0.0 5.0E8 5.0E8 5.0E8 5.0E8 1.0E9 1.0E9 1.0E9 1.0E9 1.0E9 1.0E9 1.0E9 1.5E9 2.0E9 2.0E9 2.0E9 2.0E9 2.0E9 2.0E9
87 0.0 0.0 0.0 0.0 0.0 0.0 0.0 5.0E8 5.0E8 5.0E8 5.0E8 5.0E8 5.0E8 5.0E8 5.0E8 5.0E8 5.0E8 5.0E8 5.0E8 5.0E8
88 0.0 0.0 0.0 0.0 0.0 0.0 0.0 0.0 0.0 0.0 0.0 0.0 0.0 0.0 0.0 0.0 0.0 0.0 0.0 0.0
89 1.0E9 1.0E9 1.0E9 1.0E9 1.0E9 1.0E9 1.0E9 1.0E9 1.0E9 1.0E9 1.0E9 1.5E9 2.0E9 -1.794967296E9 -1.794967296E9 -1.794967296E9 -1.794967296E9 -1.294967296E9 -1.294967296E9 -1.294967296E9
90 0.0 0.0 0.0 0.0 0.0 0.0 0.0 0.0 0.0 5.0E8 5.0E8 5.0E8 5.0E8 5.0E8 5.0E8 5.0E8 5.0E8 5.0E8 5.0E8 5.0E8
91 5.0E8 5.0E8 5.0E8 5.0E8 5.0E8 1.0E9 1.0E9 1.0E9 1.0E9 1.5E9 1.5E9 2.0E9 2.0E9 2.0E9 2.0E9 2.0E9 2.0E9 2.0E9 2.0E9 2.0E9
92 0.0 0.0 0.0 0.0 0.0 0.0 0.0 0.0 0.0 0.0 0.0 0.0 0.0 5.0E8 5.0E8 5.0E8 5.0E8 5.0E8 5.0E8 5.0E8
93 5.0E8 5.0E8 1.0E9 1.0E9 1.0E9 1.5E9 1.5E9 1.5E9 1.5E9 1.5E9 1.5E9 1.5E9 2.0E9 2.0E9 2.0E9 2.0E9 2.0E9 2.0E9 2.0E9 2.0E9
94 2.0E9 2.0E9 2.0E9 -1.97483648E9 7.30196224E8 -2.064771072E9 -1.564771072E9 -1.859738368E9 -1.744640256E9 -1.129542144E9 -1.129542144E9 -1.129542144E9 -1.129542144E9 -1.129542144E9 -1.129542144E9 -1.129542144E9 -6.29542144E8 -6.29542144E8 -6.29542144E8 -6.29542144E8
95 0.0 0.0 0.0 0.0 0.0 0.0 0.0 0.0 0.0 0.0 0.0 5.0E8 5.0E8 5.0E8 5.0E8 5.0E8 5.0E8 5.0E8 5.0E8 5.0E8
96 5.0E8 5.0E8 5.0E8 5.0E8 5.0E8 5.0E8 1.0E9 1.0E9 1.0E9 1.0E9 1.0E9 1.0E9 1.0E9 1.0E9 1.0E9 1.0E9 1.0E9 1.0E9 1.0E9 1.0E9
97 0.0 0.0 5.0E8 5.0E8 5.0E8 5.0E8 5.0E8 5.0E8 5.0E8 5.0E8 5.0E8 5.0E8 1.0E9 2.0E9 2.0E9 -1.794967296E9 -1.794967296E9 -1.794967296E9 -1.794967296E9 -1.794967296E9
