records: 20
      Record Time
Host  UsedBuffer

  49376.0 98752.0 148128.0 197504.0 246880.0 296256.0 345632.0 395008.0 444384.0 493760.0 543136.0 592512.0 641888.0 691264.0 740640.0 790016.0 839392.0 888768.0 938144.0 987520.0
0 0.0 4000000.0 4000000.0 5000000.0 7000000.0 7000000.0 9000000.0 1.0E7 1.1E7 1.1E7 1.1E7 1.1E7 1.2E7 1.4E7 1.6E7 1.6E7 1.6E7 1.6E7 1.7E7 1.8E7
1 0.0 0.0 1000000.0 1000000.0 1000000.0 1000000.0 2000000.0 3000000.0 4000000.0 4000000.0 4000000.0 5000000.0 6000000.0 7000000.0 7000000.0 7000000.0 9000000.0 9000000.0 1.3E7 1.4E7
2 1000000.0 2000000.0 3000000.0 4000000.0 5000000.0 6000000.0 7000000.0 8000000.0 1.0E7 1.0E7 1.1E7 1.4E7 1.5E7 1.5E7 1.6E7 1.6E7 1.9E7 1.9E7 1.9E7 2.2E7
3 0.0 0.0 1000000.0 2000000.0 2000000.0 2000000.0 2000000.0 2000000.0 2000000.0 3000000.0 3000000.0 5000000.0 6000000.0 7000000.0 8000000.0 9000000.0 1.0E7 1.0E7 1.0E7 1.0E7
4 0.0 0.0 1000000.0 2000000.0 3000000.0 7000000.0 7000000.0 8000000.0 8000000.0 8000000.0 1.0E7 1.1E7 1.4E7 1.5E7 1.7E7 1.8E7 1.8E7 1.8E7 2.0E7 2.2E7
5 1000000.0 3000000.0 4000000.0 5000000.0 6000000.0 7000000.0 7000000.0 7000000.0 8000000.0 8000000.0 8000000.0 8000000.0 1.0E7 1.2E7 1.3E7 1.3E7 1.4E7 1.7E7 1.7E7 1.8E7
6 8000000.0 1.0E7 3.4E7 3.6E7 3.8E7 1.31E8 1.53E8 1.74E8 2.17E8 2.2E8 2.77E8 2.79E8 3.34E8 3.34E8 3.34E8 3.36E8 3.41E8 4.5E8 4.5E8 4.5E8
7 2000000.0 4000000.0 7000000.0 7000000.0 1.5E7 1.18E8 1.2E8 1.76E8 1.76E8 1.79E8 2.83E8 2.83E8 2.98E8 2.99E8 2.99E8 3.0E8 3.01E8 4.53E8 4.55E8 4.57E8
8 0.0 1000000.0 2000000.0 2000000.0 2000000.0 3000000.0 4000000.0 6000000.0 6000000.0 7000000.0 7000000.0 8000000.0 9000000.0 9000000.0 9000000.0 1.0E7 1.3E7 1.4E7 1.4E7 1.5E7
9 0.0 1000000.0 1000000.0 2000000.0 2000000.0 3000000.0 3000000.0 3000000.0 4000000.0 4000000.0 5000000.0 5000000.0 7000000.0 7000000.0 7000000.0 7000000.0 7000000.0 8000000.0 8000000.0 9000000.0
10 0.0 1000000.0 1000000.0 1000000.0 1000000.0 2000000.0 3000000.0 3000000.0 5000000.0 5000000.0 5000000.0 5000000.0 6000000.0 7000000.0 8000000.0 8000000.0 8000000.0 9000000.0 1.0E7 1.1E7
11 0.0 2000000.0 2000000.0 2000000.0 2000000.0 2000000.0 3000000.0 6000000.0 9000000.0 1.2E7 1.3E7 1.5E7 1.5E7 1.5E7 1.6E7 1.7E7 1.8E7 1.8E7 1.8E7 1.8E7
12 0.0 1000000.0 1000000.0 1000000.0 1000000.0 1000000.0 2000000.0 3000000.0 4000000.0 4000000.0 4000000.0 6000000.0 8000000.0 9000000.0 9000000.0 1.2E7 1.3E7 1.3E7 1.4E7 1.5E7
13 1000000.0 1000000.0 2000000.0 3000000.0 3000000.0 3000000.0 3000000.0 4000000.0 4000000.0 4000000.0 4000000.0 4000000.0 4000000.0 4000000.0 4000000.0 5000000.0 6000000.0 7000000.0 1.2E7 1.4E7
14 1000000.0 2000000.0 2000000.0 3000000.0 4000000.0 4000000.0 5000000.0 6000000.0 6000000.0 8000000.0 9000000.0 9000000.0 1.0E7 1.1E7 1.2E7 1.4E7 1.4E7 1.6E7 1.6E7 1.7E7
15 5000000.0 5000000.0 7000000.0 8000000.0 1.8E7 1.12E8 1.49E8 1.75E8 2.11E8 2.12E8 2.75E8 2.76E8 3.31E8 3.31E8 3.31E8 3.31E8 3.31E8 4.39E8 4.39E8 4.39E8
16 1000000.0 1000000.0 1000000.0 1000000.0 1000000.0 1000000.0 3000000.0 5000000.0 6000000.0 6000000.0 7000000.0 8000000.0 1.0E7 1.1E7 1.4E7 1.6E7 1.8E7 2.0E7 2.3E7 2.4E7
17 3000000.0 1.5E7 3.7E7 3.8E7 4.2E7 1.32E8 1.46E8 1.48E8 2.16E8 2.16E8 2.77E8 2.77E8 3.47E8 3.49E8 3.63E8 3.65E8 3.72E8 4.51E8 4.59E8 5.03E8
18 0.0 1000000.0 1000000.0 2000000.0 3000000.0 5000000.0 5000000.0 5000000.0 5000000.0 8000000.0 8000000.0 8000000.0 8000000.0 8000000.0 9000000.0 1.0E7 1.1E7 1.3E7 1.3E7 1.3E7
19 3000000.0 3000000.0 3.7E7 3.9E7 4.6E7 1.3E8 1.43E8 1.7E8 2.11E8 2.13E8 2.75E8 2.77E8 3.41E8 3.41E8 3.56E8 3.57E8 3.62E8 4.42E8 4.48E8 4.99E8
20 0.0 1000000.0 2000000.0 3000000.0 3000000.0 3000000.0 4000000.0 4000000.0 4000000.0 4000000.0 5000000.0 5000000.0 5000000.0 5000000.0 5000000.0 5000000.0 6000000.0 8000000.0 8000000.0 8000000.0
21 1000000.0 3000000.0 3000000.0 3000000.0 3000000.0 3000000.0 5000000.0 7000000.0 8000000.0 8000000.0 1.0E7 1.0E7 1.1E7 1.1E7 1.1E7 1.2E7 1.3E7 1.4E7 1.5E7 1.5E7
22 1000000.0 1000000.0 2000000.0 2000000.0 5000000.0 6000000.0 6000000.0 7000000.0 7000000.0 8000000.0 9000000.0 9000000.0 1.0E7 1.0E7 1.0E7 1.0E7 1.0E7 1.0E7 1.1E7 1.1E7
23 0.0 1000000.0 4000000.0 6000000.0 8000000.0 8000000.0 8000000.0 8000000.0 8000000.0 8000000.0 8000000.0 9000000.0 9000000.0 9000000.0 1.0E7 1.0E7 1.1E7 1.2E7 1.3E7 1.5E7
24 0.0 0.0 0.0 0.0 1000000.0 1000000.0 4000000.0 4000000.0 5000000.0 7000000.0 8000000.0 8000000.0 9000000.0 1.0E7 1.2E7 1.2E7 1.2E7 1.2E7 1.4E7 1.6E7
25 1000000.0 2000000.0 2000000.0 3000000.0 5000000.0 5000000.0 7000000.0 8000000.0 1.0E7 1.0E7 1.1E7 1.1E7 1.1E7 1.2E7 1.2E7 1.2E7 1.2E7 1.3E7 1.4E7 1.4E7
26 0.0 2000000.0 2000000.0 4000000.0 6000000.0 7000000.0 8000000.0 9000000.0 1.1E7 1.1E7 1.4E7 1.4E7 1.5E7 1.5E7 1.6E7 1.8E7 1.9E7 1.9E7 1.9E7 2.0E7
27 8000000.0 8000000.0 1.0E7 1.2E7 1.2E7 1.12E8 1.51E8 1.73E8 1.75E8 1.76E8 2.88E8 2.9E8 3.32E8 3.35E8 3.36E8 3.39E8 3.4E8 4.44E8 4.47E8 5.0E8
28 5000000.0 6000000.0 3.6E7 4.1E7 4.1E7 1.13E8 1.4E8 1.43E8 1.45E8 1.47E8 2.89E8 2.9E8 3.4E8 3.42E8 3.44E8 3.47E8 3.47E8 4.61E8 4.63E8 4.65E8
29 6000000.0 1.5E7 3.9E7 4.2E7 4.7E7 1.14E8 1.44E8 1.44E8 1.97E8 1.97E8 2.76E8 2.76E8 3.36E8 3.36E8 3.59E8 3.59E8 3.61E8 4.4E8 4.48E8 5.01E8
30 1000000.0 1000000.0 1000000.0 2000000.0 4000000.0 6000000.0 8000000.0 8000000.0 1.1E7 1.2E7 1.5E7 1.7E7 1.7E7 1.7E7 1.8E7 1.9E7 1.9E7 2.0E7 2.0E7 2.0E7
31 7000000.0 7000000.0 1.1E7 1.3E7 1.6E7 1.11E8 1.5E8 1.75E8 2.14E8 2.15E8 2.83E8 2.84E8 3.27E8 3.28E8 3.28E8 3.28E8 3.29E8 4.56E8 4.56E8 4.96E8
32 2000000.0 2000000.0 2000000.0 4000000.0 6000000.0 7000000.0 7000000.0 8000000.0 9000000.0 1.0E7 1.2E7 1.3E7 1.3E7 1.7E7 1.7E7 1.8E7 1.9E7 2.1E7 2.2E7 2.3E7
33 0.0 1000000.0 2000000.0 3000000.0 4000000.0 7000000.0 7000000.0 8000000.0 8000000.0 1.0E7 1.1E7 1.2E7 1.3E7 1.3E7 1.3E7 1.3E7 1.4E7 1.4E7 1.4E7 1.4E7
34 1000000.0 1000000.0 3000000.0 5000000.0 5000000.0 5000000.0 5000000.0 5000000.0 5000000.0 5000000.0 5000000.0 6000000.0 6000000.0 6000000.0 6000000.0 7000000.0 7000000.0 9000000.0 1.0E7 1.0E7
35 3000000.0 3000000.0 3000000.0 4000000.0 5000000.0 5000000.0 6000000.0 8000000.0 9000000.0 1.1E7 1.1E7 1.2E7 1.2E7 1.4E7 1.5E7 1.5E7 1.6E7 1.6E7 1.7E7 1.8E7
36 1000000.0 1000000.0 7000000.0 9000000.0 1.0E7 1.1E7 1.3E7 1.22E8 1.22E8 1.23E8 1.23E8 1.25E8 1.25E8 1.26E8 1.27E8 1.27E8 1.28E8 1.46E8 1.46E8 1.46E8
37 2000000.0 3000000.0 1.0E7 4.0E7 4.1E7 4.4E7 4.4E7 5.0E7 5.2E7 6.3E7 6.5E7 6.7E7 1.83E8 1.84E8 1.94E8 1.96E8 1.98E8 4.23E8 4.23E8 4.23E8
38 0.0 3000000.0 3000000.0 4000000.0 8000000.0 9000000.0 9000000.0 1.0E7 1.1E7 1.2E7 1.3E7 1.4E7 1.5E7 1.7E7 1.9E7 2.0E7 2.0E7 2.0E7 2.1E7 2.1E7
39 3000000.0 3000000.0 3000000.0 3000000.0 6000000.0 1.4E7 1.5E7 1.5E7 1.5E7 1.6E7 1.7E7 1.7E7 1.8E7 1.9E7 1.9E7 1.9E7 1.9E7 2.0E7 2.0E7 2.9E7
40 2000000.0 3000000.0 6000000.0 7000000.0 8000000.0 8000000.0 8000000.0 8000000.0 8000000.0 8000000.0 8000000.0 9000000.0 1.0E7 1.0E7 1.1E7 1.1E7 1.2E7 1.4E7 1.5E7 1.6E7
41 2000000.0 3000000.0 4000000.0 6000000.0 6000000.0 7000000.0 9000000.0 1.1E7 1.1E7 1.2E7 1.2E7 1.2E7 1.4E7 1.4E7 1.5E7 1.7E7 1.7E7 1.8E7 1.8E7 1.8E7
42 0.0 1000000.0 1000000.0 4000000.0 4000000.0 4000000.0 4000000.0 5000000.0 6000000.0 6000000.0 8000000.0 9000000.0 9000000.0 1.0E7 1.1E7 1.1E7 1.2E7 1.4E7 1.5E7 1.6E7
43 1000000.0 1000000.0 2000000.0 2000000.0 2000000.0 2000000.0 3000000.0 5000000.0 7000000.0 7000000.0 8000000.0 8000000.0 8000000.0 9000000.0 1.0E7 1.1E7 1.4E7 1.5E7 1.5E7 1.7E7
44 0.0 0.0 0.0 0.0 0.0 1000000.0 2000000.0 2000000.0 3000000.0 3000000.0 4000000.0 5000000.0 9000000.0 1.0E7 1.2E7 1.3E7 1.4E7 1.4E7 1.4E7 1.5E7
45 1000000.0 1000000.0 2000000.0 3000000.0 3000000.0 6000000.0 6000000.0 6000000.0 6000000.0 6000000.0 6000000.0 6000000.0 7000000.0 8000000.0 8000000.0 9000000.0 9000000.0 1.0E7 1.1E7 1.3E7
46 2000000.0 2000000.0 4000000.0 4000000.0 4000000.0 5000000.0 5000000.0 5000000.0 6000000.0 7000000.0 7000000.0 7000000.0 7000000.0 9000000.0 1.1E7 1.1E7 1.2E7 1.3E7 1.3E7 1.3E7
47 0.0 0.0 2000000.0 2000000.0 2000000.0 2000000.0 4000000.0 5000000.0 5000000.0 5000000.0 5000000.0 6000000.0 6000000.0 7000000.0 7000000.0 8000000.0 9000000.0 9000000.0 1.0E7 1.0E7
48 0.0 0.0 1000000.0 2000000.0 2000000.0 3000000.0 4000000.0 4000000.0 4000000.0 5000000.0 5000000.0 5000000.0 5000000.0 6000000.0 6000000.0 6000000.0 7000000.0 8000000.0 8000000.0 9000000.0
49 0.0 1000000.0 2000000.0 2000000.0 2000000.0 2000000.0 3000000.0 3000000.0 3000000.0 4000000.0 4000000.0 5000000.0 8000000.0 1.0E7 1.1E7 1.3E7 1.4E7 1.5E7 1.5E7 1.6E7
50 0.0 3000000.0 4000000.0 7000000.0 7000000.0 8000000.0 1.1E7 1.1E7 1.2E7 1.3E7 1.4E7 1.5E7 1.6E7 1.6E7 3.1E7 3.1E7 3.1E7 3.2E7 3.3E7 3.4E7
51 1000000.0 1000000.0 1000000.0 1000000.0 2000000.0 2000000.0 2000000.0 2000000.0 2000000.0 3000000.0 4000000.0 5000000.0 5000000.0 5000000.0 6000000.0 6000000.0 7000000.0 8000000.0 9000000.0 9000000.0
