0 3349
1 1981
2 4463
3 3280
4 2959
5 2676
6 761
7 1053
8 1526
9 2866
10 545
11 435
12 4369
13 4082
14 2319
15 4023
16 3451
17 976
18 676
19 1394
20 1350
21 2371
22 2489
23 3022
24 3229
25 3093
26 2433
27 2931
28 1997
29 2815
30 3280
31 4085
32 2386
33 2635
34 2410
35 2737
36 2826
37 3206
38 2585
39 3486
40 2589
41 2130
42 4115
43 3604
44 2967
45 2628
46 3217
47 3968
48 3119
49 3944
50 4116
51 3639
52 4258
53 3048
54 1891
55 3721
56 3356
57 3779
58 2782
59 5382
60 3591
61 2390
62 1495
63 3541
64 2375
65 5048
66 3276
67 1991
68 1388
69 3980
70 3168
71 4673
72 3604
73 4761
74 4495
75 4970
76 5465
77 5267
78 5060
79 3920
80 4184
81 5286
82 1441
83 5444
84 2749
85 4152
86 4108
87 5652
88 5245
89 5120
90 4187
91 2014
92 5285
93 1844
94 4156
95 2371
96 657
97 3954
