records: 20
      Record Time
Host  UsedBuffer

  16870.0 33740.0 50610.0 67480.0 84350.0 101220.0 118090.0 134960.0 151830.0 168700.0 185570.0 202440.0 219310.0 236180.0 253050.0 269920.0 286790.0 303660.0 320530.0 337400.0
0 1000000.0 1000000.0 1000000.0 3000000.0 3000000.0 3000000.0 3000000.0 3000000.0 4000000.0 4000000.0 4000000.0 4000000.0 4000000.0 4000000.0 4000000.0 4000000.0 4000000.0 4000000.0 4000000.0 4000000.0
1 1.0E7 1.6E7 3.3E7 4.7E7 6.5E7 7.6E7 8.6E7 1.04E8 1.23E8 1.38E8 1.49E8 1.57E8 1.62E8 1.84E8 1.93E8 1.97E8 1.99E8 2.17E8 2.38E8 2.43E8
2 1.0E7 1.5E7 3.3E7 4.7E7 6.4E7 7.5E7 8.5E7 1.04E8 1.21E8 1.35E8 1.46E8 1.55E8 1.59E8 1.81E8 1.9E8 1.93E8 1.98E8 2.09E8 2.37E8 2.43E8
3 0.0 0.0 0.0 0.0 0.0 0.0 1000000.0 1000000.0 1000000.0 1000000.0 1000000.0 1000000.0 1000000.0 1000000.0 1000000.0 2000000.0 2000000.0 2000000.0 2000000.0 2000000.0
4 9000000.0 1.2E7 3.0E7 4.7E7 6.5E7 7.6E7 9.0E7 1.05E8 1.23E8 1.38E8 1.49E8 1.58E8 1.6E8 1.84E8 1.93E8 1.96E8 1.97E8 2.12E8 2.4E8 2.47E8
5 0.0 0.0 0.0 4.8E7 6.6E7 7.7E7 8.7E7 1.04E8 1.23E8 1.38E8 1.49E8 1.56E8 1.61E8 1.83E8 1.92E8 1.96E8 1.99E8 2.16E8 2.38E8 2.41E8
6 0.0 0.0 0.0 4.7E7 6.2E7 7.0E7 7.0E7 9.6E7 1.22E8 1.37E8 1.39E8 1.48E8 1.5E8 1.83E8 1.92E8 1.93E8 2.0E8 2.0E8 2.35E8 2.35E8
7 0.0 1.6E7 2.2E7 4.8E7 5.5E7 7.4E7 7.4E7 9.4E7 1.22E8 1.27E8 1.27E8 1.27E8 1.27E8 1.83E8 1.86E8 1.87E8 1.88E8 1.88E8 2.38E8 2.42E8
8 0.0 0.0 3.1E7 4.7E7 6.5E7 7.5E7 8.5E7 1.02E8 1.21E8 1.36E8 1.47E8 1.55E8 1.6E8 1.81E8 1.9E8 1.94E8 1.97E8 2.15E8 2.37E8 2.4E8
9 0.0 1000000.0 1000000.0 4.8E7 6.5E7 7.6E7 8.6E7 1.04E8 1.23E8 1.38E8 1.49E8 1.57E8 1.62E8 1.84E8 1.93E8 1.97E8 2.0E8 2.18E8 2.4E8 2.44E8
10 0.0 0.0 3.4E7 4.8E7 6.6E7 6.6E7 8.4E7 1.02E8 1.24E8 1.39E8 1.4E8 1.55E8 1.62E8 1.84E8 1.93E8 1.94E8 2.0E8 2.07E8 2.39E8 2.44E8
11 0.0 0.0 0.0 4.6E7 6.3E7 7.2E7 8.7E7 1.01E8 1.17E8 1.35E8 1.38E8 1.38E8 1.56E8 1.81E8 1.9E8 1.91E8 1.91E8 2.04E8 2.37E8 2.37E8
12 1.0E7 1.6E7 3.4E7 4.8E7 6.5E7 7.6E7 8.6E7 1.03E8 1.23E8 1.38E8 1.48E8 1.56E8 1.61E8 1.83E8 1.92E8 1.96E8 1.99E8 2.15E8 2.38E8 2.39E8
13 1.0E7 1.5E7 3.4E7 4.8E7 6.3E7 7.4E7 8.4E7 1.04E8 1.21E8 1.36E8 1.47E8 1.55E8 1.6E8 1.81E8 1.81E8 1.81E8 1.81E8 1.82E8 1.82E8 1.82E8
14 1000000.0 1000000.0 3.3E7 4.7E7 6.3E7 7.4E7 8.4E7 1.04E8 1.21E8 1.36E8 1.47E8 1.54E8 1.58E8 1.81E8 1.83E8 1.83E8 1.83E8 1.84E8 1.84E8 1.84E8
15 1.0E7 1.6E7 3.4E7 4.9E7 6.6E7 7.7E7 8.7E7 1.07E8 1.24E8 1.39E8 1.5E8 1.58E8 1.63E8 1.85E8 1.94E8 1.97E8 2.01E8 2.09E8 2.41E8 2.49E8
16 0.0 0.0 0.0 0.0 0.0 0.0 0.0 0.0 0.0 0.0 0.0 0.0 0.0 0.0 0.0 0.0 0.0 0.0 0.0 0.0
17 1000000.0 1000000.0 1000000.0 2000000.0 2000000.0 2000000.0 2000000.0 2000000.0 2000000.0 2000000.0 2000000.0 3000000.0 3000000.0 3000000.0 3000000.0 3000000.0 3000000.0 3000000.0 4000000.0 4000000.0
18 0.0 0.0 0.0 1000000.0 1000000.0 1000000.0 1000000.0 1000000.0 1000000.0 2000000.0 2000000.0 2000000.0 2000000.0 2000000.0 3000000.0 3000000.0 3000000.0 3000000.0 3000000.0 3000000.0
19 0.0 0.0 0.0 0.0 0.0 0.0 1000000.0 3000000.0 3000000.0 3000000.0 3000000.0 3000000.0 3000000.0 3000000.0 3000000.0 3000000.0 3000000.0 3000000.0 3000000.0 3000000.0
20 8000000.0 8000000.0 8000000.0 8000000.0 6.3E7 6.3E7 7.0E7 7.0E7 1.14E8 1.32E8 1.32E8 1.33E8 1.33E8 1.7E8 1.92E8 1.92E8 1.92E8 1.92E8 2.37E8 2.41E8
21 0.0 0.0 0.0 0.0 0.0 0.0 0.0 2000000.0 2000000.0 2000000.0 2000000.0 2000000.0 2000000.0 2000000.0 2000000.0 2000000.0 2000000.0 2000000.0 2000000.0 2000000.0
22 1.1E7 1.4E7 3.4E7 4.8E7 5.6E7 7.5E7 7.5E7 1.01E8 1.23E8 1.35E8 1.35E8 1.35E8 1.35E8 1.35E8 1.36E8 1.36E8 1.37E8 1.37E8 1.37E8 1.37E8
23 5000000.0 1.4E7 3.2E7 4.6E7 6.4E7 6.8E7 8.6E7 1.02E8 1.21E8 1.3E8 1.44E8 1.45E8 1.45E8 1.82E8 1.9E8 1.91E8 1.91E8 2.1E8 2.38E8 2.41E8
24 1.1E7 1.1E7 1.2E7 1.3E7 6.5E7 7.4E7 8.4E7 1.05E8 1.23E8 1.34E8 1.49E8 1.51E8 1.51E8 1.82E8 1.89E8 1.94E8 1.94E8 2.09E8 2.37E8 2.4E8
25 1.1E7 1.1E7 1.7E7 1.7E7 6.4E7 7.5E7 8.2E7 1.02E8 1.22E8 1.37E8 1.43E8 1.46E8 1.46E8 1.81E8 1.9E8 1.93E8 1.93E8 1.93E8 2.37E8 2.41E8
26 1.1E7 1.3E7 3.4E7 4.9E7 6.6E7 7.5E7 9.0E7 9.5E7 1.23E8 1.38E8 1.38E8 1.38E8 1.59E8 1.84E8 1.89E8 1.89E8 1.89E8 1.89E8 1.89E8 1.89E8
27 8000000.0 1.4E7 1.4E7 4.9E7 6.6E7 7.5E7 8.6E7 1.0E8 1.23E8 1.34E8 1.47E8 1.48E8 1.49E8 1.82E8 1.86E8 1.86E8 1.86E8 1.86E8 1.86E8 1.86E8
28 1.0E7 1.2E7 3.2E7 4.7E7 6.3E7 7.3E7 7.6E7 9.6E7 1.22E8 1.37E8 1.4E8 1.4E8 1.4E8 1.4E8 1.41E8 1.41E8 1.41E8 1.46E8 2.38E8 2.45E8
29 0.0 0.0 0.0 0.0 0.0 0.0 0.0 0.0 0.0 0.0 0.0 0.0 0.0 0.0 0.0 0.0 0.0 0.0 1000000.0 2000000.0
30 0.0 0.0 0.0 0.0 0.0 0.0 1000000.0 2000000.0 4000000.0 4000000.0 4000000.0 4000000.0 4000000.0 4000000.0 4000000.0 5000000.0 5000000.0 5000000.0 5000000.0 5000000.0
31 1.1E7 1.5E7 3.3E7 4.8E7 5.8E7 6.3E7 8.6E7 1.03E8 1.2E8 1.34E8 1.41E8 1.53E8 1.53E8 1.79E8 1.87E8 1.9E8 1.9E8 1.91E8 2.34E8 2.38E8
32 5000000.0 1.4E7 3.3E7 4.2E7 4.2E7 7.3E7 8.4E7 8.5E7 1.23E8 1.38E8 1.46E8 1.55E8 1.56E8 1.82E8 1.91E8 1.93E8 1.93E8 2.05E8 2.38E8 2.46E8
33 2000000.0 1.4E7 3.4E7 4.9E7 5.4E7 5.5E7 5.5E7 9.8E7 1.23E8 1.38E8 1.45E8 1.45E8 1.46E8 1.46E8 1.47E8 1.47E8 1.48E8 1.48E8 1.48E8 1.48E8
34 1.1E7 1.3E7 3.3E7 4.8E7 6.2E7 6.2E7 9.0E7 9.4E7 1.22E8 1.36E8 1.44E8 1.51E8 1.57E8 1.81E8 1.86E8 1.86E8 1.86E8 1.86E8 2.37E8 2.45E8
35 1.1E7 1.3E7 3.4E7 4.8E7 6.6E7 6.6E7 8.8E7 1.04E8 1.24E8 1.28E8 1.49E8 1.55E8 1.65E8 1.84E8 1.94E8 1.95E8 1.95E8 1.95E8 2.41E8 2.47E8
36 0.0 1000000.0 1000000.0 1000000.0 1000000.0 2000000.0 2000000.0 2000000.0 2000000.0 3000000.0 3000000.0 3000000.0 3000000.0 3000000.0 4000000.0 4000000.0 5000000.0 5000000.0 6000000.0 6000000.0
37 0.0 0.0 1000000.0 1000000.0 1000000.0 1000000.0 1000000.0 1000000.0 1000000.0 2000000.0 2000000.0 2000000.0 2000000.0 2000000.0 2000000.0 2000000.0 2000000.0 2000000.0 2000000.0 2000000.0
38 4000000.0 5000000.0 5000000.0 6000000.0 6.5E7 7.5E7 8.1E7 1.01E8 1.2E8 1.33E8 1.43E8 1.51E8 1.59E8 1.74E8 1.87E8 1.91E8 1.92E8 1.96E8 2.25E8 2.25E8
39 1.0E7 1.6E7 3.3E7 4.8E7 6.5E7 7.4E7 8.2E7 1.0E8 1.23E8 1.38E8 1.48E8 1.48E8 1.48E8 1.49E8 1.86E8 1.87E8 2.0E8 2.03E8 2.39E8 2.47E8
40 2000000.0 2000000.0 3.4E7 4.0E7 5.9E7 7.3E7 8.9E7 1.05E8 1.24E8 1.39E8 1.5E8 1.55E8 1.6E8 1.84E8 1.93E8 1.96E8 2.0E8 2.07E8 2.4E8 2.46E8
41 0.0 1000000.0 1000000.0 1000000.0 1000000.0 1000000.0 1000000.0 1000000.0 1000000.0 1000000.0 1000000.0 1000000.0 1000000.0 1000000.0 3000000.0 3000000.0 3000000.0 4000000.0 4000000.0 4000000.0
42 1.1E7 1.4E7 3.4E7 4.4E7 6.6E7 7.6E7 8.4E7 1.06E8 1.22E8 1.37E8 1.45E8 1.45E8 1.45E8 1.83E8 1.92E8 1.93E8 1.95E8 2.06E8 2.39E8 2.47E8
43 3000000.0 4000000.0 3.3E7 3.9E7 5.8E7 7.2E7 8.8E7 1.06E8 1.23E8 1.38E8 1.46E8 1.54E8 1.59E8 1.84E8 1.93E8 1.96E8 1.98E8 2.05E8 2.38E8 2.41E8
44 9000000.0 9000000.0 1.0E7 3.9E7 6.0E7 7.5E7 8.6E7 1.05E8 1.22E8 1.37E8 1.47E8 1.52E8 1.57E8 1.81E8 1.9E8 1.93E8 1.96E8 1.97E8 2.37E8 2.42E8
45 4000000.0 5000000.0 5000000.0 6000000.0 6.6E7 7.6E7 8.3E7 1.04E8 1.23E8 1.38E8 1.48E8 1.56E8 1.63E8 1.83E8 1.91E8 1.95E8 1.96E8 2.17E8 2.38E8 2.41E8
46 1.1E7 1.3E7 2.3E7 4.9E7 6.6E7 7.1E7 7.1E7 9.6E7 1.24E8 1.39E8 1.47E8 1.47E8 1.62E8 1.85E8 1.9E8 1.91E8 1.91E8 1.91E8 2.4E8 2.42E8
47 1.1E7 1.3E7 3.3E7 4.7E7 6.4E7 7.4E7 8.9E7 1.03E8 1.23E8 1.38E8 1.46E8 1.57E8 1.59E8 1.84E8 1.93E8 1.94E8 1.94E8 1.94E8 2.39E8 2.47E8
48 1.1E7 1.1E7 3.4E7 4.8E7 6.2E7 7.5E7 8.3E7 1.07E8 1.24E8 1.38E8 1.49E8 1.54E8 1.61E8 1.85E8 1.94E8 1.98E8 2.02E8 2.08E8 2.41E8 2.48E8
49 1.0E7 1.6E7 3.4E7 4.8E7 6.5E7 7.4E7 7.9E7 9.7E7 1.23E8 1.38E8 1.46E8 1.57E8 1.57E8 1.84E8 1.93E8 1.95E8 1.95E8 1.95E8 2.39E8 2.44E8
50 1.1E7 1.4E7 3.4E7 4.3E7 4.4E7 7.3E7 8.5E7 1.03E8 1.23E8 1.38E8 1.46E8 1.54E8 1.62E8 1.84E8 1.93E8 1.94E8 1.98E8 1.98E8 2.4E8 2.48E8
51 0.0 0.0 0.0 0.0 1000000.0 1000000.0 2000000.0 2000000.0 2000000.0 2000000.0 2000000.0 2000000.0 3000000.0 3000000.0 3000000.0 4000000.0 4000000.0 4000000.0 4000000.0 4000000.0
52 1.0E7 1.3E7 3.3E7 4.8E7 6.5E7 7.5E7 8.8E7 9.7E7 1.23E8 1.38E8 1.45E8 1.58E8 1.59E8 1.84E8 1.93E8 1.97E8 1.97E8 1.98E8 2.39E8 2.43E8
53 6000000.0 7000000.0 3.3E7 3.3E7 3.5E7 7.0E7 9.0E7 1.01E8 1.24E8 1.39E8 1.47E8 1.49E8 1.49E8 1.85E8 1.94E8 1.94E8 1.94E8 1.94E8 2.41E8 2.44E8
54 6000000.0 1.3E7 3.4E7 4.8E7 6.6E7 7.5E7 9.1E7 1.07E8 1.23E8 1.27E8 1.27E8 1.53E8 1.61E8 1.83E8 1.86E8 1.87E8 1.99E8 1.99E8 2.38E8 2.39E8
55 1.1E7 1.4E7 1.4E7 4.9E7 6.5E7 7.4E7 8.5E7 1.02E8 1.22E8 1.37E8 1.48E8 1.49E8 1.6E8 1.81E8 1.9E8 1.94E8 1.98E8 1.98E8 2.35E8 2.4E8
56 1.1E7 1.7E7 3.4E7 4.9E7 6.5E7 7.4E7 8.0E7 8.0E7 1.14E8 1.14E8 1.45E8 1.48E8 1.48E8 1.79E8 1.91E8 1.95E8 1.95E8 1.95E8 2.34E8 2.34E8
57 6000000.0 1.4E7 3.4E7 4.3E7 4.3E7 7.2E7 8.8E7 9.7E7 1.23E8 1.38E8 1.48E8 1.58E8 1.64E8 1.84E8 1.93E8 1.96E8 2.0E8 2.15E8 2.39E8 2.41E8
58 1.1E7 1.3E7 3.4E7 4.7E7 5.9E7 7.4E7 7.7E7 7.7E7 8.0E7 1.37E8 1.48E8 1.48E8 1.59E8 1.76E8 1.92E8 1.93E8 1.94E8 1.94E8 2.26E8 2.26E8
59 1.1E7 1.7E7 3.4E7 4.9E7 6.6E7 7.5E7 8.5E7 1.04E8 1.24E8 1.39E8 1.49E8 1.5E8 1.51E8 1.85E8 1.93E8 1.96E8 2.02E8 2.02E8 2.41E8 2.47E8
60 1.1E7 1.3E7 3.4E7 4.8E7 6.6E7 7.4E7 9.0E7 1.06E8 1.23E8 1.37E8 1.39E8 1.57E8 1.6E8 1.83E8 1.92E8 1.93E8 2.0E8 2.06E8 2.38E8 2.38E8
61 6000000.0 1.2E7 3.3E7 4.8E7 6.5E7 7.1E7 9.0E7 1.03E8 1.23E8 1.38E8 1.42E8 1.42E8 1.42E8 1.84E8 1.84E8 1.84E8 1.84E8 1.84E8 1.84E8 1.84E8
62 1.1E7 1.3E7 3.4E7 4.9E7 6.0E7 6.0E7 8.0E7 1.06E8 1.23E8 1.38E8 1.45E8 1.53E8 1.6E8 1.84E8 1.93E8 1.94E8 1.94E8 1.94E8 2.38E8 2.42E8
63 9000000.0 9000000.0 1.0E7 3.9E7 6.6E7 7.7E7 8.8E7 1.06E8 1.23E8 1.38E8 1.48E8 1.55E8 1.6E8 1.84E8 1.93E8 1.96E8 1.99E8 2.0E8 2.4E8 2.46E8
64 8000000.0 8000000.0 8000000.0 4.8E7 5.7E7 7.5E7 7.5E7 1.01E8 1.24E8 1.39E8 1.41E8 1.55E8 1.55E8 1.85E8 1.94E8 1.96E8 1.97E8 2.12E8 2.4E8 2.43E8
65 1.1E7 1.4E7 3.4E7 4.9E7 6.6E7 7.1E7 8.9E7 1.06E8 1.24E8 1.38E8 1.48E8 1.58E8 1.58E8 1.84E8 1.93E8 1.95E8 1.95E8 1.95E8 1.96E8 2.03E8
66 8000000.0 1.3E7 1.3E7 4.2E7 6.6E7 7.2E7 8.6E7 1.0E8 1.23E8 1.38E8 1.48E8 1.5E8 1.52E8 1.82E8 1.91E8 1.93E8 1.93E8 1.93E8 2.38E8 2.45E8
67 8000000.0 9000000.0 9000000.0 4.1E7 6.4E7 6.4E7 6.4E7 1.07E8 1.08E8 1.39E8 1.47E8 1.52E8 1.65E8 1.84E8 1.91E8 1.91E8 1.92E8 1.92E8 1.93E8 1.93E8
68 8000000.0 9000000.0 9000000.0 4.0E7 6.3E7 6.3E7 6.3E7 6.3E7 6.3E7 1.35E8 1.46E8 1.51E8 1.64E8 1.84E8 1.91E8 1.92E8 1.92E8 1.92E8 1.92E8 1.93E8
69 9000000.0 1.4E7 3.2E7 4.7E7 6.4E7 7.5E7 7.7E7 7.7E7 1.22E8 1.3E8 1.46E8 1.48E8 1.55E8 1.79E8 1.87E8 1.88E8 1.88E8 1.88E8 2.33E8 2.36E8
70 1.1E7 1.4E7 1.4E7 4.9E7 4.9E7 7.2E7 8.4E7 1.03E8 1.23E8 1.38E8 1.48E8 1.58E8 1.58E8 1.84E8 1.92E8 1.92E8 1.92E8 2.0E8 2.01E8 2.01E8
71 0.0 0.0 0.0 0.0 0.0 0.0 0.0 0.0 0.0 0.0 0.0 0.0 1000000.0 1000000.0 1000000.0 1000000.0 1000000.0 1000000.0 2000000.0 2000000.0
72 0.0 0.0 0.0 0.0 0.0 0.0 0.0 2000000.0 2000000.0 4000000.0 4000000.0 4000000.0 4000000.0 4000000.0 4000000.0 4000000.0 4000000.0 4000000.0 4000000.0 4000000.0
73 7000000.0 1.5E7 3.4E7 4.9E7 6.6E7 7.7E7 8.9E7 1.07E8 1.23E8 1.38E8 1.48E8 1.57E8 1.6E8 1.84E8 1.93E8 1.96E8 1.99E8 2.0E8 2.39E8 2.46E8
74 1.1E7 1.7E7 3.4E7 4.9E7 6.5E7 7.0E7 8.3E7 9.6E7 1.22E8 1.37E8 1.41E8 1.51E8 1.51E8 1.83E8 1.92E8 1.93E8 1.96E8 1.97E8 1.97E8 1.97E8
75 8000000.0 1.4E7 3.4E7 4.9E7 6.6E7 7.1E7 8.9E7 1.06E8 1.23E8 1.38E8 1.48E8 1.58E8 1.58E8 1.84E8 1.86E8 1.86E8 1.86E8 1.86E8 2.4E8 2.4E8
76 1.1E7 1.7E7 3.4E7 4.9E7 6.6E7 7.3E7 9.1E7 1.02E8 1.24E8 1.39E8 1.47E8 1.53E8 1.6E8 1.85E8 1.94E8 1.96E8 1.96E8 1.96E8 2.41E8 2.44E8
77 1000000.0 1000000.0 1000000.0 1000000.0 1000000.0 1000000.0 1000000.0 1000000.0 2000000.0 2000000.0 2000000.0 2000000.0 2000000.0 2000000.0 2000000.0 2000000.0 2000000.0 2000000.0 2000000.0 2000000.0
78 1.1E7 1.5E7 3.4E7 4.9E7 6.6E7 7.3E7 8.3E7 1.04E8 1.24E8 1.38E8 1.46E8 1.54E8 1.59E8 1.8E8 1.87E8 1.87E8 1.87E8 1.87E8 2.29E8 2.29E8
79 1.1E7 1.3E7 1.3E7 4.8E7 5.7E7 7.2E7 8.8E7 1.01E8 1.23E8 1.38E8 1.38E8 1.58E8 1.59E8 1.84E8 1.93E8 1.95E8 2.0E8 2.07E8 2.4E8 2.47E8
80 8000000.0 1.3E7 3.1E7 4.8E7 6.5E7 7.1E7 8.5E7 1.0E8 1.23E8 1.38E8 1.48E8 1.5E8 1.52E8 1.84E8 1.92E8 1.95E8 2.0E8 2.07E8 2.4E8 2.46E8
81 2000000.0 1.7E7 3.4E7 4.8E7 6.5E7 7.2E7 8.9E7 9.9E7 1.21E8 1.36E8 1.44E8 1.5E8 1.57E8 1.82E8 1.91E8 1.93E8 1.93E8 1.93E8 2.38E8 2.44E8
82 1.1E7 1.4E7 3.4E7 4.9E7 5.6E7 5.6E7 5.6E7 1.01E8 1.01E8 1.37E8 1.38E8 1.38E8 1.38E8 1.48E8 1.84E8 1.84E8 1.84E8 1.84E8 2.37E8 2.37E8
83 1.1E7 1.7E7 3.4E7 4.9E7 6.6E7 7.3E7 9.0E7 1.07E8 1.24E8 1.39E8 1.48E8 1.59E8 1.6E8 1.73E8 1.94E8 1.94E8 1.94E8 1.94E8 2.29E8 2.29E8
84 8000000.0 1.7E7 3.3E7 4.9E7 5.7E7 5.7E7 9.1E7 1.05E8 1.23E8 1.38E8 1.41E8 1.56E8 1.56E8 1.56E8 1.92E8 1.95E8 1.95E8 2.17E8 2.39E8 2.47E8
85 8000000.0 1.4E7 3.4E7 4.3E7 6.6E7 7.6E7 9.0E7 1.06E8 1.24E8 1.39E8 1.48E8 1.48E8 1.48E8 1.48E8 1.49E8 1.51E8 1.51E8 1.51E8 2.4E8 2.46E8
86 8000000.0 1.5E7 1.6E7 4.8E7 6.4E7 6.9E7 8.4E7 1.0E8 1.22E8 1.37E8 1.44E8 1.44E8 1.44E8 1.45E8 1.46E8 1.46E8 1.46E8 1.46E8 1.46E8 1.46E8
87 1.1E7 1.6E7 3.4E7 4.9E7 6.5E7 7.6E7 9.0E7 1.05E8 1.23E8 1.38E8 1.46E8 1.54E8 1.64E8 1.78E8 1.78E8 1.78E8 1.78E8 1.78E8 1.78E8 1.78E8
88 1.1E7 1.6E7 3.4E7 4.9E7 6.5E7 7.5E7 9.0E7 1.05E8 1.23E8 1.38E8 1.48E8 1.54E8 1.59E8 1.83E8 1.92E8 1.95E8 2.0E8 2.0E8 2.39E8 2.47E8
89 1.1E7 1.7E7 3.4E7 4.9E7 6.6E7 7.5E7 9.1E7 1.06E8 1.23E8 1.37E8 1.47E8 1.57E8 1.59E8 1.83E8 1.92E8 1.95E8 2.0E8 2.13E8 2.39E8 2.41E8
90 1.1E7 1.7E7 3.4E7 4.9E7 6.6E7 7.5E7 9.1E7 1.05E8 1.22E8 1.37E8 1.47E8 1.51E8 1.51E8 1.83E8 1.92E8 1.94E8 1.94E8 2.01E8 2.39E8 2.41E8
91 1.1E7 1.4E7 1.4E7 4.2E7 6.4E7 7.4E7 8.3E7 1.0E8 1.2E8 1.29E8 1.29E8 1.3E8 1.3E8 1.3E8 1.3E8 1.3E8 1.3E8 1.3E8 1.3E8 1.3E8
92 0.0 0.0 0.0 0.0 0.0 0.0 0.0 0.0 0.0 0.0 0.0 0.0 0.0 1000000.0 1000000.0 1000000.0 1000000.0 1000000.0 1000000.0 1000000.0
93 1000000.0 1000000.0 2000000.0 2000000.0 2000000.0 3000000.0 3000000.0 3000000.0 3000000.0 3000000.0 3000000.0 3000000.0 4000000.0 4000000.0 4000000.0 4000000.0 4000000.0 4000000.0 4000000.0 4000000.0
94 1.1E7 1.7E7 2.0E7 4.9E7 6.6E7 7.3E7 8.3E7 1.01E8 1.24E8 1.38E8 1.38E8 1.38E8 1.38E8 1.38E8 1.38E8 1.38E8 1.39E8 1.39E8 1.39E8 1.39E8
95 1.0E7 1.5E7 1.5E7 4.9E7 6.6E7 7.1E7 9.1E7 1.06E8 1.18E8 1.18E8 1.18E8 1.19E8 1.19E8 1.19E8 1.19E8 1.19E8 1.19E8 1.19E8 1.19E8 1.19E8
96 1000000.0 1000000.0 1000000.0 1000000.0 1000000.0 1000000.0 2000000.0 2000000.0 2000000.0 2000000.0 2000000.0 2000000.0 2000000.0 2000000.0 2000000.0 2000000.0 2000000.0 2000000.0 2000000.0 2000000.0
97 1.1E7 1.6E7 3.4E7 4.9E7 6.6E7 7.2E7 7.2E7 7.2E7 7.2E7 7.2E7 7.2E7 7.2E7 7.3E7 7.5E7 7.5E7 7.6E7 7.6E7 7.6E7 7.6E7 7.6E7
