Selfish Battery Level: [35, 84, 62, 49, 58, 23, 87, 27, 77, 59, 45, 41, 82, 38, 71, 82, 1, 69, 46, 36, 24, 14, 10, 0, 91, 78, 15, 66, 14, 52, 35, 78, 44, 82, 41, 45, 84, 33, 98, 58, 43, 9, 55, 84, 78, 92, 70, 88, 49, 51, 4, 13, 77, 3, 58, 4, 59, 61, 67, 75, 99, 61, 53, 66, 56, 98, 42, 36, 21, 74, 27, 52, 90, 98, 64, 15, 17, 77, 64, 79, 63, 86, 85, 83, 87, 89, 52, 2, 69, 33, 67, 6, 73, 43, 31, 45, 33, 44, 33, 38, 33, 62, 24, 22, 61, 62, 81, 79, 99, 97, 67, 43, 91, 72, 27, 54, 5, 30, 81, 37, 39, 2, 57, 11, 40, 51, 64, 50, 53, 3, 94, 79, 51, 31, 45, 64, 26, 13, 81, 58, 88, 85, 52, 63, 33, 30, 80, 38, 72, 57, 12, 46, 32, 52, 76, 14, 1, 92, 81, 42, 90, 97, 9, 75, 43, 31, 19, 89, 71, 94, 56, 82, 73, 68, 87, 63, 9, 72, 46, 11, 31, 23, 54, 8, 87, 58, 16, 47, 99, 2, 50, 20, 98, 68, 38, 39, 93, 25, 26, 53, 93, 15, 82, 10, 30, 3, 55, 9, 31, 53, 24, 86, 98, 30, 87, 72, 17, 93, 77, 14, 15, 42, 11, 17, 94, 37, 62, 49, 54, 94, 26, 25, 93, 14, 19, 57, 65, 52, 89, 90, 30, 63, 14, 21, 70, 5, 26, 22, 66, 25, 55, 55, 16, 14, 55, 56, 82, 51, 36, 42, 42, 92, 70, 21, 25, 75, 40, 33, 72, 85, 8, 0, 96, 96, 33, 17, 50, 44, 56, 33, 42, 9, 31, 86, 6, 12, 67, 74, 66, 32, 28, 82, 52, 53, 99, 16, 86, 36, 39, 60, 47, 33, 57, 35, 19, 25, 79, 50, 38, 96, 85, 49, 37, 87, 83, 92, 38, 72, 14, 11, 74, 18, 26, 38, 36, 69, 84, 23, 16, 71, 54, 24, 21, 5, 76, 6, 93, 41, 74, 69, 7, 16, 36, 19, 99, 49, 9, 91, 15, 72, 1, 74, 46, 30, 6, 44, 39, 34, 50, 61, 47, 69, 40, 92, 30, 7, 16, 14, 76, 10, 93, 0, 97, 92, 42, 50, 24, 20, 16, 16, 70, 74, 64, 3, 13, 0, 36, 21, 32, 34, 73, 75, 98, 26, 41, 16, 67, 37, 7, 34, 93, 34, 68, 68, 70, 29, 43, 4, 0, 84, 24, 55, 18, 69, 94, 79, 69, 96, 89, 26, 39, 12, 93, 0, 31, 78, 73, 7, 35, 19, 46, 23, 28, 30, 39, 10, 17, 49, 70, 82, 43, 84, 42, 57, 95, 70, 41, 22, 84, 89, 36, 65, 77, 44, 93, 33, 97, 68, 49, 47, 31, 55, 16, 32, 41, 74, 78, 52, 51, 70, 4, 86, 0, 90, 36, 88, 78, 80, 94, 75, 72, 92, 9, 84, 5, 19, 14, 38, 39, 38, 11, 7, 42, 51, 59, 26, 56, 97, 62, 16, 6, 28, 5, 88, 65, 48, 4, 45, 14, 55, 8, 99, 91, 21, 76, 25, 96, 80, 67, 22, 95, 2, 25, 11, 4, 26, 64, 89, 60, 60, 97, 40, 85, 89, 56, 7, 68, 15, 13, 77, 12, 7, 29, 89, 50, 80, 1, 46, 41, 95, 33, 33, 3, 64, 50, 71, 30, 97, 50, 68, 55, 76, 73, 50, 41, 11, 58, 88, 10, 19, 50, 58, 27, 96, 89, 46, 1, 88, 64, 37, 1, 17, 32, 36, 52, 46, 2, 43, 59, 74, 26, 83, 60, 50, 57, 64, 37, 69, 22, 22, 83, 67, 2, 70, 59, 51, 58, 37, 32, 43, 14, 20, 78, 57, 3, 58, 94, 62, 77, 67, 12, 15, 8, 35, 34]
Hosts: 625
Hosts Average Energy Consume/s: 0.523962493031641
Hosts Average normal Energy Consume/s: 0.5296836954532249
Hosts Average  Selfish Period Consume/s: 0.2750199530540602

Hosts Average Energy Consume: 13219.084503258278
Hosts Average Normal Energy Consume: 9465.12386486246
Hosts Average Selfish Energy Consume: 3753.9606383980645

Description:
host number
average energy consumption of all periods  - average energy consumption of Normal periods  -  average energy consumption of all selfish periods
energy consumption of all periods  -  energy consumption of Normal periods  -  energy consumption of selfish periods
Active total time  -  Normal Active Time  -  Selfish Active Time
Normal proportion of time  -  Selfish proportion of time
Number of Recharges 


HOST: 0
0.5935001226883548 0.5935001226883548 0.0
10884.198749981739 10884.198749981739 0.0
18339.0 18339.0 0.0
0


HOST: 1
0.5191925313304311 0.5084973636230732 0.5235413710953974
13795.464749980883 3905.768249988825 9889.696499992058
26571.0 7681.0 18890.0
0


HOST: 2
0.5130482447355664 0.5140804904393688 0.508327800304468
11282.44394997984 9276.58244997841 2005.8615000014306
21991.0 18045.0 3946.0
0


HOST: 3
0.5180091517475288 0.5180091517475288 0.0
12384.56279997992 12384.56279997992 0.0
23908.0 23908.0 0.0
0


HOST: 4
0.5163589137879565 0.5157052962468002 0.51957874132841
12350.272499980343 10253.25269997888 2097.0198000014625
23918.0 19882.0 4036.0
0


HOST: 5
0.5097250996313969 0.5097250996313969 0.0
9848.39864997822 9848.39864997822 0.0
19321.0 19321.0 0.0
0


HOST: 6
0.5191018940460577 0.5158539011689138 0.5208542094174677
9112.833749978543 3173.5331999911577 5939.300549987385
17555.0 6152.0 11403.0
0


HOST: 7
0.5148629845122003 0.5148629845122003 0.0
11768.738099979873 11768.738099979873 0.0
22858.0 22858.0 0.0
0


HOST: 8
0.5097478651501844 0.5108962056400413 0.5082706016615357
9956.905049978554 5614.749299984054 4342.155749994499
19533.0 10990.0 8543.0
0


HOST: 9
0.5136078468763429 0.5136078468763429 0.0
9827.886149978822 9827.886149978822 0.0
19135.0 19135.0 0.0
0


HOST: 10
0.5247088235283041 0.5247088235283041 0.0
9901.255499979097 9901.255499979097 0.0
18870.0 18870.0 0.0
0


HOST: 11
0.5163932625113263 0.5165049307889877 0.5062500000003638
14558.675249981825 14403.256499981713 155.4187500001117
28193.0 27886.0 307.0
0


HOST: 12
0.5110892055347502 0.5082894447643106 0.5134423002129975
9675.429749978357 4394.162249987465 5281.267499990892
18931.0 8645.0 10286.0
0


HOST: 13
0.520146536848535 0.520146536848535 0.0
8440.937999978025 8440.937999978025 0.0
16228.0 16228.0 0.0
0


HOST: 14
0.5155730651016232 0.5195163975915649 0.5064591248301789
10065.53294997899 7079.449949980255 2986.0829999987345
19523.0 13627.0 5896.0
0


HOST: 15
0.5127394243785942 0.5105476646900756 0.5149943222556058
8702.726249977879 4394.28374998748 4308.442499990399
16973.0 8607.0 8366.0
0


HOST: 16
0.5234264276571231 0.5234264276571231 0.0
13913.721299981647 13913.721299981647 0.0
26582.0 26582.0 0.0
0


HOST: 17
0.5182079160520696 0.5094882388567736 0.5370502327612529
11259.621599979368 7567.938299978516 3691.683300000852
21728.0 14854.0 6874.0
0


HOST: 18
0.5086007993652597 0.5086007993652597 0.0
10593.646049978994 10593.646049978994 0.0
20829.0 20829.0 0.0
0


HOST: 19
0.5062499999985448 0.5062499999985448 0.0
4001.9062499884967 4001.9062499884967 0.0
7905.0 7905.0 0.0
0


HOST: 20
0.5166997259579535 0.5166997259579535 0.0
9333.147149978515 9333.147149978515 0.0
18063.0 18063.0 0.0
0


HOST: 21
0.5257340802721219 0.5257340802721219 0.0
13255.85909998128 13255.85909998128 0.0
25214.0 25214.0 0.0
0


HOST: 22
0.5176651301179603 0.5176651301179603 0.0
10264.264199978918 10264.264199978918 0.0
19828.0 19828.0 0.0
0


HOST: 23
0.5310720751535685 0.5310720751535685 0.0
14203.522649982187 14203.522649982187 0.0
26745.0 26745.0 0.0
0


HOST: 24
0.5141822225273023 0.5081465995821725 0.5156763528595358
11201.973899979806 2196.7177499937316 9005.256149986075
21786.0 4323.0 17463.0
0


HOST: 25
0.5139490453867006 0.5189527925388944 0.5062499999989437
8775.679949977914 5370.642449985018 3405.0374999928954
17075.0 10349.0 6726.0
0


HOST: 26
0.5287055683489295 0.5287055683489295 0.0
9642.003449979426 9642.003449979426 0.0
18237.0 18237.0 0.0
0


HOST: 27
0.5236433745928768 0.5312524193534904 0.5062500000003638
11760.50654998142 8300.287799978934 3460.2187500024866
22459.0 15624.0 6835.0
0


HOST: 28
0.5403783396871209 0.5403783396871209 0.0
8361.274049978821 8361.274049978821 0.0
15473.0 15473.0 0.0
0


HOST: 29
0.5504464198760015 0.5504464198760015 0.0
11531.302049982356 11531.302049982356 0.0
20949.0 20949.0 0.0
0


HOST: 30
0.5280479386978678 0.5280479386978678 0.0
11783.917799981618 11783.917799981618 0.0
22316.0 22316.0 0.0
0


HOST: 31
0.5306045584884408 0.5380742260280812 0.5195708524483118
8881.259099979521 5370.518849986278 3510.740249993243
16738.0 9981.0 6757.0
0


HOST: 32
0.5324517890566257 0.5324517890566257 0.0
10237.982999980799 10237.982999980799 0.0
19228.0 19228.0 0.0
0


HOST: 33
0.5103167315273827 0.5145715833221417 0.506249999998902
8916.764249977958 4393.926749987768 4522.83749999019
17473.0 8539.0 8934.0
0


HOST: 34
0.5609890667409 0.5609890667409 0.0
10952.18954998259 10952.18954998259 0.0
19523.0 19523.0 0.0
0


HOST: 35
0.5442012152154334 0.5442012152154334 0.0
9269.923499979692 9269.923499979692 0.0
17034.0 17034.0 0.0
0


HOST: 36
0.5699776794383942 0.5864923423409643 0.539611126448025
5860.5104999855685 3906.038999990822 1954.4714999947464
10282.0 6660.0 3622.0
0


HOST: 37
0.5247765935277781 0.5247765935277781 0.0
11336.74874998059 11336.74874998059 0.0
21603.0 21603.0 0.0
0


HOST: 38
0.5062499999988367 0.5062499999985448 0.5062499999988523
9563.062499978025 488.0249999985972 9075.037499979428
18890.0 964.0 17926.0
0


HOST: 39
0.5302792973854935 0.5319611237927021 0.5062500000003638
10935.949949981032 10253.018699980541 682.9312500004908
20623.0 19274.0 1349.0
0


HOST: 40
0.5332624889976808 0.5332624889976808 0.0
12117.856799983298 12117.856799983298 0.0
22724.0 22724.0 0.0
0


HOST: 41
0.532360814891247 0.532360814891247 0.0
8107.3228499788 8107.3228499788 0.0
15229.0 15229.0 0.0
0


HOST: 42
0.5400583285726557 0.5400583285726557 0.0
10400.983349980776 10400.983349980776 0.0
19259.0 19259.0 0.0
0


HOST: 43
0.5425210446894622 0.5706220672009065 0.5288129846060217
11326.2118499819 3905.9080499902047 7420.303799991696
20877.0 6845.0 14032.0
0


HOST: 44
0.5275718161194013 0.5411679564677379 0.5118806779850958
9772.21274997967 5370.550799985831 4401.661949993839
18523.0 9924.0 8599.0
0


HOST: 45
0.5062499999990285 0.5062499999985448 0.5062499999991337
10937.024999979012 1952.6062499943873 8984.418749984625
21604.0 3857.0 17747.0
0


HOST: 46
0.5533453594798459 0.5694576043839944 0.5062499999997884
9551.29424998162 7323.794249982551 2227.4999999990687
17261.0 12861.0 4400.0
0


HOST: 47
0.5191840574255406 0.5376055881799398 0.5107204047205894
8986.556849978682 2929.412849992492 6057.1439999861905
17309.0 5449.0 11860.0
0


HOST: 48
0.5316783145070535 0.5316783145070535 0.0
9696.749099979641 9696.749099979641 0.0
18238.0 18238.0 0.0
0


HOST: 49
0.5354308901298007 0.5354308901298007 0.0
10731.105899981467 10731.105899981467 0.0
20042.0 20042.0 0.0
0


HOST: 50
0.5214581714208071 0.5214581714208071 0.0
4696.773749987209 4696.773749987209 0.0
9007.0 9007.0 0.0
0


HOST: 51
0.5271172642915175 0.5271172642915175 0.0
8408.574599978287 8408.574599978287 0.0
15952.0 15952.0 0.0
0


HOST: 52
0.5338190035819144 0.5391962978954469 0.5283513963475803
11025.497699980859 5614.651049985288 5410.84664999557
20654.0 10413.0 10241.0
0


HOST: 53
0.521323796612755 0.521323796612755 0.0
9422.406299978933 9422.406299978933 0.0
18074.0 18074.0 0.0
0


HOST: 54
0.5239228132617914 0.5240104231604145 0.5062500000003638
10302.418199979866 10253.31194997983 49.10625000003529
19664.0 19567.0 97.0
0


HOST: 55
0.5213168474440176 0.5213168474440176 0.0
11150.446049980093 11150.446049980093 0.0
21389.0 21389.0 0.0
0


HOST: 56
0.5322617586015959 0.5322617586015959 0.0
9234.209249979087 9234.209249979087 0.0
17349.0 17349.0 0.0
0


HOST: 57
0.5366401095128372 0.5366401095128372 0.0
9408.374399979062 9408.374399979062 0.0
17532.0 17532.0 0.0
0


HOST: 58
0.5232837138246775 0.5282554032772655 0.51035206379023
11048.089049980417 8055.894899978299 2992.1941500021185
21113.0 15250.0 5863.0
0


HOST: 59
0.5329023465694952 0.5365194857128682 0.5286505166887605
11218.660199981012 6102.909149983876 5115.751049997136
21052.0 11375.0 9677.0
0


HOST: 60
0.5062499999990427 0.5062499999985448 0.506249999999054
11054.474999979097 244.0124999992986 10810.462499979798
21836.0 482.0 21354.0
0


HOST: 61
0.5280140401601204 0.5275286569137523 0.5304713183734308
11411.967449980682 9520.837199979402 1891.1302500012807
21613.0 18048.0 3565.0
0


HOST: 62
0.5301915661038704 0.5301915661038704 0.0
9973.433549979907 9973.433549979907 0.0
18811.0 18811.0 0.0
0


HOST: 63
0.608483553605167 0.6459081945512366 0.5062500000003638
10681.320299985102 8299.92029998339 2381.4000000017113
17554.0 12850.0 4704.0
0


HOST: 64
0.5225858987130135 0.5225858987130135 0.0
10484.118299980477 10484.118299980477 0.0
20062.0 20062.0 0.0
0


HOST: 65
0.5062499999987279 0.5062499999985448 0.5062499999987385
8927.212499977568 488.0249999985972 8439.18749997897
17634.0 964.0 16670.0
0


HOST: 66
0.5471621698255777 0.5471621698255777 0.0
10129.613249980921 10129.613249980921 0.0
18513.0 18513.0 0.0
0


HOST: 67
0.5278249598703432 0.5278249598703432 0.0
8878.543649979043 8878.543649979043 0.0
16821.0 16821.0 0.0
0


HOST: 68
0.5323630060516444 0.5323630060516444 0.0
11874.35684998193 11874.35684998193 0.0
22305.0 22305.0 0.0
0


HOST: 69
0.527183408765695 0.5426279943560901 0.5062499999996636
10716.057149980283 6347.119649983186 4368.937499997097
20327.0 11697.0 8630.0
0


HOST: 70
0.568246223202437 0.568246223202437 0.0
10682.460749982612 10682.460749982612 0.0
18799.0 18799.0 0.0
0


HOST: 71
0.526562000507665 0.526562000507665 0.0
8275.448399978462 8275.448399978462 0.0
15716.0 15716.0 0.0
0


HOST: 72
0.5251471050527404 0.5095585785834004 0.5300243094094704
10557.557399980293 2441.2951499930714 8116.262249987221
20104.0 4791.0 15313.0
0


HOST: 73
0.5062499999988276 0.5062499999985448 0.5062499999988429
9506.362499977984 488.0249999985972 9018.337499979387
18778.0 964.0 17814.0
0


HOST: 74
0.5238446896263278 0.5297778196382418 0.5062500000003638
11620.446749980829 8788.484249978794 2831.962500002035
22183.0 16589.0 5594.0
0


HOST: 75
0.5346685929638586 0.5346685929638586 0.0
10639.904999980787 10639.904999980787 0.0
19900.0 19900.0 0.0
0


HOST: 76
0.5148677085217152 0.5148677085217152 0.0
11333.267999979993 11333.267999979993 0.0
22012.0 22012.0 0.0
0


HOST: 77
0.512535380381121 0.5097042763740711 0.51725060486829
9034.46114997802 5613.882899984019 3420.5782499940015
17627.0 11014.0 6613.0
0


HOST: 78
0.5191210796520448 0.5172384997927253 0.5295368772390515
10414.607099979323 8788.399349978195 1626.2077500011274
20062.0 16991.0 3071.0
0


HOST: 79
0.5262745739675447 0.5162860120831464 0.542103878070972
8523.542999978354 5126.720099985643 3396.8228999927105
16196.0 9930.0 6266.0
0


HOST: 80
0.5139661476134332 0.5139661476134332 0.0
8565.245849977864 8565.245849977864 0.0
16665.0 16665.0 0.0
0


HOST: 81
0.5209037102186594 0.5167681914396531 0.5223675891227151
13176.25934998099 3417.388049990426 9758.871299990564
25295.0 6613.0 18682.0
0


HOST: 82
0.5167414383373449 0.5144541022744806 0.5180771720394916
9976.726949979116 3661.8842999897533 6314.842649989363
19307.0 7118.0 12189.0
0


HOST: 83
0.5160394718234877 0.5071852725480462 0.5242709294387203
8763.898349978292 4149.7898999881145 4614.108449990177
16983.0 8182.0 8801.0
0


HOST: 84
0.5175752959801331 0.5162012361729215 0.518288605082112
9311.697149978574 3173.6051999911215 6138.091949987453
17991.0 6148.0 11843.0
0


HOST: 85
0.5062499999990699 0.5062499999985448 0.5062499999992339
11287.349999979264 2685.1499999922817 8602.199999986982
22296.0 5304.0 16992.0
0


HOST: 86
0.5176876835223768 0.5176876835223768 0.0
8885.591399978075 8885.591399978075 0.0
17164.0 17164.0 0.0
0


HOST: 87
0.5182958280876112 0.5182958280876112 0.0
11528.972399980823 11528.972399980823 0.0
22244.0 22244.0 0.0
0


HOST: 88
0.5292655155237227 0.5361610733248006 0.5170671450058364
11693.592299981128 7567.913549979559 4125.678750001569
22094.0 14115.0 7979.0
0


HOST: 89
0.5357563364412044 0.5357563364412044 0.0
8328.33224997852 8328.33224997852 0.0
15545.0 15545.0 0.0
0


HOST: 90
0.5363592008279577 0.5413935887082705 0.5062500000003638
9315.48659997997 8055.936599979064 1259.5500000009051
17368.0 14880.0 2488.0
0


HOST: 91
0.5357530722449094 0.5357530722449094 0.0
8283.278249978544 8283.278249978544 0.0
15461.0 15461.0 0.0
0


HOST: 92
0.5237186644059353 0.5335623613683046 0.511275030699821
11587.275449981318 6591.095849982667 4996.179599998652
22125.0 12353.0 9772.0
0


HOST: 93
0.5957129645034859 0.5957129645034859 0.0
10019.296349984128 10019.296349984128 0.0
16819.0 16819.0 0.0
0


HOST: 94
0.5340537380691952 0.5340537380691952 0.0
12086.704199982027 12086.704199982027 0.0
22632.0 22632.0 0.0
0


HOST: 95
0.5280727185204315 0.5280727185204315 0.0
10971.238799980485 10971.238799980485 0.0
20776.0 20776.0 0.0
0


HOST: 96
0.5301472053073066 0.5301472053073066 0.0
10186.778549979897 10186.778549979897 0.0
19215.0 19215.0 0.0
0


HOST: 97
0.5156416190170876 0.519256927984701 0.5076917439241926
19749.589649973474 13670.996399981208 6078.593250004358
38301.0 26328.0 11973.0
0


HOST: 98
0.5156487989305096 0.5170350734940135 0.5062500000003638
18718.56704997643 16356.404549983117 2362.1625000016975
36301.0 31635.0 4666.0
0


HOST: 99
0.5210166991475845 0.5224658439758978 0.5062500000003638
16575.104249982105 15135.835499981758 1439.2687500010343
31813.0 28970.0 2843.0
0


HOST: 100
0.5165614091783858 0.5183832995272437 0.5062500000003638
19178.89199997511 16356.548249983121 2822.343750002028
37128.0 31553.0 5575.0
0


HOST: 101
0.5148881934238555 0.5142236141894975 0.5155786454737545
18229.10159997818 9276.593999978535 8952.507600006275
35404.0 18040.0 17364.0
0


HOST: 102
0.5166067430435309 0.5168262890324787 0.5062500000003638
18938.803199975846 18553.546949976953 385.25625000027685
36660.0 35899.0 761.0
0


HOST: 103
0.5224951018421574 0.5237560677735766 0.506250000000315
20470.313099972045 19041.67559997615 1428.6375000008888
39178.0 36356.0 2822.0
0


HOST: 104
0.5103777884171464 0.5135746089102524 0.5062500000003638
16788.87734998203 9520.64609997826 7268.231250005223
32895.0 18538.0 14357.0
0


HOST: 105
0.5120809433273518 0.5170188680810542 0.5062500000003638
16969.338299981784 9276.869549978355 7692.468750005528
33138.0 17943.0 15195.0
0


HOST: 106
0.5172836369187678 0.5125060441974519 0.5191103041823536
16925.520599982083 4638.17969998694 12287.34089999631
32720.0 9050.0 23670.0
0


HOST: 107
0.5262318914128924 0.5125899260059613 0.5303723817182745
22602.712199966554 5126.4118499856195 17476.300349998863
42952.0 10001.0 32951.0
0


HOST: 108
0.5062499999991903 0.5062499999985448 0.5062499999992162
23546.19374996234 244.0124999992986 23302.18124996392
46511.0 482.0 46029.0
0


HOST: 109
0.5062499999993125 0.5062499999985448 0.5062499999994119
19796.399999973117 732.0374999978958 19064.362499977855
39104.0 1446.0 37658.0
0


HOST: 110
0.516880211160669 0.5078003939474994 0.5229036817900364
20561.494799971413 8056.253249977079 12505.24155000872
39780.0 15865.0 23915.0
0


HOST: 111
0.516392582870134 0.5200303124292358 0.5090429628514666
20656.7360999711 13914.971099981492 6741.765000004823
40002.0 26758.0 13244.0
0


HOST: 112
0.5062499999993589 0.5062499999985448 0.5062499999997102
18666.956249976363 2197.1249999936845 16469.831249990573
36873.0 4340.0 32533.0
0


HOST: 113
0.5284807331641107 0.5359938249809411 0.506249999999369
9017.466749979221 6835.529249981941 2181.9374999972806
17063.0 12753.0 4310.0
0


HOST: 114
0.5282817357326889 0.5282817357326889 0.0
11562.502349981361 11562.502349981361 0.0
21887.0 21887.0 0.0
0


HOST: 115
0.5330171262245068 0.5330171262245068 0.0
10438.607399980741 10438.607399980741 0.0
19584.0 19584.0 0.0
0


HOST: 116
0.5222801969157651 0.5222801969157651 0.0
11484.419249980758 11484.419249980758 0.0
21989.0 21989.0 0.0
0


HOST: 117
0.5180051432854644 0.5180051432854644 0.0
9995.945249979606 9995.945249979606 0.0
19297.0 19297.0 0.0
0


HOST: 118
0.5062499999985448 0.5062499999985448 0.5062499999985448
5799.093749983331 4638.2624999866675 1160.8312499966632
11455.0 9162.0 2293.0
0


HOST: 119
0.5163218001763428 0.5163218001763428 0.0
10480.299899979405 10480.299899979405 0.0
20298.0 20298.0 0.0
0


HOST: 120
0.5227206148359671 0.5227206148359671 0.0
10865.270699980412 10865.270699980412 0.0
20786.0 20786.0 0.0
0


HOST: 121
0.5164416008351838 0.5164416008351838 0.0
8891.058599978523 8891.058599978523 0.0
17216.0 17216.0 0.0
0


HOST: 122
0.5382527227304006 0.5382527227304006 0.0
9805.349849979708 9805.349849979708 0.0
18217.0 18217.0 0.0
0


HOST: 123
0.536398164036538 0.536398164036538 0.0
8501.910899979126 8501.910899979126 0.0
15850.0 15850.0 0.0
0


HOST: 124
0.5380019340320544 0.5380019340320544 0.0
10765.418699981408 10765.418699981408 0.0
20010.0 20010.0 0.0
0


HOST: 125
0.5296934443996625 0.5296934443996625 0.0
10746.420599980353 10746.420599980353 0.0
20288.0 20288.0 0.0
0


HOST: 126
0.5537771607850449 0.5571457017865203 0.5062500000003638
9354.403799980979 8788.416299980572 565.9875000004067
16892.0 15774.0 1118.0
0


HOST: 127
0.5145099210490642 0.5145099210490642 0.0
6386.611649982035 6386.611649982035 0.0
12413.0 12413.0 0.0
0


HOST: 128
0.5410609391115798 0.5410609391115798 0.0
11010.049049981537 11010.049049981537 0.0
20349.0 20349.0 0.0
0


HOST: 129
0.5244743911182614 0.5244743911182614 0.0
11693.156549981639 11693.156549981639 0.0
22295.0 22295.0 0.0
0


HOST: 130
0.5062499999987986 0.5062499999985448 0.5062499999988459
9330.693749977858 1464.5812499957901 7866.112499982068
18431.0 2893.0 15538.0
0


HOST: 131
0.5099204259058248 0.5120692987699077 0.5062499999985846
8093.45699997725 5126.325749985546 2967.131249991704
15872.0 10011.0 5861.0
0


HOST: 132
0.5078625175142022 0.5078625175142022 0.0
10873.33649997907 10873.33649997907 0.0
21410.0 21410.0 0.0
0


HOST: 133
0.5196776831901782 0.5196776831901782 0.0
11751.471449979499 11751.471449979499 0.0
22613.0 22613.0 0.0
0


HOST: 134
0.5118517742922801 0.5118517742922801 0.0
9923.782199978727 9923.782199978727 0.0
19388.0 19388.0 0.0
0


HOST: 135
0.5346125436969947 0.5275212965173215 0.5480390896696457
13610.700749981788 8788.504799978577 4822.195950003212
25459.0 16660.0 8799.0
0


HOST: 136
0.5066147126098005 0.5066147126098005 0.0
10629.789899978834 10629.789899978834 0.0
20982.0 20982.0 0.0
0


HOST: 137
0.5157078898978137 0.5157078898978137 0.0
10098.591899978988 10098.591899978988 0.0
19582.0 19582.0 0.0
0


HOST: 138
0.5062499999990898 0.5062499999985448 0.5062499999994602
11463.01874997939 4638.2624999866675 6824.756249992723
22643.0 9162.0 13481.0
0


HOST: 139
0.5229783403993007 0.5186077664245247 0.535538023256175
13937.895749981762 10253.394149979278 3684.5016000024843
26651.0 19771.0 6880.0
0


HOST: 140
0.5062499999985828 0.5062499999985448 0.5062499999986039
8199.731249977045 2929.1624999915803 5270.568749985465
16197.0 5786.0 10411.0
0


HOST: 141
0.507144496837923 0.5086478330309108 0.506249999999067
9786.874499978238 3661.7557499895265 6125.118749988711
19298.0 7199.0 12099.0
0


HOST: 142
0.5302195308999555 0.5302195308999555 0.0
10681.272449979604 10681.272449979604 0.0
20145.0 20145.0 0.0
0


HOST: 143
0.5198677850550825 0.5202572802660081 0.5192374918448958
14603.60594998232 9032.706899978433 5570.899050003887
28091.0 17362.0 10729.0
0


HOST: 144
0.5131840708951365 0.5131840708951365 0.0
9091.568999978239 9091.568999978239 0.0
17716.0 17716.0 0.0
0


HOST: 145
0.5090380908785455 0.5090380908785455 0.0
9454.873499978103 9454.873499978103 0.0
18574.0 18574.0 0.0
0


HOST: 146
0.5141606229574956 0.5097068744113276 0.5166625263895707
13692.611549981066 4882.482149986106 8810.12939999496
26631.0 9579.0 17052.0
0


HOST: 147
0.515218615718419 0.515218615718419 0.0
11366.75309997976 11366.75309997976 0.0
22062.0 22062.0 0.0
0


HOST: 148
0.515989199074852 0.5126314909240087 0.522005280838268
10720.191599979124 6835.428299980733 3884.7632999983907
20776.0 13334.0 7442.0
0


HOST: 149
0.5129147591195663 0.5129147591195663 0.0
9124.240649977964 9124.240649977964 0.0
17789.0 17789.0 0.0
0


HOST: 150
0.5271944371285298 0.5271944371285298 0.0
9609.70019997884 9609.70019997884 0.0
18228.0 18228.0 0.0
0


HOST: 151
0.5148715472064795 0.5148715472064795 0.0
9237.825299978656 9237.825299978656 0.0
17942.0 17942.0 0.0
0


HOST: 152
0.5336048157550298 0.5336048157550298 0.0
10498.674749980211 10498.674749980211 0.0
19675.0 19675.0 0.0
0


HOST: 153
0.5062499999985448 0.5062499999985448 0.0
7585.143749978197 7585.143749978197 0.0
14983.0 14983.0 0.0
0


HOST: 154
0.512168849020143 0.5151855258515218 0.5062499999990184
8792.914799977816 5858.6897999835055 2934.2249999943106
17168.0 11372.0 5796.0
0


HOST: 155
0.5176159735335771 0.5176159735335771 0.0
8214.565499977869 8214.565499977869 0.0
15870.0 15870.0 0.0
0


HOST: 156
0.5062499999988983 0.5062499999988983 0.0
9965.024999978314 9965.024999978314 0.0
19684.0 19684.0 0.0
0


HOST: 157
0.5406913230231791 0.5452257118914225 0.5397562521581217
11328.56459998165 1952.9984999950757 9375.566099986574
20952.0 3582.0 17370.0
0


HOST: 158
0.5062499999989877 0.5062499999985448 0.5062499999993314
10612.012499978779 4638.2624999866675 5973.749999992111
20962.0 9162.0 11800.0
0


HOST: 159
0.5142222469927561 0.5142222469927561 0.0
11417.276549980163 11417.276549980163 0.0
22203.0 22203.0 0.0
0


HOST: 160
0.5062499999987089 0.5062499999985448 0.5062499999987717
8824.949999977494 2441.137499992983 6383.812499984511
17432.0 4822.0 12610.0
0


HOST: 161
0.5062499999988334 0.5062499999985448 0.5062499999988573
9542.30624997801 732.0374999978958 8810.268749980114
18849.0 1446.0 17403.0
0


HOST: 162
0.5075989483413392 0.5075989483413392 0.0
9049.981649977737 9049.981649977737 0.0
17829.0 17829.0 0.0
0


HOST: 163
0.546285616839339 0.5313596813497804 0.5654087953148624
11172.08714998132 6103.197299983578 5068.889849997742
20451.0 11486.0 8965.0
0


HOST: 164
0.5137609181842296 0.5137609181842296 0.0
8935.843649978306 8935.843649978306 0.0
17393.0 17393.0 0.0
0


HOST: 165
0.5105461672460629 0.5105461672460629 0.0
8645.078249977583 8645.078249977583 0.0
16933.0 16933.0 0.0
0


HOST: 166
0.5280273741499987 0.5280273741499987 0.0
9797.019899979075 9797.019899979075 0.0
18554.0 18554.0 0.0
0


HOST: 167
0.5260150537880085 0.5656486096468063 0.514510804695327
11099.443649980767 2685.1339499933893 8414.309699987378
21101.0 4747.0 16354.0
0


HOST: 168
0.5174024357705225 0.5238860837697661 0.5062499999999295
11056.372649980294 7079.272649980849 3977.0999999994456
21369.0 13513.0 7856.0
0


HOST: 169
0.5361696853196981 0.7453202290062123 0.5084269542312682
8996.391149979214 1464.554249997207 7531.836899982007
16779.0 1965.0 14814.0
0


HOST: 170
0.5236194456190707 0.5242798711431322 0.5062500000003638
11135.814749980776 10741.445999980493 394.3687500002834
21267.0 20488.0 779.0
0


HOST: 171
0.5062499999985448 0.5062499999985448 0.0
3930.524999988702 3930.524999988702 0.0
7764.0 7764.0 0.0
0


HOST: 172
0.51810592827107 0.5207089666599803 0.5147299795080754
11614.898699980848 6591.134099982031 5023.764599998816
22418.0 12658.0 9760.0
0


HOST: 173
0.5272475044757443 0.5309552130754737 0.5062500000000641
9127.18154997961 7811.944049979444 1315.2375000001666
17311.0 14713.0 2598.0
0


HOST: 174
0.5320284043565006 0.5761855119811327 0.513627939172927
9962.76389997983 3173.629799992079 6789.13409998775
18726.0 5508.0 13218.0
0


HOST: 175
0.5214804221621686 0.5214804221621686 0.0
7905.643199978476 7905.643199978476 0.0
15160.0 15160.0 0.0
0


HOST: 176
0.5524112423766323 0.5524112423766323 0.0
5798.108399985133 5798.108399985133 0.0
10496.0 10496.0 0.0
0


HOST: 177
0.5500198734401428 0.5778969394642333 0.5169808016031747
11994.833399982634 6835.36499998295 5159.468399999683
21808.0 11828.0 9980.0
0


HOST: 178
0.5275596836839135 0.5275596836839135 0.0
11407.950599980946 11407.950599980946 0.0
21624.0 21624.0 0.0
0


HOST: 179
0.5189520042371973 0.5189520042371973 0.0
11755.300799980994 11755.300799980994 0.0
22652.0 22652.0 0.0
0


HOST: 180
0.5360322695369761 0.5360322695369761 0.0
11077.106849981612 11077.106849981612 0.0
20665.0 20665.0 0.0
0


HOST: 181
0.5463323161413742 0.5463323161413742 0.0
7161.323999981134 7161.323999981134 0.0
13108.0 13108.0 0.0
0


HOST: 182
0.5285093992992398 0.5285093992992398 0.0
10874.609399981158 10874.609399981158 0.0
20576.0 20576.0 0.0
0


HOST: 183
0.5367253783091861 0.5367253783091861 0.0
10214.95739998043 10214.95739998043 0.0
19032.0 19032.0 0.0
0


HOST: 184
0.5175416457994318 0.5092177471102268 0.5190992058247135
20462.044049972137 3173.444999990934 17288.59904999208
39537.0 6232.0 33305.0
0


HOST: 185
0.5282656627562302 0.5193336347048984 0.5406199453555544
17970.013049978683 10253.203949978808 7716.809100005183
34017.0 19743.0 14274.0
0


HOST: 186
0.5298906474255983 0.5299150834661452 0.506249999999909
20526.90389997283 20506.653899972887 20.249999999996362
38738.0 38698.0 40.0
0


HOST: 187
0.5206269850276865 0.5247008941960672 0.5134926532210151
20169.089399972574 12938.599349980821 7230.4900500051135
38740.0 24659.0 14081.0
0


HOST: 188
0.5062499999992813 0.5062499999985448 0.506249999999312
20634.749999970707 244.0124999992986 20390.73749997229
40760.0 482.0 40278.0
0


HOST: 189
0.528087838539598 0.528087838539598 0.0
20317.65149997249 20317.65149997249 0.0
38474.0 38474.0 0.0
0


HOST: 190
0.5188678340372885 0.5202432233721241 0.5168252515985666
20371.788899972024 12206.466749980149 8165.322150005753
39262.0 23463.0 15799.0
0


HOST: 191
0.5172432525731643 0.5160496670623335 0.5330816970548615
21050.248649970068 19529.89964997401 1520.349000000465
40697.0 37845.0 2852.0
0


HOST: 192
0.5062499999992777 0.5062499999985448 0.5062499999993392
20737.012499970413 488.0249999985972 20248.98749997357
40962.0 964.0 39998.0
0


HOST: 193
0.5155196162398614 0.5131104137916546 0.5167733798198592
22930.828049965276 7812.106049977941 15118.722000009799
44481.0 15225.0 29256.0
0


HOST: 194
0.521722610009288 0.5166327832195219 0.5314319898427853
23297.523149964756 15135.790649982333 8161.732500005497
44655.0 29297.0 15358.0
0


HOST: 195
0.5245597392432444 0.5260953614068351 0.5062500000003638
16093.492799982738 14891.655299981874 1201.8375000008637
30680.0 28306.0 2374.0
0


HOST: 196
0.5062499999993234 0.5062499999985448 0.5062499999995727
19518.974999973914 1708.5937499950887 17810.381249984966
38556.0 3375.0 35181.0
0


HOST: 197
0.517336216503021 0.516201592894781 0.527367397806907
20425.468499972274 18309.67049997788 2115.798000001311
39482.0 35470.0 4012.0
0


HOST: 198
0.5315792788873035 0.5315792788873035 0.0
15296.193749982158 15296.193749982158 0.0
28775.0 28775.0 0.0
0


HOST: 199
0.5155414586933841 0.5187080560569364 0.5114567179849685
20244.281999971805 11473.822199979431 8770.45980000624
39268.0 22120.0 17148.0
0


HOST: 200
0.5062499999993635 0.5062499999985448 0.5062499999996309
18563.17499997666 1708.5937499950887 16854.581249987714
36668.0 3375.0 33293.0
0


HOST: 201
0.5169588252141398 0.5174333428913238 0.506249999999909
21650.235599968175 20750.62934997076 899.6062499998384
41880.0 40103.0 1777.0
0


HOST: 202
0.513062840808403 0.507133139063752 0.5146552065577192
21000.688199969554 4394.308649987412 16606.379549997928
40932.0 8665.0 32267.0
0


HOST: 203
0.5141190139750498 0.5141190139750498 0.0
19975.066049972607 19975.066049972607 0.0
38853.0 38853.0 0.0
0


HOST: 204
0.5250712970410544 0.5280719894311255 0.5092612341260562
20216.820149971718 17088.937649980653 3127.882500002237
38503.0 32361.0 6142.0
0


HOST: 205
0.5199571379101232 0.5199571379101232 0.0
19522.31069997349 19522.31069997349 0.0
37546.0 37546.0 0.0
0


HOST: 206
0.5132176128141339 0.5163619247933644 0.5095315186250055
20232.5779499716 10985.599949978829 9246.978000006598
39423.0 21275.0 18148.0
0


HOST: 207
0.5155463975446665 0.5155463975446665 0.0
21423.530549968615 21423.530549968615 0.0
41555.0 41555.0 0.0
0


HOST: 208
0.5147542586404501 0.5159261370939994 0.5062500000003638
19122.09119997544 16844.472449981986 2277.6187500016367
37148.0 32649.0 4499.0
0


HOST: 209
0.524829154602577 0.527747336828109 0.521869175142659
22659.49874996626 11473.754849979918 11185.743900007752
43175.0 21741.0 21434.0
0


HOST: 210
0.524418431685516 0.5245555810002014 0.5062500000003638
18688.699649976734 18553.530899977122 135.16875000009713
35637.0 35370.0 267.0
0


HOST: 211
0.5062499999992985 0.5062499999985448 0.5062499999998237
20163.93749997206 3417.693749990176 16746.243749994166
39830.0 6751.0 33079.0
0


HOST: 212
0.5062499999992695 0.5062499999985448 0.50624999999933
20974.44374996973 488.0249999985972 20486.418749972887
41431.0 964.0 40467.0
0


HOST: 213
0.524151700272031 0.5211232556715308 0.539579501320849
20561.947049971503 17088.67379998084 3473.273250002305
39229.0 32792.0 6437.0
0


HOST: 214
0.5062499999992258 0.5062499999985448 0.5062499999996404
22317.52499996587 3173.6812499908774 19143.8437499864
44084.0 6269.0 37815.0
0


HOST: 215
0.5165672922597568 0.5098377377474917 0.5197508892027524
21565.13474996807 6835.394549980621 14729.740200006003
41747.0 13407.0 28340.0
0


HOST: 216
0.5186662455241252 0.5186662455241252 0.0
19992.50909997293 19992.50909997293 0.0
38546.0 38546.0 0.0
0


HOST: 217
0.5062499999993234 0.5062499999985448 0.5062499999995727
19518.974999973914 1708.5937499950887 17810.381249984966
38556.0 3375.0 35181.0
0


HOST: 218
0.5221168580077639 0.5177809664316007 0.5238722587269439
19646.735249974146 5614.816799984277 14031.91845000119
37629.0 10844.0 26785.0
0


HOST: 219
0.5214282431494931 0.5214282431494931 0.0
16632.51809998253 16632.51809998253 0.0
31898.0 31898.0 0.0
0


HOST: 220
0.517403382537238 0.517403382537238 0.0
16053.474749982885 16053.474749982885 0.0
31027.0 31027.0 0.0
0


HOST: 221
0.5134405698943688 0.5134405698943688 0.0
12054.557699979992 12054.557699979992 0.0
23478.0 23478.0 0.0
0


HOST: 222
0.5259993617014886 0.5259993617014886 0.0
18541.477499977475 18541.477499977475 0.0
35250.0 35250.0 0.0
0


HOST: 223
0.5223498803820547 0.5223498803820547 0.0
20087.486999972294 20087.486999972294 0.0
38456.0 38456.0 0.0
0


HOST: 224
0.5062499999994703 0.5062499999985448 0.5062499999995655
16421.23124998282 1464.5812499957901 14956.649999987163
32437.0 2893.0 29544.0
0


HOST: 225
0.5202736180329797 0.5256325427198383 0.5098749088139434
23068.411949964284 15380.008199982469 7688.403750005453
44339.0 29260.0 15079.0
0


HOST: 226
0.5151521213913428 0.5084068038569649 0.5203132170416221
21685.328549968573 9276.898949978038 12408.429600008605
42095.0 18247.0 23848.0
0


HOST: 227
0.5219332728945618 0.5249111155605733 0.5112558049890249
15832.323899983638 12450.366749981238 3381.9571500023994
30334.0 23719.0 6615.0
0


HOST: 228
0.5266770957571906 0.5264597416895842 0.5275469606007388
14041.738049982458 11229.91274998052 2811.8253000019376
26661.0 21331.0 5330.0
0


HOST: 229
0.5202659284305275 0.5062499999985448 0.521913889452829
14306.272499982648 1464.5812499957901 12841.691249986858
27498.0 2893.0 24605.0
0


HOST: 230
0.5141865748984262 0.5141865748984262 0.0
14138.588249982025 14138.588249982025 0.0
27497.0 27497.0 0.0
0


HOST: 231
0.5190515674587773 0.5190515674587773 0.0
13245.676949980538 13245.676949980538 0.0
25519.0 25519.0 0.0
0


HOST: 232
0.5062499999993479 0.5062499999985448 0.5062499999994563
14376.487499981484 1708.5937499950887 12667.893749986395
28398.0 3375.0 25023.0
0


HOST: 233
0.5252147889774248 0.5252147889774248 0.0
18069.489599979323 18069.489599979323 0.0
34404.0 34404.0 0.0
0


HOST: 234
0.53217755076997 0.53217755076997 0.0
13050.057899981204 13050.057899981204 0.0
24522.0 24522.0 0.0
0


HOST: 235
0.5330567245670547 0.5382163043467592 0.5062500000003638
12397.833299980557 10497.370799979191 1900.4625000013657
23258.0 19504.0 3754.0
0


HOST: 236
0.5215198565409246 0.525522366072851 0.5180331011576721
18213.03794997871 8544.468149978484 9668.569800006791
34923.0 16259.0 18664.0
0


HOST: 237
0.5424499644880246 0.5507414226620415 0.5168190832489488
15275.390999982772 11718.125249980258 3557.2657500025143
28160.0 21277.0 6883.0
0


HOST: 238
0.9040791071157005 2.8075308729246387 0.5062499999993264
55477.00624994073 29782.287499984566 25694.71874996581
61363.0 10608.0 50755.0
2


HOST: 239
0.5233532620430068 0.5430068409329215 0.5195583036208166
14535.613499982472 2440.8157499934823 12094.79774998899
27774.0 4495.0 23279.0
0


HOST: 240
0.5171461531326748 0.5185051793185643 0.5078399439022951
19533.12734997426 17088.893699981243 2444.2336500017464
37771.0 32958.0 4813.0
0


HOST: 241
0.5168025545098093 0.521150150027598 0.5130529859663224
19340.818799975103 9031.532099978274 10309.286700007282
37424.0 17330.0 20094.0
0


HOST: 242
0.5279748091876778 0.5285348425338418 0.506249999999909
21513.389549970307 20994.989549971797 518.3999999999069
40747.0 39723.0 1024.0
0


HOST: 243
0.5172182291161895 0.5186079864465741 0.5062500000001056
21671.443799968343 19285.9937999752 2385.4500000004973
41900.0 37188.0 4712.0
0


HOST: 244
0.5257342375911725 0.5333362073973358 0.5215200254332264
20242.345349972915 7323.7727999802155 12918.572550006451
38503.0 13732.0 24771.0
0


HOST: 245
0.5201181674383936 0.5201181674383936 0.0
21209.89874997025 21209.89874997025 0.0
40779.0 40779.0 0.0
0


HOST: 246
0.5205851860078802 0.5230522757536527 0.5062500000002493
21074.329499971005 18065.179499979655 3009.150000001482
40482.0 34538.0 5944.0
0


HOST: 247
0.5176054146993491 0.5176054146993491 0.0
15352.176599982695 15352.176599982695 0.0
29660.0 29660.0 0.0
0


HOST: 248
0.5288316891833746 0.5220507296042554 0.5333524236836884
21019.473149971593 8300.084549978055 12719.3886000086
39747.0 15899.0 23848.0
0


HOST: 249
0.5183548022463009 0.5207489078492096 0.508987257956975
22883.2910999652 18309.53159997821 4573.759500001377
44146.0 35160.0 8986.0
0


HOST: 250
0.5226137938301093 0.5228078696863372 0.5224440299753857
23533.821749963652 10984.716149979631 12549.105600008765
45031.0 21011.0 24020.0
0


HOST: 251
0.5204376404486545 0.5160718255263539 0.5246343034548684
22603.64759996596 10985.620949979495 11618.026650008062
43432.0 21287.0 22145.0
0


HOST: 252
0.5166195928292008 0.5166195928292008 0.0
18791.00444997652 18791.00444997652 0.0
36373.0 36373.0 0.0
0


HOST: 253
0.5212938482733498 0.5212938482733498 0.0
19858.68914997326 19858.68914997326 0.0
38095.0 38095.0 0.0
0


HOST: 254
0.5339878805052296 0.5213068310150076 0.5540470124609556
18366.51314997737 10985.498849979256 7381.01430000485
34395.0 21073.0 13322.0
0


HOST: 255
0.5145556937116998 0.5168317158244388 0.5121459857364804
20794.739249970924 10741.31354997931 10053.42570000711
40413.0 20783.0 19630.0
0


HOST: 256
0.5182096870055248 0.5080195456107591 0.5210323405072652
20662.574849971294 4393.861049987456 16268.713799998848
39873.0 8649.0 31224.0
0


HOST: 257
0.5189278077346876 0.519464955705238 0.5182727506226165
21748.783349968493 11962.23899998022 9786.544350006867
41911.0 23028.0 18883.0
0


HOST: 258
0.5178597116475124 0.5220056179206533 0.5076050946206423
21766.67939996824 15624.150149983072 6142.529250004392
42032.0 29931.0 12101.0
0


HOST: 259
0.5304424087318717 0.5368830565344308 0.5208906343140349
23422.214999964526 14159.216849982544 9262.998150006482
44156.0 26373.0 17783.0
0


HOST: 260
0.5340754581060222 0.5364409225225227 0.5290426970824177
20722.661849971766 14159.358149981987 6563.303700004473
38801.0 26395.0 12406.0
0


HOST: 261
0.5062499999992552 0.5062499999985448 0.5062499999995094
21394.124999968524 1952.6062499943873 19441.518749981158
42260.0 3857.0 38403.0
0


HOST: 262
0.5138185837765713 0.5124806949387108 0.5144679415763654
22468.772849965688 7322.836649979239 15145.936200008198
43729.0 14289.0 29440.0
0


HOST: 263
0.5201369027674491 0.5193762704326217 0.5282742005187615
21119.6387999695 19285.99904997454 1833.639750000621
40604.0 37133.0 3471.0
0


HOST: 264
0.5242043881512677 0.5264591089444434 0.5094892568964731
21024.789599971045 18309.721349978798 2715.068250001305
40108.0 34779.0 5329.0
0


HOST: 265
0.5194759365104671 0.5122408846720508 0.5226363973015662
20357.222999972182 6102.837899982813 14254.385100002915
39188.0 11914.0 27274.0
0


HOST: 266
0.5151548169728812 0.5148899325077935 0.5156765891154453
22094.990099966875 14647.58879998171 7447.401300005262
42890.0 28448.0 14442.0
0


HOST: 267
0.5286367407304562 0.5286367407304562 0.0
16083.244199983399 16083.244199983399 0.0
30424.0 30424.0 0.0
0


HOST: 268
0.5192611933184231 0.5209804573156234 0.5184507616859798
21265.303649969384 6835.263599980979 14430.040050005875
40953.0 13120.0 27833.0
0


HOST: 269
0.5171883118191627 0.5088201778751433 0.5188072684497335
22958.506349964453 3661.469999989531 19297.036349987837
44391.0 7196.0 37195.0
0


HOST: 270
0.5221071428564096 0.5221071428564096 0.0
20912.47949997063 20912.47949997063 0.0
40054.0 40054.0 0.0
0


HOST: 271
0.5199837381739781 0.5199837381739781 0.0
20721.871949971202 20721.871949971202 0.0
39851.0 39851.0 0.0
0


HOST: 272
0.5062499999991432 0.5062499999985448 0.5062499999991964
11964.71249997975 976.0499999971944 10988.662499982556
23634.0 1928.0 21706.0
0


HOST: 273
0.506249999999437 0.5062499999985448 0.5062499999995649
17033.793749981058 976.0499999971944 16057.743749986199
33647.0 1928.0 31719.0
0


HOST: 274
0.5198010206563242 0.5204011804003753 0.5062500000003638
17060.909099981873 16356.209099983796 704.7000000005064
32822.0 31430.0 1392.0
0


HOST: 275
0.5290886993975116 0.5290886993975116 0.0
17931.874199980462 17931.874199980462 0.0
33892.0 33892.0 0.0
0


HOST: 276
0.5664093429016542 0.5922022123025462 0.5119600778373125
17205.250199980648 12206.471999980082 4998.778200003519
30376.0 20612.0 9764.0
0


HOST: 277
0.5406760805910887 0.5416567990008804 0.5062500000003638
14034.869699983481 13670.87594998322 363.99375000026157
25958.0 25239.0 719.0
0


HOST: 278
0.5215022049118679 0.5250359035133711 0.5119795574292345
14628.658349982808 10741.70954998006 3886.9488000027486
28051.0 20459.0 7592.0
0


HOST: 279
0.5269605620965462 0.5269605620965462 0.0
8681.148299978502 8681.148299978502 0.0
16474.0 16474.0 0.0
0


HOST: 280
0.5331523396303132 0.5331523396303132 0.0
9001.210949978577 9001.210949978577 0.0
16883.0 16883.0 0.0
0


HOST: 281
0.5370890112349199 0.5370890112349199 0.0
10755.207449979272 10755.207449979272 0.0
20025.0 20025.0 0.0
0


HOST: 282
0.5263852104903625 0.5263852104903625 0.0
9552.838799979098 9552.838799979098 0.0
18148.0 18148.0 0.0
0


HOST: 283
0.5243902972022264 0.538674022697218 0.5205178205124731
15597.464999983022 3417.3479999911506 12180.116999991871
29744.0 6344.0 23400.0
0


HOST: 284
0.5219063341945762 0.5219063341945762 0.0
15341.958599983764 15341.958599983764 0.0
29396.0 29396.0 0.0
0


HOST: 285
0.520722048815919 0.520722048815919 0.0
14080.32419998245 14080.32419998245 0.0
27040.0 27040.0 0.0
0


HOST: 286
0.5280690061368776 0.5397487404514696 0.5167340442136266
16003.659299984212 8056.289699978635 7947.369600005577
30306.0 14926.0 15380.0
0


HOST: 287
0.5207645378112595 0.5319443513227206 0.5115488186527964
13751.82914998193 6347.159999982701 7404.6691499992285
26407.0 11932.0 14475.0
0


HOST: 288
0.5173220826365572 0.5255836246186912 0.5097027244061333
17027.65634998228 8300.016599978371 8727.63975000622
32915.0 15792.0 17123.0
0


HOST: 289
0.5180753657456972 0.5180753657456972 0.0
14129.469449982402 14129.469449982402 0.0
27273.0 27273.0 0.0
0


HOST: 290
0.529631013890754 0.529631013890754 0.0
14678.723549982245 14678.723549982245 0.0
27715.0 27715.0 0.0
0


HOST: 291
0.5222376608865444 0.5531016616299937 0.5101352065745862
14728.668749983213 4393.839599988671 10334.829149994543
28203.0 7944.0 20259.0
0


HOST: 292
0.5208403893573854 0.5237010837980225 0.5062500000003638
13938.730499982348 11717.811749980752 2220.918750001596
26762.0 22375.0 4387.0
0


HOST: 293
0.5175349820794735 0.5224509015563354 0.5062500000003638
16317.36044998372 11474.06669998024 4843.29375000348
31529.0 21962.0 9567.0
0


HOST: 294
0.506249999998789 0.5062499999985448 0.5062499999987955
9272.981249977816 244.0124999992986 9028.968749978518
18317.0 482.0 17835.0
0


HOST: 295
0.5527254117413072 0.5527254117413072 0.0
17115.69509998132 17115.69509998132 0.0
30966.0 30966.0 0.0
0


HOST: 296
0.5489182547489003 0.5380546284620554 0.5517785968908807
16729.381649982235 3417.722999990976 13311.658649992496
30477.0 6352.0 24125.0
0


HOST: 297
0.5216058146947367 0.5216058146947367 0.0
14716.064849982604 14716.064849982604 0.0
28213.0 28213.0 0.0
0


HOST: 298
0.5244271180380868 0.5269785891214676 0.5137263134464896
18353.375849978926 14891.887949983553 3461.4879000024466
34997.0 28259.0 6738.0
0


HOST: 299
0.5205614414516625 0.5248587400547835 0.5072745969756007
12816.743249981382 9764.471999979192 3052.27125000219
24621.0 18604.0 6017.0
0


HOST: 300
0.564231818181202 0.572197143109033 0.526007724957918
15417.070199983164 12938.521799981454 2478.5484000017095
27324.0 22612.0 4712.0
0


HOST: 301
0.527226399778805 0.527226399778805 0.0
12438.852449981348 12438.852449981348 0.0
23593.0 23593.0 0.0
0


HOST: 302
0.5385557705980338 0.5464358830867477 0.5062500000003638
12869.867249981215 10497.57974997951 2372.2875000017048
23897.0 19211.0 4686.0
0


HOST: 303
0.54472477067743 0.54472477067743 0.0
13895.92889998124 13895.92889998124 0.0
25510.0 25510.0 0.0
0


HOST: 304
0.5242866023412315 0.5242866023412315 0.0
19208.288249975696 19208.288249975696 0.0
36637.0 36637.0 0.0
0


HOST: 305
0.526075116054966 0.526075116054966 0.0
13145.56499998149 13145.56499998149 0.0
24988.0 24988.0 0.0
0


HOST: 306
0.525654013179329 0.5262549276240851 0.5252338346130834
12443.281799981078 5126.249249986213 7317.032549994865
23672.0 9741.0 13931.0
0


HOST: 307
0.5225076021327794 0.5243648294519097 0.5108890755176985
14107.182749982909 12206.164499981553 1901.0182500013561
26999.0 23278.0 3721.0
0


HOST: 308
0.5225413840229192 0.5229280679927746 0.5062500000003638
15483.423749983118 15135.629999982868 347.79375000024993
29631.0 28944.0 687.0
0


HOST: 309
0.5062499999993807 0.5062499999985448 0.5062499999994394
14854.893749981828 976.0499999971944 13878.843749984633
29343.0 1928.0 27415.0
0


HOST: 310
0.5216757865640113 0.52639519838843 0.5201322362230927
14723.777399982653 3661.6049999899187 11062.172399992734
28224.0 6956.0 21268.0
0


HOST: 311
0.5501716221429754 0.5421073344355645 0.5730288967052959
17093.83229998225 12450.57914998161 4643.253150003013
31070.0 22967.0 8103.0
0


HOST: 312
0.530235016201398 0.530235016201398 0.0
12272.289449981357 12272.289449981357 0.0
23145.0 23145.0 0.0
0


HOST: 313
0.5202435122471014 0.5450195002561768 0.5146462056253107
16438.65449998391 3173.648549991718 13265.005949992385
31598.0 5823.0 25775.0
0


HOST: 314
0.5062499999994224 0.5062499999985448 0.5062499999997429
15513.0187499823 4149.731249988072 11363.287499994229
30643.0 8197.0 22446.0
0


HOST: 315
0.5276985133683869 0.5418304661472735 0.5256150822215692
14801.943299983253 1952.7569999947737 12849.18629998848
28050.0 3604.0 24446.0
0


HOST: 316
0.5197136472628862 0.5197136472628862 0.0
13437.196349981921 13437.196349981921 0.0
25855.0 25855.0 0.0
0


HOST: 317
0.5247675050080004 0.5326424725303109 0.5206597309163751
19644.671549974497 6835.400849981481 12809.27070000466
37435.0 12833.0 24602.0
0


HOST: 318
0.529860656325528 0.5280381338020823 0.5657692269573017
22136.51849996791 20994.79619997079 1141.7222999998348
41778.0 39760.0 2018.0
0


HOST: 319
0.5349781497196895 0.5349781497196895 0.0
16636.750499982903 16636.750499982903 0.0
31098.0 31098.0 0.0
0


HOST: 320
0.5144413146317423 0.5109398245034646 0.5165575755364823
16963.7023499817 6346.894499982038 10616.80785000132
32975.0 12422.0 20553.0
0


HOST: 321
0.5217961847791207 0.5221830550911165 0.5062500000001898
20501.372099971653 20018.40959997304 482.9625000001811
39290.0 38336.0 954.0
0


HOST: 322
0.5226796753051381 0.5261147057104163 0.5062500000001907
21699.569399968117 18065.200649978564 3634.3687500013693
41516.0 34337.0 7179.0
0


HOST: 323
0.5188554059186512 0.5167153011054989 0.5237632545216153
21825.652649968062 15135.624599982273 6690.028050004592
42065.0 29292.0 12773.0
0


HOST: 324
0.5163017967462235 0.518328426168019 0.5098795206059152
20473.947749971492 15623.973749982595 4849.974000003465
39655.0 30143.0 9512.0
0


HOST: 325
0.5217507098172011 0.5278594161944103 0.5186614497357546
22271.972549966864 7567.920449979261 14704.052100008643
42687.0 14337.0 28350.0
0


HOST: 326
0.5085196064883307 0.5086585167324948 0.5084864196377599
20249.759249971816 3905.988749988828 16343.770499996877
39821.0 7679.0 32142.0
0


HOST: 327
0.5202045015253915 0.5202045015253915 0.0
16363.552799982715 16363.552799982715 0.0
31456.0 31456.0 0.0
0


HOST: 328
0.5232877020864951 0.5232877020864951 0.0
10001.597849979182 10001.597849979182 0.0
19113.0 19113.0 0.0
0


HOST: 329
0.5158088812729361 0.516201144814072 0.5136423479651887
8354.556449977747 7079.182499980183 1275.3739499975636
16197.0 13714.0 2483.0
0


HOST: 330
0.5191992042493483 0.5191992042493483 0.0
10994.04314997995 10994.04314997995 0.0
21175.0 21175.0 0.0
0


HOST: 331
0.5201241723248561 0.5201241723248561 0.0
9803.300399978887 9803.300399978887 0.0
18848.0 18848.0 0.0
0


HOST: 332
0.5253918478674199 0.5253918478674199 0.0
13579.277699981334 13579.277699981334 0.0
25846.0 25846.0 0.0
0


HOST: 333
0.5193099953712691 0.5193099953712691 0.0
8977.8311999785 8977.8311999785 0.0
17288.0 17288.0 0.0
0


HOST: 334
0.5295364255839168 0.5102454189151121 0.5449762233373822
13676.866799981402 5858.637899983318 7818.228899998085
25828.0 11482.0 14346.0
0


HOST: 335
0.516546760401837 0.516546760401837 0.0
10874.342399979472 10874.342399979472 0.0
21052.0 21052.0 0.0
0


HOST: 336
0.5062499999989875 0.5062499999985448 0.5062499999990725
10610.999999978778 1708.5937499950887 8902.40624998369
20960.0 3375.0 17585.0
0


HOST: 337
0.5201065339304017 0.5201065339304017 0.0
9273.499499979063 9273.499499979063 0.0
17830.0 17830.0 0.0
0


HOST: 338
0.5185320657689495 0.5242024281452657 0.5062499999992828
9176.980499978868 6347.0429999828775 2829.937499995991
17698.0 12108.0 5590.0
0


HOST: 339
0.5451917014170331 0.5430225172201681 0.5491453701284522
11766.32729998241 7567.5617999802635 4198.765500002146
21582.0 13936.0 7646.0
0


HOST: 340
0.5302778432855111 0.5302778432855111 0.0
11152.803599980869 11152.803599980869 0.0
21032.0 21032.0 0.0
0


HOST: 341
0.534421820849412 0.534421820849412 0.0
11288.05769998128 11288.05769998128 0.0
21122.0 21122.0 0.0
0


HOST: 342
0.5237667199758004 0.5237667199758004 0.0
10807.402499980666 10807.402499980666 0.0
20634.0 20634.0 0.0
0


HOST: 343
0.5304785489182413 0.5304785489182413 0.0
10773.488849980564 10773.488849980564 0.0
20309.0 20309.0 0.0
0


HOST: 344
0.5062499999985448 0.5062499999985448 0.5062499999985448
7900.031249977292 244.0124999992986 7656.018749977993
15605.0 482.0 15123.0
0


HOST: 345
0.5244759799526285 0.5244759799526285 0.0
11720.989199981343 11720.989199981343 0.0
22348.0 22348.0 0.0
0


HOST: 346
0.5319548705710353 0.5319548705710353 0.0
9370.916999979358 9370.916999979358 0.0
17616.0 17616.0 0.0
0


HOST: 347
0.5405491442180306 0.6591571107097621 0.5124684259116703
9411.501149980131 2196.9706499956374 7214.530499984494
17411.0 3333.0 14078.0
0


HOST: 348
0.5216514401662102 0.5216514401662102 0.0
20501.423249972227 20501.423249972227 0.0
39301.0 39301.0 0.0
0


HOST: 349
0.5062499999992364 0.5062499999985448 0.5062500000002205
21977.831249966846 6835.387499980352 15142.443750006594
43413.0 13502.0 29911.0
0


HOST: 350
0.5211751729130024 0.5211751729130024 0.0
21927.40304996875 21927.40304996875 0.0
42073.0 42073.0 0.0
0


HOST: 351
0.5062499999992337 0.5062499999985448 0.5062500000001692
22059.84374996661 6347.362499981755 15712.48125000525
43575.0 12538.0 31037.0
0


HOST: 352
0.5183675305869206 0.5182549298258846 0.51879605026966
16650.48344998248 13182.850649981026 3467.6328000024077
32121.0 25437.0 6684.0
0


HOST: 353
0.5166056240209351 0.5183306757857734 0.5087912201157219
20791.826549970574 17088.844049981162 3702.982500002224
40247.0 32969.0 7278.0
0


HOST: 354
0.5207458895035099 0.5207458895035099 0.0
17305.42739998064 17305.42739998064 0.0
33232.0 33232.0 0.0
0


HOST: 355
0.5179034676791153 0.5211750657611568 0.5123138572269642
21536.497799968332 13670.943149980905 7865.554650005581
41584.0 26231.0 15353.0
0


HOST: 356
0.519540877212199 0.5224515577301468 0.5074453637560126
18372.004499977782 14891.436749982375 3480.5677500024904
35362.0 28503.0 6859.0
0


HOST: 357
0.5191358666524776 0.5185797006753539 0.5211697740116618
20540.129699971927 16112.271299983246 4427.858400003079
39566.0 31070.0 8496.0
0


HOST: 358
0.5124802421272984 0.5140126816010616 0.5087627183577021
17186.537399981076 12206.25914998041 4980.278250003546
33536.0 23747.0 9789.0
0


HOST: 359
0.5160608293909617 0.5175229358035895 0.514340984655093
17565.162449980162 9520.869449978636 8044.293000005655
34037.0 18397.0 15640.0
0


HOST: 360
0.51813119185058 0.5195449486018611 0.5159943830798067
21440.78684996885 12938.747399980748 8502.039450005976
41381.0 24904.0 16477.0
0


HOST: 361
0.5086513404508709 0.5072759284071815 0.5097009821979456
17531.177099979715 7567.542299978333 9963.63480000544
34466.0 14918.0 19548.0
0


HOST: 362
0.5278780338759198 0.5278780338759198 0.0
9286.958249979058 9286.958249979058 0.0
17593.0 17593.0 0.0
0


HOST: 363
0.5099229030560949 0.5110903559263131 0.5096316115961822
9757.374749978377 1952.8762499944423 7804.498499983934
19135.0 3821.0 15314.0
0


HOST: 364
0.5185978353295259 0.5185978353295259 0.0
10732.900799979867 10732.900799979867 0.0
20696.0 20696.0 0.0
0


HOST: 365
0.5062499999986662 0.5062499999986662 0.0
8602.706249977335 8602.706249977335 0.0
16993.0 16993.0 0.0
0


HOST: 366
0.5070159753353439 0.5070159753353439 0.0
10854.197999979044 10854.197999979044 0.0
21408.0 21408.0 0.0
0


HOST: 367
0.5185527821256376 0.5185527821256376 0.0
8611.087499978337 8611.087499978337 0.0
16606.0 16606.0 0.0
0


HOST: 368
0.5208688982112721 0.5317053770745533 0.5062499999994093
9993.911549979679 5858.861549984504 4135.049999995175
19187.0 11019.0 8168.0
0


HOST: 369
0.5123043401155674 0.5123043401155674 0.0
9390.026249978235 9390.026249978235 0.0
18329.0 18329.0 0.0
0


HOST: 370
0.5282624304587394 0.645215936554508 0.5062499999987498
8830.963049978747 1708.5317999963372 7122.43124998241
16717.0 2648.0 14069.0
0


HOST: 371
0.5122911230376093 0.5122911230376093 0.0
9305.768249978171 9305.768249978171 0.0
18165.0 18165.0 0.0
0


HOST: 372
0.5105766023973332 0.5184752124631358 0.5100148315106706
10857.41144997929 732.0869999979477 10125.324449981343
21265.0 1412.0 19853.0
0


HOST: 373
0.5062499999991494 0.5062499999985448 0.5062499999992667
12025.968749979795 1952.6062499943873 10073.362499985407
23755.0 3857.0 19898.0
0


HOST: 374
0.5062499999986136 0.5062499999986136 0.0
8344.51874997715 8344.51874997715 0.0
16483.0 16483.0 0.0
0


HOST: 375
0.5062499999985448 0.5062499999985448 0.0
7864.087499977395 7864.087499977395 0.0
15534.0 15534.0 0.0
0


HOST: 376
0.5082565097145928 0.5082565097145928 0.0
10384.188749978844 10384.188749978844 0.0
20431.0 20431.0 0.0
0


HOST: 377
0.5413107609116994 0.5413107609116994 0.0
6758.264849982566 6758.264849982566 0.0
12485.0 12485.0 0.0
0


HOST: 378
0.5316681789905294 0.5316681789905294 0.0
10259.600849980246 10259.600849980246 0.0
19297.0 19297.0 0.0
0


HOST: 379
0.5256095709712938 0.5256095709712938 0.0
11516.105699981048 11516.105699981048 0.0
21910.0 21910.0 0.0
0


HOST: 380
0.5391039486687951 0.5485160275599934 0.5231620385641039
11447.872349981862 7323.785999981032 4124.086350000831
21235.0 13352.0 7883.0
0


HOST: 381
0.5300990234363979 0.5439211971876997 0.5062499999994703
9770.785199979686 6347.016449983268 3423.7687499964177
18432.0 11669.0 6763.0
0


HOST: 382
0.5342997970217093 0.5342997970217093 0.0
8686.646099978949 8686.646099978949 0.0
16258.0 16258.0 0.0
0


HOST: 383
0.5274904780193886 0.5274904780193886 0.0
7547.861249979433 7547.861249979433 0.0
14309.0 14309.0 0.0
0


HOST: 384
0.5225559546351769 0.5225559546351769 0.0
10206.04034997964 10206.04034997964 0.0
19531.0 19531.0 0.0
0


HOST: 385
0.5252476830301251 0.5252476830301251 0.0
11062.766699980495 11062.766699980495 0.0
21062.0 21062.0 0.0
0


HOST: 386
0.5131769467333394 0.5136930182469882 0.5115657462537007
20607.64664997071 15623.973149982146 4983.673500003551
40157.0 30415.0 9742.0
0


HOST: 387
0.5116950254554071 0.5116982037668969 0.5062500000003638
19297.04279997431 19285.905299974344 11.137500000008004
37712.0 37690.0 22.0
0


HOST: 388
0.5171726682554492 0.5194379282825702 0.5062500000003638
19956.141749973016 16600.71674998266 3355.4250000024113
38587.0 31959.0 6628.0
0


HOST: 389
0.5220194192178106 0.5234906770844796 0.5181934775265562
22245.857549966997 16112.519549983199 6133.33800000432
42615.0 30779.0 11836.0
0


HOST: 390
0.5154161718391387 0.5108000774939003 0.5176133714498224
20623.862699971294 6591.36419998129 14032.498500004687
40014.0 12904.0 27110.0
0


HOST: 391
0.5284821673742908 0.5178494229938936 0.5335099285801573
19399.523399975464 6102.855449983035 13296.667950003262
36708.0 11785.0 24923.0
0


HOST: 392
0.506249999999327 0.5062499999985448 0.506249999999394
19430.887499974167 488.0249999985972 18942.862499977324
38382.0 964.0 37418.0
0


HOST: 393
0.5311192363265698 0.5326348394603972 0.5062500000003638
19111.794599975285 18065.375849978293 1046.418750000752
35984.0 33917.0 2067.0
0


HOST: 394
0.5333906084943599 0.5461671318057849 0.5092491402167418
21511.10984996904 14403.51959998216 7107.590250005065
40329.0 26372.0 13957.0
0


HOST: 395
0.5190741442299154 0.5190741442299154 0.0
17332.404749981106 17332.404749981106 0.0
33391.0 33391.0 0.0
0


HOST: 396
0.5281140013065816 0.5250541321761129 0.5303103789477318
19391.28989997506 8055.905549978099 11335.384350007767
36718.0 15343.0 21375.0
0


HOST: 397
0.5176193265386849 0.5194053611827456 0.5132103001254149
21536.069699968524 15380.11214998228 6155.957550004352
41606.0 29611.0 11995.0
0


HOST: 398
0.5319630016250317 0.5319630016250317 0.0
16689.27524998212 16689.27524998212 0.0
31373.0 31373.0 0.0
0


HOST: 399
0.5177378109384705 0.5169069632024283 0.5203606947542649
21250.548449969523 16112.506949982893 5138.041500003612
41045.0 31171.0 9874.0
0


HOST: 400
0.5062499999994718 0.5062499999985448 0.506249999999581
16394.906249982894 1708.5937499950887 14686.312499987846
32385.0 3375.0 29010.0
0


HOST: 401
0.5218425168317797 0.5220061912778815 0.5062500000003638
16276.268099983208 16112.24309998309 164.02500000011787
31190.0 30866.0 324.0
0


HOST: 402
0.5130204193106954 0.5123685675856215 0.5133867315350529
21741.29234996796 7812.083549977971 13929.208800009055
42379.0 15247.0 27132.0
0


HOST: 403
0.5215448881127268 0.5224716292120357 0.5208211151740044
17783.116049979646 7811.995799978358 9971.120250006314
34097.0 14952.0 19145.0
0


HOST: 404
0.5251298341670181 0.5251224887058036 0.5251340319609281
20139.77939997348 7323.883349979842 12815.89605000645
38352.0 13947.0 24405.0
0


HOST: 405
0.5191766365681271 0.5195928460079946 0.5170441944405004
20699.572499971226 17333.09774998069 3366.474750002098
39870.0 33359.0 6511.0
0


HOST: 406
0.529611871495462 0.5307348010977382 0.5258612866245639
18043.346849978894 13915.335749981597 4128.011100002826
34069.0 26219.0 7850.0
0


HOST: 407
0.5250321023590767 0.5250321023590767 0.0
20558.15699997201 20558.15699997201 0.0
39156.0 39156.0 0.0
0


HOST: 408
0.5269344999106762 0.5269344999106762 0.0
20815.49354997144 20815.49354997144 0.0
39503.0 39503.0 0.0
0


HOST: 409
0.5062499999993222 0.5062499999985448 0.5062499999998844
19548.84374997383 3905.718749988773 15643.124999996428
38615.0 7715.0 30900.0
0


HOST: 410
0.5246180462809601 0.52671062171691 0.5062500000003037
20584.962899972314 18553.381649978153 2031.581250001219
39238.0 35225.0 4013.0
0


HOST: 411
0.5187701505235902 0.5159086080576437 0.5237692222499248
17369.98094998137 10985.757899979464 6384.223050004333
33483.0 21294.0 12189.0
0


HOST: 412
0.5204046147555399 0.5220369924628656 0.509478312096307
22937.353799965174 20018.55254997351 2918.801249999743
44076.0 38347.0 5729.0
0


HOST: 413
0.5169543806756818 0.5187844803933945 0.5158447129975098
19978.735949973074 7568.02799997884 12410.707950007089
38647.0 14588.0 24059.0
0


HOST: 414
0.5062499999993286 0.5062499999985448 0.5062499999995415
19388.86874997429 1464.5812499957901 17924.287499983766
38299.0 2893.0 35406.0
0


HOST: 415
0.5151496121097835 0.5105416044204221 0.5167804102636363
19788.442049973113 5126.348249985458 14662.093799999888
38413.0 10041.0 28372.0
0


HOST: 416
0.5200378596715173 0.5281322667303535 0.5140214285717073
17476.91234998068 7567.607249979235 9909.305100005373
33607.0 14329.0 19278.0
0


HOST: 417
0.506249999999292 0.5062499999985448 0.5062499999993497
13626.224999980945 976.0499999971944 12650.17499998375
26916.0 1928.0 24988.0
0


HOST: 418
0.5250641161345897 0.5733979820613557 0.5159687414606748
15525.620849983683 2685.2227499933288 12840.398099990354
29569.0 4683.0 24886.0
0


HOST: 419
0.5493899558647606 0.5493899558647606 0.0
15684.533849983049 15684.533849983049 0.0
28549.0 28549.0 0.0
0


HOST: 420
0.5236668436485589 0.5259120355976318 0.5126563041222906
17851.802699979373 14891.72519998254 2960.077500002106
34090.0 28316.0 5774.0
0


HOST: 421
0.5213863132683204 0.5213863132683204 0.0
16656.728549983032 16656.728549983032 0.0
31947.0 31947.0 0.0
0


HOST: 422
0.53781290729704 0.6248163619729674 0.5206926505491688
8945.979899978964 1708.872749996066 7237.107149982898
16634.0 2735.0 13899.0
0


HOST: 423
0.5252254943861694 0.5252254943861694 0.0
13146.919349980206 13146.919349980206 0.0
25031.0 25031.0 0.0
0


HOST: 424
0.533616764013064 0.5370211416451186 0.5062500000003638
18820.129649976756 16844.742149982434 1975.3875000014195
35269.0 31367.0 3902.0
0


HOST: 425
0.5261397997160432 0.5349903526233396 0.520085650040631
13003.545149982006 5370.768149985706 7632.7769999963
24715.0 10039.0 14676.0
0


HOST: 426
0.5129210484672948 0.5118027603060229 0.5147258646614077
10699.020149979302 6591.507749981269 4107.512399998033
20859.0 12879.0 7980.0
0


HOST: 427
0.5182173788667421 0.5182173788667421 0.0
13315.595549980939 13315.595549980939 0.0
25695.0 25695.0 0.0
0


HOST: 428
0.50855643430095 0.50855643430095 0.0
9571.54064997818 9571.54064997818 0.0
18821.0 18821.0 0.0
0


HOST: 429
0.5201467373121209 0.5201467373121209 0.0
13375.57334998119 13375.57334998119 0.0
25715.0 25715.0 0.0
0


HOST: 430
0.5084173535582719 0.5084173535582719 0.0
8462.606849977436 8462.606849977436 0.0
16645.0 16645.0 0.0
0


HOST: 431
0.5092552902007251 0.5092552902007251 0.0
8721.506099977618 8721.506099977618 0.0
17126.0 17126.0 0.0
0


HOST: 432
0.5080123835565413 0.5080123835565413 0.0
10307.063249978666 10307.063249978666 0.0
20289.0 20289.0 0.0
0


HOST: 433
0.5083869933185218 0.5083869933185218 0.0
10121.47664997845 10121.47664997845 0.0
19909.0 19909.0 0.0
0


HOST: 434
0.509919698288753 0.509919698288753 0.0
9363.145499978084 9363.145499978084 0.0
18362.0 18362.0 0.0
0


HOST: 435
0.5395813725480291 0.5395813725480291 0.0
10732.273499980298 10732.273499980298 0.0
19890.0 19890.0 0.0
0


HOST: 436
0.5146072699522859 0.5146072699522859 0.0
11973.367349979837 11973.367349979837 0.0
23267.0 23267.0 0.0
0


HOST: 437
0.5292957904137515 0.5329466866430026 0.5177941132842431
16289.077949983202 12449.63459998054 3839.4433500026626
30775.0 23360.0 7415.0
0


HOST: 438
0.5212508888877836 0.5225166095876062 0.5176185503683911
9851.64179997911 7323.592799979888 2528.0489999992224
18900.0 14016.0 4884.0
0


HOST: 439
0.52362695667352 0.5387312898465191 0.5131542081094648
10430.125349979844 4393.89239998821 6036.232949991634
19919.0 8156.0 11763.0
0


HOST: 440
0.5265270313822226 0.5265270313822226 0.0
8002.684349978401 8002.684349978401 0.0
15199.0 15199.0 0.0
0


HOST: 441
0.5238226700242249 0.5502616652563846 0.5099688395091009
10813.795199980099 3905.7572999898184 6908.0378999902805
20644.0 7098.0 13546.0
0


HOST: 442
0.559123725799006 0.559123725799006 0.0
9905.99504998099 9905.99504998099 0.0
17717.0 17717.0 0.0
0


HOST: 443
0.5304579928444316 0.5304579928444316 0.0
9490.423949979726 9490.423949979726 0.0
17891.0 17891.0 0.0
0


HOST: 444
0.5062499999985448 0.5062499999985448 0.5062499999985448
6243.074999982055 1220.5687499964915 5022.506249985563
12332.0 2411.0 9921.0
0


HOST: 445
0.5384772880769386 0.5384772880769386 0.0
4783.293749987446 4783.293749987446 0.0
8883.0 8883.0 0.0
0


HOST: 446
0.5254197717304018 0.5254197717304018 0.0
9114.98219997901 9114.98219997901 0.0
17348.0 17348.0 0.0
0


HOST: 447
0.5180538372754383 0.5180538372754383 0.0
10773.447599980014 10773.447599980014 0.0
20796.0 20796.0 0.0
0


HOST: 448
0.5833895740955488 0.644286324643922 0.5354285370909707
8026.857149980657 3905.6636999914554 4121.193449989201
13759.0 6062.0 7697.0
0


HOST: 449
0.5062499999990391 0.5062499999985448 0.5062499999991983
11024.606249979075 2685.1499999922817 8339.456249986793
21777.0 5304.0 16473.0
0


HOST: 450
0.5129765411283854 0.5129765411283854 0.0
7763.899949978113 7763.899949978113 0.0
15135.0 15135.0 0.0
0


HOST: 451
0.5212530442797999 0.51442295442096 0.5310535593956075
14690.995799981882 8544.050849977724 6146.944950004157
28184.0 16609.0 11575.0
0


HOST: 452
0.5175226762850761 0.5134770507530186 0.5226205001146508
10150.172249979198 5614.871549984258 4535.300699994939
19613.0 10935.0 8678.0
0


HOST: 453
0.5101313522345021 0.5101313522345021 0.0
10291.389899978845 10291.389899978845 0.0
20174.0 20174.0 0.0
0


HOST: 454
0.511377957335611 0.5117890835564971 0.5112877931023407
9493.220399978281 1708.8637499951437 7784.356649983138
18564.0 3339.0 15225.0
0


HOST: 455
0.5142954379620613 0.5142954379620613 0.0
14379.186149981273 14379.186149981273 0.0
27959.0 27959.0 0.0
0


HOST: 456
0.5062499999986487 0.5062499999985448 0.5062499999986585
8515.124999977272 732.0374999978958 7783.087499979376
16820.0 1446.0 15374.0
0


HOST: 457
0.5077607522496389 0.5079410012989366 0.5062499999999396
8741.101349977534 7812.132599977645 928.968749999889
17215.0 15380.0 1835.0
0


HOST: 458
0.7780439332868889 1.0025698369443403 0.5062499999999936
69882.34999996179 49312.39999994432 20569.949999999742
89818.0 49186.0 40632.0
2


HOST: 459
0.5103098102325712 0.5103098102325712 0.0
9035.545499977905 9035.545499977905 0.0
17706.0 17706.0 0.0
0


HOST: 460
0.5166848025469275 0.5166848025469275 0.0
12167.927099980143 12167.927099980143 0.0
23550.0 23550.0 0.0
0


HOST: 461
0.5062499999985784 0.5062499999985784 0.0
8179.987499977031 8179.987499977031 0.0
16158.0 16158.0 0.0
0


HOST: 462
0.5062499999985448 0.5062499999985448 0.0
7652.474999978003 7652.474999978003 0.0
15116.0 15116.0 0.0
0


HOST: 463
0.5487583374738857 0.5487583374738857 0.0
8832.814199979664 8832.814199979664 0.0
16096.0 16096.0 0.0
0


HOST: 464
0.5071535804008672 0.5071535804008672 0.0
9688.661999978167 9688.661999978167 0.0
19104.0 19104.0 0.0
0


HOST: 465
0.5285564911618149 0.5329045301858135 0.5210866705131132
9958.532849979754 6346.3600499828535 3612.1727999969007
18841.0 11909.0 6932.0
0


HOST: 466
0.5096002011660825 0.5118848646573393 0.5062499999990291
8992.914749977857 5370.695999984804 3622.2187499930533
17647.0 10492.0 7155.0
0


HOST: 467
0.5186258931950706 0.5204015477186053 0.5082381527673151
13674.09029998123 11717.881649979834 1956.2086500013957
26366.0 22517.0 3849.0
0


HOST: 468
0.51135841121354 0.51135841121354 0.0
8152.587149977468 8152.587149977468 0.0
15943.0 15943.0 0.0
0


HOST: 469
0.5159601163629628 0.5118594213013149 0.520407716798231
14188.903199981476 7323.684599979213 6865.218600002263
27500.0 14308.0 13192.0
0


HOST: 470
0.5187248065632172 0.5187248065632172 0.0
12201.444899979993 12201.444899979993 0.0
23522.0 23522.0 0.0
0


HOST: 471
0.5062499999987978 0.5062499999985448 0.5062499999989442
9325.631249977854 3417.693749990176 5907.937499987678
18421.0 6751.0 11670.0
0


HOST: 472
0.5195701441145085 0.5195701441145085 0.0
12978.862199980422 12978.862199980422 0.0
24980.0 24980.0 0.0
0


HOST: 473
0.5062499999990342 0.5062499999985448 0.5062499999991741
10983.599999979046 2441.137499992983 8542.462499986063
21696.0 4822.0 16874.0
0


HOST: 474
0.5062499999985448 0.5062499999985448 0.0
4384.631249987397 4384.631249987397 0.0
8661.0 8661.0 0.0
0


HOST: 475
0.5062499999988481 0.5062499999985448 0.5062499999989807
9635.456249978077 2929.1624999915803 6706.293749986497
19033.0 5786.0 13247.0
0


HOST: 476
0.5124383617703407 0.5135008270374656 0.5113066452789607
10391.225099978969 5370.705149984853 5020.519949994115
20278.0 10459.0 9819.0
0


HOST: 477
0.510938945612548 0.5139075789459143 0.5080303217813827
9807.983999978473 4882.121999986186 4925.861999992287
19196.0 9500.0 9696.0
0


HOST: 478
0.50624999999871 0.5062499999985448 0.5062499999987429
8830.518749977498 1464.5812499957901 7365.937499981708
17443.0 2893.0 14550.0
0


HOST: 479
0.5104258395659349 0.5096277369505373 0.5118161914453916
9621.016649978306 6102.792149982684 3518.224499995622
18849.0 11975.0 6874.0
0


HOST: 480
0.5097377429707238 0.5111205301712876 0.5062499999995548
9519.352349978268 6835.214849980628 2684.1374999976397
18675.0 13373.0 5302.0
0


HOST: 481
0.5157064177691948 0.5129379432609626 0.5165015579014347
8798.982899978002 1952.7547499944849 6846.228149983517
17062.0 3807.0 13255.0
0


HOST: 482
0.5160828441380205 0.5160828441380205 0.0
11112.295799979858 11112.295799979858 0.0
21532.0 21532.0 0.0
0


HOST: 483
0.506249999999452 0.5062499999985448 0.5062499999997445
16016.231249982662 3905.718749988773 12110.512499993889
31637.0 7715.0 23922.0
0


HOST: 484
0.5207129758300832 0.5207129758300832 0.0
20682.719399970905 20682.719399970905 0.0
39720.0 39720.0 0.0
0


HOST: 485
0.5272002732514934 0.5279481177405922 0.5062500000002736
20451.152999971935 19774.29674997388 676.8562500003659
38792.0 37455.0 1337.0
0


HOST: 486
0.5206863955165255 0.5206863955165255 0.0
20489.530349970795 20489.530349970795 0.0
39351.0 39351.0 0.0
0


HOST: 487
0.5242056967240165 0.5227095938659453 0.5300543742409504
19061.691749975413 15135.578999982312 3926.1127500027196
36363.0 28956.0 7407.0
0


HOST: 488
0.5205722236506528 0.5213382859537079 0.518449631390413
20236.204049971828 14891.506799981711 5344.697250003768
38873.0 28564.0 10309.0
0


HOST: 489
0.514973236653132 0.5178046850939734 0.5062500000003638
19939.24874997262 15135.948749981937 4803.300000003452
38719.0 29231.0 9488.0
0


HOST: 490
0.517506300031749 0.517506300031749 0.0
9438.27989997904 9438.27989997904 0.0
18238.0 18238.0 0.0
0


HOST: 491
0.5553703653937802 0.5553703653937802 0.0
9301.898249980424 9301.898249980424 0.0
16749.0 16749.0 0.0
0


HOST: 492
0.5276652988266497 0.5276652988266497 0.0
11071.473299980764 11071.473299980764 0.0
20982.0 20982.0 0.0
0


HOST: 493
0.5442993775674515 0.5442993775674515 0.0
9138.242249979943 9138.242249979943 0.0
16789.0 16789.0 0.0
0


HOST: 494
0.5261362678112574 0.5261362678112574 0.0
9858.21524997953 9858.21524997953 0.0
18737.0 18737.0 0.0
0


HOST: 495
0.5399897691173821 0.5399897691173821 0.0
10711.777049981509 10711.777049981509 0.0
19837.0 19837.0 0.0
0


HOST: 496
0.5169058738757293 0.5169058738757293 0.0
9147.683249978782 9147.683249978782 0.0
17697.0 17697.0 0.0
0


HOST: 497
0.5062499999989889 0.5062499999985448 0.5062499999990218
10622.137499978786 732.0374999978958 9890.09999998089
20982.0 1446.0 19536.0
0


HOST: 498
0.5265856080242541 0.5318790923673802 0.5062500000003638
11574.87824998113 9276.503249979478 2298.3750000016516
21981.0 17441.0 4540.0
0


HOST: 499
0.5177567733561848 0.5177567733561848 0.0
9188.111699978854 9188.111699978854 0.0
17746.0 17746.0 0.0
0


HOST: 500
0.5277404557542311 0.5277404557542311 0.0
9715.174049979641 9715.174049979641 0.0
18409.0 18409.0 0.0
0


HOST: 501
0.5366382683549614 0.5366382683549614 0.0
12030.356699981525 12030.356699981525 0.0
22418.0 22418.0 0.0
0


HOST: 502
0.5169011484347747 0.5169011484347747 0.0
8709.26744997752 8709.26744997752 0.0
16849.0 16849.0 0.0
0


HOST: 503
0.538523027454556 0.5498118243228975 0.5278492546569475
5903.827949984297 2929.3973999923983 2974.430549991899
10963.0 5328.0 5635.0
0


HOST: 504
0.518249717699258 0.5218260351763926 0.5062500000003638
11014.879499980028 8544.379499978253 2470.5000000017753
21254.0 16374.0 4880.0
0


HOST: 505
0.520728257079639 0.520728257079639 0.0
10755.642149979943 10755.642149979943 0.0
20655.0 20655.0 0.0
0


HOST: 506
0.5062499999985448 0.5062499999985448 0.0
7807.893749977557 7807.893749977557 0.0
15423.0 15423.0 0.0
0


HOST: 507
0.5195941243393128 0.5195941243393128 0.0
10731.177449979828 10731.177449979828 0.0
20653.0 20653.0 0.0
0


HOST: 508
0.5086526373613479 0.5086526373613479 0.0
8794.604099977705 8794.604099977705 0.0
17290.0 17290.0 0.0
0


HOST: 509
0.5120313357720128 0.5120313357720128 0.0
10073.70449997858 10073.70449997858 0.0
19674.0 19674.0 0.0
0


HOST: 510
0.5302369403490335 0.5302369403490335 0.0
11546.969849980902 11546.969849980902 0.0
21777.0 21777.0 0.0
0


HOST: 511
0.5062499999991195 0.5062499999985448 0.5062499999991317
11736.393749979587 244.0124999992986 11492.381249980288
23183.0 482.0 22701.0
0


HOST: 512
0.5076265246894753 0.5101851137932606 0.5068373209157718
9272.306099977955 2196.85709999378 7075.448999984175
18266.0 4306.0 13960.0
0


HOST: 513
0.5272408869623281 0.5272408869623281 0.0
10830.582299980142 10830.582299980142 0.0
20542.0 20542.0 0.0
0


HOST: 514
0.529095256530521 0.5427237076139084 0.5085411834560368
9497.788949979384 5858.159699984528 3639.629249994856
17951.0 10794.0 7157.0
0


HOST: 515
0.5262761038066104 0.5262761038066104 0.0
10048.189649979613 10048.189649979613 0.0
19093.0 19093.0 0.0
0


HOST: 516
0.5297610946458149 0.6058660148961899 0.5213554298629166
8580.540449978263 976.0501499977618 7604.490299980502
16197.0 1611.0 14586.0
0


HOST: 517
0.5322937677753353 0.5514160266531866 0.5136412966830698
9544.559549979538 4882.237499987314 4662.3220499922245
17931.0 8854.0 9077.0
0


HOST: 518
0.5210771219777306 0.5269544348494498 0.5062500000003638
11123.954399980594 8056.079399978389 3067.8750000022046
21348.0 15288.0 6060.0
0


HOST: 519
0.5435570270256084 0.5435570270256084 0.0
5027.902499986878 5027.902499986878 0.0
9250.0 9250.0 0.0
0


HOST: 520
0.538064885608638 0.6068029587255606 0.5304626051797686
10865.682299980836 1220.2807499971022 9645.401549983733
20194.0 2011.0 18183.0
0


HOST: 521
0.528398214284573 0.528398214284573 0.0
9587.257199979293 9587.257199979293 0.0
18144.0 18144.0 0.0
0


HOST: 522
0.563033454263935 0.563033454263935 0.0
9854.774549981656 9854.774549981656 0.0
17503.0 17503.0 0.0
0


HOST: 523
0.5221645483348809 0.5221645483348809 0.0
9884.574899979296 9884.574899979296 0.0
18930.0 18930.0 0.0
0


HOST: 524
0.5431097302697684 0.5431097302697684 0.0
10309.308899980744 10309.308899980744 0.0
18982.0 18982.0 0.0
0


HOST: 525
0.5094777409604327 0.5094777409604327 0.0
7764.9502499779555 7764.9502499779555 0.0
15241.0 15241.0 0.0
0


HOST: 526
0.5239699622627705 0.5239699622627705 0.0
8331.12239997805 8331.12239997805 0.0
15900.0 15900.0 0.0
0


HOST: 527
0.522321585715511 0.549828869777433 0.511860978742185
9259.194749978864 2685.3641999929823 6573.830549985882
17727.0 4884.0 12843.0
0


HOST: 528
0.5062499999985448 0.5062499999985448 0.0
5410.799999984447 5410.799999984447 0.0
10688.0 10688.0 0.0
0


HOST: 529
0.5103382102017741 0.5103382102017741 0.0
8973.276749977793 8973.276749977793 0.0
17583.0 17583.0 0.0
0


HOST: 530
0.5062499999986813 0.5062499999985448 0.5062499999986938
8679.65624997739 732.0374999978958 7947.618749979494
17145.0 1446.0 15699.0
0


HOST: 531
0.51997268974429 0.51997268974429 0.0
9132.280349978966 9132.280349978966 0.0
17563.0 17563.0 0.0
0


HOST: 532
0.5367332245173649 0.5646594680016401 0.5217015438238453
9947.276849980324 3661.8166499906365 6285.460199989688
18533.0 6485.0 12048.0
0


HOST: 533
0.5062499999985659 0.5062499999985448 0.5062499999985763
8122.78124997699 2685.1499999922817 5437.631249984708
16045.0 5304.0 10741.0
0


HOST: 534
0.5346125154122343 0.5354902412872536 0.5250334602832827
11706.410249981695 10741.398749981021 965.0115000006735
21897.0 20059.0 1838.0
0


HOST: 535
0.5257650710889937 0.5257650710889937 0.0
9984.278699979992 9984.278699979992 0.0
18990.0 18990.0 0.0
0


HOST: 536
0.539658643041101 0.5439295153864271 0.5062499999999398
8741.390699979755 7811.915699979865 929.4749999998894
16198.0 14362.0 1836.0
0


HOST: 537
0.5404252787190621 0.5404252787190621 0.0
8919.178799979401 8919.178799979401 0.0
16504.0 16504.0 0.0
0


HOST: 538
0.5284728748206001 0.5284728748206001 0.0
11103.21509998081 11103.21509998081 0.0
21010.0 21010.0 0.0
0


HOST: 539
0.5287860482444784 0.5396533448659122 0.5062499999986347
8154.409649978101 5614.55339998495 2539.8562499931504
15421.0 10404.0 5017.0
0


HOST: 540
0.5374207859475129 0.5374207859475129 0.0
6379.722149982925 6379.722149982925 0.0
11871.0 11871.0 0.0
0


HOST: 541
0.5400206787212465 0.5400206787212465 0.0
9197.63219998027 9197.63219998027 0.0
17032.0 17032.0 0.0
0


HOST: 542
0.5230252488169678 0.5230252488169678 0.0
11613.77564998077 11613.77564998077 0.0
22205.0 22205.0 0.0
0


HOST: 543
0.5062499999990485 0.5062499999985448 0.5062499999992092
11103.074999979131 2685.1499999922817 8417.92499998685
21932.0 5304.0 16628.0
0


HOST: 544
0.510116922539064 0.510116922539064 0.0
10233.965699978704 10233.965699978704 0.0
20062.0 20062.0 0.0
0


HOST: 545
0.5072854818380306 0.5083039302432093 0.5062499999991671
9664.802999978157 4882.259249986026 4782.543749992132
19052.0 9605.0 9447.0
0


HOST: 546
0.5110479453343443 0.5110479453343443 0.0
8058.715049977274 8058.715049977274 0.0
15769.0 15769.0 0.0
0


HOST: 547
0.5118079410860822 0.5118079410860822 0.0
10112.301299978812 10112.301299978812 0.0
19758.0 19758.0 0.0
0


HOST: 548
0.5245904078914149 0.5245904078914149 0.0
9491.414249979369 9491.414249979369 0.0
18093.0 18093.0 0.0
0


HOST: 549
0.5062499999990926 0.5062499999985448 0.5062499999991578
11488.331249979408 1220.5687499964915 10267.762499982917
22693.0 2411.0 20282.0
0


HOST: 550
0.5353917195602914 0.5353917195602914 0.0
9278.33849997985 9278.33849997985 0.0
17330.0 17330.0 0.0
0


HOST: 551
0.529368256129637 0.529368256129637 0.0
9325.351199979685 9325.351199979685 0.0
17616.0 17616.0 0.0
0


HOST: 552
0.5240991677924912 0.5240991677924912 0.0
11241.403049981145 11241.403049981145 0.0
21449.0 21449.0 0.0
0


HOST: 553
0.5332728062092786 0.5348482594923933 0.5062500000003638
9273.614099979355 8788.626599979007 484.9875000003485
17390.0 16432.0 958.0
0


HOST: 554
0.5577283570884402 0.5577283570884402 0.0
11895.23039998225 11895.23039998225 0.0
21328.0 21328.0 0.0
0


HOST: 555
0.5217766478682402 0.5280171837694482 0.5062499999997309
9807.835649979312 7079.654399980762 2728.18124999855
18797.0 13408.0 5389.0
0


HOST: 556
0.5239910494524458 0.5239910494524458 0.0
11453.920349981014 11453.920349981014 0.0
21859.0 21859.0 0.0
0


HOST: 557
0.5062499999989111 0.5062499999985448 0.5062499999989399
10053.112499978377 732.0374999978958 9321.074999980481
19858.0 1446.0 18412.0
0


HOST: 558
0.5521588184426766 0.5521588184426766 0.0
9579.955499980439 9579.955499980439 0.0
17350.0 17350.0 0.0
0


HOST: 559
0.55024851136454 0.5526702193123368 0.5062499999993632
8205.856049979386 7811.993549979881 393.8624999995045
14913.0 14135.0 778.0
0


HOST: 560
0.5224386543179743 0.5224386543179743 0.0
8067.497699978159 8067.497699978159 0.0
15442.0 15442.0 0.0
0


HOST: 561
0.5250713354775787 0.5355291773294566 0.5102226930558338
9789.955049979455 5858.6891999842555 3931.2658499951995
18645.0 10940.0 7705.0
0


HOST: 562
0.520550685346025 0.520550685346025 0.0
6000.387749983631 6000.387749983631 0.0
11527.0 11527.0 0.0
0


HOST: 563
0.5288237356312674 0.5288237356312674 0.0
11041.839599980864 11041.839599980864 0.0
20880.0 20880.0 0.0
0


HOST: 564
0.5364939093922912 0.5364939093922912 0.0
10160.658149980603 10160.658149980603 0.0
18939.0 18939.0 0.0
0


HOST: 565
0.5197385678854868 0.5197385678854868 0.0
9642.709649979435 9642.709649979435 0.0
18553.0 18553.0 0.0
0


HOST: 566
0.5254923860800587 0.5254923860800587 0.0
9514.039649979462 9514.039649979462 0.0
18105.0 18105.0 0.0
0


HOST: 567
0.5062499999986734 0.5062499999985448 0.5062499999987393
8639.15624997736 2929.1624999915803 5709.993749985781
17065.0 5786.0 11279.0
0


HOST: 568
0.5176002700446201 0.5176002700446201 0.0
9966.910799979203 9966.910799979203 0.0
19256.0 19256.0 0.0
0


HOST: 569
0.5288475689376847 0.5288475689376847 0.0
10528.826249980364 10528.826249980364 0.0
19909.0 19909.0 0.0
0


HOST: 570
0.5361187352154859 0.5361187352154859 0.0
11559.256049981092 11559.256049981092 0.0
21561.0 21561.0 0.0
0


HOST: 571
0.5215817282465008 0.5215817282465008 0.0
6564.106049982212 6564.106049982212 0.0
12585.0 12585.0 0.0
0


HOST: 572
0.5346773562265088 0.5346773562265088 0.0
9139.240049979715 9139.240049979715 0.0
17093.0 17093.0 0.0
0


HOST: 573
0.5062499999988704 0.5062499999985448 0.5062499999989065
9779.23124997818 976.0499999971944 8803.181249980986
19317.0 1928.0 17389.0
0


HOST: 574
0.5153195489587731 0.5373155193102165 0.5062499999987794
8820.20939997836 2684.9656499931516 6135.243749985208
17116.0 4997.0 12119.0
0


HOST: 575
0.5278925010641189 0.5278925010641189 0.0
9911.709599979897 9911.709599979897 0.0
18776.0 18776.0 0.0
0


HOST: 576
0.5066297063853591 0.5066297063853591 0.0
10939.65524997906 10939.65524997906 0.0
21593.0 21593.0 0.0
0


HOST: 577
0.5062499999985448 0.5062499999985448 0.5062499999985448
7658.043749977987 2929.1624999915803 4728.881249986407
15127.0 5786.0 9341.0
0


HOST: 578
0.5181118630914392 0.5188955570631528 0.5062500000003638
9355.027799979027 8788.53404997862 566.4937500004071
18056.0 16937.0 1119.0
0


HOST: 579
0.5266392708116562 0.5266392708116562 0.0
10602.301799980261 10602.301799980261 0.0
20132.0 20132.0 0.0
0


HOST: 580
0.545375273137704 0.545375273137704 0.0
11331.262049982075 11331.262049982075 0.0
20777.0 20777.0 0.0
0


HOST: 581
0.5534706366615592 0.5534706366615592 0.0
4537.905749988124 4537.905749988124 0.0
8199.0 8199.0 0.0
0


HOST: 582
0.5595829712672878 0.5595829712672878 0.0
9582.298799981038 9582.298799981038 0.0
17124.0 17124.0 0.0
0


HOST: 583
0.5701650181451747 0.5701650181451747 0.0
9897.494549982088 9897.494549982088 0.0
17359.0 17359.0 0.0
0


HOST: 584
0.5156609804285508 0.5156609804285508 0.0
10829.396249979996 10829.396249979996 0.0
21001.0 21001.0 0.0
0


HOST: 585
0.583917275394513 0.583917275394513 0.0
10743.493949983644 10743.493949983644 0.0
18399.0 18399.0 0.0
0


HOST: 586
0.565841427726023 0.565841427726023 0.0
11485.449299982814 11485.449299982814 0.0
20298.0 20298.0 0.0
0


HOST: 587
0.5207011697289794 0.5207011697289794 0.0
8724.868799978778 8724.868799978778 0.0
16756.0 16756.0 0.0
0


HOST: 588
0.5291409496799079 0.531439901241352 0.5169887033402395
11851.169849980897 10009.139099979624 1842.0307500012732
22397.0 18834.0 3563.0
0


HOST: 589
0.5342283710310176 0.5525430268985431 0.5111476851341151
11006.172899981024 6347.061749983564 4659.1111499974595
20602.0 11487.0 9115.0
0


HOST: 590
0.5227240106946319 0.5227240106946319 0.0
16128.649349982867 16128.649349982867 0.0
30855.0 30855.0 0.0
0


HOST: 591
0.5152600850436243 0.5116012573949977 0.5163671086492795
17994.42794997849 4150.109399988221 13844.31854999583
34923.0 8112.0 26811.0
0


HOST: 592
0.5221270380394243 0.5118874082605702 0.5308961144784786
21590.47514996823 9764.764199978637 11825.710950008111
41351.0 19076.0 22275.0
0


HOST: 593
0.5143943785219744 0.5173269485052063 0.5102896155903247
20808.28139997091 12206.329349980342 8601.952050006104
40452.0 23595.0 16857.0
0


HOST: 594
0.518785661646228 0.5239707846650282 0.5128217878060796
19429.56059997453 10497.230699979176 8932.329900006294
37452.0 20034.0 17418.0
0


HOST: 595
0.5172393324091316 0.514552371331928 0.5198515027325997
17920.79114997918 8788.039949977998 9132.751200006313
34647.0 17079.0 17568.0
0


HOST: 596
0.5208560255810547 0.5244275019600747 0.5099534870410626
20279.008499972784 15379.885349983111 4899.123150003488
38934.0 29327.0 9607.0
0


HOST: 597
0.5223848142637586 0.5246068972673775 0.5211497148804712
21093.89879997057 7567.979099979188 13525.91970000775
40380.0 14426.0 25954.0
0


HOST: 598
0.5330424772151113 0.5330424772151113 0.0
9650.73404997959 9650.73404997959 0.0
18105.0 18105.0 0.0
0


HOST: 599
0.5099344566014229 0.5099344566014229 0.0
8201.785799977286 8201.785799977286 0.0
16084.0 16084.0 0.0
0


HOST: 600
0.5100588636597223 0.5105424098890661 0.5062499999985448
4672.649249986716 4150.199249988218 522.4499999984982
9161.0 8129.0 1032.0
0


HOST: 601
0.5062499999986213 0.506249999998551 0.5062500000003638
8380.968749977175 8055.956249976942 325.01250000023356
16555.0 15913.0 642.0
0


HOST: 602
0.5127840892299688 0.5127840892299688 0.0
9723.411899978668 9723.411899978668 0.0
18962.0 18962.0 0.0
0


HOST: 603
0.521509307545323 0.5112781206352419 0.5380875339367258
12080.241599979861 7323.547799979206 4756.693800000656
23164.0 14324.0 8840.0
0


HOST: 604
0.5394846592124114 0.5074971858826935 0.616568841642604
15054.858899981553 10008.859499978482 5045.999400003071
27906.0 19722.0 8184.0
0


HOST: 605
0.514215696820161 0.514215696820161 0.0
8412.568799977835 8412.568799977835 0.0
16360.0 16360.0 0.0
0


HOST: 606
0.5325010162867111 0.5368844329239068 0.5062500000003638
11867.85014998193 10253.41889998077 1614.4312500011602
22287.0 19098.0 3189.0
0


HOST: 607
0.5513707731081764 0.5513707731081764 0.0
9841.968299980948 9841.968299980948 0.0
17850.0 17850.0 0.0
0


HOST: 608
0.5230884735767338 0.5230884735767338 0.0
11363.573999980965 11363.573999980965 0.0
21724.0 21724.0 0.0
0


HOST: 609
0.6119780833154436 0.6119780833154436 0.0
11928.676799984627 11928.676799984627 0.0
19492.0 19492.0 0.0
0


HOST: 610
0.5236379598647917 0.5236379598647917 0.0
7984.955249978208 7984.955249978208 0.0
15249.0 15249.0 0.0
0


HOST: 611
0.5158294676795508 0.5158294676795508 0.0
10174.73624997914 10174.73624997914 0.0
19725.0 19725.0 0.0
0


HOST: 612
0.5128210953977832 0.5179451967578313 0.5066320596451062
9718.985399978787 5370.055799985195 4348.929599993591
18952.0 10368.0 8584.0
0


HOST: 613
0.5179760211225516 0.5186469071136333 0.5062500000003638
11083.65089998036 10497.413399979938 586.2375000004213
21398.0 20240.0 1158.0
0


HOST: 614
0.5063886183799109 0.5063886183799109 0.0
9983.957999978324 9983.957999978324 0.0
19716.0 19716.0 0.0
0


HOST: 615
0.5137152433273547 0.5119539245046446 0.520185473221199
13089.464399981 10253.413199979022 2836.051200001977
25480.0 20028.0 5452.0
0


HOST: 616
0.5062499999990502 0.5062499999985448 0.5062499999991269
11117.249999979142 1464.5812499957901 9652.668749983352
21960.0 2893.0 19067.0
0


HOST: 617
0.5115248078380642 0.5119687417206521 0.5062500000003638
10048.904849978771 9276.873599978217 772.0312500005548
19645.0 18120.0 1525.0
0


HOST: 618
0.5181164181935338 0.5077824771623366 0.5256154262648043
13623.353099980779 5614.550849983956 8008.802249996823
26294.0 11057.0 15237.0
0


HOST: 619
0.514310818762117 0.5095924884544969 0.5238592165902235
12148.535849979968 8056.147649977142 4092.388200002826
23621.0 15809.0 7812.0
0


HOST: 620
0.5370967118188863 0.5370967118188863 0.0
9833.16659998017 9833.16659998017 0.0
18308.0 18308.0 0.0
0


HOST: 621
0.5490146177346187 0.5490146177346187 0.0
11137.85954998221 11137.85954998221 0.0
20287.0 20287.0 0.0
0


HOST: 622
0.5633096464416157 0.5633096464416157 0.0
10324.339199981934 10324.339199981934 0.0
18328.0 18328.0 0.0
0


HOST: 623
0.5505562813458634 0.5505562813458634 0.0
9220.71659998052 9220.71659998052 0.0
16748.0 16748.0 0.0
0


HOST: 624
0.5073501561441975 0.5073501561441975 0.0
9097.80299997775 9097.80299997775 0.0
17932.0 17932.0 0.0
0


