0 3350
1 1981
2 4465
3 3280
4 2960
5 2676
6 762
7 1053
8 1527
9 2866
10 545
11 435
12 4369
13 4082
14 2319
15 4023
16 3450
17 976
18 676
19 1394
20 1350
21 2371
22 2486
23 3022
24 3229
25 3093
26 2433
27 2931
28 1997
29 2814
30 3281
31 4085
32 2386
33 2635
34 2411
35 2737
36 2826
37 3205
38 2585
39 3487
40 2589
41 2129
42 4115
43 3603
44 2966
45 2627
46 3218
47 3968
48 3118
49 3944
50 4117
51 3639
52 4259
53 3048
54 1891
55 3722
56 3356
57 3779
58 2782
59 5381
60 3591
61 2390
62 1495
63 3542
64 2375
65 5047
66 3276
67 1991
68 1388
69 3979
70 3167
71 4673
72 3604
73 4763
74 4498
75 4970
76 5464
77 5266
78 5060
79 3919
80 4184
81 5284
82 1441
83 5445
84 2749
85 4152
86 4109
87 5652
88 5244
89 5120
90 4187
91 2014
92 5285
93 1845
94 4153
95 2371
96 657
97 3954
